0.481228875928
0.835397286806
0.265575115872
0.582496908028
0.802337711677
0.130198112733
0.751807260793
0.610305029433
0.249626949002
0.389963823371
0.764826152939
0.512805199118
0.519847751129
0.754487802275
0.400632589619
0.629946253728
0.728686851915
0.268669293482
0.656839978881
0.636857793201
0.403699632627
0.536874082871
0.656197802629
0.530255280941
0.525731112119
0.850650808352
0.000000000000
0.000000000000
0.525731112119
-0.850650808352
-0.525731112119
0.850650808352
0.000000000000
0.000000000000
0.525731112119
0.850650808352
0.850650808352
-0.000000000000
0.525731112119
-0.850650808352
-0.000000000000
0.525731112119
-0.000000000000
-0.525731112119
0.850650808352
-0.850650808352
-0.000000000000
-0.525731112119
-0.525731112119
-0.850650808352
0.000000000000
0.850650808352
-0.000000000000
-0.525731112119
0.525731112119
-0.850650808352
0.000000000000
0.000000000000
-0.525731112119
-0.850650808352
0.232392302737
0.394355143300
-0.889088206300
0.062020019959
0.404004343857
-0.912652183074
0.014643439447
0.136612445984
-0.990516334688
0.456230488205
0.241849307299
-0.856365958099
0.297344250889
0.249435369693
-0.921611844981
0.127561518249
0.260521302091
-0.957004028319
0.194979755076
0.110404245327
-0.974573649205
0.363324764887
0.099844318081
-0.926297051365
-0.481228875928
0.835397286806
-0.265575115872
-0.582496908028
0.802337711677
-0.130198112733
-0.751807260793
0.610305029433
-0.249626949002
-0.389963823371
0.764826152939
-0.512805199118
-0.519847751129
0.754487802275
-0.400632589619
-0.629946253728
0.728686851915
-0.268669293482
-0.656839978881
0.636857793201
-0.403699632627
-0.536874082871
0.656197802629
-0.530255280941
-0.232392302737
0.394355143300
0.889088206300
-0.062020019959
0.404004343857
0.912652183074
-0.014643439447
0.136612445984
0.990516334688
-0.456230488205
0.241849307299
0.856365958099
-0.297344250889
0.249435369693
0.921611844981
-0.127561518249
0.260521302091
0.957004028319
-0.194979755076
0.110404245327
0.974573649205
-0.363324764887
0.099844318081
0.926297051365
0.713621178665
0.691770944991
0.110443528681
0.644516927986
0.764007231360
-0.029847612457
0.766450700240
0.601254886143
-0.225933366264
0.846194311576
0.482860204524
0.225391237503
0.817192002018
0.570718948866
0.080480514679
0.757507771977
0.649849497981
-0.062270421299
0.851819733958
0.516353677445
-0.088215761795
0.900198847758
0.431650748975
0.057616537601
-0.283911614619
0.957346060862
-0.053690919494
-0.433851956314
0.894205344092
-0.110314471397
-0.362545812247
0.850881835144
-0.380211305255
-0.016458069796
0.995665403642
-0.091539805160
-0.168954855014
0.971351538485
-0.167124042707
-0.322791723390
0.918518791463
-0.228317176404
-0.198620007122
0.920053310072
-0.337715856004
-0.042227780481
0.961906029916
-0.270099248735
-0.197317261309
0.659930259171
0.724953758125
-0.148644951714
0.534202456590
0.832185324134
-0.389261448545
0.386239394985
0.836238395697
-0.373505753575
0.754654506416
0.539434915437
-0.350892896115
0.650067959311
0.674007287596
-0.307154530338
0.529190595573
0.790957273214
-0.458219971759
0.514103877954
0.725073554996
-0.494646302390
0.630099599023
0.598581265029
0.724953758125
-0.197317261309
0.659930259171
0.832185324134
-0.148644951714
0.534202456590
0.836238395697
-0.389261448545
0.386239394985
0.539434915437
-0.373505753575
0.754654506416
0.674007287596
-0.350892896115
0.650067959311
0.790957273214
-0.307154530338
0.529190595573
0.725073554996
-0.458219971759
0.514103877954
0.598581265029
-0.494646302390
0.630099599023
-0.957346060862
-0.053690919494
0.283911614619
-0.894205344092
-0.110314471397
0.433851956314
-0.850881835144
-0.380211305255
0.362545812247
-0.995665403642
-0.091539805160
0.016458069796
-0.971351538485
-0.167124042707
0.168954855014
-0.918518791463
-0.228317176404
0.322791723390
-0.920053310072
-0.337715856004
0.198620007122
-0.961906029916
-0.270099248735
0.042227780481
0.659930259171
0.724953758125
-0.197317261309
0.534202456590
0.832185324134
-0.148644951714
0.386239394985
0.836238395697
-0.389261448545
0.754654506416
0.539434915437
-0.373505753575
0.650067959311
0.674007287596
-0.350892896115
0.529190595573
0.790957273214
-0.307154530338
0.514103877954
0.725073554996
-0.458219971759
0.630099599023
0.598581265029
-0.494646302390
0.110443528681
0.713621178665
0.691770944991
-0.029847612457
0.644516927986
0.764007231360
-0.225933366264
0.766450700240
0.601254886143
0.225391237503
0.846194311576
0.482860204524
0.080480514679
0.817192002018
0.570718948866
-0.062270421299
0.757507771977
0.649849497981
-0.088215761795
0.851819733958
0.516353677445
0.057616537601
0.900198847758
0.431650748975
-0.265575115872
-0.481228875928
0.835397286806
-0.130198112733
-0.582496908028
0.802337711677
-0.249626949002
-0.751807260793
0.610305029433
-0.512805199118
-0.389963823371
0.764826152939
-0.400632589619
-0.519847751129
0.754487802275
-0.268669293482
-0.629946253728
0.728686851915
-0.403699632627
-0.656839978881
0.636857793201
-0.530255280941
-0.536874082871
0.656197802629
0.889088206300
-0.232392302737
0.394355143300
0.912652183074
-0.062020019959
0.404004343857
0.990516334688
-0.014643439447
0.136612445984
0.856365958099
-0.456230488205
0.241849307299
0.921611844981
-0.297344250889
0.249435369693
0.957004028319
-0.127561518249
0.260521302091
0.974573649205
-0.194979755076
0.110404245327
0.926297051365
-0.363324764887
0.099844318081
0.265575115872
0.481228875928
0.835397286806
0.130198112733
0.582496908028
0.802337711677
0.249626949002
0.751807260793
0.610305029433
0.512805199118
0.389963823371
0.764826152939
0.400632589619
0.519847751129
0.754487802275
0.268669293482
0.629946253728
0.728686851915
0.403699632627
0.656839978881
0.636857793201
0.530255280941
0.536874082871
0.656197802629
-0.053690919494
-0.283911614619
0.957346060862
-0.110314471397
-0.433851956314
0.894205344092
-0.380211305255
-0.362545812247
0.850881835144
-0.091539805160
-0.016458069796
0.995665403642
-0.167124042707
-0.168954855014
0.971351538485
-0.228317176404
-0.322791723390
0.918518791463
-0.337715856004
-0.198620007122
0.920053310072
-0.270099248735
-0.042227780481
0.961906029916
0.053690919494
0.283911614619
0.957346060862
0.110314471397
0.433851956314
0.894205344092
0.380211305255
0.362545812247
0.850881835144
0.091539805160
0.016458069796
0.995665403642
0.167124042707
0.168954855014
0.971351538485
0.228317176404
0.322791723390
0.918518791463
0.337715856004
0.198620007122
0.920053310072
0.270099248735
0.042227780481
0.961906029916
-0.394355143300
0.889088206300
0.232392302737
-0.404004343857
0.912652183074
0.062020019959
-0.136612445984
0.990516334688
0.014643439447
-0.241849307299
0.856365958099
0.456230488205
-0.249435369693
0.921611844981
0.297344250889
-0.260521302091
0.957004028319
0.127561518249
-0.110404245327
0.974573649205
0.194979755076
-0.099844318081
0.926297051365
0.363324764887
-0.691770944991
0.110443528681
-0.713621178665
-0.764007231360
-0.029847612457
-0.644516927986
-0.601254886143
-0.225933366264
-0.766450700240
-0.482860204524
0.225391237503
-0.846194311576
-0.570718948866
0.080480514679
-0.817192002018
-0.649849497981
-0.062270421299
-0.757507771977
-0.516353677445
-0.088215761795
-0.851819733958
-0.431650748975
0.057616537601
-0.900198847758
-0.835397286806
-0.265575115872
0.481228875928
-0.802337711677
-0.130198112733
0.582496908028
-0.610305029433
-0.249626949002
0.751807260793
-0.764826152939
-0.512805199118
0.389963823371
-0.754487802275
-0.400632589619
0.519847751129
-0.728686851915
-0.268669293482
0.629946253728
-0.636857793201
-0.403699632627
0.656839978881
-0.656197802629
-0.530255280941
0.536874082871
-0.659930259171
0.724953758125
0.197317261309
-0.534202456590
0.832185324134
0.148644951714
-0.386239394985
0.836238395697
0.389261448545
-0.754654506416
0.539434915437
0.373505753575
-0.650067959311
0.674007287596
0.350892896115
-0.529190595573
0.790957273214
0.307154530338
-0.514103877954
0.725073554996
0.458219971759
-0.630099599023
0.598581265029
0.494646302390
-0.835397286806
0.265575115872
-0.481228875928
-0.802337711677
0.130198112733
-0.582496908028
-0.610305029433
0.249626949002
-0.751807260793
-0.764826152939
0.512805199118
-0.389963823371
-0.754487802275
0.400632589619
-0.519847751129
-0.728686851915
0.268669293482
-0.629946253728
-0.636857793201
0.403699632627
-0.656839978881
-0.656197802629
0.530255280941
-0.536874082871
-0.394355143300
-0.889088206300
-0.232392302737
-0.404004343857
-0.912652183074
-0.062020019959
-0.136612445984
-0.990516334688
-0.014643439447
-0.241849307299
-0.856365958099
-0.456230488205
-0.249435369693
-0.921611844981
-0.297344250889
-0.260521302091
-0.957004028319
-0.127561518249
-0.110404245327
-0.974573649205
-0.194979755076
-0.099844318081
-0.926297051365
-0.363324764887
0.691770944991
0.110443528681
0.713621178665
0.764007231360
-0.029847612457
0.644516927986
0.601254886143
-0.225933366264
0.766450700240
0.482860204524
0.225391237503
0.846194311576
0.570718948866
0.080480514679
0.817192002018
0.649849497981
-0.062270421299
0.757507771977
0.516353677445
-0.088215761795
0.851819733958
0.431650748975
0.057616537601
0.900198847758
0.835397286806
-0.265575115872
-0.481228875928
0.802337711677
-0.130198112733
-0.582496908028
0.610305029433
-0.249626949002
-0.751807260793
0.764826152939
-0.512805199118
-0.389963823371
0.754487802275
-0.400632589619
-0.519847751129
0.728686851915
-0.268669293482
-0.629946253728
0.636857793201
-0.403699632627
-0.656839978881
0.656197802629
-0.530255280941
-0.536874082871
0.394355143300
0.889088206300
-0.232392302737
0.404004343857
0.912652183074
-0.062020019959
0.136612445984
0.990516334688
-0.014643439447
0.241849307299
0.856365958099
-0.456230488205
0.249435369693
0.921611844981
-0.297344250889
0.260521302091
0.957004028319
-0.127561518249
0.110404245327
0.974573649205
-0.194979755076
0.099844318081
0.926297051365
-0.363324764887
0.835397286806
0.265575115872
0.481228875928
0.802337711677
0.130198112733
0.582496908028
0.610305029433
0.249626949002
0.751807260793
0.764826152939
0.512805199118
0.389963823371
0.754487802275
0.400632589619
0.519847751129
0.728686851915
0.268669293482
0.629946253728
0.636857793201
0.403699632627
0.656839978881
0.656197802629
0.530255280941
0.536874082871
0.957346060862
-0.053690919494
-0.283911614619
0.894205344092
-0.110314471397
-0.433851956314
0.850881835144
-0.380211305255
-0.362545812247
0.995665403642
-0.091539805160
-0.016458069796
0.971351538485
-0.167124042707
-0.168954855014
0.918518791463
-0.228317176404
-0.322791723390
0.920053310072
-0.337715856004
-0.198620007122
0.961906029916
-0.270099248735
-0.042227780481
-0.053690919494
0.283911614619
-0.957346060862
-0.110314471397
0.433851956314
-0.894205344092
-0.380211305255
0.362545812247
-0.850881835144
-0.091539805160
0.016458069796
-0.995665403642
-0.167124042707
0.168954855014
-0.971351538485
-0.228317176404
0.322791723390
-0.918518791463
-0.337715856004
0.198620007122
-0.920053310072
-0.270099248735
0.042227780481
-0.961906029916
0.394355143300
-0.889088206300
0.232392302737
0.404004343857
-0.912652183074
0.062020019959
0.136612445984
-0.990516334688
0.014643439447
0.241849307299
-0.856365958099
0.456230488205
0.249435369693
-0.921611844981
0.297344250889
0.260521302091
-0.957004028319
0.127561518249
0.110404245327
-0.974573649205
0.194979755076
0.099844318081
-0.926297051365
0.363324764887
-0.889088206300
0.232392302737
0.394355143300
-0.912652183074
0.062020019959
0.404004343857
-0.990516334688
0.014643439447
0.136612445984
-0.856365958099
0.456230488205
0.241849307299
-0.921611844981
0.297344250889
0.249435369693
-0.957004028319
0.127561518249
0.260521302091
-0.974573649205
0.194979755076
0.110404245327
-0.926297051365
0.363324764887
0.099844318081
-0.110443528681
-0.713621178665
0.691770944991
0.029847612457
-0.644516927986
0.764007231360
0.225933366264
-0.766450700240
0.601254886143
-0.225391237503
-0.846194311576
0.482860204524
-0.080480514679
-0.817192002018
0.570718948866
0.062270421299
-0.757507771977
0.649849497981
0.088215761795
-0.851819733958
0.516353677445
-0.057616537601
-0.900198847758
0.431650748975
-0.724953758125
0.197317261309
0.659930259171
-0.832185324134
0.148644951714
0.534202456590
-0.836238395697
0.389261448545
0.386239394985
-0.539434915437
0.373505753575
0.754654506416
-0.674007287596
0.350892896115
0.650067959311
-0.790957273214
0.307154530338
0.529190595573
-0.725073554996
0.458219971759
0.514103877954
-0.598581265029
0.494646302390
0.630099599023
-0.659930259171
-0.724953758125
-0.197317261309
-0.534202456590
-0.832185324134
-0.148644951714
-0.386239394985
-0.836238395697
-0.389261448545
-0.754654506416
-0.539434915437
-0.373505753575
-0.650067959311
-0.674007287596
-0.350892896115
-0.529190595573
-0.790957273214
-0.307154530338
-0.514103877954
-0.725073554996
-0.458219971759
-0.630099599023
-0.598581265029
-0.494646302390
0.197317261309
-0.659930259171
0.724953758125
0.148644951714
-0.534202456590
0.832185324134
0.389261448545
-0.386239394985
0.836238395697
0.373505753575
-0.754654506416
0.539434915437
0.350892896115
-0.650067959311
0.674007287596
0.307154530338
-0.529190595573
0.790957273214
0.458219971759
-0.514103877954
0.725073554996
0.494646302390
-0.630099599023
0.598581265029
-0.691770944991
-0.110443528681
0.713621178665
-0.764007231360
0.029847612457
0.644516927986
-0.601254886143
0.225933366264
0.766450700240
-0.482860204524
-0.225391237503
0.846194311576
-0.570718948866
-0.080480514679
0.817192002018
-0.649849497981
0.062270421299
0.757507771977
-0.516353677445
0.088215761795
0.851819733958
-0.431650748975
-0.057616537601
0.900198847758
0.283911614619
-0.957346060862
-0.053690919494
0.433851956314
-0.894205344092
-0.110314471397
0.362545812247
-0.850881835144
-0.380211305255
0.016458069796
-0.995665403642
-0.091539805160
0.168954855014
-0.971351538485
-0.167124042707
0.322791723390
-0.918518791463
-0.228317176404
0.198620007122
-0.920053310072
-0.337715856004
0.042227780481
-0.961906029916
-0.270099248735
0.957346060862
0.053690919494
0.283911614619
0.894205344092
0.110314471397
0.433851956314
0.850881835144
0.380211305255
0.362545812247
0.995665403642
0.091539805160
0.016458069796
0.971351538485
0.167124042707
0.168954855014
0.918518791463
0.228317176404
0.322791723390
0.920053310072
0.337715856004
0.198620007122
0.961906029916
0.270099248735
0.042227780481
0.232392302737
-0.394355143300
0.889088206300
0.062020019959
-0.404004343857
0.912652183074
0.014643439447
-0.136612445984
0.990516334688
0.456230488205
-0.241849307299
0.856365958099
0.297344250889
-0.249435369693
0.921611844981
0.127561518249
-0.260521302091
0.957004028319
0.194979755076
-0.110404245327
0.974573649205
0.363324764887
-0.099844318081
0.926297051365
0.691770944991
-0.110443528681
-0.713621178665
0.764007231360
0.029847612457
-0.644516927986
0.601254886143
0.225933366264
-0.766450700240
0.482860204524
-0.225391237503
-0.846194311576
0.570718948866
-0.080480514679
-0.817192002018
0.649849497981
0.062270421299
-0.757507771977
0.516353677445
0.088215761795
-0.851819733958
0.431650748975
-0.057616537601
-0.900198847758
-0.713621178665
-0.691770944991
0.110443528681
-0.644516927986
-0.764007231360
-0.029847612457
-0.766450700240
-0.601254886143
-0.225933366264
-0.846194311576
-0.482860204524
0.225391237503
-0.817192002018
-0.570718948866
0.080480514679
-0.757507771977
-0.649849497981
-0.062270421299
-0.851819733958
-0.516353677445
-0.088215761795
-0.900198847758
-0.431650748975
0.057616537601
0.659930259171
-0.724953758125
0.197317261309
0.534202456590
-0.832185324134
0.148644951714
0.386239394985
-0.836238395697
0.389261448545
0.754654506416
-0.539434915437
0.373505753575
0.650067959311
-0.674007287596
0.350892896115
0.529190595573
-0.790957273214
0.307154530338
0.514103877954
-0.725073554996
0.458219971759
0.630099599023
-0.598581265029
0.494646302390
-0.197317261309
-0.659930259171
-0.724953758125
-0.148644951714
-0.534202456590
-0.832185324134
-0.389261448545
-0.386239394985
-0.836238395697
-0.373505753575
-0.754654506416
-0.539434915437
-0.350892896115
-0.650067959311
-0.674007287596
-0.307154530338
-0.529190595573
-0.790957273214
-0.458219971759
-0.514103877954
-0.725073554996
-0.494646302390
-0.630099599023
-0.598581265029
0.197317261309
0.659930259171
-0.724953758125
0.148644951714
0.534202456590
-0.832185324134
0.389261448545
0.386239394985
-0.836238395697
0.373505753575
0.754654506416
-0.539434915437
0.350892896115
0.650067959311
-0.674007287596
0.307154530338
0.529190595573
-0.790957273214
0.458219971759
0.514103877954
-0.725073554996
0.494646302390
0.630099599023
-0.598581265029
-0.724953758125
-0.197317261309
-0.659930259171
-0.832185324134
-0.148644951714
-0.534202456590
-0.836238395697
-0.389261448545
-0.386239394985
-0.539434915437
-0.373505753575
-0.754654506416
-0.674007287596
-0.350892896115
-0.650067959311
-0.790957273214
-0.307154530338
-0.529190595573
-0.725073554996
-0.458219971759
-0.514103877954
-0.598581265029
-0.494646302390
-0.630099599023
-0.713621178665
0.691770944991
-0.110443528681
-0.644516927986
0.764007231360
0.029847612457
-0.766450700240
0.601254886143
0.225933366264
-0.846194311576
0.482860204524
-0.225391237503
-0.817192002018
0.570718948866
-0.080480514679
-0.757507771977
0.649849497981
0.062270421299
-0.851819733958
0.516353677445
0.088215761795
-0.900198847758
0.431650748975
-0.057616537601
-0.110443528681
0.713621178665
-0.691770944991
0.029847612457
0.644516927986
-0.764007231360
0.225933366264
0.766450700240
-0.601254886143
-0.225391237503
0.846194311576
-0.482860204524
-0.080480514679
0.817192002018
-0.570718948866
0.062270421299
0.757507771977
-0.649849497981
0.088215761795
0.851819733958
-0.516353677445
-0.057616537601
0.900198847758
-0.431650748975
0.265575115872
-0.481228875928
-0.835397286806
0.130198112733
-0.582496908028
-0.802337711677
0.249626949002
-0.751807260793
-0.610305029433
0.512805199118
-0.389963823371
-0.764826152939
0.400632589619
-0.519847751129
-0.754487802275
0.268669293482
-0.629946253728
-0.728686851915
0.403699632627
-0.656839978881
-0.636857793201
0.530255280941
-0.536874082871
-0.656197802629
-0.889088206300
-0.232392302737
-0.394355143300
-0.912652183074
-0.062020019959
-0.404004343857
-0.990516334688
-0.014643439447
-0.136612445984
-0.856365958099
-0.456230488205
-0.241849307299
-0.921611844981
-0.297344250889
-0.249435369693
-0.957004028319
-0.127561518249
-0.260521302091
-0.974573649205
-0.194979755076
-0.110404245327
-0.926297051365
-0.363324764887
-0.099844318081
-0.265575115872
0.481228875928
-0.835397286806
-0.130198112733
0.582496908028
-0.802337711677
-0.249626949002
0.751807260793
-0.610305029433
-0.512805199118
0.389963823371
-0.764826152939
-0.400632589619
0.519847751129
-0.754487802275
-0.268669293482
0.629946253728
-0.728686851915
-0.403699632627
0.656839978881
-0.636857793201
-0.530255280941
0.536874082871
-0.656197802629
0.889088206300
0.232392302737
-0.394355143300
0.912652183074
0.062020019959
-0.404004343857
0.990516334688
0.014643439447
-0.136612445984
0.856365958099
0.456230488205
-0.241849307299
0.921611844981
0.297344250889
-0.249435369693
0.957004028319
0.127561518249
-0.260521302091
0.974573649205
0.194979755076
-0.110404245327
0.926297051365
0.363324764887
-0.099844318081
0.110443528681
-0.713621178665
-0.691770944991
-0.029847612457
-0.644516927986
-0.764007231360
-0.225933366264
-0.766450700240
-0.601254886143
0.225391237503
-0.846194311576
-0.482860204524
0.080480514679
-0.817192002018
-0.570718948866
-0.062270421299
-0.757507771977
-0.649849497981
-0.088215761795
-0.851819733958
-0.516353677445
0.057616537601
-0.900198847758
-0.431650748975
0.724953758125
0.197317261309
-0.659930259171
0.832185324134
0.148644951714
-0.534202456590
0.836238395697
0.389261448545
-0.386239394985
0.539434915437
0.373505753575
-0.754654506416
0.674007287596
0.350892896115
-0.650067959311
0.790957273214
0.307154530338
-0.529190595573
0.725073554996
0.458219971759
-0.514103877954
0.598581265029
0.494646302390
-0.630099599023
-0.957346060862
0.053690919494
-0.283911614619
-0.894205344092
0.110314471397
-0.433851956314
-0.850881835144
0.380211305255
-0.362545812247
-0.995665403642
0.091539805160
-0.016458069796
-0.971351538485
0.167124042707
-0.168954855014
-0.918518791463
0.228317176404
-0.322791723390
-0.920053310072
0.337715856004
-0.198620007122
-0.961906029916
0.270099248735
-0.042227780481
0.053690919494
-0.283911614619
-0.957346060862
0.110314471397
-0.433851956314
-0.894205344092
0.380211305255
-0.362545812247
-0.850881835144
0.091539805160
-0.016458069796
-0.995665403642
0.167124042707
-0.168954855014
-0.971351538485
0.228317176404
-0.322791723390
-0.918518791463
0.337715856004
-0.198620007122
-0.920053310072
0.270099248735
-0.042227780481
-0.961906029916
0.481228875928
-0.835397286806
-0.265575115872
0.582496908028
-0.802337711677
-0.130198112733
0.751807260793
-0.610305029433
-0.249626949002
0.389963823371
-0.764826152939
-0.512805199118
0.519847751129
-0.754487802275
-0.400632589619
0.629946253728
-0.728686851915
-0.268669293482
0.656839978881
-0.636857793201
-0.403699632627
0.536874082871
-0.656197802629
-0.530255280941
-0.481228875928
-0.835397286806
0.265575115872
-0.582496908028
-0.802337711677
0.130198112733
-0.751807260793
-0.610305029433
0.249626949002
-0.389963823371
-0.764826152939
0.512805199118
-0.519847751129
-0.754487802275
0.400632589619
-0.629946253728
-0.728686851915
0.268669293482
-0.656839978881
-0.636857793201
0.403699632627
-0.536874082871
-0.656197802629
0.530255280941
-0.283911614619
-0.957346060862
0.053690919494
-0.433851956314
-0.894205344092
0.110314471397
-0.362545812247
-0.850881835144
0.380211305255
-0.016458069796
-0.995665403642
0.091539805160
-0.168954855014
-0.971351538485
0.167124042707
-0.322791723390
-0.918518791463
0.228317176404
-0.198620007122
-0.920053310072
0.337715856004
-0.042227780481
-0.961906029916
0.270099248735
0.283911614619
0.957346060862
0.053690919494
0.433851956314
0.894205344092
0.110314471397
0.362545812247
0.850881835144
0.380211305255
0.016458069796
0.995665403642
0.091539805160
0.168954855014
0.971351538485
0.167124042707
0.322791723390
0.918518791463
0.228317176404
0.198620007122
0.920053310072
0.337715856004
0.042227780481
0.961906029916
0.270099248735
-0.232392302737
-0.394355143300
-0.889088206300
-0.062020019959
-0.404004343857
-0.912652183074
-0.014643439447
-0.136612445984
-0.990516334688
-0.456230488205
-0.241849307299
-0.856365958099
-0.297344250889
-0.249435369693
-0.921611844981
-0.127561518249
-0.260521302091
-0.957004028319
-0.194979755076
-0.110404245327
-0.974573649205
-0.363324764887
-0.099844318081
-0.926297051365
0.713621178665
-0.691770944991
-0.110443528681
0.644516927986
-0.764007231360
0.029847612457
0.766450700240
-0.601254886143
0.225933366264
0.846194311576
-0.482860204524
-0.225391237503
0.817192002018
-0.570718948866
-0.080480514679
0.757507771977
-0.649849497981
0.062270421299
0.851819733958
-0.516353677445
0.088215761795
0.900198847758
-0.431650748975
-0.057616537601
