0.456246077083
0.856916375924
0.239862130858
0.515796338208
0.840957964305
0.163535438861
0.567530763801
0.820156572387
0.072470883190
0.347196015529
0.813400189392
0.466728035045
0.420628210064
0.815835764632
0.396842429745
0.489073780365
0.809976688586
0.323642706246
0.551333723590
0.797747685574
0.244192046132
0.606659642886
0.779921340756
0.153905100390
0.716523827519
0.664196094032
0.213159924163
0.739003788214
0.606746756937
0.292799887212
0.753071552608
0.543516350910
0.370773802939
0.445624207612
0.758551077917
0.475414900672
0.516175477300
0.756292475853
0.401975829624
0.581913285889
0.746752064675
0.322084277185
0.639534767717
0.732650531922
0.232848618111
0.666024967097
0.677866936196
0.311299148756
0.683925713412
0.617090851534
0.389158707324
0.464830445126
0.692920355126
0.551175143431
0.536777302623
0.694970263634
0.478420798099
0.604556612670
0.689421498217
0.399010400708
0.618943931535
0.625620032195
0.474876810270
0.548946243245
0.625915287994
0.553974795711
0.525731112119
0.850650808352
0.000000000000
0.000000000000
0.525731112119
-0.850650808352
-0.525731112119
0.850650808352
0.000000000000
0.000000000000
0.525731112119
0.850650808352
0.850650808352
-0.000000000000
0.525731112119
-0.850650808352
-0.000000000000
0.525731112119
-0.000000000000
-0.525731112119
0.850650808352
-0.850650808352
-0.000000000000
-0.525731112119
-0.525731112119
-0.850650808352
0.000000000000
0.850650808352
-0.000000000000
-0.525731112119
0.525731112119
-0.850650808352
0.000000000000
0.000000000000
-0.525731112119
-0.850650808352
0.230731224548
0.432341054016
-0.871690492681
0.134275082642
0.439191731104
-0.888302215190
0.028307113113
0.451908512669
-0.891615053442
0.455347386088
0.317401089746
-0.831814466219
0.362845280611
0.331622518110
-0.870844307452
0.267592121096
0.342331443355
-0.900668440447
0.168406245482
0.352923921626
-0.920371686889
0.062190968863
0.366548929299
-0.928317922816
0.019435968062
0.209347926010
-0.977648039440
0.054873249774
0.116103764573
-0.991720143141
0.091382320494
0.021615155401
-0.995581265672
0.396211804394
0.238267809544
-0.886704379708
0.300824766601
0.251358556306
-0.919958333824
0.200374089488
0.263271877722
-0.943683285145
0.095012570611
0.278675310489
-0.955673941651
0.128306221339
0.186943263418
-0.973955712457
0.163564711225
0.093312963968
-0.982109604880
0.427619000832
0.141356264283
-0.892838393370
0.333419526861
0.157159046110
-0.929587248909
0.233570848006
0.171430240614
-0.957108317572
0.268038665945
0.077434639523
-0.960291179883
0.367120363592
0.059754989010
-0.928252110111
-0.456246077083
0.856916375924
-0.239862130858
-0.515796338208
0.840957964305
-0.163535438861
-0.567530763801
0.820156572387
-0.072470883190
-0.347196015529
0.813400189392
-0.466728035045
-0.420628210064
0.815835764632
-0.396842429745
-0.489073780365
0.809976688586
-0.323642706246
-0.551333723590
0.797747685574
-0.244192046132
-0.606659642886
0.779921340756
-0.153905100390
-0.716523827519
0.664196094032
-0.213159924163
-0.739003788214
0.606746756937
-0.292799887212
-0.753071552608
0.543516350910
-0.370773802939
-0.445624207612
0.758551077917
-0.475414900672
-0.516175477300
0.756292475853
-0.401975829624
-0.581913285889
0.746752064675
-0.322084277185
-0.639534767717
0.732650531922
-0.232848618111
-0.666024967097
0.677866936196
-0.311299148756
-0.683925713412
0.617090851534
-0.389158707324
-0.464830445126
0.692920355126
-0.551175143431
-0.536777302623
0.694970263634
-0.478420798099
-0.604556612670
0.689421498217
-0.399010400708
-0.618943931535
0.625620032195
-0.474876810270
-0.548946243245
0.625915287994
-0.553974795711
-0.230731224548
0.432341054016
0.871690492681
-0.134275082642
0.439191731104
0.888302215190
-0.028307113113
0.451908512669
0.891615053442
-0.455347386088
0.317401089746
0.831814466219
-0.362845280611
0.331622518110
0.870844307452
-0.267592121096
0.342331443355
0.900668440447
-0.168406245482
0.352923921626
0.920371686889
-0.062190968863
0.366548929299
0.928317922816
-0.019435968062
0.209347926010
0.977648039440
-0.054873249774
0.116103764573
0.991720143141
-0.091382320494
0.021615155401
0.995581265672
-0.396211804394
0.238267809544
0.886704379708
-0.300824766601
0.251358556306
0.919958333824
-0.200374089488
0.263271877722
0.943683285145
-0.095012570611
0.278675310489
0.955673941651
-0.128306221339
0.186943263418
0.973955712457
-0.163564711225
0.093312963968
0.982109604880
-0.427619000832
0.141356264283
0.892838393370
-0.333419526861
0.157159046110
0.929587248909
-0.233570848006
0.171430240614
0.957108317572
-0.268038665945
0.077434639523
0.960291179883
-0.367120363592
0.059754989010
0.928252110111
0.686977301631
0.714316636887
0.133468832727
0.650071420850
0.757971399390
0.053726208696
0.595837876914
0.802661814359
-0.026669012050
0.802543401617
0.531980028101
0.270039512334
0.783473490675
0.591585048556
0.190253566941
0.756665901462
0.644595662627
0.109330440810
0.719739969072
0.693666901948
0.028294982977
0.668850611749
0.741485208206
-0.053277998977
0.735959795581
0.652184005166
-0.181711867235
0.793877037988
0.572833223504
-0.204013104005
0.844453873103
0.487038970874
-0.222914102408
0.841836012006
0.513678716058
0.165669265582
0.817000243901
0.570372545436
0.084768867393
0.782287375377
0.622914066907
0.002127810072
0.734547338328
0.673929533925
-0.079115049503
0.794331188436
0.598569330440
-0.103695321661
0.847490424638
0.516002300637
-0.124505445202
0.892449445958
0.428637278377
0.140726934151
0.870196829484
0.488905663521
0.061063328875
0.838127460677
0.545066775368
-0.021084829853
0.886982597480
0.459963026342
-0.041181138471
0.916066606837
0.399022425332
0.040038430543
-0.298872221289
0.954178767745
-0.014774116757
-0.385465522408
0.921506838251
-0.047344250885
-0.478577524719
0.875132697549
-0.071458481055
-0.047361577412
0.998708063147
-0.018414276827
-0.141368951169
0.988427478302
-0.055008542820
-0.233001002545
0.968238368873
-0.090691751861
-0.324628938649
0.937858948080
-0.122624001315
-0.419826928276
0.895390308596
-0.148396582060
-0.391059793245
0.865343929329
-0.313451945408
-0.320116868577
0.865633110716
-0.384973386203
-0.244529257809
0.857812773813
-0.452064914762
-0.072598543961
0.989093616729
-0.128153301791
-0.166589688912
0.972348375061
-0.163665857971
-0.261144067650
0.944998344091
-0.196931220470
-0.357790359992
0.906778152036
-0.223023409729
-0.290638585079
0.909868479196
-0.296088776262
-0.217818409169
0.905161007961
-0.365018753346
-0.000629330133
0.979812421808
-0.199918038244
-0.096095717235
0.967326461620
-0.234616985275
-0.192515070467
0.944077176076
-0.267686819355
-0.118615777994
0.934839836612
-0.334671147688
-0.019716558466
0.952997221042
-0.302336822117
-0.157373855794
0.672203184874
0.723447543197
-0.130330815800
0.602727169965
0.787231755608
-0.088953239082
0.524379395859
0.846825584436
-0.299834438117
0.784129124791
0.543360677058
-0.279259258895
0.728464947855
0.625582197691
-0.256072777820
0.665974149601
0.700646247776
-0.226704784941
0.597115967757
0.769452702597
-0.186832714611
0.520454029689
0.833199339733
-0.325464034274
0.422507850173
0.845907961268
-0.418886919637
0.408903651784
0.810759860942
-0.508542294799
0.392388958340
0.766430453318
-0.373025663651
0.713682710215
0.592881812335
-0.349585788388
0.653334385930
0.671523608460
-0.320769218239
0.585356154907
0.744624254603
-0.281744407725
0.511523928600
0.811765581425
-0.375386382017
0.498242412174
0.781562257857
-0.466107304243
0.482471671292
0.741596296736
-0.464201114993
0.692531407714
0.552193420976
-0.440681585388
0.635579844209
0.633906934759
-0.412041542204
0.570440641322
0.710506328069
-0.500328153541
0.552311449793
0.666801170666
-0.529229684779
0.613729784720
0.585876857451
0.723447543197
-0.157373855794
0.672203184874
0.787231755608
-0.130330815800
0.602727169965
0.846825584436
-0.088953239082
0.524379395859
0.543360677058
-0.299834438117
0.784129124791
0.625582197691
-0.279259258895
0.728464947855
0.700646247776
-0.256072777820
0.665974149601
0.769452702597
-0.226704784941
0.597115967757
0.833199339733
-0.186832714611
0.520454029689
0.845907961268
-0.325464034274
0.422507850173
0.810759860942
-0.418886919637
0.408903651784
0.766430453318
-0.508542294799
0.392388958340
0.592881812335
-0.373025663651
0.713682710215
0.671523608460
-0.349585788388
0.653334385930
0.744624254603
-0.320769218239
0.585356154907
0.811765581425
-0.281744407725
0.511523928600
0.781562257857
-0.375386382017
0.498242412174
0.741596296736
-0.466107304243
0.482471671292
0.552193420976
-0.464201114993
0.692531407714
0.633906934759
-0.440681585388
0.635579844209
0.710506328069
-0.412041542204
0.570440641322
0.666801170666
-0.500328153541
0.552311449793
0.585876857451
-0.529229684779
0.613729784720
-0.954178767745
-0.014774116757
0.298872221289
-0.921506838251
-0.047344250885
0.385465522408
-0.875132697549
-0.071458481055
0.478577524719
-0.998708063147
-0.018414276827
0.047361577412
-0.988427478302
-0.055008542820
0.141368951169
-0.968238368873
-0.090691751861
0.233001002545
-0.937858948080
-0.122624001315
0.324628938649
-0.895390308596
-0.148396582060
0.419826928276
-0.865343929329
-0.313451945408
0.391059793245
-0.865633110716
-0.384973386203
0.320116868577
-0.857812773813
-0.452064914762
0.244529257809
-0.989093616729
-0.128153301791
0.072598543961
-0.972348375061
-0.163665857971
0.166589688912
-0.944998344091
-0.196931220470
0.261144067650
-0.906778152036
-0.223023409729
0.357790359992
-0.909868479196
-0.296088776262
0.290638585079
-0.905161007961
-0.365018753346
0.217818409169
-0.979812421808
-0.199918038244
0.000629330133
-0.967326461620
-0.234616985275
0.096095717235
-0.944077176076
-0.267686819355
0.192515070467
-0.934839836612
-0.334671147688
0.118615777994
-0.952997221042
-0.302336822117
0.019716558466
0.672203184874
0.723447543197
-0.157373855794
0.602727169965
0.787231755608
-0.130330815800
0.524379395859
0.846825584436
-0.088953239082
0.784129124791
0.543360677058
-0.299834438117
0.728464947855
0.625582197691
-0.279259258895
0.665974149601
0.700646247776
-0.256072777820
0.597115967757
0.769452702597
-0.226704784941
0.520454029689
0.833199339733
-0.186832714611
0.422507850173
0.845907961268
-0.325464034274
0.408903651784
0.810759860942
-0.418886919637
0.392388958340
0.766430453318
-0.508542294799
0.713682710215
0.592881812335
-0.373025663651
0.653334385930
0.671523608460
-0.349585788388
0.585356154907
0.744624254603
-0.320769218239
0.511523928600
0.811765581425
-0.281744407725
0.498242412174
0.781562257857
-0.375386382017
0.482471671292
0.741596296736
-0.466107304243
0.692531407714
0.552193420976
-0.464201114993
0.635579844209
0.633906934759
-0.440681585388
0.570440641322
0.710506328069
-0.412041542204
0.552311449793
0.666801170666
-0.500328153541
0.613729784720
0.585876857451
-0.529229684779
0.133468832727
0.686977301631
0.714316636887
0.053726208696
0.650071420850
0.757971399390
-0.026669012050
0.595837876914
0.802661814359
0.270039512334
0.802543401617
0.531980028101
0.190253566941
0.783473490675
0.591585048556
0.109330440810
0.756665901462
0.644595662627
0.028294982977
0.719739969072
0.693666901948
-0.053277998977
0.668850611749
0.741485208206
-0.181711867235
0.735959795581
0.652184005166
-0.204013104005
0.793877037988
0.572833223504
-0.222914102408
0.844453873103
0.487038970874
0.165669265582
0.841836012006
0.513678716058
0.084768867393
0.817000243901
0.570372545436
0.002127810072
0.782287375377
0.622914066907
-0.079115049503
0.734547338328
0.673929533925
-0.103695321661
0.794331188436
0.598569330440
-0.124505445202
0.847490424638
0.516002300637
0.140726934151
0.892449445958
0.428637278377
0.061063328875
0.870196829484
0.488905663521
-0.021084829853
0.838127460677
0.545066775368
-0.041181138471
0.886982597480
0.459963026342
0.040038430543
0.916066606837
0.399022425332
-0.239862130858
-0.456246077083
0.856916375924
-0.163535438861
-0.515796338208
0.840957964305
-0.072470883190
-0.567530763801
0.820156572387
-0.466728035045
-0.347196015529
0.813400189392
-0.396842429745
-0.420628210064
0.815835764632
-0.323642706246
-0.489073780365
0.809976688586
-0.244192046132
-0.551333723590
0.797747685574
-0.153905100390
-0.606659642886
0.779921340756
-0.213159924163
-0.716523827519
0.664196094032
-0.292799887212
-0.739003788214
0.606746756937
-0.370773802939
-0.753071552608
0.543516350910
-0.475414900672
-0.445624207612
0.758551077917
-0.401975829624
-0.516175477300
0.756292475853
-0.322084277185
-0.581913285889
0.746752064675
-0.232848618111
-0.639534767717
0.732650531922
-0.311299148756
-0.666024967097
0.677866936196
-0.389158707324
-0.683925713412
0.617090851534
-0.551175143431
-0.464830445126
0.692920355126
-0.478420798099
-0.536777302623
0.694970263634
-0.399010400708
-0.604556612670
0.689421498217
-0.474876810270
-0.618943931535
0.625620032195
-0.553974795711
-0.548946243245
0.625915287994
0.871690492681
-0.230731224548
0.432341054016
0.888302215190
-0.134275082642
0.439191731104
0.891615053442
-0.028307113113
0.451908512669
0.831814466219
-0.455347386088
0.317401089746
0.870844307452
-0.362845280611
0.331622518110
0.900668440447
-0.267592121096
0.342331443355
0.920371686889
-0.168406245482
0.352923921626
0.928317922816
-0.062190968863
0.366548929299
0.977648039440
-0.019435968062
0.209347926010
0.991720143141
-0.054873249774
0.116103764573
0.995581265672
-0.091382320494
0.021615155401
0.886704379708
-0.396211804394
0.238267809544
0.919958333824
-0.300824766601
0.251358556306
0.943683285145
-0.200374089488
0.263271877722
0.955673941651
-0.095012570611
0.278675310489
0.973955712457
-0.128306221339
0.186943263418
0.982109604880
-0.163564711225
0.093312963968
0.892838393370
-0.427619000832
0.141356264283
0.929587248909
-0.333419526861
0.157159046110
0.957108317572
-0.233570848006
0.171430240614
0.960291179883
-0.268038665945
0.077434639523
0.928252110111
-0.367120363592
0.059754989010
0.239862130858
0.456246077083
0.856916375924
0.163535438861
0.515796338208
0.840957964305
0.072470883190
0.567530763801
0.820156572387
0.466728035045
0.347196015529
0.813400189392
0.396842429745
0.420628210064
0.815835764632
0.323642706246
0.489073780365
0.809976688586
0.244192046132
0.551333723590
0.797747685574
0.153905100390
0.606659642886
0.779921340756
0.213159924163
0.716523827519
0.664196094032
0.292799887212
0.739003788214
0.606746756937
0.370773802939
0.753071552608
0.543516350910
0.475414900672
0.445624207612
0.758551077917
0.401975829624
0.516175477300
0.756292475853
0.322084277185
0.581913285889
0.746752064675
0.232848618111
0.639534767717
0.732650531922
0.311299148756
0.666024967097
0.677866936196
0.389158707324
0.683925713412
0.617090851534
0.551175143431
0.464830445126
0.692920355126
0.478420798099
0.536777302623
0.694970263634
0.399010400708
0.604556612670
0.689421498217
0.474876810270
0.618943931535
0.625620032195
0.553974795711
0.548946243245
0.625915287994
-0.014774116757
-0.298872221289
0.954178767745
-0.047344250885
-0.385465522408
0.921506838251
-0.071458481055
-0.478577524719
0.875132697549
-0.018414276827
-0.047361577412
0.998708063147
-0.055008542820
-0.141368951169
0.988427478302
-0.090691751861
-0.233001002545
0.968238368873
-0.122624001315
-0.324628938649
0.937858948080
-0.148396582060
-0.419826928276
0.895390308596
-0.313451945408
-0.391059793245
0.865343929329
-0.384973386203
-0.320116868577
0.865633110716
-0.452064914762
-0.244529257809
0.857812773813
-0.128153301791
-0.072598543961
0.989093616729
-0.163665857971
-0.166589688912
0.972348375061
-0.196931220470
-0.261144067650
0.944998344091
-0.223023409729
-0.357790359992
0.906778152036
-0.296088776262
-0.290638585079
0.909868479196
-0.365018753346
-0.217818409169
0.905161007961
-0.199918038244
-0.000629330133
0.979812421808
-0.234616985275
-0.096095717235
0.967326461620
-0.267686819355
-0.192515070467
0.944077176076
-0.334671147688
-0.118615777994
0.934839836612
-0.302336822117
-0.019716558466
0.952997221042
0.014774116757
0.298872221289
0.954178767745
0.047344250885
0.385465522408
0.921506838251
0.071458481055
0.478577524719
0.875132697549
0.018414276827
0.047361577412
0.998708063147
0.055008542820
0.141368951169
0.988427478302
0.090691751861
0.233001002545
0.968238368873
0.122624001315
0.324628938649
0.937858948080
0.148396582060
0.419826928276
0.895390308596
0.313451945408
0.391059793245
0.865343929329
0.384973386203
0.320116868577
0.865633110716
0.452064914762
0.244529257809
0.857812773813
0.128153301791
0.072598543961
0.989093616729
0.163665857971
0.166589688912
0.972348375061
0.196931220470
0.261144067650
0.944998344091
0.223023409729
0.357790359992
0.906778152036
0.296088776262
0.290638585079
0.909868479196
0.365018753346
0.217818409169
0.905161007961
0.199918038244
0.000629330133
0.979812421808
0.234616985275
0.096095717235
0.967326461620
0.267686819355
0.192515070467
0.944077176076
0.334671147688
0.118615777994
0.934839836612
0.302336822117
0.019716558466
0.952997221042
-0.432341054016
0.871690492681
0.230731224548
-0.439191731104
0.888302215190
0.134275082642
-0.451908512669
0.891615053442
0.028307113113
-0.317401089746
0.831814466219
0.455347386088
-0.331622518110
0.870844307452
0.362845280611
-0.342331443355
0.900668440447
0.267592121096
-0.352923921626
0.920371686889
0.168406245482
-0.366548929299
0.928317922816
0.062190968863
-0.209347926010
0.977648039440
0.019435968062
-0.116103764573
0.991720143141
0.054873249774
-0.021615155401
0.995581265672
0.091382320494
-0.238267809544
0.886704379708
0.396211804394
-0.251358556306
0.919958333824
0.300824766601
-0.263271877722
0.943683285145
0.200374089488
-0.278675310489
0.955673941651
0.095012570611
-0.186943263418
0.973955712457
0.128306221339
-0.093312963968
0.982109604880
0.163564711225
-0.141356264283
0.892838393370
0.427619000832
-0.157159046110
0.929587248909
0.333419526861
-0.171430240614
0.957108317572
0.233570848006
-0.077434639523
0.960291179883
0.268038665945
-0.059754989010
0.928252110111
0.367120363592
-0.714316636887
0.133468832727
-0.686977301631
-0.757971399390
0.053726208696
-0.650071420850
-0.802661814359
-0.026669012050
-0.595837876914
-0.531980028101
0.270039512334
-0.802543401617
-0.591585048556
0.190253566941
-0.783473490675
-0.644595662627
0.109330440810
-0.756665901462
-0.693666901948
0.028294982977
-0.719739969072
-0.741485208206
-0.053277998977
-0.668850611749
-0.652184005166
-0.181711867235
-0.735959795581
-0.572833223504
-0.204013104005
-0.793877037988
-0.487038970874
-0.222914102408
-0.844453873103
-0.513678716058
0.165669265582
-0.841836012006
-0.570372545436
0.084768867393
-0.817000243901
-0.622914066907
0.002127810072
-0.782287375377
-0.673929533925
-0.079115049503
-0.734547338328
-0.598569330440
-0.103695321661
-0.794331188436
-0.516002300637
-0.124505445202
-0.847490424638
-0.428637278377
0.140726934151
-0.892449445958
-0.488905663521
0.061063328875
-0.870196829484
-0.545066775368
-0.021084829853
-0.838127460677
-0.459963026342
-0.041181138471
-0.886982597480
-0.399022425332
0.040038430543
-0.916066606837
-0.856916375924
-0.239862130858
0.456246077083
-0.840957964305
-0.163535438861
0.515796338208
-0.820156572387
-0.072470883190
0.567530763801
-0.813400189392
-0.466728035045
0.347196015529
-0.815835764632
-0.396842429745
0.420628210064
-0.809976688586
-0.323642706246
0.489073780365
-0.797747685574
-0.244192046132
0.551333723590
-0.779921340756
-0.153905100390
0.606659642886
-0.664196094032
-0.213159924163
0.716523827519
-0.606746756937
-0.292799887212
0.739003788214
-0.543516350910
-0.370773802939
0.753071552608
-0.758551077917
-0.475414900672
0.445624207612
-0.756292475853
-0.401975829624
0.516175477300
-0.746752064675
-0.322084277185
0.581913285889
-0.732650531922
-0.232848618111
0.639534767717
-0.677866936196
-0.311299148756
0.666024967097
-0.617090851534
-0.389158707324
0.683925713412
-0.692920355126
-0.551175143431
0.464830445126
-0.694970263634
-0.478420798099
0.536777302623
-0.689421498217
-0.399010400708
0.604556612670
-0.625620032195
-0.474876810270
0.618943931535
-0.625915287994
-0.553974795711
0.548946243245
-0.672203184874
0.723447543197
0.157373855794
-0.602727169965
0.787231755608
0.130330815800
-0.524379395859
0.846825584436
0.088953239082
-0.784129124791
0.543360677058
0.299834438117
-0.728464947855
0.625582197691
0.279259258895
-0.665974149601
0.700646247776
0.256072777820
-0.597115967757
0.769452702597
0.226704784941
-0.520454029689
0.833199339733
0.186832714611
-0.422507850173
0.845907961268
0.325464034274
-0.408903651784
0.810759860942
0.418886919637
-0.392388958340
0.766430453318
0.508542294799
-0.713682710215
0.592881812335
0.373025663651
-0.653334385930
0.671523608460
0.349585788388
-0.585356154907
0.744624254603
0.320769218239
-0.511523928600
0.811765581425
0.281744407725
-0.498242412174
0.781562257857
0.375386382017
-0.482471671292
0.741596296736
0.466107304243
-0.692531407714
0.552193420976
0.464201114993
-0.635579844209
0.633906934759
0.440681585388
-0.570440641322
0.710506328069
0.412041542204
-0.552311449793
0.666801170666
0.500328153541
-0.613729784720
0.585876857451
0.529229684779
-0.856916375924
0.239862130858
-0.456246077083
-0.840957964305
0.163535438861
-0.515796338208
-0.820156572387
0.072470883190
-0.567530763801
-0.813400189392
0.466728035045
-0.347196015529
-0.815835764632
0.396842429745
-0.420628210064
-0.809976688586
0.323642706246
-0.489073780365
-0.797747685574
0.244192046132
-0.551333723590
-0.779921340756
0.153905100390
-0.606659642886
-0.664196094032
0.213159924163
-0.716523827519
-0.606746756937
0.292799887212
-0.739003788214
-0.543516350910
0.370773802939
-0.753071552608
-0.758551077917
0.475414900672
-0.445624207612
-0.756292475853
0.401975829624
-0.516175477300
-0.746752064675
0.322084277185
-0.581913285889
-0.732650531922
0.232848618111
-0.639534767717
-0.677866936196
0.311299148756
-0.666024967097
-0.617090851534
0.389158707324
-0.683925713412
-0.692920355126
0.551175143431
-0.464830445126
-0.694970263634
0.478420798099
-0.536777302623
-0.689421498217
0.399010400708
-0.604556612670
-0.625620032195
0.474876810270
-0.618943931535
-0.625915287994
0.553974795711
-0.548946243245
-0.432341054016
-0.871690492681
-0.230731224548
-0.439191731104
-0.888302215190
-0.134275082642
-0.451908512669
-0.891615053442
-0.028307113113
-0.317401089746
-0.831814466219
-0.455347386088
-0.331622518110
-0.870844307452
-0.362845280611
-0.342331443355
-0.900668440447
-0.267592121096
-0.352923921626
-0.920371686889
-0.168406245482
-0.366548929299
-0.928317922816
-0.062190968863
-0.209347926010
-0.977648039440
-0.019435968062
-0.116103764573
-0.991720143141
-0.054873249774
-0.021615155401
-0.995581265672
-0.091382320494
-0.238267809544
-0.886704379708
-0.396211804394
-0.251358556306
-0.919958333824
-0.300824766601
-0.263271877722
-0.943683285145
-0.200374089488
-0.278675310489
-0.955673941651
-0.095012570611
-0.186943263418
-0.973955712457
-0.128306221339
-0.093312963968
-0.982109604880
-0.163564711225
-0.141356264283
-0.892838393370
-0.427619000832
-0.157159046110
-0.929587248909
-0.333419526861
-0.171430240614
-0.957108317572
-0.233570848006
-0.077434639523
-0.960291179883
-0.268038665945
-0.059754989010
-0.928252110111
-0.367120363592
0.714316636887
0.133468832727
0.686977301631
0.757971399390
0.053726208696
0.650071420850
0.802661814359
-0.026669012050
0.595837876914
0.531980028101
0.270039512334
0.802543401617
0.591585048556
0.190253566941
0.783473490675
0.644595662627
0.109330440810
0.756665901462
0.693666901948
0.028294982977
0.719739969072
0.741485208206
-0.053277998977
0.668850611749
0.652184005166
-0.181711867235
0.735959795581
0.572833223504
-0.204013104005
0.793877037988
0.487038970874
-0.222914102408
0.844453873103
0.513678716058
0.165669265582
0.841836012006
0.570372545436
0.084768867393
0.817000243901
0.622914066907
0.002127810072
0.782287375377
0.673929533925
-0.079115049503
0.734547338328
0.598569330440
-0.103695321661
0.794331188436
0.516002300637
-0.124505445202
0.847490424638
0.428637278377
0.140726934151
0.892449445958
0.488905663521
0.061063328875
0.870196829484
0.545066775368
-0.021084829853
0.838127460677
0.459963026342
-0.041181138471
0.886982597480
0.399022425332
0.040038430543
0.916066606837
0.856916375924
-0.239862130858
-0.456246077083
0.840957964305
-0.163535438861
-0.515796338208
0.820156572387
-0.072470883190
-0.567530763801
0.813400189392
-0.466728035045
-0.347196015529
0.815835764632
-0.396842429745
-0.420628210064
0.809976688586
-0.323642706246
-0.489073780365
0.797747685574
-0.244192046132
-0.551333723590
0.779921340756
-0.153905100390
-0.606659642886
0.664196094032
-0.213159924163
-0.716523827519
0.606746756937
-0.292799887212
-0.739003788214
0.543516350910
-0.370773802939
-0.753071552608
0.758551077917
-0.475414900672
-0.445624207612
0.756292475853
-0.401975829624
-0.516175477300
0.746752064675
-0.322084277185
-0.581913285889
0.732650531922
-0.232848618111
-0.639534767717
0.677866936196
-0.311299148756
-0.666024967097
0.617090851534
-0.389158707324
-0.683925713412
0.692920355126
-0.551175143431
-0.464830445126
0.694970263634
-0.478420798099
-0.536777302623
0.689421498217
-0.399010400708
-0.604556612670
0.625620032195
-0.474876810270
-0.618943931535
0.625915287994
-0.553974795711
-0.548946243245
0.432341054016
0.871690492681
-0.230731224548
0.439191731104
0.888302215190
-0.134275082642
0.451908512669
0.891615053442
-0.028307113113
0.317401089746
0.831814466219
-0.455347386088
0.331622518110
0.870844307452
-0.362845280611
0.342331443355
0.900668440447
-0.267592121096
0.352923921626
0.920371686889
-0.168406245482
0.366548929299
0.928317922816
-0.062190968863
0.209347926010
0.977648039440
-0.019435968062
0.116103764573
0.991720143141
-0.054873249774
0.021615155401
0.995581265672
-0.091382320494
0.238267809544
0.886704379708
-0.396211804394
0.251358556306
0.919958333824
-0.300824766601
0.263271877722
0.943683285145
-0.200374089488
0.278675310489
0.955673941651
-0.095012570611
0.186943263418
0.973955712457
-0.128306221339
0.093312963968
0.982109604880
-0.163564711225
0.141356264283
0.892838393370
-0.427619000832
0.157159046110
0.929587248909
-0.333419526861
0.171430240614
0.957108317572
-0.233570848006
0.077434639523
0.960291179883
-0.268038665945
0.059754989010
0.928252110111
-0.367120363592
0.856916375924
0.239862130858
0.456246077083
0.840957964305
0.163535438861
0.515796338208
0.820156572387
0.072470883190
0.567530763801
0.813400189392
0.466728035045
0.347196015529
0.815835764632
0.396842429745
0.420628210064
0.809976688586
0.323642706246
0.489073780365
0.797747685574
0.244192046132
0.551333723590
0.779921340756
0.153905100390
0.606659642886
0.664196094032
0.213159924163
0.716523827519
0.606746756937
0.292799887212
0.739003788214
0.543516350910
0.370773802939
0.753071552608
0.758551077917
0.475414900672
0.445624207612
0.756292475853
0.401975829624
0.516175477300
0.746752064675
0.322084277185
0.581913285889
0.732650531922
0.232848618111
0.639534767717
0.677866936196
0.311299148756
0.666024967097
0.617090851534
0.389158707324
0.683925713412
0.692920355126
0.551175143431
0.464830445126
0.694970263634
0.478420798099
0.536777302623
0.689421498217
0.399010400708
0.604556612670
0.625620032195
0.474876810270
0.618943931535
0.625915287994
0.553974795711
0.548946243245
0.954178767745
-0.014774116757
-0.298872221289
0.921506838251
-0.047344250885
-0.385465522408
0.875132697549
-0.071458481055
-0.478577524719
0.998708063147
-0.018414276827
-0.047361577412
0.988427478302
-0.055008542820
-0.141368951169
0.968238368873
-0.090691751861
-0.233001002545
0.937858948080
-0.122624001315
-0.324628938649
0.895390308596
-0.148396582060
-0.419826928276
0.865343929329
-0.313451945408
-0.391059793245
0.865633110716
-0.384973386203
-0.320116868577
0.857812773813
-0.452064914762
-0.244529257809
0.989093616729
-0.128153301791
-0.072598543961
0.972348375061
-0.163665857971
-0.166589688912
0.944998344091
-0.196931220470
-0.261144067650
0.906778152036
-0.223023409729
-0.357790359992
0.909868479196
-0.296088776262
-0.290638585079
0.905161007961
-0.365018753346
-0.217818409169
0.979812421808
-0.199918038244
-0.000629330133
0.967326461620
-0.234616985275
-0.096095717235
0.944077176076
-0.267686819355
-0.192515070467
0.934839836612
-0.334671147688
-0.118615777994
0.952997221042
-0.302336822117
-0.019716558466
-0.014774116757
0.298872221289
-0.954178767745
-0.047344250885
0.385465522408
-0.921506838251
-0.071458481055
0.478577524719
-0.875132697549
-0.018414276827
0.047361577412
-0.998708063147
-0.055008542820
0.141368951169
-0.988427478302
-0.090691751861
0.233001002545
-0.968238368873
-0.122624001315
0.324628938649
-0.937858948080
-0.148396582060
0.419826928276
-0.895390308596
-0.313451945408
0.391059793245
-0.865343929329
-0.384973386203
0.320116868577
-0.865633110716
-0.452064914762
0.244529257809
-0.857812773813
-0.128153301791
0.072598543961
-0.989093616729
-0.163665857971
0.166589688912
-0.972348375061
-0.196931220470
0.261144067650
-0.944998344091
-0.223023409729
0.357790359992
-0.906778152036
-0.296088776262
0.290638585079
-0.909868479196
-0.365018753346
0.217818409169
-0.905161007961
-0.199918038244
0.000629330133
-0.979812421808
-0.234616985275
0.096095717235
-0.967326461620
-0.267686819355
0.192515070467
-0.944077176076
-0.334671147688
0.118615777994
-0.934839836612
-0.302336822117
0.019716558466
-0.952997221042
0.432341054016
-0.871690492681
0.230731224548
0.439191731104
-0.888302215190
0.134275082642
0.451908512669
-0.891615053442
0.028307113113
0.317401089746
-0.831814466219
0.455347386088
0.331622518110
-0.870844307452
0.362845280611
0.342331443355
-0.900668440447
0.267592121096
0.352923921626
-0.920371686889
0.168406245482
0.366548929299
-0.928317922816
0.062190968863
0.209347926010
-0.977648039440
0.019435968062
0.116103764573
-0.991720143141
0.054873249774
0.021615155401
-0.995581265672
0.091382320494
0.238267809544
-0.886704379708
0.396211804394
0.251358556306
-0.919958333824
0.300824766601
0.263271877722
-0.943683285145
0.200374089488
0.278675310489
-0.955673941651
0.095012570611
0.186943263418
-0.973955712457
0.128306221339
0.093312963968
-0.982109604880
0.163564711225
0.141356264283
-0.892838393370
0.427619000832
0.157159046110
-0.929587248909
0.333419526861
0.171430240614
-0.957108317572
0.233570848006
0.077434639523
-0.960291179883
0.268038665945
0.059754989010
-0.928252110111
0.367120363592
-0.871690492681
0.230731224548
0.432341054016
-0.888302215190
0.134275082642
0.439191731104
-0.891615053442
0.028307113113
0.451908512669
-0.831814466219
0.455347386088
0.317401089746
-0.870844307452
0.362845280611
0.331622518110
-0.900668440447
0.267592121096
0.342331443355
-0.920371686889
0.168406245482
0.352923921626
-0.928317922816
0.062190968863
0.366548929299
-0.977648039440
0.019435968062
0.209347926010
-0.991720143141
0.054873249774
0.116103764573
-0.995581265672
0.091382320494
0.021615155401
-0.886704379708
0.396211804394
0.238267809544
-0.919958333824
0.300824766601
0.251358556306
-0.943683285145
0.200374089488
0.263271877722
-0.955673941651
0.095012570611
0.278675310489
-0.973955712457
0.128306221339
0.186943263418
-0.982109604880
0.163564711225
0.093312963968
-0.892838393370
0.427619000832
0.141356264283
-0.929587248909
0.333419526861
0.157159046110
-0.957108317572
0.233570848006
0.171430240614
-0.960291179883
0.268038665945
0.077434639523
-0.928252110111
0.367120363592
0.059754989010
-0.133468832727
-0.686977301631
0.714316636887
-0.053726208696
-0.650071420850
0.757971399390
0.026669012050
-0.595837876914
0.802661814359
-0.270039512334
-0.802543401617
0.531980028101
-0.190253566941
-0.783473490675
0.591585048556
-0.109330440810
-0.756665901462
0.644595662627
-0.028294982977
-0.719739969072
0.693666901948
0.053277998977
-0.668850611749
0.741485208206
0.181711867235
-0.735959795581
0.652184005166
0.204013104005
-0.793877037988
0.572833223504
0.222914102408
-0.844453873103
0.487038970874
-0.165669265582
-0.841836012006
0.513678716058
-0.084768867393
-0.817000243901
0.570372545436
-0.002127810072
-0.782287375377
0.622914066907
0.079115049503
-0.734547338328
0.673929533925
0.103695321661
-0.794331188436
0.598569330440
0.124505445202
-0.847490424638
0.516002300637
-0.140726934151
-0.892449445958
0.428637278377
-0.061063328875
-0.870196829484
0.488905663521
0.021084829853
-0.838127460677
0.545066775368
0.041181138471
-0.886982597480
0.459963026342
-0.040038430543
-0.916066606837
0.399022425332
-0.723447543197
0.157373855794
0.672203184874
-0.787231755608
0.130330815800
0.602727169965
-0.846825584436
0.088953239082
0.524379395859
-0.543360677058
0.299834438117
0.784129124791
-0.625582197691
0.279259258895
0.728464947855
-0.700646247776
0.256072777820
0.665974149601
-0.769452702597
0.226704784941
0.597115967757
-0.833199339733
0.186832714611
0.520454029689
-0.845907961268
0.325464034274
0.422507850173
-0.810759860942
0.418886919637
0.408903651784
-0.766430453318
0.508542294799
0.392388958340
-0.592881812335
0.373025663651
0.713682710215
-0.671523608460
0.349585788388
0.653334385930
-0.744624254603
0.320769218239
0.585356154907
-0.811765581425
0.281744407725
0.511523928600
-0.781562257857
0.375386382017
0.498242412174
-0.741596296736
0.466107304243
0.482471671292
-0.552193420976
0.464201114993
0.692531407714
-0.633906934759
0.440681585388
0.635579844209
-0.710506328069
0.412041542204
0.570440641322
-0.666801170666
0.500328153541
0.552311449793
-0.585876857451
0.529229684779
0.613729784720
-0.672203184874
-0.723447543197
-0.157373855794
-0.602727169965
-0.787231755608
-0.130330815800
-0.524379395859
-0.846825584436
-0.088953239082
-0.784129124791
-0.543360677058
-0.299834438117
-0.728464947855
-0.625582197691
-0.279259258895
-0.665974149601
-0.700646247776
-0.256072777820
-0.597115967757
-0.769452702597
-0.226704784941
-0.520454029689
-0.833199339733
-0.186832714611
-0.422507850173
-0.845907961268
-0.325464034274
-0.408903651784
-0.810759860942
-0.418886919637
-0.392388958340
-0.766430453318
-0.508542294799
-0.713682710215
-0.592881812335
-0.373025663651
-0.653334385930
-0.671523608460
-0.349585788388
-0.585356154907
-0.744624254603
-0.320769218239
-0.511523928600
-0.811765581425
-0.281744407725
-0.498242412174
-0.781562257857
-0.375386382017
-0.482471671292
-0.741596296736
-0.466107304243
-0.692531407714
-0.552193420976
-0.464201114993
-0.635579844209
-0.633906934759
-0.440681585388
-0.570440641322
-0.710506328069
-0.412041542204
-0.552311449793
-0.666801170666
-0.500328153541
-0.613729784720
-0.585876857451
-0.529229684779
0.157373855794
-0.672203184874
0.723447543197
0.130330815800
-0.602727169965
0.787231755608
0.088953239082
-0.524379395859
0.846825584436
0.299834438117
-0.784129124791
0.543360677058
0.279259258895
-0.728464947855
0.625582197691
0.256072777820
-0.665974149601
0.700646247776
0.226704784941
-0.597115967757
0.769452702597
0.186832714611
-0.520454029689
0.833199339733
0.325464034274
-0.422507850173
0.845907961268
0.418886919637
-0.408903651784
0.810759860942
0.508542294799
-0.392388958340
0.766430453318
0.373025663651
-0.713682710215
0.592881812335
0.349585788388
-0.653334385930
0.671523608460
0.320769218239
-0.585356154907
0.744624254603
0.281744407725
-0.511523928600
0.811765581425
0.375386382017
-0.498242412174
0.781562257857
0.466107304243
-0.482471671292
0.741596296736
0.464201114993
-0.692531407714
0.552193420976
0.440681585388
-0.635579844209
0.633906934759
0.412041542204
-0.570440641322
0.710506328069
0.500328153541
-0.552311449793
0.666801170666
0.529229684779
-0.613729784720
0.585876857451
-0.714316636887
-0.133468832727
0.686977301631
-0.757971399390
-0.053726208696
0.650071420850
-0.802661814359
0.026669012050
0.595837876914
-0.531980028101
-0.270039512334
0.802543401617
-0.591585048556
-0.190253566941
0.783473490675
-0.644595662627
-0.109330440810
0.756665901462
-0.693666901948
-0.028294982977
0.719739969072
-0.741485208206
0.053277998977
0.668850611749
-0.652184005166
0.181711867235
0.735959795581
-0.572833223504
0.204013104005
0.793877037988
-0.487038970874
0.222914102408
0.844453873103
-0.513678716058
-0.165669265582
0.841836012006
-0.570372545436
-0.084768867393
0.817000243901
-0.622914066907
-0.002127810072
0.782287375377
-0.673929533925
0.079115049503
0.734547338328
-0.598569330440
0.103695321661
0.794331188436
-0.516002300637
0.124505445202
0.847490424638
-0.428637278377
-0.140726934151
0.892449445958
-0.488905663521
-0.061063328875
0.870196829484
-0.545066775368
0.021084829853
0.838127460677
-0.459963026342
0.041181138471
0.886982597480
-0.399022425332
-0.040038430543
0.916066606837
0.298872221289
-0.954178767745
-0.014774116757
0.385465522408
-0.921506838251
-0.047344250885
0.478577524719
-0.875132697549
-0.071458481055
0.047361577412
-0.998708063147
-0.018414276827
0.141368951169
-0.988427478302
-0.055008542820
0.233001002545
-0.968238368873
-0.090691751861
0.324628938649
-0.937858948080
-0.122624001315
0.419826928276
-0.895390308596
-0.148396582060
0.391059793245
-0.865343929329
-0.313451945408
0.320116868577
-0.865633110716
-0.384973386203
0.244529257809
-0.857812773813
-0.452064914762
0.072598543961
-0.989093616729
-0.128153301791
0.166589688912
-0.972348375061
-0.163665857971
0.261144067650
-0.944998344091
-0.196931220470
0.357790359992
-0.906778152036
-0.223023409729
0.290638585079
-0.909868479196
-0.296088776262
0.217818409169
-0.905161007961
-0.365018753346
0.000629330133
-0.979812421808
-0.199918038244
0.096095717235
-0.967326461620
-0.234616985275
0.192515070467
-0.944077176076
-0.267686819355
0.118615777994
-0.934839836612
-0.334671147688
0.019716558466
-0.952997221042
-0.302336822117
0.954178767745
0.014774116757
0.298872221289
0.921506838251
0.047344250885
0.385465522408
0.875132697549
0.071458481055
0.478577524719
0.998708063147
0.018414276827
0.047361577412
0.988427478302
0.055008542820
0.141368951169
0.968238368873
0.090691751861
0.233001002545
0.937858948080
0.122624001315
0.324628938649
0.895390308596
0.148396582060
0.419826928276
0.865343929329
0.313451945408
0.391059793245
0.865633110716
0.384973386203
0.320116868577
0.857812773813
0.452064914762
0.244529257809
0.989093616729
0.128153301791
0.072598543961
0.972348375061
0.163665857971
0.166589688912
0.944998344091
0.196931220470
0.261144067650
0.906778152036
0.223023409729
0.357790359992
0.909868479196
0.296088776262
0.290638585079
0.905161007961
0.365018753346
0.217818409169
0.979812421808
0.199918038244
0.000629330133
0.967326461620
0.234616985275
0.096095717235
0.944077176076
0.267686819355
0.192515070467
0.934839836612
0.334671147688
0.118615777994
0.952997221042
0.302336822117
0.019716558466
0.230731224548
-0.432341054016
0.871690492681
0.134275082642
-0.439191731104
0.888302215190
0.028307113113
-0.451908512669
0.891615053442
0.455347386088
-0.317401089746
0.831814466219
0.362845280611
-0.331622518110
0.870844307452
0.267592121096
-0.342331443355
0.900668440447
0.168406245482
-0.352923921626
0.920371686889
0.062190968863
-0.366548929299
0.928317922816
0.019435968062
-0.209347926010
0.977648039440
0.054873249774
-0.116103764573
0.991720143141
0.091382320494
-0.021615155401
0.995581265672
0.396211804394
-0.238267809544
0.886704379708
0.300824766601
-0.251358556306
0.919958333824
0.200374089488
-0.263271877722
0.943683285145
0.095012570611
-0.278675310489
0.955673941651
0.128306221339
-0.186943263418
0.973955712457
0.163564711225
-0.093312963968
0.982109604880
0.427619000832
-0.141356264283
0.892838393370
0.333419526861
-0.157159046110
0.929587248909
0.233570848006
-0.171430240614
0.957108317572
0.268038665945
-0.077434639523
0.960291179883
0.367120363592
-0.059754989010
0.928252110111
0.714316636887
-0.133468832727
-0.686977301631
0.757971399390
-0.053726208696
-0.650071420850
0.802661814359
0.026669012050
-0.595837876914
0.531980028101
-0.270039512334
-0.802543401617
0.591585048556
-0.190253566941
-0.783473490675
0.644595662627
-0.109330440810
-0.756665901462
0.693666901948
-0.028294982977
-0.719739969072
0.741485208206
0.053277998977
-0.668850611749
0.652184005166
0.181711867235
-0.735959795581
0.572833223504
0.204013104005
-0.793877037988
0.487038970874
0.222914102408
-0.844453873103
0.513678716058
-0.165669265582
-0.841836012006
0.570372545436
-0.084768867393
-0.817000243901
0.622914066907
-0.002127810072
-0.782287375377
0.673929533925
0.079115049503
-0.734547338328
0.598569330440
0.103695321661
-0.794331188436
0.516002300637
0.124505445202
-0.847490424638
0.428637278377
-0.140726934151
-0.892449445958
0.488905663521
-0.061063328875
-0.870196829484
0.545066775368
0.021084829853
-0.838127460677
0.459963026342
0.041181138471
-0.886982597480
0.399022425332
-0.040038430543
-0.916066606837
-0.686977301631
-0.714316636887
0.133468832727
-0.650071420850
-0.757971399390
0.053726208696
-0.595837876914
-0.802661814359
-0.026669012050
-0.802543401617
-0.531980028101
0.270039512334
-0.783473490675
-0.591585048556
0.190253566941
-0.756665901462
-0.644595662627
0.109330440810
-0.719739969072
-0.693666901948
0.028294982977
-0.668850611749
-0.741485208206
-0.053277998977
-0.735959795581
-0.652184005166
-0.181711867235
-0.793877037988
-0.572833223504
-0.204013104005
-0.844453873103
-0.487038970874
-0.222914102408
-0.841836012006
-0.513678716058
0.165669265582
-0.817000243901
-0.570372545436
0.084768867393
-0.782287375377
-0.622914066907
0.002127810072
-0.734547338328
-0.673929533925
-0.079115049503
-0.794331188436
-0.598569330440
-0.103695321661
-0.847490424638
-0.516002300637
-0.124505445202
-0.892449445958
-0.428637278377
0.140726934151
-0.870196829484
-0.488905663521
0.061063328875
-0.838127460677
-0.545066775368
-0.021084829853
-0.886982597480
-0.459963026342
-0.041181138471
-0.916066606837
-0.399022425332
0.040038430543
0.672203184874
-0.723447543197
0.157373855794
0.602727169965
-0.787231755608
0.130330815800
0.524379395859
-0.846825584436
0.088953239082
0.784129124791
-0.543360677058
0.299834438117
0.728464947855
-0.625582197691
0.279259258895
0.665974149601
-0.700646247776
0.256072777820
0.597115967757
-0.769452702597
0.226704784941
0.520454029689
-0.833199339733
0.186832714611
0.422507850173
-0.845907961268
0.325464034274
0.408903651784
-0.810759860942
0.418886919637
0.392388958340
-0.766430453318
0.508542294799
0.713682710215
-0.592881812335
0.373025663651
0.653334385930
-0.671523608460
0.349585788388
0.585356154907
-0.744624254603
0.320769218239
0.511523928600
-0.811765581425
0.281744407725
0.498242412174
-0.781562257857
0.375386382017
0.482471671292
-0.741596296736
0.466107304243
0.692531407714
-0.552193420976
0.464201114993
0.635579844209
-0.633906934759
0.440681585388
0.570440641322
-0.710506328069
0.412041542204
0.552311449793
-0.666801170666
0.500328153541
0.613729784720
-0.585876857451
0.529229684779
-0.157373855794
-0.672203184874
-0.723447543197
-0.130330815800
-0.602727169965
-0.787231755608
-0.088953239082
-0.524379395859
-0.846825584436
-0.299834438117
-0.784129124791
-0.543360677058
-0.279259258895
-0.728464947855
-0.625582197691
-0.256072777820
-0.665974149601
-0.700646247776
-0.226704784941
-0.597115967757
-0.769452702597
-0.186832714611
-0.520454029689
-0.833199339733
-0.325464034274
-0.422507850173
-0.845907961268
-0.418886919637
-0.408903651784
-0.810759860942
-0.508542294799
-0.392388958340
-0.766430453318
-0.373025663651
-0.713682710215
-0.592881812335
-0.349585788388
-0.653334385930
-0.671523608460
-0.320769218239
-0.585356154907
-0.744624254603
-0.281744407725
-0.511523928600
-0.811765581425
-0.375386382017
-0.498242412174
-0.781562257857
-0.466107304243
-0.482471671292
-0.741596296736
-0.464201114993
-0.692531407714
-0.552193420976
-0.440681585388
-0.635579844209
-0.633906934759
-0.412041542204
-0.570440641322
-0.710506328069
-0.500328153541
-0.552311449793
-0.666801170666
-0.529229684779
-0.613729784720
-0.585876857451
0.157373855794
0.672203184874
-0.723447543197
0.130330815800
0.602727169965
-0.787231755608
0.088953239082
0.524379395859
-0.846825584436
0.299834438117
0.784129124791
-0.543360677058
0.279259258895
0.728464947855
-0.625582197691
0.256072777820
0.665974149601
-0.700646247776
0.226704784941
0.597115967757
-0.769452702597
0.186832714611
0.520454029689
-0.833199339733
0.325464034274
0.422507850173
-0.845907961268
0.418886919637
0.408903651784
-0.810759860942
0.508542294799
0.392388958340
-0.766430453318
0.373025663651
0.713682710215
-0.592881812335
0.349585788388
0.653334385930
-0.671523608460
0.320769218239
0.585356154907
-0.744624254603
0.281744407725
0.511523928600
-0.811765581425
0.375386382017
0.498242412174
-0.781562257857
0.466107304243
0.482471671292
-0.741596296736
0.464201114993
0.692531407714
-0.552193420976
0.440681585388
0.635579844209
-0.633906934759
0.412041542204
0.570440641322
-0.710506328069
0.500328153541
0.552311449793
-0.666801170666
0.529229684779
0.613729784720
-0.585876857451
-0.723447543197
-0.157373855794
-0.672203184874
-0.787231755608
-0.130330815800
-0.602727169965
-0.846825584436
-0.088953239082
-0.524379395859
-0.543360677058
-0.299834438117
-0.784129124791
-0.625582197691
-0.279259258895
-0.728464947855
-0.700646247776
-0.256072777820
-0.665974149601
-0.769452702597
-0.226704784941
-0.597115967757
-0.833199339733
-0.186832714611
-0.520454029689
-0.845907961268
-0.325464034274
-0.422507850173
-0.810759860942
-0.418886919637
-0.408903651784
-0.766430453318
-0.508542294799
-0.392388958340
-0.592881812335
-0.373025663651
-0.713682710215
-0.671523608460
-0.349585788388
-0.653334385930
-0.744624254603
-0.320769218239
-0.585356154907
-0.811765581425
-0.281744407725
-0.511523928600
-0.781562257857
-0.375386382017
-0.498242412174
-0.741596296736
-0.466107304243
-0.482471671292
-0.552193420976
-0.464201114993
-0.692531407714
-0.633906934759
-0.440681585388
-0.635579844209
-0.710506328069
-0.412041542204
-0.570440641322
-0.666801170666
-0.500328153541
-0.552311449793
-0.585876857451
-0.529229684779
-0.613729784720
-0.686977301631
0.714316636887
-0.133468832727
-0.650071420850
0.757971399390
-0.053726208696
-0.595837876914
0.802661814359
0.026669012050
-0.802543401617
0.531980028101
-0.270039512334
-0.783473490675
0.591585048556
-0.190253566941
-0.756665901462
0.644595662627
-0.109330440810
-0.719739969072
0.693666901948
-0.028294982977
-0.668850611749
0.741485208206
0.053277998977
-0.735959795581
0.652184005166
0.181711867235
-0.793877037988
0.572833223504
0.204013104005
-0.844453873103
0.487038970874
0.222914102408
-0.841836012006
0.513678716058
-0.165669265582
-0.817000243901
0.570372545436
-0.084768867393
-0.782287375377
0.622914066907
-0.002127810072
-0.734547338328
0.673929533925
0.079115049503
-0.794331188436
0.598569330440
0.103695321661
-0.847490424638
0.516002300637
0.124505445202
-0.892449445958
0.428637278377
-0.140726934151
-0.870196829484
0.488905663521
-0.061063328875
-0.838127460677
0.545066775368
0.021084829853
-0.886982597480
0.459963026342
0.041181138471
-0.916066606837
0.399022425332
-0.040038430543
-0.133468832727
0.686977301631
-0.714316636887
-0.053726208696
0.650071420850
-0.757971399390
0.026669012050
0.595837876914
-0.802661814359
-0.270039512334
0.802543401617
-0.531980028101
-0.190253566941
0.783473490675
-0.591585048556
-0.109330440810
0.756665901462
-0.644595662627
-0.028294982977
0.719739969072
-0.693666901948
0.053277998977
0.668850611749
-0.741485208206
0.181711867235
0.735959795581
-0.652184005166
0.204013104005
0.793877037988
-0.572833223504
0.222914102408
0.844453873103
-0.487038970874
-0.165669265582
0.841836012006
-0.513678716058
-0.084768867393
0.817000243901
-0.570372545436
-0.002127810072
0.782287375377
-0.622914066907
0.079115049503
0.734547338328
-0.673929533925
0.103695321661
0.794331188436
-0.598569330440
0.124505445202
0.847490424638
-0.516002300637
-0.140726934151
0.892449445958
-0.428637278377
-0.061063328875
0.870196829484
-0.488905663521
0.021084829853
0.838127460677
-0.545066775368
0.041181138471
0.886982597480
-0.459963026342
-0.040038430543
0.916066606837
-0.399022425332
0.239862130858
-0.456246077083
-0.856916375924
0.163535438861
-0.515796338208
-0.840957964305
0.072470883190
-0.567530763801
-0.820156572387
0.466728035045
-0.347196015529
-0.813400189392
0.396842429745
-0.420628210064
-0.815835764632
0.323642706246
-0.489073780365
-0.809976688586
0.244192046132
-0.551333723590
-0.797747685574
0.153905100390
-0.606659642886
-0.779921340756
0.213159924163
-0.716523827519
-0.664196094032
0.292799887212
-0.739003788214
-0.606746756937
0.370773802939
-0.753071552608
-0.543516350910
0.475414900672
-0.445624207612
-0.758551077917
0.401975829624
-0.516175477300
-0.756292475853
0.322084277185
-0.581913285889
-0.746752064675
0.232848618111
-0.639534767717
-0.732650531922
0.311299148756
-0.666024967097
-0.677866936196
0.389158707324
-0.683925713412
-0.617090851534
0.551175143431
-0.464830445126
-0.692920355126
0.478420798099
-0.536777302623
-0.694970263634
0.399010400708
-0.604556612670
-0.689421498217
0.474876810270
-0.618943931535
-0.625620032195
0.553974795711
-0.548946243245
-0.625915287994
-0.871690492681
-0.230731224548
-0.432341054016
-0.888302215190
-0.134275082642
-0.439191731104
-0.891615053442
-0.028307113113
-0.451908512669
-0.831814466219
-0.455347386088
-0.317401089746
-0.870844307452
-0.362845280611
-0.331622518110
-0.900668440447
-0.267592121096
-0.342331443355
-0.920371686889
-0.168406245482
-0.352923921626
-0.928317922816
-0.062190968863
-0.366548929299
-0.977648039440
-0.019435968062
-0.209347926010
-0.991720143141
-0.054873249774
-0.116103764573
-0.995581265672
-0.091382320494
-0.021615155401
-0.886704379708
-0.396211804394
-0.238267809544
-0.919958333824
-0.300824766601
-0.251358556306
-0.943683285145
-0.200374089488
-0.263271877722
-0.955673941651
-0.095012570611
-0.278675310489
-0.973955712457
-0.128306221339
-0.186943263418
-0.982109604880
-0.163564711225
-0.093312963968
-0.892838393370
-0.427619000832
-0.141356264283
-0.929587248909
-0.333419526861
-0.157159046110
-0.957108317572
-0.233570848006
-0.171430240614
-0.960291179883
-0.268038665945
-0.077434639523
-0.928252110111
-0.367120363592
-0.059754989010
-0.239862130858
0.456246077083
-0.856916375924
-0.163535438861
0.515796338208
-0.840957964305
-0.072470883190
0.567530763801
-0.820156572387
-0.466728035045
0.347196015529
-0.813400189392
-0.396842429745
0.420628210064
-0.815835764632
-0.323642706246
0.489073780365
-0.809976688586
-0.244192046132
0.551333723590
-0.797747685574
-0.153905100390
0.606659642886
-0.779921340756
-0.213159924163
0.716523827519
-0.664196094032
-0.292799887212
0.739003788214
-0.606746756937
-0.370773802939
0.753071552608
-0.543516350910
-0.475414900672
0.445624207612
-0.758551077917
-0.401975829624
0.516175477300
-0.756292475853
-0.322084277185
0.581913285889
-0.746752064675
-0.232848618111
0.639534767717
-0.732650531922
-0.311299148756
0.666024967097
-0.677866936196
-0.389158707324
0.683925713412
-0.617090851534
-0.551175143431
0.464830445126
-0.692920355126
-0.478420798099
0.536777302623
-0.694970263634
-0.399010400708
0.604556612670
-0.689421498217
-0.474876810270
0.618943931535
-0.625620032195
-0.553974795711
0.548946243245
-0.625915287994
0.871690492681
0.230731224548
-0.432341054016
0.888302215190
0.134275082642
-0.439191731104
0.891615053442
0.028307113113
-0.451908512669
0.831814466219
0.455347386088
-0.317401089746
0.870844307452
0.362845280611
-0.331622518110
0.900668440447
0.267592121096
-0.342331443355
0.920371686889
0.168406245482
-0.352923921626
0.928317922816
0.062190968863
-0.366548929299
0.977648039440
0.019435968062
-0.209347926010
0.991720143141
0.054873249774
-0.116103764573
0.995581265672
0.091382320494
-0.021615155401
0.886704379708
0.396211804394
-0.238267809544
0.919958333824
0.300824766601
-0.251358556306
0.943683285145
0.200374089488
-0.263271877722
0.955673941651
0.095012570611
-0.278675310489
0.973955712457
0.128306221339
-0.186943263418
0.982109604880
0.163564711225
-0.093312963968
0.892838393370
0.427619000832
-0.141356264283
0.929587248909
0.333419526861
-0.157159046110
0.957108317572
0.233570848006
-0.171430240614
0.960291179883
0.268038665945
-0.077434639523
0.928252110111
0.367120363592
-0.059754989010
0.133468832727
-0.686977301631
-0.714316636887
0.053726208696
-0.650071420850
-0.757971399390
-0.026669012050
-0.595837876914
-0.802661814359
0.270039512334
-0.802543401617
-0.531980028101
0.190253566941
-0.783473490675
-0.591585048556
0.109330440810
-0.756665901462
-0.644595662627
0.028294982977
-0.719739969072
-0.693666901948
-0.053277998977
-0.668850611749
-0.741485208206
-0.181711867235
-0.735959795581
-0.652184005166
-0.204013104005
-0.793877037988
-0.572833223504
-0.222914102408
-0.844453873103
-0.487038970874
0.165669265582
-0.841836012006
-0.513678716058
0.084768867393
-0.817000243901
-0.570372545436
0.002127810072
-0.782287375377
-0.622914066907
-0.079115049503
-0.734547338328
-0.673929533925
-0.103695321661
-0.794331188436
-0.598569330440
-0.124505445202
-0.847490424638
-0.516002300637
0.140726934151
-0.892449445958
-0.428637278377
0.061063328875
-0.870196829484
-0.488905663521
-0.021084829853
-0.838127460677
-0.545066775368
-0.041181138471
-0.886982597480
-0.459963026342
0.040038430543
-0.916066606837
-0.399022425332
0.723447543197
0.157373855794
-0.672203184874
0.787231755608
0.130330815800
-0.602727169965
0.846825584436
0.088953239082
-0.524379395859
0.543360677058
0.299834438117
-0.784129124791
0.625582197691
0.279259258895
-0.728464947855
0.700646247776
0.256072777820
-0.665974149601
0.769452702597
0.226704784941
-0.597115967757
0.833199339733
0.186832714611
-0.520454029689
0.845907961268
0.325464034274
-0.422507850173
0.810759860942
0.418886919637
-0.408903651784
0.766430453318
0.508542294799
-0.392388958340
0.592881812335
0.373025663651
-0.713682710215
0.671523608460
0.349585788388
-0.653334385930
0.744624254603
0.320769218239
-0.585356154907
0.811765581425
0.281744407725
-0.511523928600
0.781562257857
0.375386382017
-0.498242412174
0.741596296736
0.466107304243
-0.482471671292
0.552193420976
0.464201114993
-0.692531407714
0.633906934759
0.440681585388
-0.635579844209
0.710506328069
0.412041542204
-0.570440641322
0.666801170666
0.500328153541
-0.552311449793
0.585876857451
0.529229684779
-0.613729784720
-0.954178767745
0.014774116757
-0.298872221289
-0.921506838251
0.047344250885
-0.385465522408
-0.875132697549
0.071458481055
-0.478577524719
-0.998708063147
0.018414276827
-0.047361577412
-0.988427478302
0.055008542820
-0.141368951169
-0.968238368873
0.090691751861
-0.233001002545
-0.937858948080
0.122624001315
-0.324628938649
-0.895390308596
0.148396582060
-0.419826928276
-0.865343929329
0.313451945408
-0.391059793245
-0.865633110716
0.384973386203
-0.320116868577
-0.857812773813
0.452064914762
-0.244529257809
-0.989093616729
0.128153301791
-0.072598543961
-0.972348375061
0.163665857971
-0.166589688912
-0.944998344091
0.196931220470
-0.261144067650
-0.906778152036
0.223023409729
-0.357790359992
-0.909868479196
0.296088776262
-0.290638585079
-0.905161007961
0.365018753346
-0.217818409169
-0.979812421808
0.199918038244
-0.000629330133
-0.967326461620
0.234616985275
-0.096095717235
-0.944077176076
0.267686819355
-0.192515070467
-0.934839836612
0.334671147688
-0.118615777994
-0.952997221042
0.302336822117
-0.019716558466
0.014774116757
-0.298872221289
-0.954178767745
0.047344250885
-0.385465522408
-0.921506838251
0.071458481055
-0.478577524719
-0.875132697549
0.018414276827
-0.047361577412
-0.998708063147
0.055008542820
-0.141368951169
-0.988427478302
0.090691751861
-0.233001002545
-0.968238368873
0.122624001315
-0.324628938649
-0.937858948080
0.148396582060
-0.419826928276
-0.895390308596
0.313451945408
-0.391059793245
-0.865343929329
0.384973386203
-0.320116868577
-0.865633110716
0.452064914762
-0.244529257809
-0.857812773813
0.128153301791
-0.072598543961
-0.989093616729
0.163665857971
-0.166589688912
-0.972348375061
0.196931220470
-0.261144067650
-0.944998344091
0.223023409729
-0.357790359992
-0.906778152036
0.296088776262
-0.290638585079
-0.909868479196
0.365018753346
-0.217818409169
-0.905161007961
0.199918038244
-0.000629330133
-0.979812421808
0.234616985275
-0.096095717235
-0.967326461620
0.267686819355
-0.192515070467
-0.944077176076
0.334671147688
-0.118615777994
-0.934839836612
0.302336822117
-0.019716558466
-0.952997221042
0.456246077083
-0.856916375924
-0.239862130858
0.515796338208
-0.840957964305
-0.163535438861
0.567530763801
-0.820156572387
-0.072470883190
0.347196015529
-0.813400189392
-0.466728035045
0.420628210064
-0.815835764632
-0.396842429745
0.489073780365
-0.809976688586
-0.323642706246
0.551333723590
-0.797747685574
-0.244192046132
0.606659642886
-0.779921340756
-0.153905100390
0.716523827519
-0.664196094032
-0.213159924163
0.739003788214
-0.606746756937
-0.292799887212
0.753071552608
-0.543516350910
-0.370773802939
0.445624207612
-0.758551077917
-0.475414900672
0.516175477300
-0.756292475853
-0.401975829624
0.581913285889
-0.746752064675
-0.322084277185
0.639534767717
-0.732650531922
-0.232848618111
0.666024967097
-0.677866936196
-0.311299148756
0.683925713412
-0.617090851534
-0.389158707324
0.464830445126
-0.692920355126
-0.551175143431
0.536777302623
-0.694970263634
-0.478420798099
0.604556612670
-0.689421498217
-0.399010400708
0.618943931535
-0.625620032195
-0.474876810270
0.548946243245
-0.625915287994
-0.553974795711
-0.456246077083
-0.856916375924
0.239862130858
-0.515796338208
-0.840957964305
0.163535438861
-0.567530763801
-0.820156572387
0.072470883190
-0.347196015529
-0.813400189392
0.466728035045
-0.420628210064
-0.815835764632
0.396842429745
-0.489073780365
-0.809976688586
0.323642706246
-0.551333723590
-0.797747685574
0.244192046132
-0.606659642886
-0.779921340756
0.153905100390
-0.716523827519
-0.664196094032
0.213159924163
-0.739003788214
-0.606746756937
0.292799887212
-0.753071552608
-0.543516350910
0.370773802939
-0.445624207612
-0.758551077917
0.475414900672
-0.516175477300
-0.756292475853
0.401975829624
-0.581913285889
-0.746752064675
0.322084277185
-0.639534767717
-0.732650531922
0.232848618111
-0.666024967097
-0.677866936196
0.311299148756
-0.683925713412
-0.617090851534
0.389158707324
-0.464830445126
-0.692920355126
0.551175143431
-0.536777302623
-0.694970263634
0.478420798099
-0.604556612670
-0.689421498217
0.399010400708
-0.618943931535
-0.625620032195
0.474876810270
-0.548946243245
-0.625915287994
0.553974795711
-0.298872221289
-0.954178767745
0.014774116757
-0.385465522408
-0.921506838251
0.047344250885
-0.478577524719
-0.875132697549
0.071458481055
-0.047361577412
-0.998708063147
0.018414276827
-0.141368951169
-0.988427478302
0.055008542820
-0.233001002545
-0.968238368873
0.090691751861
-0.324628938649
-0.937858948080
0.122624001315
-0.419826928276
-0.895390308596
0.148396582060
-0.391059793245
-0.865343929329
0.313451945408
-0.320116868577
-0.865633110716
0.384973386203
-0.244529257809
-0.857812773813
0.452064914762
-0.072598543961
-0.989093616729
0.128153301791
-0.166589688912
-0.972348375061
0.163665857971
-0.261144067650
-0.944998344091
0.196931220470
-0.357790359992
-0.906778152036
0.223023409729
-0.290638585079
-0.909868479196
0.296088776262
-0.217818409169
-0.905161007961
0.365018753346
-0.000629330133
-0.979812421808
0.199918038244
-0.096095717235
-0.967326461620
0.234616985275
-0.192515070467
-0.944077176076
0.267686819355
-0.118615777994
-0.934839836612
0.334671147688
-0.019716558466
-0.952997221042
0.302336822117
0.298872221289
0.954178767745
0.014774116757
0.385465522408
0.921506838251
0.047344250885
0.478577524719
0.875132697549
0.071458481055
0.047361577412
0.998708063147
0.018414276827
0.141368951169
0.988427478302
0.055008542820
0.233001002545
0.968238368873
0.090691751861
0.324628938649
0.937858948080
0.122624001315
0.419826928276
0.895390308596
0.148396582060
0.391059793245
0.865343929329
0.313451945408
0.320116868577
0.865633110716
0.384973386203
0.244529257809
0.857812773813
0.452064914762
0.072598543961
0.989093616729
0.128153301791
0.166589688912
0.972348375061
0.163665857971
0.261144067650
0.944998344091
0.196931220470
0.357790359992
0.906778152036
0.223023409729
0.290638585079
0.909868479196
0.296088776262
0.217818409169
0.905161007961
0.365018753346
0.000629330133
0.979812421808
0.199918038244
0.096095717235
0.967326461620
0.234616985275
0.192515070467
0.944077176076
0.267686819355
0.118615777994
0.934839836612
0.334671147688
0.019716558466
0.952997221042
0.302336822117
-0.230731224548
-0.432341054016
-0.871690492681
-0.134275082642
-0.439191731104
-0.888302215190
-0.028307113113
-0.451908512669
-0.891615053442
-0.455347386088
-0.317401089746
-0.831814466219
-0.362845280611
-0.331622518110
-0.870844307452
-0.267592121096
-0.342331443355
-0.900668440447
-0.168406245482
-0.352923921626
-0.920371686889
-0.062190968863
-0.366548929299
-0.928317922816
-0.019435968062
-0.209347926010
-0.977648039440
-0.054873249774
-0.116103764573
-0.991720143141
-0.091382320494
-0.021615155401
-0.995581265672
-0.396211804394
-0.238267809544
-0.886704379708
-0.300824766601
-0.251358556306
-0.919958333824
-0.200374089488
-0.263271877722
-0.943683285145
-0.095012570611
-0.278675310489
-0.955673941651
-0.128306221339
-0.186943263418
-0.973955712457
-0.163564711225
-0.093312963968
-0.982109604880
-0.427619000832
-0.141356264283
-0.892838393370
-0.333419526861
-0.157159046110
-0.929587248909
-0.233570848006
-0.171430240614
-0.957108317572
-0.268038665945
-0.077434639523
-0.960291179883
-0.367120363592
-0.059754989010
-0.928252110111
0.686977301631
-0.714316636887
-0.133468832727
0.650071420850
-0.757971399390
-0.053726208696
0.595837876914
-0.802661814359
0.026669012050
0.802543401617
-0.531980028101
-0.270039512334
0.783473490675
-0.591585048556
-0.190253566941
0.756665901462
-0.644595662627
-0.109330440810
0.719739969072
-0.693666901948
-0.028294982977
0.668850611749
-0.741485208206
0.053277998977
0.735959795581
-0.652184005166
0.181711867235
0.793877037988
-0.572833223504
0.204013104005
0.844453873103
-0.487038970874
0.222914102408
0.841836012006
-0.513678716058
-0.165669265582
0.817000243901
-0.570372545436
-0.084768867393
0.782287375377
-0.622914066907
-0.002127810072
0.734547338328
-0.673929533925
0.079115049503
0.794331188436
-0.598569330440
0.103695321661
0.847490424638
-0.516002300637
0.124505445202
0.892449445958
-0.428637278377
-0.140726934151
0.870196829484
-0.488905663521
-0.061063328875
0.838127460677
-0.545066775368
0.021084829853
0.886982597480
-0.459963026342
0.041181138471
0.916066606837
-0.399022425332
-0.040038430543
