0.400679360144
0.850095789414
0.341750199964
0.466934707947
0.845388109796
0.259404938909
0.526413633488
0.832213584799
0.174095478842
0.575767029542
0.814407693688
0.072335580138
0.766224720050
0.575096725021
0.286641649548
0.363839698955
0.784055514261
0.502869390618
0.437262339517
0.792296351865
0.425521018589
0.506109729875
0.790787613485
0.344249751902
0.568375221919
0.781927413307
0.256006108183
0.621765522752
0.767694008537
0.155092050002
0.660526590887
0.712981530465
0.235291223691
0.691154844593
0.650346028619
0.315206319504
0.712728851940
0.580789141823
0.393321187266
0.468007640913
0.724713970441
0.505725725165
0.538174513262
0.728215218987
0.424347485100
0.603705136571
0.723442278337
0.334919957591
0.630065829959
0.657573699486
0.413054330159
0.647911400069
0.584143892396
0.488862690985
0.561871280428
0.657131920569
0.502472191469
0.525731112119
0.850650808352
0.000000000000
0.000000000000
0.525731112119
-0.850650808352
-0.525731112119
0.850650808352
0.000000000000
0.000000000000
0.525731112119
0.850650808352
0.850650808352
-0.000000000000
0.525731112119
-0.850650808352
-0.000000000000
0.525731112119
-0.000000000000
-0.525731112119
0.850650808352
-0.850650808352
-0.000000000000
-0.525731112119
-0.525731112119
-0.850650808352
0.000000000000
0.850650808352
-0.000000000000
-0.525731112119
0.525731112119
-0.850650808352
0.000000000000
0.000000000000
-0.525731112119
-0.850650808352
0.577350269190
0.577350269190
0.577350269190
0.356822089773
0.000000000000
-0.934172358963
-0.577350269190
0.577350269190
-0.577350269190
-0.356822089773
0.000000000000
0.934172358963
0.934172358963
0.356822089773
-0.000000000000
0.000000000000
0.934172358963
-0.356822089773
-0.577350269190
0.577350269190
0.577350269190
0.577350269190
-0.577350269190
0.577350269190
-0.934172358963
-0.356822089773
-0.000000000000
0.577350269190
0.577350269190
-0.577350269190
-0.000000000000
0.934172358963
0.356822089773
-0.577350269190
-0.577350269190
0.577350269190
0.934172358963
-0.356822089773
0.000000000000
0.356822089773
-0.000000000000
0.934172358963
-0.356822089773
-0.000000000000
-0.934172358963
-0.000000000000
-0.934172358963
-0.356822089773
0.577350269190
-0.577350269190
-0.577350269190
0.000000000000
-0.934172358963
0.356822089773
-0.934172358963
0.356822089773
0.000000000000
-0.577350269190
-0.577350269190
-0.577350269190
0.338836085306
0.393050108921
-0.854810925979
0.237634942798
0.409940118194
-0.880612703438
0.134807524936
0.423556434813
-0.895782829568
0.022303016558
0.444780077545
-0.895362082105
0.026500267196
0.085165739172
-0.996014323547
0.467196511923
0.270446890056
-0.841775444466
0.370455603051
0.293099210034
-0.881394065810
0.269815846169
0.311239234750
-0.911224202877
0.164554540304
0.328951908887
-0.929899158460
0.051819837886
0.351395361338
-0.934791957834
0.080414712739
0.255054621155
-0.963576989245
0.110397821984
0.154959236901
-0.981733138791
0.141312813748
0.052962364619
-0.988547255626
0.399085818622
0.188820741026
-0.897260963785
0.299247948565
0.210659674636
-0.930630521078
0.192659327616
0.231261972036
-0.953624812897
0.222336505915
0.130760083826
-0.966161621374
0.252052914799
0.027935357146
-0.967310159133
0.328637832887
0.106767021248
-0.938401821167
-0.400679360144
0.850095789414
-0.341750199964
-0.466934707947
0.845388109796
-0.259404938909
-0.526413633488
0.832213584799
-0.174095478842
-0.575767029542
0.814407693688
-0.072335580138
-0.766224720050
0.575096725021
-0.286641649548
-0.363839698955
0.784055514261
-0.502869390618
-0.437262339517
0.792296351865
-0.425521018589
-0.506109729875
0.790787613485
-0.344249751902
-0.568375221919
0.781927413307
-0.256006108183
-0.621765522752
0.767694008537
-0.155092050002
-0.660526590887
0.712981530465
-0.235291223691
-0.691154844593
0.650346028619
-0.315206319504
-0.712728851940
0.580789141823
-0.393321187266
-0.468007640913
0.724713970441
-0.505725725165
-0.538174513262
0.728215218987
-0.424347485100
-0.603705136571
0.723442278337
-0.334919957591
-0.630065829959
0.657573699486
-0.413054330159
-0.647911400069
0.584143892396
-0.488862690985
-0.561871280428
0.657131920569
-0.502472191469
-0.338836085306
0.393050108921
0.854810925979
-0.237634942798
0.409940118194
0.880612703438
-0.134807524936
0.423556434813
0.895782829568
-0.022303016558
0.444780077545
0.895362082105
-0.026500267196
0.085165739172
0.996014323547
-0.467196511923
0.270446890056
0.841775444466
-0.370455603051
0.293099210034
0.881394065810
-0.269815846169
0.311239234750
0.911224202877
-0.164554540304
0.328951908887
0.929899158460
-0.051819837886
0.351395361338
0.934791957834
-0.080414712739
0.255054621155
0.963576989245
-0.110397821984
0.154959236901
0.981733138791
-0.141312813748
0.052962364619
0.988547255626
-0.399085818622
0.188820741026
0.897260963785
-0.299247948565
0.210659674636
0.930630521078
-0.192659327616
0.231261972036
0.953624812897
-0.222336505915
0.130760083826
0.966161621374
-0.252052914799
0.027935357146
0.967310159133
-0.328637832887
0.106767021248
0.938401821167
0.739515445449
0.640683572080
0.206498102675
0.704569650745
0.698521638232
0.125096475453
0.661221158424
0.748897952450
0.044027678443
0.598070046100
0.800623671404
-0.036248541296
0.792724987245
0.558718659183
-0.243763316514
0.831036210879
0.495312190467
0.253070445099
0.807717942569
0.563342197856
0.173888738470
0.775925576044
0.624032249849
0.092321457902
0.732929762223
0.680227114396
0.010248731032
0.673585360638
0.735667587432
-0.071245791011
0.740941303626
0.663282504797
-0.105177485284
0.801552666577
0.582116422348
-0.136578891250
0.854041665688
0.493453019881
-0.164672251577
0.867093459535
0.478065370105
0.140008693793
0.837422461827
0.543269815711
0.059845866742
0.796364464187
0.604372265620
-0.023190617258
0.852402335873
0.520162181890
-0.053306306649
0.899964314868
0.428366624087
-0.081032507876
0.890509113315
0.454022569855
0.029274992132
-0.186552006245
0.982433772044
-0.004715136565
-0.284843642741
0.957926577141
-0.035224593642
-0.379528756370
0.922993431292
-0.063569244769
-0.481028618841
0.872959251542
-0.080954388417
-0.328929055686
0.845360308730
-0.420917598526
-0.017376444957
0.998181581085
-0.057719930205
-0.119210471564
0.988863216446
-0.089097713945
-0.218917776847
0.968282001751
-0.120436589392
-0.318703177855
0.936233222579
-0.147971745153
-0.422641152349
0.890759637434
-0.167097949298
-0.360232106439
0.898573728488
-0.250595458780
-0.291538128151
0.897322741853
-0.331387110172
-0.217634616196
0.886774207147
-0.407758113803
-0.048812047233
0.983791095270
-0.172546993344
-0.150813807894
0.967617300811
-0.202415302091
-0.254452589295
0.939292223211
-0.230182534560
-0.184066390475
0.933216512050
-0.308587921888
-0.108967865022
0.917229315072
-0.383166266737
-0.077492029117
0.956494761324
-0.281269900598
-0.214127353898
0.734800308885
0.643597686739
-0.182091065206
0.669345057103
0.720291634343
-0.146884877119
0.597651913655
0.788185906356
-0.094738410702
0.517115657683
0.850656234984
-0.437295664364
0.371807388719
0.818860041535
-0.346463253999
0.773316280674
0.530985069162
-0.318051867954
0.718620228624
0.618407613394
-0.287191953028
0.655488986652
0.698466155583
-0.249672044064
0.584958017070
0.771678682276
-0.199124370403
0.506487411340
0.838939799548
-0.300294484448
0.490345844847
0.818159015749
-0.399616716443
0.470165556405
0.786924919869
-0.495094235745
0.446283551885
0.745461393399
-0.419195593681
0.694546466191
0.584705276648
-0.387360705368
0.635007159736
0.668369352246
-0.349252547276
0.566181929627
0.746632895595
-0.445999439483
0.543814413985
0.710880006135
-0.538943535046
0.516798048131
0.665176400273
-0.484379251312
0.609239212717
0.627856928437
0.643597686739
-0.214127353898
0.734800308885
0.720291634343
-0.182091065206
0.669345057103
0.788185906356
-0.146884877119
0.597651913655
0.850656234984
-0.094738410702
0.517115657683
0.818860041535
-0.437295664364
0.371807388719
0.530985069162
-0.346463253999
0.773316280674
0.618407613394
-0.318051867954
0.718620228624
0.698466155583
-0.287191953028
0.655488986652
0.771678682276
-0.249672044064
0.584958017070
0.838939799548
-0.199124370403
0.506487411340
0.818159015749
-0.300294484448
0.490345844847
0.786924919869
-0.399616716443
0.470165556405
0.745461393399
-0.495094235745
0.446283551885
0.584705276648
-0.419195593681
0.694546466191
0.668369352246
-0.387360705368
0.635007159736
0.746632895595
-0.349252547276
0.566181929627
0.710880006135
-0.445999439483
0.543814413985
0.665176400273
-0.538943535046
0.516798048131
0.627856928437
-0.484379251312
0.609239212717
-0.982433772044
-0.004715136565
0.186552006245
-0.957926577141
-0.035224593642
0.284843642741
-0.922993431292
-0.063569244769
0.379528756370
-0.872959251542
-0.080954388417
0.481028618841
-0.845360308730
-0.420917598526
0.328929055686
-0.998181581085
-0.057719930205
0.017376444957
-0.988863216446
-0.089097713945
0.119210471564
-0.968282001751
-0.120436589392
0.218917776847
-0.936233222579
-0.147971745153
0.318703177855
-0.890759637434
-0.167097949298
0.422641152349
-0.898573728488
-0.250595458780
0.360232106439
-0.897322741853
-0.331387110172
0.291538128151
-0.886774207147
-0.407758113803
0.217634616196
-0.983791095270
-0.172546993344
0.048812047233
-0.967617300811
-0.202415302091
0.150813807894
-0.939292223211
-0.230182534560
0.254452589295
-0.933216512050
-0.308587921888
0.184066390475
-0.917229315072
-0.383166266737
0.108967865022
-0.956494761324
-0.281269900598
0.077492029117
0.734800308885
0.643597686739
-0.214127353898
0.669345057103
0.720291634343
-0.182091065206
0.597651913655
0.788185906356
-0.146884877119
0.517115657683
0.850656234984
-0.094738410702
0.371807388719
0.818860041535
-0.437295664364
0.773316280674
0.530985069162
-0.346463253999
0.718620228624
0.618407613394
-0.318051867954
0.655488986652
0.698466155583
-0.287191953028
0.584958017070
0.771678682276
-0.249672044064
0.506487411340
0.838939799548
-0.199124370403
0.490345844847
0.818159015749
-0.300294484448
0.470165556405
0.786924919869
-0.399616716443
0.446283551885
0.745461393399
-0.495094235745
0.694546466191
0.584705276648
-0.419195593681
0.635007159736
0.668369352246
-0.387360705368
0.566181929627
0.746632895595
-0.349252547276
0.543814413985
0.710880006135
-0.445999439483
0.516798048131
0.665176400273
-0.538943535046
0.609239212717
0.627856928437
-0.484379251312
0.206498102675
0.739515445449
0.640683572080
0.125096475453
0.704569650745
0.698521638232
0.044027678443
0.661221158424
0.748897952450
-0.036248541296
0.598070046100
0.800623671404
-0.243763316514
0.792724987245
0.558718659183
0.253070445099
0.831036210879
0.495312190467
0.173888738470
0.807717942569
0.563342197856
0.092321457902
0.775925576044
0.624032249849
0.010248731032
0.732929762223
0.680227114396
-0.071245791011
0.673585360638
0.735667587432
-0.105177485284
0.740941303626
0.663282504797
-0.136578891250
0.801552666577
0.582116422348
-0.164672251577
0.854041665688
0.493453019881
0.140008693793
0.867093459535
0.478065370105
0.059845866742
0.837422461827
0.543269815711
-0.023190617258
0.796364464187
0.604372265620
-0.053306306649
0.852402335873
0.520162181890
-0.081032507876
0.899964314868
0.428366624087
0.029274992132
0.890509113315
0.454022569855
-0.341750199964
-0.400679360144
0.850095789414
-0.259404938909
-0.466934707947
0.845388109796
-0.174095478842
-0.526413633488
0.832213584799
-0.072335580138
-0.575767029542
0.814407693688
-0.286641649548
-0.766224720050
0.575096725021
-0.502869390618
-0.363839698955
0.784055514261
-0.425521018589
-0.437262339517
0.792296351865
-0.344249751902
-0.506109729875
0.790787613485
-0.256006108183
-0.568375221919
0.781927413307
-0.155092050002
-0.621765522752
0.767694008537
-0.235291223691
-0.660526590887
0.712981530465
-0.315206319504
-0.691154844593
0.650346028619
-0.393321187266
-0.712728851940
0.580789141823
-0.505725725165
-0.468007640913
0.724713970441
-0.424347485100
-0.538174513262
0.728215218987
-0.334919957591
-0.603705136571
0.723442278337
-0.413054330159
-0.630065829959
0.657573699486
-0.488862690985
-0.647911400069
0.584143892396
-0.502472191469
-0.561871280428
0.657131920569
0.854810925979
-0.338836085306
0.393050108921
0.880612703438
-0.237634942798
0.409940118194
0.895782829568
-0.134807524936
0.423556434813
0.895362082105
-0.022303016558
0.444780077545
0.996014323547
-0.026500267196
0.085165739172
0.841775444466
-0.467196511923
0.270446890056
0.881394065810
-0.370455603051
0.293099210034
0.911224202877
-0.269815846169
0.311239234750
0.929899158460
-0.164554540304
0.328951908887
0.934791957834
-0.051819837886
0.351395361338
0.963576989245
-0.080414712739
0.255054621155
0.981733138791
-0.110397821984
0.154959236901
0.988547255626
-0.141312813748
0.052962364619
0.897260963785
-0.399085818622
0.188820741026
0.930630521078
-0.299247948565
0.210659674636
0.953624812897
-0.192659327616
0.231261972036
0.966161621374
-0.222336505915
0.130760083826
0.967310159133
-0.252052914799
0.027935357146
0.938401821167
-0.328637832887
0.106767021248
0.341750199964
0.400679360144
0.850095789414
0.259404938909
0.466934707947
0.845388109796
0.174095478842
0.526413633488
0.832213584799
0.072335580138
0.575767029542
0.814407693688
0.286641649548
0.766224720050
0.575096725021
0.502869390618
0.363839698955
0.784055514261
0.425521018589
0.437262339517
0.792296351865
0.344249751902
0.506109729875
0.790787613485
0.256006108183
0.568375221919
0.781927413307
0.155092050002
0.621765522752
0.767694008537
0.235291223691
0.660526590887
0.712981530465
0.315206319504
0.691154844593
0.650346028619
0.393321187266
0.712728851940
0.580789141823
0.505725725165
0.468007640913
0.724713970441
0.424347485100
0.538174513262
0.728215218987
0.334919957591
0.603705136571
0.723442278337
0.413054330159
0.630065829959
0.657573699486
0.488862690985
0.647911400069
0.584143892396
0.502472191469
0.561871280428
0.657131920569
-0.004715136565
-0.186552006245
0.982433772044
-0.035224593642
-0.284843642741
0.957926577141
-0.063569244769
-0.379528756370
0.922993431292
-0.080954388417
-0.481028618841
0.872959251542
-0.420917598526
-0.328929055686
0.845360308730
-0.057719930205
-0.017376444957
0.998181581085
-0.089097713945
-0.119210471564
0.988863216446
-0.120436589392
-0.218917776847
0.968282001751
-0.147971745153
-0.318703177855
0.936233222579
-0.167097949298
-0.422641152349
0.890759637434
-0.250595458780
-0.360232106439
0.898573728488
-0.331387110172
-0.291538128151
0.897322741853
-0.407758113803
-0.217634616196
0.886774207147
-0.172546993344
-0.048812047233
0.983791095270
-0.202415302091
-0.150813807894
0.967617300811
-0.230182534560
-0.254452589295
0.939292223211
-0.308587921888
-0.184066390475
0.933216512050
-0.383166266737
-0.108967865022
0.917229315072
-0.281269900598
-0.077492029117
0.956494761324
0.004715136565
0.186552006245
0.982433772044
0.035224593642
0.284843642741
0.957926577141
0.063569244769
0.379528756370
0.922993431292
0.080954388417
0.481028618841
0.872959251542
0.420917598526
0.328929055686
0.845360308730
0.057719930205
0.017376444957
0.998181581085
0.089097713945
0.119210471564
0.988863216446
0.120436589392
0.218917776847
0.968282001751
0.147971745153
0.318703177855
0.936233222579
0.167097949298
0.422641152349
0.890759637434
0.250595458780
0.360232106439
0.898573728488
0.331387110172
0.291538128151
0.897322741853
0.407758113803
0.217634616196
0.886774207147
0.172546993344
0.048812047233
0.983791095270
0.202415302091
0.150813807894
0.967617300811
0.230182534560
0.254452589295
0.939292223211
0.308587921888
0.184066390475
0.933216512050
0.383166266737
0.108967865022
0.917229315072
0.281269900598
0.077492029117
0.956494761324
-0.393050108921
0.854810925979
0.338836085306
-0.409940118194
0.880612703438
0.237634942798
-0.423556434813
0.895782829568
0.134807524936
-0.444780077545
0.895362082105
0.022303016558
-0.085165739172
0.996014323547
0.026500267196
-0.270446890056
0.841775444466
0.467196511923
-0.293099210034
0.881394065810
0.370455603051
-0.311239234750
0.911224202877
0.269815846169
-0.328951908887
0.929899158460
0.164554540304
-0.351395361338
0.934791957834
0.051819837886
-0.255054621155
0.963576989245
0.080414712739
-0.154959236901
0.981733138791
0.110397821984
-0.052962364619
0.988547255626
0.141312813748
-0.188820741026
0.897260963785
0.399085818622
-0.210659674636
0.930630521078
0.299247948565
-0.231261972036
0.953624812897
0.192659327616
-0.130760083826
0.966161621374
0.222336505915
-0.027935357146
0.967310159133
0.252052914799
-0.106767021248
0.938401821167
0.328637832887
-0.640683572080
0.206498102675
-0.739515445449
-0.698521638232
0.125096475453
-0.704569650745
-0.748897952450
0.044027678443
-0.661221158424
-0.800623671404
-0.036248541296
-0.598070046100
-0.558718659183
-0.243763316514
-0.792724987245
-0.495312190467
0.253070445099
-0.831036210879
-0.563342197856
0.173888738470
-0.807717942569
-0.624032249849
0.092321457902
-0.775925576044
-0.680227114396
0.010248731032
-0.732929762223
-0.735667587432
-0.071245791011
-0.673585360638
-0.663282504797
-0.105177485284
-0.740941303626
-0.582116422348
-0.136578891250
-0.801552666577
-0.493453019881
-0.164672251577
-0.854041665688
-0.478065370105
0.140008693793
-0.867093459535
-0.543269815711
0.059845866742
-0.837422461827
-0.604372265620
-0.023190617258
-0.796364464187
-0.520162181890
-0.053306306649
-0.852402335873
-0.428366624087
-0.081032507876
-0.899964314868
-0.454022569855
0.029274992132
-0.890509113315
-0.850095789414
-0.341750199964
0.400679360144
-0.845388109796
-0.259404938909
0.466934707947
-0.832213584799
-0.174095478842
0.526413633488
-0.814407693688
-0.072335580138
0.575767029542
-0.575096725021
-0.286641649548
0.766224720050
-0.784055514261
-0.502869390618
0.363839698955
-0.792296351865
-0.425521018589
0.437262339517
-0.790787613485
-0.344249751902
0.506109729875
-0.781927413307
-0.256006108183
0.568375221919
-0.767694008537
-0.155092050002
0.621765522752
-0.712981530465
-0.235291223691
0.660526590887
-0.650346028619
-0.315206319504
0.691154844593
-0.580789141823
-0.393321187266
0.712728851940
-0.724713970441
-0.505725725165
0.468007640913
-0.728215218987
-0.424347485100
0.538174513262
-0.723442278337
-0.334919957591
0.603705136571
-0.657573699486
-0.413054330159
0.630065829959
-0.584143892396
-0.488862690985
0.647911400069
-0.657131920569
-0.502472191469
0.561871280428
-0.734800308885
0.643597686739
0.214127353898
-0.669345057103
0.720291634343
0.182091065206
-0.597651913655
0.788185906356
0.146884877119
-0.517115657683
0.850656234984
0.094738410702
-0.371807388719
0.818860041535
0.437295664364
-0.773316280674
0.530985069162
0.346463253999
-0.718620228624
0.618407613394
0.318051867954
-0.655488986652
0.698466155583
0.287191953028
-0.584958017070
0.771678682276
0.249672044064
-0.506487411340
0.838939799548
0.199124370403
-0.490345844847
0.818159015749
0.300294484448
-0.470165556405
0.786924919869
0.399616716443
-0.446283551885
0.745461393399
0.495094235745
-0.694546466191
0.584705276648
0.419195593681
-0.635007159736
0.668369352246
0.387360705368
-0.566181929627
0.746632895595
0.349252547276
-0.543814413985
0.710880006135
0.445999439483
-0.516798048131
0.665176400273
0.538943535046
-0.609239212717
0.627856928437
0.484379251312
-0.850095789414
0.341750199964
-0.400679360144
-0.845388109796
0.259404938909
-0.466934707947
-0.832213584799
0.174095478842
-0.526413633488
-0.814407693688
0.072335580138
-0.575767029542
-0.575096725021
0.286641649548
-0.766224720050
-0.784055514261
0.502869390618
-0.363839698955
-0.792296351865
0.425521018589
-0.437262339517
-0.790787613485
0.344249751902
-0.506109729875
-0.781927413307
0.256006108183
-0.568375221919
-0.767694008537
0.155092050002
-0.621765522752
-0.712981530465
0.235291223691
-0.660526590887
-0.650346028619
0.315206319504
-0.691154844593
-0.580789141823
0.393321187266
-0.712728851940
-0.724713970441
0.505725725165
-0.468007640913
-0.728215218987
0.424347485100
-0.538174513262
-0.723442278337
0.334919957591
-0.603705136571
-0.657573699486
0.413054330159
-0.630065829959
-0.584143892396
0.488862690985
-0.647911400069
-0.657131920569
0.502472191469
-0.561871280428
-0.393050108921
-0.854810925979
-0.338836085306
-0.409940118194
-0.880612703438
-0.237634942798
-0.423556434813
-0.895782829568
-0.134807524936
-0.444780077545
-0.895362082105
-0.022303016558
-0.085165739172
-0.996014323547
-0.026500267196
-0.270446890056
-0.841775444466
-0.467196511923
-0.293099210034
-0.881394065810
-0.370455603051
-0.311239234750
-0.911224202877
-0.269815846169
-0.328951908887
-0.929899158460
-0.164554540304
-0.351395361338
-0.934791957834
-0.051819837886
-0.255054621155
-0.963576989245
-0.080414712739
-0.154959236901
-0.981733138791
-0.110397821984
-0.052962364619
-0.988547255626
-0.141312813748
-0.188820741026
-0.897260963785
-0.399085818622
-0.210659674636
-0.930630521078
-0.299247948565
-0.231261972036
-0.953624812897
-0.192659327616
-0.130760083826
-0.966161621374
-0.222336505915
-0.027935357146
-0.967310159133
-0.252052914799
-0.106767021248
-0.938401821167
-0.328637832887
0.640683572080
0.206498102675
0.739515445449
0.698521638232
0.125096475453
0.704569650745
0.748897952450
0.044027678443
0.661221158424
0.800623671404
-0.036248541296
0.598070046100
0.558718659183
-0.243763316514
0.792724987245
0.495312190467
0.253070445099
0.831036210879
0.563342197856
0.173888738470
0.807717942569
0.624032249849
0.092321457902
0.775925576044
0.680227114396
0.010248731032
0.732929762223
0.735667587432
-0.071245791011
0.673585360638
0.663282504797
-0.105177485284
0.740941303626
0.582116422348
-0.136578891250
0.801552666577
0.493453019881
-0.164672251577
0.854041665688
0.478065370105
0.140008693793
0.867093459535
0.543269815711
0.059845866742
0.837422461827
0.604372265620
-0.023190617258
0.796364464187
0.520162181890
-0.053306306649
0.852402335873
0.428366624087
-0.081032507876
0.899964314868
0.454022569855
0.029274992132
0.890509113315
0.850095789414
-0.341750199964
-0.400679360144
0.845388109796
-0.259404938909
-0.466934707947
0.832213584799
-0.174095478842
-0.526413633488
0.814407693688
-0.072335580138
-0.575767029542
0.575096725021
-0.286641649548
-0.766224720050
0.784055514261
-0.502869390618
-0.363839698955
0.792296351865
-0.425521018589
-0.437262339517
0.790787613485
-0.344249751902
-0.506109729875
0.781927413307
-0.256006108183
-0.568375221919
0.767694008537
-0.155092050002
-0.621765522752
0.712981530465
-0.235291223691
-0.660526590887
0.650346028619
-0.315206319504
-0.691154844593
0.580789141823
-0.393321187266
-0.712728851940
0.724713970441
-0.505725725165
-0.468007640913
0.728215218987
-0.424347485100
-0.538174513262
0.723442278337
-0.334919957591
-0.603705136571
0.657573699486
-0.413054330159
-0.630065829959
0.584143892396
-0.488862690985
-0.647911400069
0.657131920569
-0.502472191469
-0.561871280428
0.393050108921
0.854810925979
-0.338836085306
0.409940118194
0.880612703438
-0.237634942798
0.423556434813
0.895782829568
-0.134807524936
0.444780077545
0.895362082105
-0.022303016558
0.085165739172
0.996014323547
-0.026500267196
0.270446890056
0.841775444466
-0.467196511923
0.293099210034
0.881394065810
-0.370455603051
0.311239234750
0.911224202877
-0.269815846169
0.328951908887
0.929899158460
-0.164554540304
0.351395361338
0.934791957834
-0.051819837886
0.255054621155
0.963576989245
-0.080414712739
0.154959236901
0.981733138791
-0.110397821984
0.052962364619
0.988547255626
-0.141312813748
0.188820741026
0.897260963785
-0.399085818622
0.210659674636
0.930630521078
-0.299247948565
0.231261972036
0.953624812897
-0.192659327616
0.130760083826
0.966161621374
-0.222336505915
0.027935357146
0.967310159133
-0.252052914799
0.106767021248
0.938401821167
-0.328637832887
0.850095789414
0.341750199964
0.400679360144
0.845388109796
0.259404938909
0.466934707947
0.832213584799
0.174095478842
0.526413633488
0.814407693688
0.072335580138
0.575767029542
0.575096725021
0.286641649548
0.766224720050
0.784055514261
0.502869390618
0.363839698955
0.792296351865
0.425521018589
0.437262339517
0.790787613485
0.344249751902
0.506109729875
0.781927413307
0.256006108183
0.568375221919
0.767694008537
0.155092050002
0.621765522752
0.712981530465
0.235291223691
0.660526590887
0.650346028619
0.315206319504
0.691154844593
0.580789141823
0.393321187266
0.712728851940
0.724713970441
0.505725725165
0.468007640913
0.728215218987
0.424347485100
0.538174513262
0.723442278337
0.334919957591
0.603705136571
0.657573699486
0.413054330159
0.630065829959
0.584143892396
0.488862690985
0.647911400069
0.657131920569
0.502472191469
0.561871280428
0.982433772044
-0.004715136565
-0.186552006245
0.957926577141
-0.035224593642
-0.284843642741
0.922993431292
-0.063569244769
-0.379528756370
0.872959251542
-0.080954388417
-0.481028618841
0.845360308730
-0.420917598526
-0.328929055686
0.998181581085
-0.057719930205
-0.017376444957
0.988863216446
-0.089097713945
-0.119210471564
0.968282001751
-0.120436589392
-0.218917776847
0.936233222579
-0.147971745153
-0.318703177855
0.890759637434
-0.167097949298
-0.422641152349
0.898573728488
-0.250595458780
-0.360232106439
0.897322741853
-0.331387110172
-0.291538128151
0.886774207147
-0.407758113803
-0.217634616196
0.983791095270
-0.172546993344
-0.048812047233
0.967617300811
-0.202415302091
-0.150813807894
0.939292223211
-0.230182534560
-0.254452589295
0.933216512050
-0.308587921888
-0.184066390475
0.917229315072
-0.383166266737
-0.108967865022
0.956494761324
-0.281269900598
-0.077492029117
-0.004715136565
0.186552006245
-0.982433772044
-0.035224593642
0.284843642741
-0.957926577141
-0.063569244769
0.379528756370
-0.922993431292
-0.080954388417
0.481028618841
-0.872959251542
-0.420917598526
0.328929055686
-0.845360308730
-0.057719930205
0.017376444957
-0.998181581085
-0.089097713945
0.119210471564
-0.988863216446
-0.120436589392
0.218917776847
-0.968282001751
-0.147971745153
0.318703177855
-0.936233222579
-0.167097949298
0.422641152349
-0.890759637434
-0.250595458780
0.360232106439
-0.898573728488
-0.331387110172
0.291538128151
-0.897322741853
-0.407758113803
0.217634616196
-0.886774207147
-0.172546993344
0.048812047233
-0.983791095270
-0.202415302091
0.150813807894
-0.967617300811
-0.230182534560
0.254452589295
-0.939292223211
-0.308587921888
0.184066390475
-0.933216512050
-0.383166266737
0.108967865022
-0.917229315072
-0.281269900598
0.077492029117
-0.956494761324
0.393050108921
-0.854810925979
0.338836085306
0.409940118194
-0.880612703438
0.237634942798
0.423556434813
-0.895782829568
0.134807524936
0.444780077545
-0.895362082105
0.022303016558
0.085165739172
-0.996014323547
0.026500267196
0.270446890056
-0.841775444466
0.467196511923
0.293099210034
-0.881394065810
0.370455603051
0.311239234750
-0.911224202877
0.269815846169
0.328951908887
-0.929899158460
0.164554540304
0.351395361338
-0.934791957834
0.051819837886
0.255054621155
-0.963576989245
0.080414712739
0.154959236901
-0.981733138791
0.110397821984
0.052962364619
-0.988547255626
0.141312813748
0.188820741026
-0.897260963785
0.399085818622
0.210659674636
-0.930630521078
0.299247948565
0.231261972036
-0.953624812897
0.192659327616
0.130760083826
-0.966161621374
0.222336505915
0.027935357146
-0.967310159133
0.252052914799
0.106767021248
-0.938401821167
0.328637832887
-0.854810925979
0.338836085306
0.393050108921
-0.880612703438
0.237634942798
0.409940118194
-0.895782829568
0.134807524936
0.423556434813
-0.895362082105
0.022303016558
0.444780077545
-0.996014323547
0.026500267196
0.085165739172
-0.841775444466
0.467196511923
0.270446890056
-0.881394065810
0.370455603051
0.293099210034
-0.911224202877
0.269815846169
0.311239234750
-0.929899158460
0.164554540304
0.328951908887
-0.934791957834
0.051819837886
0.351395361338
-0.963576989245
0.080414712739
0.255054621155
-0.981733138791
0.110397821984
0.154959236901
-0.988547255626
0.141312813748
0.052962364619
-0.897260963785
0.399085818622
0.188820741026
-0.930630521078
0.299247948565
0.210659674636
-0.953624812897
0.192659327616
0.231261972036
-0.966161621374
0.222336505915
0.130760083826
-0.967310159133
0.252052914799
0.027935357146
-0.938401821167
0.328637832887
0.106767021248
-0.206498102675
-0.739515445449
0.640683572080
-0.125096475453
-0.704569650745
0.698521638232
-0.044027678443
-0.661221158424
0.748897952450
0.036248541296
-0.598070046100
0.800623671404
0.243763316514
-0.792724987245
0.558718659183
-0.253070445099
-0.831036210879
0.495312190467
-0.173888738470
-0.807717942569
0.563342197856
-0.092321457902
-0.775925576044
0.624032249849
-0.010248731032
-0.732929762223
0.680227114396
0.071245791011
-0.673585360638
0.735667587432
0.105177485284
-0.740941303626
0.663282504797
0.136578891250
-0.801552666577
0.582116422348
0.164672251577
-0.854041665688
0.493453019881
-0.140008693793
-0.867093459535
0.478065370105
-0.059845866742
-0.837422461827
0.543269815711
0.023190617258
-0.796364464187
0.604372265620
0.053306306649
-0.852402335873
0.520162181890
0.081032507876
-0.899964314868
0.428366624087
-0.029274992132
-0.890509113315
0.454022569855
-0.643597686739
0.214127353898
0.734800308885
-0.720291634343
0.182091065206
0.669345057103
-0.788185906356
0.146884877119
0.597651913655
-0.850656234984
0.094738410702
0.517115657683
-0.818860041535
0.437295664364
0.371807388719
-0.530985069162
0.346463253999
0.773316280674
-0.618407613394
0.318051867954
0.718620228624
-0.698466155583
0.287191953028
0.655488986652
-0.771678682276
0.249672044064
0.584958017070
-0.838939799548
0.199124370403
0.506487411340
-0.818159015749
0.300294484448
0.490345844847
-0.786924919869
0.399616716443
0.470165556405
-0.745461393399
0.495094235745
0.446283551885
-0.584705276648
0.419195593681
0.694546466191
-0.668369352246
0.387360705368
0.635007159736
-0.746632895595
0.349252547276
0.566181929627
-0.710880006135
0.445999439483
0.543814413985
-0.665176400273
0.538943535046
0.516798048131
-0.627856928437
0.484379251312
0.609239212717
-0.734800308885
-0.643597686739
-0.214127353898
-0.669345057103
-0.720291634343
-0.182091065206
-0.597651913655
-0.788185906356
-0.146884877119
-0.517115657683
-0.850656234984
-0.094738410702
-0.371807388719
-0.818860041535
-0.437295664364
-0.773316280674
-0.530985069162
-0.346463253999
-0.718620228624
-0.618407613394
-0.318051867954
-0.655488986652
-0.698466155583
-0.287191953028
-0.584958017070
-0.771678682276
-0.249672044064
-0.506487411340
-0.838939799548
-0.199124370403
-0.490345844847
-0.818159015749
-0.300294484448
-0.470165556405
-0.786924919869
-0.399616716443
-0.446283551885
-0.745461393399
-0.495094235745
-0.694546466191
-0.584705276648
-0.419195593681
-0.635007159736
-0.668369352246
-0.387360705368
-0.566181929627
-0.746632895595
-0.349252547276
-0.543814413985
-0.710880006135
-0.445999439483
-0.516798048131
-0.665176400273
-0.538943535046
-0.609239212717
-0.627856928437
-0.484379251312
0.214127353898
-0.734800308885
0.643597686739
0.182091065206
-0.669345057103
0.720291634343
0.146884877119
-0.597651913655
0.788185906356
0.094738410702
-0.517115657683
0.850656234984
0.437295664364
-0.371807388719
0.818860041535
0.346463253999
-0.773316280674
0.530985069162
0.318051867954
-0.718620228624
0.618407613394
0.287191953028
-0.655488986652
0.698466155583
0.249672044064
-0.584958017070
0.771678682276
0.199124370403
-0.506487411340
0.838939799548
0.300294484448
-0.490345844847
0.818159015749
0.399616716443
-0.470165556405
0.786924919869
0.495094235745
-0.446283551885
0.745461393399
0.419195593681
-0.694546466191
0.584705276648
0.387360705368
-0.635007159736
0.668369352246
0.349252547276
-0.566181929627
0.746632895595
0.445999439483
-0.543814413985
0.710880006135
0.538943535046
-0.516798048131
0.665176400273
0.484379251312
-0.609239212717
0.627856928437
-0.640683572080
-0.206498102675
0.739515445449
-0.698521638232
-0.125096475453
0.704569650745
-0.748897952450
-0.044027678443
0.661221158424
-0.800623671404
0.036248541296
0.598070046100
-0.558718659183
0.243763316514
0.792724987245
-0.495312190467
-0.253070445099
0.831036210879
-0.563342197856
-0.173888738470
0.807717942569
-0.624032249849
-0.092321457902
0.775925576044
-0.680227114396
-0.010248731032
0.732929762223
-0.735667587432
0.071245791011
0.673585360638
-0.663282504797
0.105177485284
0.740941303626
-0.582116422348
0.136578891250
0.801552666577
-0.493453019881
0.164672251577
0.854041665688
-0.478065370105
-0.140008693793
0.867093459535
-0.543269815711
-0.059845866742
0.837422461827
-0.604372265620
0.023190617258
0.796364464187
-0.520162181890
0.053306306649
0.852402335873
-0.428366624087
0.081032507876
0.899964314868
-0.454022569855
-0.029274992132
0.890509113315
0.186552006245
-0.982433772044
-0.004715136565
0.284843642741
-0.957926577141
-0.035224593642
0.379528756370
-0.922993431292
-0.063569244769
0.481028618841
-0.872959251542
-0.080954388417
0.328929055686
-0.845360308730
-0.420917598526
0.017376444957
-0.998181581085
-0.057719930205
0.119210471564
-0.988863216446
-0.089097713945
0.218917776847
-0.968282001751
-0.120436589392
0.318703177855
-0.936233222579
-0.147971745153
0.422641152349
-0.890759637434
-0.167097949298
0.360232106439
-0.898573728488
-0.250595458780
0.291538128151
-0.897322741853
-0.331387110172
0.217634616196
-0.886774207147
-0.407758113803
0.048812047233
-0.983791095270
-0.172546993344
0.150813807894
-0.967617300811
-0.202415302091
0.254452589295
-0.939292223211
-0.230182534560
0.184066390475
-0.933216512050
-0.308587921888
0.108967865022
-0.917229315072
-0.383166266737
0.077492029117
-0.956494761324
-0.281269900598
0.982433772044
0.004715136565
0.186552006245
0.957926577141
0.035224593642
0.284843642741
0.922993431292
0.063569244769
0.379528756370
0.872959251542
0.080954388417
0.481028618841
0.845360308730
0.420917598526
0.328929055686
0.998181581085
0.057719930205
0.017376444957
0.988863216446
0.089097713945
0.119210471564
0.968282001751
0.120436589392
0.218917776847
0.936233222579
0.147971745153
0.318703177855
0.890759637434
0.167097949298
0.422641152349
0.898573728488
0.250595458780
0.360232106439
0.897322741853
0.331387110172
0.291538128151
0.886774207147
0.407758113803
0.217634616196
0.983791095270
0.172546993344
0.048812047233
0.967617300811
0.202415302091
0.150813807894
0.939292223211
0.230182534560
0.254452589295
0.933216512050
0.308587921888
0.184066390475
0.917229315072
0.383166266737
0.108967865022
0.956494761324
0.281269900598
0.077492029117
0.338836085306
-0.393050108921
0.854810925979
0.237634942798
-0.409940118194
0.880612703438
0.134807524936
-0.423556434813
0.895782829568
0.022303016558
-0.444780077545
0.895362082105
0.026500267196
-0.085165739172
0.996014323547
0.467196511923
-0.270446890056
0.841775444466
0.370455603051
-0.293099210034
0.881394065810
0.269815846169
-0.311239234750
0.911224202877
0.164554540304
-0.328951908887
0.929899158460
0.051819837886
-0.351395361338
0.934791957834
0.080414712739
-0.255054621155
0.963576989245
0.110397821984
-0.154959236901
0.981733138791
0.141312813748
-0.052962364619
0.988547255626
0.399085818622
-0.188820741026
0.897260963785
0.299247948565
-0.210659674636
0.930630521078
0.192659327616
-0.231261972036
0.953624812897
0.222336505915
-0.130760083826
0.966161621374
0.252052914799
-0.027935357146
0.967310159133
0.328637832887
-0.106767021248
0.938401821167
0.640683572080
-0.206498102675
-0.739515445449
0.698521638232
-0.125096475453
-0.704569650745
0.748897952450
-0.044027678443
-0.661221158424
0.800623671404
0.036248541296
-0.598070046100
0.558718659183
0.243763316514
-0.792724987245
0.495312190467
-0.253070445099
-0.831036210879
0.563342197856
-0.173888738470
-0.807717942569
0.624032249849
-0.092321457902
-0.775925576044
0.680227114396
-0.010248731032
-0.732929762223
0.735667587432
0.071245791011
-0.673585360638
0.663282504797
0.105177485284
-0.740941303626
0.582116422348
0.136578891250
-0.801552666577
0.493453019881
0.164672251577
-0.854041665688
0.478065370105
-0.140008693793
-0.867093459535
0.543269815711
-0.059845866742
-0.837422461827
0.604372265620
0.023190617258
-0.796364464187
0.520162181890
0.053306306649
-0.852402335873
0.428366624087
0.081032507876
-0.899964314868
0.454022569855
-0.029274992132
-0.890509113315
-0.739515445449
-0.640683572080
0.206498102675
-0.704569650745
-0.698521638232
0.125096475453
-0.661221158424
-0.748897952450
0.044027678443
-0.598070046100
-0.800623671404
-0.036248541296
-0.792724987245
-0.558718659183
-0.243763316514
-0.831036210879
-0.495312190467
0.253070445099
-0.807717942569
-0.563342197856
0.173888738470
-0.775925576044
-0.624032249849
0.092321457902
-0.732929762223
-0.680227114396
0.010248731032
-0.673585360638
-0.735667587432
-0.071245791011
-0.740941303626
-0.663282504797
-0.105177485284
-0.801552666577
-0.582116422348
-0.136578891250
-0.854041665688
-0.493453019881
-0.164672251577
-0.867093459535
-0.478065370105
0.140008693793
-0.837422461827
-0.543269815711
0.059845866742
-0.796364464187
-0.604372265620
-0.023190617258
-0.852402335873
-0.520162181890
-0.053306306649
-0.899964314868
-0.428366624087
-0.081032507876
-0.890509113315
-0.454022569855
0.029274992132
0.734800308885
-0.643597686739
0.214127353898
0.669345057103
-0.720291634343
0.182091065206
0.597651913655
-0.788185906356
0.146884877119
0.517115657683
-0.850656234984
0.094738410702
0.371807388719
-0.818860041535
0.437295664364
0.773316280674
-0.530985069162
0.346463253999
0.718620228624
-0.618407613394
0.318051867954
0.655488986652
-0.698466155583
0.287191953028
0.584958017070
-0.771678682276
0.249672044064
0.506487411340
-0.838939799548
0.199124370403
0.490345844847
-0.818159015749
0.300294484448
0.470165556405
-0.786924919869
0.399616716443
0.446283551885
-0.745461393399
0.495094235745
0.694546466191
-0.584705276648
0.419195593681
0.635007159736
-0.668369352246
0.387360705368
0.566181929627
-0.746632895595
0.349252547276
0.543814413985
-0.710880006135
0.445999439483
0.516798048131
-0.665176400273
0.538943535046
0.609239212717
-0.627856928437
0.484379251312
-0.214127353898
-0.734800308885
-0.643597686739
-0.182091065206
-0.669345057103
-0.720291634343
-0.146884877119
-0.597651913655
-0.788185906356
-0.094738410702
-0.517115657683
-0.850656234984
-0.437295664364
-0.371807388719
-0.818860041535
-0.346463253999
-0.773316280674
-0.530985069162
-0.318051867954
-0.718620228624
-0.618407613394
-0.287191953028
-0.655488986652
-0.698466155583
-0.249672044064
-0.584958017070
-0.771678682276
-0.199124370403
-0.506487411340
-0.838939799548
-0.300294484448
-0.490345844847
-0.818159015749
-0.399616716443
-0.470165556405
-0.786924919869
-0.495094235745
-0.446283551885
-0.745461393399
-0.419195593681
-0.694546466191
-0.584705276648
-0.387360705368
-0.635007159736
-0.668369352246
-0.349252547276
-0.566181929627
-0.746632895595
-0.445999439483
-0.543814413985
-0.710880006135
-0.538943535046
-0.516798048131
-0.665176400273
-0.484379251312
-0.609239212717
-0.627856928437
0.214127353898
0.734800308885
-0.643597686739
0.182091065206
0.669345057103
-0.720291634343
0.146884877119
0.597651913655
-0.788185906356
0.094738410702
0.517115657683
-0.850656234984
0.437295664364
0.371807388719
-0.818860041535
0.346463253999
0.773316280674
-0.530985069162
0.318051867954
0.718620228624
-0.618407613394
0.287191953028
0.655488986652
-0.698466155583
0.249672044064
0.584958017070
-0.771678682276
0.199124370403
0.506487411340
-0.838939799548
0.300294484448
0.490345844847
-0.818159015749
0.399616716443
0.470165556405
-0.786924919869
0.495094235745
0.446283551885
-0.745461393399
0.419195593681
0.694546466191
-0.584705276648
0.387360705368
0.635007159736
-0.668369352246
0.349252547276
0.566181929627
-0.746632895595
0.445999439483
0.543814413985
-0.710880006135
0.538943535046
0.516798048131
-0.665176400273
0.484379251312
0.609239212717
-0.627856928437
-0.643597686739
-0.214127353898
-0.734800308885
-0.720291634343
-0.182091065206
-0.669345057103
-0.788185906356
-0.146884877119
-0.597651913655
-0.850656234984
-0.094738410702
-0.517115657683
-0.818860041535
-0.437295664364
-0.371807388719
-0.530985069162
-0.346463253999
-0.773316280674
-0.618407613394
-0.318051867954
-0.718620228624
-0.698466155583
-0.287191953028
-0.655488986652
-0.771678682276
-0.249672044064
-0.584958017070
-0.838939799548
-0.199124370403
-0.506487411340
-0.818159015749
-0.300294484448
-0.490345844847
-0.786924919869
-0.399616716443
-0.470165556405
-0.745461393399
-0.495094235745
-0.446283551885
-0.584705276648
-0.419195593681
-0.694546466191
-0.668369352246
-0.387360705368
-0.635007159736
-0.746632895595
-0.349252547276
-0.566181929627
-0.710880006135
-0.445999439483
-0.543814413985
-0.665176400273
-0.538943535046
-0.516798048131
-0.627856928437
-0.484379251312
-0.609239212717
-0.739515445449
0.640683572080
-0.206498102675
-0.704569650745
0.698521638232
-0.125096475453
-0.661221158424
0.748897952450
-0.044027678443
-0.598070046100
0.800623671404
0.036248541296
-0.792724987245
0.558718659183
0.243763316514
-0.831036210879
0.495312190467
-0.253070445099
-0.807717942569
0.563342197856
-0.173888738470
-0.775925576044
0.624032249849
-0.092321457902
-0.732929762223
0.680227114396
-0.010248731032
-0.673585360638
0.735667587432
0.071245791011
-0.740941303626
0.663282504797
0.105177485284
-0.801552666577
0.582116422348
0.136578891250
-0.854041665688
0.493453019881
0.164672251577
-0.867093459535
0.478065370105
-0.140008693793
-0.837422461827
0.543269815711
-0.059845866742
-0.796364464187
0.604372265620
0.023190617258
-0.852402335873
0.520162181890
0.053306306649
-0.899964314868
0.428366624087
0.081032507876
-0.890509113315
0.454022569855
-0.029274992132
-0.206498102675
0.739515445449
-0.640683572080
-0.125096475453
0.704569650745
-0.698521638232
-0.044027678443
0.661221158424
-0.748897952450
0.036248541296
0.598070046100
-0.800623671404
0.243763316514
0.792724987245
-0.558718659183
-0.253070445099
0.831036210879
-0.495312190467
-0.173888738470
0.807717942569
-0.563342197856
-0.092321457902
0.775925576044
-0.624032249849
-0.010248731032
0.732929762223
-0.680227114396
0.071245791011
0.673585360638
-0.735667587432
0.105177485284
0.740941303626
-0.663282504797
0.136578891250
0.801552666577
-0.582116422348
0.164672251577
0.854041665688
-0.493453019881
-0.140008693793
0.867093459535
-0.478065370105
-0.059845866742
0.837422461827
-0.543269815711
0.023190617258
0.796364464187
-0.604372265620
0.053306306649
0.852402335873
-0.520162181890
0.081032507876
0.899964314868
-0.428366624087
-0.029274992132
0.890509113315
-0.454022569855
0.341750199964
-0.400679360144
-0.850095789414
0.259404938909
-0.466934707947
-0.845388109796
0.174095478842
-0.526413633488
-0.832213584799
0.072335580138
-0.575767029542
-0.814407693688
0.286641649548
-0.766224720050
-0.575096725021
0.502869390618
-0.363839698955
-0.784055514261
0.425521018589
-0.437262339517
-0.792296351865
0.344249751902
-0.506109729875
-0.790787613485
0.256006108183
-0.568375221919
-0.781927413307
0.155092050002
-0.621765522752
-0.767694008537
0.235291223691
-0.660526590887
-0.712981530465
0.315206319504
-0.691154844593
-0.650346028619
0.393321187266
-0.712728851940
-0.580789141823
0.505725725165
-0.468007640913
-0.724713970441
0.424347485100
-0.538174513262
-0.728215218987
0.334919957591
-0.603705136571
-0.723442278337
0.413054330159
-0.630065829959
-0.657573699486
0.488862690985
-0.647911400069
-0.584143892396
0.502472191469
-0.561871280428
-0.657131920569
-0.854810925979
-0.338836085306
-0.393050108921
-0.880612703438
-0.237634942798
-0.409940118194
-0.895782829568
-0.134807524936
-0.423556434813
-0.895362082105
-0.022303016558
-0.444780077545
-0.996014323547
-0.026500267196
-0.085165739172
-0.841775444466
-0.467196511923
-0.270446890056
-0.881394065810
-0.370455603051
-0.293099210034
-0.911224202877
-0.269815846169
-0.311239234750
-0.929899158460
-0.164554540304
-0.328951908887
-0.934791957834
-0.051819837886
-0.351395361338
-0.963576989245
-0.080414712739
-0.255054621155
-0.981733138791
-0.110397821984
-0.154959236901
-0.988547255626
-0.141312813748
-0.052962364619
-0.897260963785
-0.399085818622
-0.188820741026
-0.930630521078
-0.299247948565
-0.210659674636
-0.953624812897
-0.192659327616
-0.231261972036
-0.966161621374
-0.222336505915
-0.130760083826
-0.967310159133
-0.252052914799
-0.027935357146
-0.938401821167
-0.328637832887
-0.106767021248
-0.341750199964
0.400679360144
-0.850095789414
-0.259404938909
0.466934707947
-0.845388109796
-0.174095478842
0.526413633488
-0.832213584799
-0.072335580138
0.575767029542
-0.814407693688
-0.286641649548
0.766224720050
-0.575096725021
-0.502869390618
0.363839698955
-0.784055514261
-0.425521018589
0.437262339517
-0.792296351865
-0.344249751902
0.506109729875
-0.790787613485
-0.256006108183
0.568375221919
-0.781927413307
-0.155092050002
0.621765522752
-0.767694008537
-0.235291223691
0.660526590887
-0.712981530465
-0.315206319504
0.691154844593
-0.650346028619
-0.393321187266
0.712728851940
-0.580789141823
-0.505725725165
0.468007640913
-0.724713970441
-0.424347485100
0.538174513262
-0.728215218987
-0.334919957591
0.603705136571
-0.723442278337
-0.413054330159
0.630065829959
-0.657573699486
-0.488862690985
0.647911400069
-0.584143892396
-0.502472191469
0.561871280428
-0.657131920569
0.854810925979
0.338836085306
-0.393050108921
0.880612703438
0.237634942798
-0.409940118194
0.895782829568
0.134807524936
-0.423556434813
0.895362082105
0.022303016558
-0.444780077545
0.996014323547
0.026500267196
-0.085165739172
0.841775444466
0.467196511923
-0.270446890056
0.881394065810
0.370455603051
-0.293099210034
0.911224202877
0.269815846169
-0.311239234750
0.929899158460
0.164554540304
-0.328951908887
0.934791957834
0.051819837886
-0.351395361338
0.963576989245
0.080414712739
-0.255054621155
0.981733138791
0.110397821984
-0.154959236901
0.988547255626
0.141312813748
-0.052962364619
0.897260963785
0.399085818622
-0.188820741026
0.930630521078
0.299247948565
-0.210659674636
0.953624812897
0.192659327616
-0.231261972036
0.966161621374
0.222336505915
-0.130760083826
0.967310159133
0.252052914799
-0.027935357146
0.938401821167
0.328637832887
-0.106767021248
0.206498102675
-0.739515445449
-0.640683572080
0.125096475453
-0.704569650745
-0.698521638232
0.044027678443
-0.661221158424
-0.748897952450
-0.036248541296
-0.598070046100
-0.800623671404
-0.243763316514
-0.792724987245
-0.558718659183
0.253070445099
-0.831036210879
-0.495312190467
0.173888738470
-0.807717942569
-0.563342197856
0.092321457902
-0.775925576044
-0.624032249849
0.010248731032
-0.732929762223
-0.680227114396
-0.071245791011
-0.673585360638
-0.735667587432
-0.105177485284
-0.740941303626
-0.663282504797
-0.136578891250
-0.801552666577
-0.582116422348
-0.164672251577
-0.854041665688
-0.493453019881
0.140008693793
-0.867093459535
-0.478065370105
0.059845866742
-0.837422461827
-0.543269815711
-0.023190617258
-0.796364464187
-0.604372265620
-0.053306306649
-0.852402335873
-0.520162181890
-0.081032507876
-0.899964314868
-0.428366624087
0.029274992132
-0.890509113315
-0.454022569855
0.643597686739
0.214127353898
-0.734800308885
0.720291634343
0.182091065206
-0.669345057103
0.788185906356
0.146884877119
-0.597651913655
0.850656234984
0.094738410702
-0.517115657683
0.818860041535
0.437295664364
-0.371807388719
0.530985069162
0.346463253999
-0.773316280674
0.618407613394
0.318051867954
-0.718620228624
0.698466155583
0.287191953028
-0.655488986652
0.771678682276
0.249672044064
-0.584958017070
0.838939799548
0.199124370403
-0.506487411340
0.818159015749
0.300294484448
-0.490345844847
0.786924919869
0.399616716443
-0.470165556405
0.745461393399
0.495094235745
-0.446283551885
0.584705276648
0.419195593681
-0.694546466191
0.668369352246
0.387360705368
-0.635007159736
0.746632895595
0.349252547276
-0.566181929627
0.710880006135
0.445999439483
-0.543814413985
0.665176400273
0.538943535046
-0.516798048131
0.627856928437
0.484379251312
-0.609239212717
-0.982433772044
0.004715136565
-0.186552006245
-0.957926577141
0.035224593642
-0.284843642741
-0.922993431292
0.063569244769
-0.379528756370
-0.872959251542
0.080954388417
-0.481028618841
-0.845360308730
0.420917598526
-0.328929055686
-0.998181581085
0.057719930205
-0.017376444957
-0.988863216446
0.089097713945
-0.119210471564
-0.968282001751
0.120436589392
-0.218917776847
-0.936233222579
0.147971745153
-0.318703177855
-0.890759637434
0.167097949298
-0.422641152349
-0.898573728488
0.250595458780
-0.360232106439
-0.897322741853
0.331387110172
-0.291538128151
-0.886774207147
0.407758113803
-0.217634616196
-0.983791095270
0.172546993344
-0.048812047233
-0.967617300811
0.202415302091
-0.150813807894
-0.939292223211
0.230182534560
-0.254452589295
-0.933216512050
0.308587921888
-0.184066390475
-0.917229315072
0.383166266737
-0.108967865022
-0.956494761324
0.281269900598
-0.077492029117
0.004715136565
-0.186552006245
-0.982433772044
0.035224593642
-0.284843642741
-0.957926577141
0.063569244769
-0.379528756370
-0.922993431292
0.080954388417
-0.481028618841
-0.872959251542
0.420917598526
-0.328929055686
-0.845360308730
0.057719930205
-0.017376444957
-0.998181581085
0.089097713945
-0.119210471564
-0.988863216446
0.120436589392
-0.218917776847
-0.968282001751
0.147971745153
-0.318703177855
-0.936233222579
0.167097949298
-0.422641152349
-0.890759637434
0.250595458780
-0.360232106439
-0.898573728488
0.331387110172
-0.291538128151
-0.897322741853
0.407758113803
-0.217634616196
-0.886774207147
0.172546993344
-0.048812047233
-0.983791095270
0.202415302091
-0.150813807894
-0.967617300811
0.230182534560
-0.254452589295
-0.939292223211
0.308587921888
-0.184066390475
-0.933216512050
0.383166266737
-0.108967865022
-0.917229315072
0.281269900598
-0.077492029117
-0.956494761324
0.400679360144
-0.850095789414
-0.341750199964
0.466934707947
-0.845388109796
-0.259404938909
0.526413633488
-0.832213584799
-0.174095478842
0.575767029542
-0.814407693688
-0.072335580138
0.766224720050
-0.575096725021
-0.286641649548
0.363839698955
-0.784055514261
-0.502869390618
0.437262339517
-0.792296351865
-0.425521018589
0.506109729875
-0.790787613485
-0.344249751902
0.568375221919
-0.781927413307
-0.256006108183
0.621765522752
-0.767694008537
-0.155092050002
0.660526590887
-0.712981530465
-0.235291223691
0.691154844593
-0.650346028619
-0.315206319504
0.712728851940
-0.580789141823
-0.393321187266
0.468007640913
-0.724713970441
-0.505725725165
0.538174513262
-0.728215218987
-0.424347485100
0.603705136571
-0.723442278337
-0.334919957591
0.630065829959
-0.657573699486
-0.413054330159
0.647911400069
-0.584143892396
-0.488862690985
0.561871280428
-0.657131920569
-0.502472191469
-0.400679360144
-0.850095789414
0.341750199964
-0.466934707947
-0.845388109796
0.259404938909
-0.526413633488
-0.832213584799
0.174095478842
-0.575767029542
-0.814407693688
0.072335580138
-0.766224720050
-0.575096725021
0.286641649548
-0.363839698955
-0.784055514261
0.502869390618
-0.437262339517
-0.792296351865
0.425521018589
-0.506109729875
-0.790787613485
0.344249751902
-0.568375221919
-0.781927413307
0.256006108183
-0.621765522752
-0.767694008537
0.155092050002
-0.660526590887
-0.712981530465
0.235291223691
-0.691154844593
-0.650346028619
0.315206319504
-0.712728851940
-0.580789141823
0.393321187266
-0.468007640913
-0.724713970441
0.505725725165
-0.538174513262
-0.728215218987
0.424347485100
-0.603705136571
-0.723442278337
0.334919957591
-0.630065829959
-0.657573699486
0.413054330159
-0.647911400069
-0.584143892396
0.488862690985
-0.561871280428
-0.657131920569
0.502472191469
-0.186552006245
-0.982433772044
0.004715136565
-0.284843642741
-0.957926577141
0.035224593642
-0.379528756370
-0.922993431292
0.063569244769
-0.481028618841
-0.872959251542
0.080954388417
-0.328929055686
-0.845360308730
0.420917598526
-0.017376444957
-0.998181581085
0.057719930205
-0.119210471564
-0.988863216446
0.089097713945
-0.218917776847
-0.968282001751
0.120436589392
-0.318703177855
-0.936233222579
0.147971745153
-0.422641152349
-0.890759637434
0.167097949298
-0.360232106439
-0.898573728488
0.250595458780
-0.291538128151
-0.897322741853
0.331387110172
-0.217634616196
-0.886774207147
0.407758113803
-0.048812047233
-0.983791095270
0.172546993344
-0.150813807894
-0.967617300811
0.202415302091
-0.254452589295
-0.939292223211
0.230182534560
-0.184066390475
-0.933216512050
0.308587921888
-0.108967865022
-0.917229315072
0.383166266737
-0.077492029117
-0.956494761324
0.281269900598
0.186552006245
0.982433772044
0.004715136565
0.284843642741
0.957926577141
0.035224593642
0.379528756370
0.922993431292
0.063569244769
0.481028618841
0.872959251542
0.080954388417
0.328929055686
0.845360308730
0.420917598526
0.017376444957
0.998181581085
0.057719930205
0.119210471564
0.988863216446
0.089097713945
0.218917776847
0.968282001751
0.120436589392
0.318703177855
0.936233222579
0.147971745153
0.422641152349
0.890759637434
0.167097949298
0.360232106439
0.898573728488
0.250595458780
0.291538128151
0.897322741853
0.331387110172
0.217634616196
0.886774207147
0.407758113803
0.048812047233
0.983791095270
0.172546993344
0.150813807894
0.967617300811
0.202415302091
0.254452589295
0.939292223211
0.230182534560
0.184066390475
0.933216512050
0.308587921888
0.108967865022
0.917229315072
0.383166266737
0.077492029117
0.956494761324
0.281269900598
-0.338836085306
-0.393050108921
-0.854810925979
-0.237634942798
-0.409940118194
-0.880612703438
-0.134807524936
-0.423556434813
-0.895782829568
-0.022303016558
-0.444780077545
-0.895362082105
-0.026500267196
-0.085165739172
-0.996014323547
-0.467196511923
-0.270446890056
-0.841775444466
-0.370455603051
-0.293099210034
-0.881394065810
-0.269815846169
-0.311239234750
-0.911224202877
-0.164554540304
-0.328951908887
-0.929899158460
-0.051819837886
-0.351395361338
-0.934791957834
-0.080414712739
-0.255054621155
-0.963576989245
-0.110397821984
-0.154959236901
-0.981733138791
-0.141312813748
-0.052962364619
-0.988547255626
-0.399085818622
-0.188820741026
-0.897260963785
-0.299247948565
-0.210659674636
-0.930630521078
-0.192659327616
-0.231261972036
-0.953624812897
-0.222336505915
-0.130760083826
-0.966161621374
-0.252052914799
-0.027935357146
-0.967310159133
-0.328637832887
-0.106767021248
-0.938401821167
0.739515445449
-0.640683572080
-0.206498102675
0.704569650745
-0.698521638232
-0.125096475453
0.661221158424
-0.748897952450
-0.044027678443
0.598070046100
-0.800623671404
0.036248541296
0.792724987245
-0.558718659183
0.243763316514
0.831036210879
-0.495312190467
-0.253070445099
0.807717942569
-0.563342197856
-0.173888738470
0.775925576044
-0.624032249849
-0.092321457902
0.732929762223
-0.680227114396
-0.010248731032
0.673585360638
-0.735667587432
0.071245791011
0.740941303626
-0.663282504797
0.105177485284
0.801552666577
-0.582116422348
0.136578891250
0.854041665688
-0.493453019881
0.164672251577
0.867093459535
-0.478065370105
-0.140008693793
0.837422461827
-0.543269815711
-0.059845866742
0.796364464187
-0.604372265620
0.023190617258
0.852402335873
-0.520162181890
0.053306306649
0.899964314868
-0.428366624087
0.081032507876
0.890509113315
-0.454022569855
-0.029274992132
