0.581658234820
0.811576492619
0.054929905288
0.636935038958
0.761493834201
0.120170281773
0.685069498140
0.705124509055
0.182973247901
0.726887802128
0.641838786192
0.244288959344
0.761941689532
0.571951229591
0.303836555935
0.360946028028
0.789471434895
0.496440145774
0.414980099071
0.808898771647
0.416502454498
0.465371132363
0.819915972184
0.333417917516
0.511476695072
0.822753348388
0.247928453621
0.552604373544
0.818107399158
0.159149897211
0.603454456199
0.765258571599
0.224102739582
0.648569322657
0.705404847860
0.285940263558
0.687288123649
0.638723152690
0.345930295450
0.718908538111
0.565737789497
0.403870359604
0.459428780247
0.742579156067
0.487341146278
0.511913217138
0.757856390905
0.404473174492
0.560428425670
0.765024275519
0.317266193547
0.603463376407
0.700605089311
0.380768252574
0.639771453105
0.629531941842
0.440887765755
0.498285017442
0.668398798443
0.552227387615
0.552803846076
0.688627731521
0.469254467367
0.586729045492
0.612469159532
0.529745746371
0.525731112119
0.850650808352
0.000000000000
0.000000000000
0.525731112119
-0.850650808352
-0.525731112119
0.850650808352
0.000000000000
0.000000000000
0.525731112119
0.850650808352
0.850650808352
-0.000000000000
0.525731112119
-0.850650808352
-0.000000000000
0.525731112119
-0.000000000000
-0.525731112119
0.850650808352
-0.850650808352
-0.000000000000
-0.525731112119
-0.525731112119
-0.850650808352
0.000000000000
0.850650808352
-0.000000000000
-0.525731112119
0.525731112119
-0.850650808352
0.000000000000
0.000000000000
-0.525731112119
-0.850650808352
0.004401037922
0.449371942642
-0.893333917430
0.014066816574
0.359152560743
-0.933172847217
0.023389174446
0.267272969772
-0.963336963968
0.032529111166
0.172493322145
-0.984473417997
0.041580742395
0.075347055937
-0.996290049646
0.465115590563
0.278937277804
-0.840155629908
0.379430981520
0.317925722803
-0.868881674938
0.290423164682
0.352809408107
-0.889482943607
0.199084751663
0.383602223210
-0.901784118292
0.105261874288
0.411523697946
-0.905300051834
0.116053600424
0.320578137426
-0.940085751213
0.125027957169
0.227295435323
-0.965766428805
0.133595734945
0.131389027262
-0.982287688572
0.142106306704
0.033601350583
-0.989280924123
0.394022458167
0.215117282987
-0.893571965216
0.305459567449
0.252692228550
-0.918063772449
0.212865031730
0.287102635568
-0.933948903804
0.222815177990
0.189936858518
-0.956178532615
0.231336037086
0.091157905049
-0.968593761229
0.404165420358
0.110653754721
-0.907968093907
0.316030587586
0.151658520921
-0.936549176895
0.324472167592
0.049315839256
-0.944608786989
-0.581658234820
0.811576492619
-0.054929905288
-0.636935038958
0.761493834201
-0.120170281773
-0.685069498140
0.705124509055
-0.182973247901
-0.726887802128
0.641838786192
-0.244288959344
-0.761941689532
0.571951229591
-0.303836555935
-0.360946028028
0.789471434895
-0.496440145774
-0.414980099071
0.808898771647
-0.416502454498
-0.465371132363
0.819915972184
-0.333417917516
-0.511476695072
0.822753348388
-0.247928453621
-0.552604373544
0.818107399158
-0.159149897211
-0.603454456199
0.765258571599
-0.224102739582
-0.648569322657
0.705404847860
-0.285940263558
-0.687288123649
0.638723152690
-0.345930295450
-0.718908538111
0.565737789497
-0.403870359604
-0.459428780247
0.742579156067
-0.487341146278
-0.511913217138
0.757856390905
-0.404473174492
-0.560428425670
0.765024275519
-0.317266193547
-0.603463376407
0.700605089311
-0.380768252574
-0.639771453105
0.629531941842
-0.440887765755
-0.498285017442
0.668398798443
-0.552227387615
-0.552803846076
0.688627731521
-0.469254467367
-0.586729045492
0.612469159532
-0.529745746371
-0.004401037922
0.449371942642
0.893333917430
-0.014066816574
0.359152560743
0.933172847217
-0.023389174446
0.267272969772
0.963336963968
-0.032529111166
0.172493322145
0.984473417997
-0.041580742395
0.075347055937
0.996290049646
-0.465115590563
0.278937277804
0.840155629908
-0.379430981520
0.317925722803
0.868881674938
-0.290423164682
0.352809408107
0.889482943607
-0.199084751663
0.383602223210
0.901784118292
-0.105261874288
0.411523697946
0.905300051834
-0.116053600424
0.320578137426
0.940085751213
-0.125027957169
0.227295435323
0.965766428805
-0.133595734945
0.131389027262
0.982287688572
-0.142106306704
0.033601350583
0.989280924123
-0.394022458167
0.215117282987
0.893571965216
-0.305459567449
0.252692228550
0.918063772449
-0.212865031730
0.287102635568
0.933948903804
-0.222815177990
0.189936858518
0.956178532615
-0.231336037086
0.091157905049
0.968593761229
-0.404165420358
0.110653754721
0.907968093907
-0.316030587586
0.151658520921
0.936549176895
-0.324472167592
0.049315839256
0.944608786989
0.586059272742
0.808856501597
-0.047808876344
0.651001855532
0.752800063445
-0.097409694442
0.708458672586
0.690669204279
-0.145128768679
0.759416913293
0.621734689868
-0.191655751854
0.803522431927
0.546252917514
-0.236557501463
0.826061618591
0.502014191229
0.256132688455
0.794411080591
0.574397528683
0.197429769987
0.755794297045
0.640424585290
0.136496634061
0.710561446735
0.699712205218
0.074197441212
0.657866247832
0.753051983129
0.011167393107
0.719508056623
0.693533502020
-0.036324069580
0.773597279826
0.628133320786
-0.083640779314
0.820883858594
0.556156447741
-0.129767855556
0.861014844814
0.477911261938
-0.173937525342
0.853451238414
0.499059884589
0.150200583367
0.817372784588
0.569071996032
0.089770787829
0.773293457400
0.633466450893
0.027156662809
0.826278554396
0.562897736103
-0.020245721377
0.871107490191
0.486558408100
-0.066578194926
0.902450437800
0.418610831585
0.101725999601
0.868834433662
0.493310086908
0.042093764832
0.911201213084
0.411934331557
-0.004738750803
-0.497180818987
0.863786406885
-0.081757424811
-0.456562255186
0.872970345218
-0.171679013016
-0.412401738451
0.873642452180
-0.258212454913
-0.364149073999
0.866023649212
-0.342634631804
-0.311904557400
0.850089473448
-0.424338820055
-0.022804589349
0.998454337003
-0.050684195013
-0.120495952816
0.990899983181
-0.059982903291
-0.216312774047
0.973842502806
-0.069566971422
-0.309404781998
0.947640658839
-0.079030769904
-0.400356304840
0.912201880339
-0.087192652675
-0.356902207006
0.917636241602
-0.174827179614
-0.310936214637
0.914073584344
-0.260361580945
-0.261156882818
0.902086743191
-0.343564535882
-0.207538875926
0.881781621543
-0.423543134626
-0.064916699619
0.986401030867
-0.150992809149
-0.162921440721
0.973545170525
-0.160207381545
-0.259945972759
0.950732644441
-0.168924628285
-0.210182579895
0.943665988677
-0.255573443304
-0.157736099976
0.927446173855
-0.339061819387
-0.008927755120
0.970838219200
-0.239569295464
-0.109564756089
0.962564554275
-0.247921445374
-0.054054590060
0.941680077928
-0.332139627456
-0.084477415833
0.504301847930
0.859385368963
-0.180372783772
0.479322842516
0.858903528644
-0.272667759690
0.450246217673
0.850253277734
-0.362738728129
0.416782281489
0.833494538046
-0.450037132132
0.379183611872
0.808508731054
-0.338141438679
0.775377423578
0.533338746440
-0.294484146255
0.734428177300
0.611469001661
-0.249058358316
0.686227325623
0.683419338124
-0.202071913074
0.631530676831
0.748555907176
-0.152248068705
0.570673595157
0.806940006051
-0.246552249193
0.544680877009
0.801582641179
-0.337633108020
0.513235698881
0.789045627174
-0.426131240830
0.477319322712
0.768491008246
-0.511369662185
0.437471710188
0.739675314839
-0.394512080627
0.702458429265
0.592378572700
-0.348991776417
0.657165403043
0.668085603076
-0.300482452911
0.604368829115
0.737867612710
-0.393280796511
0.570705111092
0.720850810687
-0.482035353129
0.532045670804
0.696110136769
-0.489357262322
0.662881142336
0.566672798842
-0.443239089987
0.620912988288
0.646533966689
-0.532674455432
0.579061585627
0.617207910336
0.859385368963
-0.084477415833
0.504301847930
0.858903528644
-0.180372783772
0.479322842516
0.850253277734
-0.272667759690
0.450246217673
0.833494538046
-0.362738728129
0.416782281489
0.808508731054
-0.450037132132
0.379183611872
0.533338746440
-0.338141438679
0.775377423578
0.611469001661
-0.294484146255
0.734428177300
0.683419338124
-0.249058358316
0.686227325623
0.748555907176
-0.202071913074
0.631530676831
0.806940006051
-0.152248068705
0.570673595157
0.801582641179
-0.246552249193
0.544680877009
0.789045627174
-0.337633108020
0.513235698881
0.768491008246
-0.426131240830
0.477319322712
0.739675314839
-0.511369662185
0.437471710188
0.592378572700
-0.394512080627
0.702458429265
0.668085603076
-0.348991776417
0.657165403043
0.737867612710
-0.300482452911
0.604368829115
0.720850810687
-0.393280796511
0.570705111092
0.696110136769
-0.482035353129
0.532045670804
0.566672798842
-0.489357262322
0.662881142336
0.646533966689
-0.443239089987
0.620912988288
0.617207910336
-0.532674455432
0.579061585627
-0.863786406885
-0.081757424811
0.497180818987
-0.872970345218
-0.171679013016
0.456562255186
-0.873642452180
-0.258212454913
0.412401738451
-0.866023649212
-0.342634631804
0.364149073999
-0.850089473448
-0.424338820055
0.311904557400
-0.998454337003
-0.050684195013
0.022804589349
-0.990899983181
-0.059982903291
0.120495952816
-0.973842502806
-0.069566971422
0.216312774047
-0.947640658839
-0.079030769904
0.309404781998
-0.912201880339
-0.087192652675
0.400356304840
-0.917636241602
-0.174827179614
0.356902207006
-0.914073584344
-0.260361580945
0.310936214637
-0.902086743191
-0.343564535882
0.261156882818
-0.881781621543
-0.423543134626
0.207538875926
-0.986401030867
-0.150992809149
0.064916699619
-0.973545170525
-0.160207381545
0.162921440721
-0.950732644441
-0.168924628285
0.259945972759
-0.943665988677
-0.255573443304
0.210182579895
-0.927446173855
-0.339061819387
0.157736099976
-0.970838219200
-0.239569295464
0.008927755120
-0.962564554275
-0.247921445374
0.109564756089
-0.941680077928
-0.332139627456
0.054054590060
0.504301847930
0.859385368963
-0.084477415833
0.479322842516
0.858903528644
-0.180372783772
0.450246217673
0.850253277734
-0.272667759690
0.416782281489
0.833494538046
-0.362738728129
0.379183611872
0.808508731054
-0.450037132132
0.775377423578
0.533338746440
-0.338141438679
0.734428177300
0.611469001661
-0.294484146255
0.686227325623
0.683419338124
-0.249058358316
0.631530676831
0.748555907176
-0.202071913074
0.570673595157
0.806940006051
-0.152248068705
0.544680877009
0.801582641179
-0.246552249193
0.513235698881
0.789045627174
-0.337633108020
0.477319322712
0.768491008246
-0.426131240830
0.437471710188
0.739675314839
-0.511369662185
0.702458429265
0.592378572700
-0.394512080627
0.657165403043
0.668085603076
-0.348991776417
0.604368829115
0.737867612710
-0.300482452911
0.570705111092
0.720850810687
-0.393280796511
0.532045670804
0.696110136769
-0.482035353129
0.662881142336
0.566672798842
-0.489357262322
0.620912988288
0.646533966689
-0.443239089987
0.579061585627
0.617207910336
-0.532674455432
-0.047808876344
0.586059272742
0.808856501597
-0.097409694442
0.651001855532
0.752800063445
-0.145128768679
0.708458672586
0.690669204279
-0.191655751854
0.759416913293
0.621734689868
-0.236557501463
0.803522431927
0.546252917514
0.256132688455
0.826061618591
0.502014191229
0.197429769987
0.794411080591
0.574397528683
0.136496634061
0.755794297045
0.640424585290
0.074197441212
0.710561446735
0.699712205218
0.011167393107
0.657866247832
0.753051983129
-0.036324069580
0.719508056623
0.693533502020
-0.083640779314
0.773597279826
0.628133320786
-0.129767855556
0.820883858594
0.556156447741
-0.173937525342
0.861014844814
0.477911261938
0.150200583367
0.853451238414
0.499059884589
0.089770787829
0.817372784588
0.569071996032
0.027156662809
0.773293457400
0.633466450893
-0.020245721377
0.826278554396
0.562897736103
-0.066578194926
0.871107490191
0.486558408100
0.101725999601
0.902450437800
0.418610831585
0.042093764832
0.868834433662
0.493310086908
-0.004738750803
0.911201213084
0.411934331557
-0.054929905288
-0.581658234820
0.811576492619
-0.120170281773
-0.636935038958
0.761493834201
-0.182973247901
-0.685069498140
0.705124509055
-0.244288959344
-0.726887802128
0.641838786192
-0.303836555935
-0.761941689532
0.571951229591
-0.496440145774
-0.360946028028
0.789471434895
-0.416502454498
-0.414980099071
0.808898771647
-0.333417917516
-0.465371132363
0.819915972184
-0.247928453621
-0.511476695072
0.822753348388
-0.159149897211
-0.552604373544
0.818107399158
-0.224102739582
-0.603454456199
0.765258571599
-0.285940263558
-0.648569322657
0.705404847860
-0.345930295450
-0.687288123649
0.638723152690
-0.403870359604
-0.718908538111
0.565737789497
-0.487341146278
-0.459428780247
0.742579156067
-0.404473174492
-0.511913217138
0.757856390905
-0.317266193547
-0.560428425670
0.765024275519
-0.380768252574
-0.603463376407
0.700605089311
-0.440887765755
-0.639771453105
0.629531941842
-0.552227387615
-0.498285017442
0.668398798443
-0.469254467367
-0.552803846076
0.688627731521
-0.529745746371
-0.586729045492
0.612469159532
0.893333917430
-0.004401037922
0.449371942642
0.933172847217
-0.014066816574
0.359152560743
0.963336963968
-0.023389174446
0.267272969772
0.984473417997
-0.032529111166
0.172493322145
0.996290049646
-0.041580742395
0.075347055937
0.840155629908
-0.465115590563
0.278937277804
0.868881674938
-0.379430981520
0.317925722803
0.889482943607
-0.290423164682
0.352809408107
0.901784118292
-0.199084751663
0.383602223210
0.905300051834
-0.105261874288
0.411523697946
0.940085751213
-0.116053600424
0.320578137426
0.965766428805
-0.125027957169
0.227295435323
0.982287688572
-0.133595734945
0.131389027262
0.989280924123
-0.142106306704
0.033601350583
0.893571965216
-0.394022458167
0.215117282987
0.918063772449
-0.305459567449
0.252692228550
0.933948903804
-0.212865031730
0.287102635568
0.956178532615
-0.222815177990
0.189936858518
0.968593761229
-0.231336037086
0.091157905049
0.907968093907
-0.404165420358
0.110653754721
0.936549176895
-0.316030587586
0.151658520921
0.944608786989
-0.324472167592
0.049315839256
0.054929905288
0.581658234820
0.811576492619
0.120170281773
0.636935038958
0.761493834201
0.182973247901
0.685069498140
0.705124509055
0.244288959344
0.726887802128
0.641838786192
0.303836555935
0.761941689532
0.571951229591
0.496440145774
0.360946028028
0.789471434895
0.416502454498
0.414980099071
0.808898771647
0.333417917516
0.465371132363
0.819915972184
0.247928453621
0.511476695072
0.822753348388
0.159149897211
0.552604373544
0.818107399158
0.224102739582
0.603454456199
0.765258571599
0.285940263558
0.648569322657
0.705404847860
0.345930295450
0.687288123649
0.638723152690
0.403870359604
0.718908538111
0.565737789497
0.487341146278
0.459428780247
0.742579156067
0.404473174492
0.511913217138
0.757856390905
0.317266193547
0.560428425670
0.765024275519
0.380768252574
0.603463376407
0.700605089311
0.440887765755
0.639771453105
0.629531941842
0.552227387615
0.498285017442
0.668398798443
0.469254467367
0.552803846076
0.688627731521
0.529745746371
0.586729045492
0.612469159532
-0.081757424811
-0.497180818987
0.863786406885
-0.171679013016
-0.456562255186
0.872970345218
-0.258212454913
-0.412401738451
0.873642452180
-0.342634631804
-0.364149073999
0.866023649212
-0.424338820055
-0.311904557400
0.850089473448
-0.050684195013
-0.022804589349
0.998454337003
-0.059982903291
-0.120495952816
0.990899983181
-0.069566971422
-0.216312774047
0.973842502806
-0.079030769904
-0.309404781998
0.947640658839
-0.087192652675
-0.400356304840
0.912201880339
-0.174827179614
-0.356902207006
0.917636241602
-0.260361580945
-0.310936214637
0.914073584344
-0.343564535882
-0.261156882818
0.902086743191
-0.423543134626
-0.207538875926
0.881781621543
-0.150992809149
-0.064916699619
0.986401030867
-0.160207381545
-0.162921440721
0.973545170525
-0.168924628285
-0.259945972759
0.950732644441
-0.255573443304
-0.210182579895
0.943665988677
-0.339061819387
-0.157736099976
0.927446173855
-0.239569295464
-0.008927755120
0.970838219200
-0.247921445374
-0.109564756089
0.962564554275
-0.332139627456
-0.054054590060
0.941680077928
0.081757424811
0.497180818987
0.863786406885
0.171679013016
0.456562255186
0.872970345218
0.258212454913
0.412401738451
0.873642452180
0.342634631804
0.364149073999
0.866023649212
0.424338820055
0.311904557400
0.850089473448
0.050684195013
0.022804589349
0.998454337003
0.059982903291
0.120495952816
0.990899983181
0.069566971422
0.216312774047
0.973842502806
0.079030769904
0.309404781998
0.947640658839
0.087192652675
0.400356304840
0.912201880339
0.174827179614
0.356902207006
0.917636241602
0.260361580945
0.310936214637
0.914073584344
0.343564535882
0.261156882818
0.902086743191
0.423543134626
0.207538875926
0.881781621543
0.150992809149
0.064916699619
0.986401030867
0.160207381545
0.162921440721
0.973545170525
0.168924628285
0.259945972759
0.950732644441
0.255573443304
0.210182579895
0.943665988677
0.339061819387
0.157736099976
0.927446173855
0.239569295464
0.008927755120
0.970838219200
0.247921445374
0.109564756089
0.962564554275
0.332139627456
0.054054590060
0.941680077928
-0.449371942642
0.893333917430
0.004401037922
-0.359152560743
0.933172847217
0.014066816574
-0.267272969772
0.963336963968
0.023389174446
-0.172493322145
0.984473417997
0.032529111166
-0.075347055937
0.996290049646
0.041580742395
-0.278937277804
0.840155629908
0.465115590563
-0.317925722803
0.868881674938
0.379430981520
-0.352809408107
0.889482943607
0.290423164682
-0.383602223210
0.901784118292
0.199084751663
-0.411523697946
0.905300051834
0.105261874288
-0.320578137426
0.940085751213
0.116053600424
-0.227295435323
0.965766428805
0.125027957169
-0.131389027262
0.982287688572
0.133595734945
-0.033601350583
0.989280924123
0.142106306704
-0.215117282987
0.893571965216
0.394022458167
-0.252692228550
0.918063772449
0.305459567449
-0.287102635568
0.933948903804
0.212865031730
-0.189936858518
0.956178532615
0.222815177990
-0.091157905049
0.968593761229
0.231336037086
-0.110653754721
0.907968093907
0.404165420358
-0.151658520921
0.936549176895
0.316030587586
-0.049315839256
0.944608786989
0.324472167592
-0.808856501597
-0.047808876344
-0.586059272742
-0.752800063445
-0.097409694442
-0.651001855532
-0.690669204279
-0.145128768679
-0.708458672586
-0.621734689868
-0.191655751854
-0.759416913293
-0.546252917514
-0.236557501463
-0.803522431927
-0.502014191229
0.256132688455
-0.826061618591
-0.574397528683
0.197429769987
-0.794411080591
-0.640424585290
0.136496634061
-0.755794297045
-0.699712205218
0.074197441212
-0.710561446735
-0.753051983129
0.011167393107
-0.657866247832
-0.693533502020
-0.036324069580
-0.719508056623
-0.628133320786
-0.083640779314
-0.773597279826
-0.556156447741
-0.129767855556
-0.820883858594
-0.477911261938
-0.173937525342
-0.861014844814
-0.499059884589
0.150200583367
-0.853451238414
-0.569071996032
0.089770787829
-0.817372784588
-0.633466450893
0.027156662809
-0.773293457400
-0.562897736103
-0.020245721377
-0.826278554396
-0.486558408100
-0.066578194926
-0.871107490191
-0.418610831585
0.101725999601
-0.902450437800
-0.493310086908
0.042093764832
-0.868834433662
-0.411934331557
-0.004738750803
-0.911201213084
-0.811576492619
-0.054929905288
0.581658234820
-0.761493834201
-0.120170281773
0.636935038958
-0.705124509055
-0.182973247901
0.685069498140
-0.641838786192
-0.244288959344
0.726887802128
-0.571951229591
-0.303836555935
0.761941689532
-0.789471434895
-0.496440145774
0.360946028028
-0.808898771647
-0.416502454498
0.414980099071
-0.819915972184
-0.333417917516
0.465371132363
-0.822753348388
-0.247928453621
0.511476695072
-0.818107399158
-0.159149897211
0.552604373544
-0.765258571599
-0.224102739582
0.603454456199
-0.705404847860
-0.285940263558
0.648569322657
-0.638723152690
-0.345930295450
0.687288123649
-0.565737789497
-0.403870359604
0.718908538111
-0.742579156067
-0.487341146278
0.459428780247
-0.757856390905
-0.404473174492
0.511913217138
-0.765024275519
-0.317266193547
0.560428425670
-0.700605089311
-0.380768252574
0.603463376407
-0.629531941842
-0.440887765755
0.639771453105
-0.668398798443
-0.552227387615
0.498285017442
-0.688627731521
-0.469254467367
0.552803846076
-0.612469159532
-0.529745746371
0.586729045492
-0.504301847930
0.859385368963
0.084477415833
-0.479322842516
0.858903528644
0.180372783772
-0.450246217673
0.850253277734
0.272667759690
-0.416782281489
0.833494538046
0.362738728129
-0.379183611872
0.808508731054
0.450037132132
-0.775377423578
0.533338746440
0.338141438679
-0.734428177300
0.611469001661
0.294484146255
-0.686227325623
0.683419338124
0.249058358316
-0.631530676831
0.748555907176
0.202071913074
-0.570673595157
0.806940006051
0.152248068705
-0.544680877009
0.801582641179
0.246552249193
-0.513235698881
0.789045627174
0.337633108020
-0.477319322712
0.768491008246
0.426131240830
-0.437471710188
0.739675314839
0.511369662185
-0.702458429265
0.592378572700
0.394512080627
-0.657165403043
0.668085603076
0.348991776417
-0.604368829115
0.737867612710
0.300482452911
-0.570705111092
0.720850810687
0.393280796511
-0.532045670804
0.696110136769
0.482035353129
-0.662881142336
0.566672798842
0.489357262322
-0.620912988288
0.646533966689
0.443239089987
-0.579061585627
0.617207910336
0.532674455432
-0.811576492619
0.054929905288
-0.581658234820
-0.761493834201
0.120170281773
-0.636935038958
-0.705124509055
0.182973247901
-0.685069498140
-0.641838786192
0.244288959344
-0.726887802128
-0.571951229591
0.303836555935
-0.761941689532
-0.789471434895
0.496440145774
-0.360946028028
-0.808898771647
0.416502454498
-0.414980099071
-0.819915972184
0.333417917516
-0.465371132363
-0.822753348388
0.247928453621
-0.511476695072
-0.818107399158
0.159149897211
-0.552604373544
-0.765258571599
0.224102739582
-0.603454456199
-0.705404847860
0.285940263558
-0.648569322657
-0.638723152690
0.345930295450
-0.687288123649
-0.565737789497
0.403870359604
-0.718908538111
-0.742579156067
0.487341146278
-0.459428780247
-0.757856390905
0.404473174492
-0.511913217138
-0.765024275519
0.317266193547
-0.560428425670
-0.700605089311
0.380768252574
-0.603463376407
-0.629531941842
0.440887765755
-0.639771453105
-0.668398798443
0.552227387615
-0.498285017442
-0.688627731521
0.469254467367
-0.552803846076
-0.612469159532
0.529745746371
-0.586729045492
-0.449371942642
-0.893333917430
-0.004401037922
-0.359152560743
-0.933172847217
-0.014066816574
-0.267272969772
-0.963336963968
-0.023389174446
-0.172493322145
-0.984473417997
-0.032529111166
-0.075347055937
-0.996290049646
-0.041580742395
-0.278937277804
-0.840155629908
-0.465115590563
-0.317925722803
-0.868881674938
-0.379430981520
-0.352809408107
-0.889482943607
-0.290423164682
-0.383602223210
-0.901784118292
-0.199084751663
-0.411523697946
-0.905300051834
-0.105261874288
-0.320578137426
-0.940085751213
-0.116053600424
-0.227295435323
-0.965766428805
-0.125027957169
-0.131389027262
-0.982287688572
-0.133595734945
-0.033601350583
-0.989280924123
-0.142106306704
-0.215117282987
-0.893571965216
-0.394022458167
-0.252692228550
-0.918063772449
-0.305459567449
-0.287102635568
-0.933948903804
-0.212865031730
-0.189936858518
-0.956178532615
-0.222815177990
-0.091157905049
-0.968593761229
-0.231336037086
-0.110653754721
-0.907968093907
-0.404165420358
-0.151658520921
-0.936549176895
-0.316030587586
-0.049315839256
-0.944608786989
-0.324472167592
0.808856501597
-0.047808876344
0.586059272742
0.752800063445
-0.097409694442
0.651001855532
0.690669204279
-0.145128768679
0.708458672586
0.621734689868
-0.191655751854
0.759416913293
0.546252917514
-0.236557501463
0.803522431927
0.502014191229
0.256132688455
0.826061618591
0.574397528683
0.197429769987
0.794411080591
0.640424585290
0.136496634061
0.755794297045
0.699712205218
0.074197441212
0.710561446735
0.753051983129
0.011167393107
0.657866247832
0.693533502020
-0.036324069580
0.719508056623
0.628133320786
-0.083640779314
0.773597279826
0.556156447741
-0.129767855556
0.820883858594
0.477911261938
-0.173937525342
0.861014844814
0.499059884589
0.150200583367
0.853451238414
0.569071996032
0.089770787829
0.817372784588
0.633466450893
0.027156662809
0.773293457400
0.562897736103
-0.020245721377
0.826278554396
0.486558408100
-0.066578194926
0.871107490191
0.418610831585
0.101725999601
0.902450437800
0.493310086908
0.042093764832
0.868834433662
0.411934331557
-0.004738750803
0.911201213084
0.811576492619
-0.054929905288
-0.581658234820
0.761493834201
-0.120170281773
-0.636935038958
0.705124509055
-0.182973247901
-0.685069498140
0.641838786192
-0.244288959344
-0.726887802128
0.571951229591
-0.303836555935
-0.761941689532
0.789471434895
-0.496440145774
-0.360946028028
0.808898771647
-0.416502454498
-0.414980099071
0.819915972184
-0.333417917516
-0.465371132363
0.822753348388
-0.247928453621
-0.511476695072
0.818107399158
-0.159149897211
-0.552604373544
0.765258571599
-0.224102739582
-0.603454456199
0.705404847860
-0.285940263558
-0.648569322657
0.638723152690
-0.345930295450
-0.687288123649
0.565737789497
-0.403870359604
-0.718908538111
0.742579156067
-0.487341146278
-0.459428780247
0.757856390905
-0.404473174492
-0.511913217138
0.765024275519
-0.317266193547
-0.560428425670
0.700605089311
-0.380768252574
-0.603463376407
0.629531941842
-0.440887765755
-0.639771453105
0.668398798443
-0.552227387615
-0.498285017442
0.688627731521
-0.469254467367
-0.552803846076
0.612469159532
-0.529745746371
-0.586729045492
0.449371942642
0.893333917430
-0.004401037922
0.359152560743
0.933172847217
-0.014066816574
0.267272969772
0.963336963968
-0.023389174446
0.172493322145
0.984473417997
-0.032529111166
0.075347055937
0.996290049646
-0.041580742395
0.278937277804
0.840155629908
-0.465115590563
0.317925722803
0.868881674938
-0.379430981520
0.352809408107
0.889482943607
-0.290423164682
0.383602223210
0.901784118292
-0.199084751663
0.411523697946
0.905300051834
-0.105261874288
0.320578137426
0.940085751213
-0.116053600424
0.227295435323
0.965766428805
-0.125027957169
0.131389027262
0.982287688572
-0.133595734945
0.033601350583
0.989280924123
-0.142106306704
0.215117282987
0.893571965216
-0.394022458167
0.252692228550
0.918063772449
-0.305459567449
0.287102635568
0.933948903804
-0.212865031730
0.189936858518
0.956178532615
-0.222815177990
0.091157905049
0.968593761229
-0.231336037086
0.110653754721
0.907968093907
-0.404165420358
0.151658520921
0.936549176895
-0.316030587586
0.049315839256
0.944608786989
-0.324472167592
0.811576492619
0.054929905288
0.581658234820
0.761493834201
0.120170281773
0.636935038958
0.705124509055
0.182973247901
0.685069498140
0.641838786192
0.244288959344
0.726887802128
0.571951229591
0.303836555935
0.761941689532
0.789471434895
0.496440145774
0.360946028028
0.808898771647
0.416502454498
0.414980099071
0.819915972184
0.333417917516
0.465371132363
0.822753348388
0.247928453621
0.511476695072
0.818107399158
0.159149897211
0.552604373544
0.765258571599
0.224102739582
0.603454456199
0.705404847860
0.285940263558
0.648569322657
0.638723152690
0.345930295450
0.687288123649
0.565737789497
0.403870359604
0.718908538111
0.742579156067
0.487341146278
0.459428780247
0.757856390905
0.404473174492
0.511913217138
0.765024275519
0.317266193547
0.560428425670
0.700605089311
0.380768252574
0.603463376407
0.629531941842
0.440887765755
0.639771453105
0.668398798443
0.552227387615
0.498285017442
0.688627731521
0.469254467367
0.552803846076
0.612469159532
0.529745746371
0.586729045492
0.863786406885
-0.081757424811
-0.497180818987
0.872970345218
-0.171679013016
-0.456562255186
0.873642452180
-0.258212454913
-0.412401738451
0.866023649212
-0.342634631804
-0.364149073999
0.850089473448
-0.424338820055
-0.311904557400
0.998454337003
-0.050684195013
-0.022804589349
0.990899983181
-0.059982903291
-0.120495952816
0.973842502806
-0.069566971422
-0.216312774047
0.947640658839
-0.079030769904
-0.309404781998
0.912201880339
-0.087192652675
-0.400356304840
0.917636241602
-0.174827179614
-0.356902207006
0.914073584344
-0.260361580945
-0.310936214637
0.902086743191
-0.343564535882
-0.261156882818
0.881781621543
-0.423543134626
-0.207538875926
0.986401030867
-0.150992809149
-0.064916699619
0.973545170525
-0.160207381545
-0.162921440721
0.950732644441
-0.168924628285
-0.259945972759
0.943665988677
-0.255573443304
-0.210182579895
0.927446173855
-0.339061819387
-0.157736099976
0.970838219200
-0.239569295464
-0.008927755120
0.962564554275
-0.247921445374
-0.109564756089
0.941680077928
-0.332139627456
-0.054054590060
-0.081757424811
0.497180818987
-0.863786406885
-0.171679013016
0.456562255186
-0.872970345218
-0.258212454913
0.412401738451
-0.873642452180
-0.342634631804
0.364149073999
-0.866023649212
-0.424338820055
0.311904557400
-0.850089473448
-0.050684195013
0.022804589349
-0.998454337003
-0.059982903291
0.120495952816
-0.990899983181
-0.069566971422
0.216312774047
-0.973842502806
-0.079030769904
0.309404781998
-0.947640658839
-0.087192652675
0.400356304840
-0.912201880339
-0.174827179614
0.356902207006
-0.917636241602
-0.260361580945
0.310936214637
-0.914073584344
-0.343564535882
0.261156882818
-0.902086743191
-0.423543134626
0.207538875926
-0.881781621543
-0.150992809149
0.064916699619
-0.986401030867
-0.160207381545
0.162921440721
-0.973545170525
-0.168924628285
0.259945972759
-0.950732644441
-0.255573443304
0.210182579895
-0.943665988677
-0.339061819387
0.157736099976
-0.927446173855
-0.239569295464
0.008927755120
-0.970838219200
-0.247921445374
0.109564756089
-0.962564554275
-0.332139627456
0.054054590060
-0.941680077928
0.449371942642
-0.893333917430
0.004401037922
0.359152560743
-0.933172847217
0.014066816574
0.267272969772
-0.963336963968
0.023389174446
0.172493322145
-0.984473417997
0.032529111166
0.075347055937
-0.996290049646
0.041580742395
0.278937277804
-0.840155629908
0.465115590563
0.317925722803
-0.868881674938
0.379430981520
0.352809408107
-0.889482943607
0.290423164682
0.383602223210
-0.901784118292
0.199084751663
0.411523697946
-0.905300051834
0.105261874288
0.320578137426
-0.940085751213
0.116053600424
0.227295435323
-0.965766428805
0.125027957169
0.131389027262
-0.982287688572
0.133595734945
0.033601350583
-0.989280924123
0.142106306704
0.215117282987
-0.893571965216
0.394022458167
0.252692228550
-0.918063772449
0.305459567449
0.287102635568
-0.933948903804
0.212865031730
0.189936858518
-0.956178532615
0.222815177990
0.091157905049
-0.968593761229
0.231336037086
0.110653754721
-0.907968093907
0.404165420358
0.151658520921
-0.936549176895
0.316030587586
0.049315839256
-0.944608786989
0.324472167592
-0.893333917430
0.004401037922
0.449371942642
-0.933172847217
0.014066816574
0.359152560743
-0.963336963968
0.023389174446
0.267272969772
-0.984473417997
0.032529111166
0.172493322145
-0.996290049646
0.041580742395
0.075347055937
-0.840155629908
0.465115590563
0.278937277804
-0.868881674938
0.379430981520
0.317925722803
-0.889482943607
0.290423164682
0.352809408107
-0.901784118292
0.199084751663
0.383602223210
-0.905300051834
0.105261874288
0.411523697946
-0.940085751213
0.116053600424
0.320578137426
-0.965766428805
0.125027957169
0.227295435323
-0.982287688572
0.133595734945
0.131389027262
-0.989280924123
0.142106306704
0.033601350583
-0.893571965216
0.394022458167
0.215117282987
-0.918063772449
0.305459567449
0.252692228550
-0.933948903804
0.212865031730
0.287102635568
-0.956178532615
0.222815177990
0.189936858518
-0.968593761229
0.231336037086
0.091157905049
-0.907968093907
0.404165420358
0.110653754721
-0.936549176895
0.316030587586
0.151658520921
-0.944608786989
0.324472167592
0.049315839256
0.047808876344
-0.586059272742
0.808856501597
0.097409694442
-0.651001855532
0.752800063445
0.145128768679
-0.708458672586
0.690669204279
0.191655751854
-0.759416913293
0.621734689868
0.236557501463
-0.803522431927
0.546252917514
-0.256132688455
-0.826061618591
0.502014191229
-0.197429769987
-0.794411080591
0.574397528683
-0.136496634061
-0.755794297045
0.640424585290
-0.074197441212
-0.710561446735
0.699712205218
-0.011167393107
-0.657866247832
0.753051983129
0.036324069580
-0.719508056623
0.693533502020
0.083640779314
-0.773597279826
0.628133320786
0.129767855556
-0.820883858594
0.556156447741
0.173937525342
-0.861014844814
0.477911261938
-0.150200583367
-0.853451238414
0.499059884589
-0.089770787829
-0.817372784588
0.569071996032
-0.027156662809
-0.773293457400
0.633466450893
0.020245721377
-0.826278554396
0.562897736103
0.066578194926
-0.871107490191
0.486558408100
-0.101725999601
-0.902450437800
0.418610831585
-0.042093764832
-0.868834433662
0.493310086908
0.004738750803
-0.911201213084
0.411934331557
-0.859385368963
0.084477415833
0.504301847930
-0.858903528644
0.180372783772
0.479322842516
-0.850253277734
0.272667759690
0.450246217673
-0.833494538046
0.362738728129
0.416782281489
-0.808508731054
0.450037132132
0.379183611872
-0.533338746440
0.338141438679
0.775377423578
-0.611469001661
0.294484146255
0.734428177300
-0.683419338124
0.249058358316
0.686227325623
-0.748555907176
0.202071913074
0.631530676831
-0.806940006051
0.152248068705
0.570673595157
-0.801582641179
0.246552249193
0.544680877009
-0.789045627174
0.337633108020
0.513235698881
-0.768491008246
0.426131240830
0.477319322712
-0.739675314839
0.511369662185
0.437471710188
-0.592378572700
0.394512080627
0.702458429265
-0.668085603076
0.348991776417
0.657165403043
-0.737867612710
0.300482452911
0.604368829115
-0.720850810687
0.393280796511
0.570705111092
-0.696110136769
0.482035353129
0.532045670804
-0.566672798842
0.489357262322
0.662881142336
-0.646533966689
0.443239089987
0.620912988288
-0.617207910336
0.532674455432
0.579061585627
-0.504301847930
-0.859385368963
-0.084477415833
-0.479322842516
-0.858903528644
-0.180372783772
-0.450246217673
-0.850253277734
-0.272667759690
-0.416782281489
-0.833494538046
-0.362738728129
-0.379183611872
-0.808508731054
-0.450037132132
-0.775377423578
-0.533338746440
-0.338141438679
-0.734428177300
-0.611469001661
-0.294484146255
-0.686227325623
-0.683419338124
-0.249058358316
-0.631530676831
-0.748555907176
-0.202071913074
-0.570673595157
-0.806940006051
-0.152248068705
-0.544680877009
-0.801582641179
-0.246552249193
-0.513235698881
-0.789045627174
-0.337633108020
-0.477319322712
-0.768491008246
-0.426131240830
-0.437471710188
-0.739675314839
-0.511369662185
-0.702458429265
-0.592378572700
-0.394512080627
-0.657165403043
-0.668085603076
-0.348991776417
-0.604368829115
-0.737867612710
-0.300482452911
-0.570705111092
-0.720850810687
-0.393280796511
-0.532045670804
-0.696110136769
-0.482035353129
-0.662881142336
-0.566672798842
-0.489357262322
-0.620912988288
-0.646533966689
-0.443239089987
-0.579061585627
-0.617207910336
-0.532674455432
0.084477415833
-0.504301847930
0.859385368963
0.180372783772
-0.479322842516
0.858903528644
0.272667759690
-0.450246217673
0.850253277734
0.362738728129
-0.416782281489
0.833494538046
0.450037132132
-0.379183611872
0.808508731054
0.338141438679
-0.775377423578
0.533338746440
0.294484146255
-0.734428177300
0.611469001661
0.249058358316
-0.686227325623
0.683419338124
0.202071913074
-0.631530676831
0.748555907176
0.152248068705
-0.570673595157
0.806940006051
0.246552249193
-0.544680877009
0.801582641179
0.337633108020
-0.513235698881
0.789045627174
0.426131240830
-0.477319322712
0.768491008246
0.511369662185
-0.437471710188
0.739675314839
0.394512080627
-0.702458429265
0.592378572700
0.348991776417
-0.657165403043
0.668085603076
0.300482452911
-0.604368829115
0.737867612710
0.393280796511
-0.570705111092
0.720850810687
0.482035353129
-0.532045670804
0.696110136769
0.489357262322
-0.662881142336
0.566672798842
0.443239089987
-0.620912988288
0.646533966689
0.532674455432
-0.579061585627
0.617207910336
-0.808856501597
0.047808876344
0.586059272742
-0.752800063445
0.097409694442
0.651001855532
-0.690669204279
0.145128768679
0.708458672586
-0.621734689868
0.191655751854
0.759416913293
-0.546252917514
0.236557501463
0.803522431927
-0.502014191229
-0.256132688455
0.826061618591
-0.574397528683
-0.197429769987
0.794411080591
-0.640424585290
-0.136496634061
0.755794297045
-0.699712205218
-0.074197441212
0.710561446735
-0.753051983129
-0.011167393107
0.657866247832
-0.693533502020
0.036324069580
0.719508056623
-0.628133320786
0.083640779314
0.773597279826
-0.556156447741
0.129767855556
0.820883858594
-0.477911261938
0.173937525342
0.861014844814
-0.499059884589
-0.150200583367
0.853451238414
-0.569071996032
-0.089770787829
0.817372784588
-0.633466450893
-0.027156662809
0.773293457400
-0.562897736103
0.020245721377
0.826278554396
-0.486558408100
0.066578194926
0.871107490191
-0.418610831585
-0.101725999601
0.902450437800
-0.493310086908
-0.042093764832
0.868834433662
-0.411934331557
0.004738750803
0.911201213084
0.497180818987
-0.863786406885
-0.081757424811
0.456562255186
-0.872970345218
-0.171679013016
0.412401738451
-0.873642452180
-0.258212454913
0.364149073999
-0.866023649212
-0.342634631804
0.311904557400
-0.850089473448
-0.424338820055
0.022804589349
-0.998454337003
-0.050684195013
0.120495952816
-0.990899983181
-0.059982903291
0.216312774047
-0.973842502806
-0.069566971422
0.309404781998
-0.947640658839
-0.079030769904
0.400356304840
-0.912201880339
-0.087192652675
0.356902207006
-0.917636241602
-0.174827179614
0.310936214637
-0.914073584344
-0.260361580945
0.261156882818
-0.902086743191
-0.343564535882
0.207538875926
-0.881781621543
-0.423543134626
0.064916699619
-0.986401030867
-0.150992809149
0.162921440721
-0.973545170525
-0.160207381545
0.259945972759
-0.950732644441
-0.168924628285
0.210182579895
-0.943665988677
-0.255573443304
0.157736099976
-0.927446173855
-0.339061819387
0.008927755120
-0.970838219200
-0.239569295464
0.109564756089
-0.962564554275
-0.247921445374
0.054054590060
-0.941680077928
-0.332139627456
0.863786406885
0.081757424811
0.497180818987
0.872970345218
0.171679013016
0.456562255186
0.873642452180
0.258212454913
0.412401738451
0.866023649212
0.342634631804
0.364149073999
0.850089473448
0.424338820055
0.311904557400
0.998454337003
0.050684195013
0.022804589349
0.990899983181
0.059982903291
0.120495952816
0.973842502806
0.069566971422
0.216312774047
0.947640658839
0.079030769904
0.309404781998
0.912201880339
0.087192652675
0.400356304840
0.917636241602
0.174827179614
0.356902207006
0.914073584344
0.260361580945
0.310936214637
0.902086743191
0.343564535882
0.261156882818
0.881781621543
0.423543134626
0.207538875926
0.986401030867
0.150992809149
0.064916699619
0.973545170525
0.160207381545
0.162921440721
0.950732644441
0.168924628285
0.259945972759
0.943665988677
0.255573443304
0.210182579895
0.927446173855
0.339061819387
0.157736099976
0.970838219200
0.239569295464
0.008927755120
0.962564554275
0.247921445374
0.109564756089
0.941680077928
0.332139627456
0.054054590060
0.004401037922
-0.449371942642
0.893333917430
0.014066816574
-0.359152560743
0.933172847217
0.023389174446
-0.267272969772
0.963336963968
0.032529111166
-0.172493322145
0.984473417997
0.041580742395
-0.075347055937
0.996290049646
0.465115590563
-0.278937277804
0.840155629908
0.379430981520
-0.317925722803
0.868881674938
0.290423164682
-0.352809408107
0.889482943607
0.199084751663
-0.383602223210
0.901784118292
0.105261874288
-0.411523697946
0.905300051834
0.116053600424
-0.320578137426
0.940085751213
0.125027957169
-0.227295435323
0.965766428805
0.133595734945
-0.131389027262
0.982287688572
0.142106306704
-0.033601350583
0.989280924123
0.394022458167
-0.215117282987
0.893571965216
0.305459567449
-0.252692228550
0.918063772449
0.212865031730
-0.287102635568
0.933948903804
0.222815177990
-0.189936858518
0.956178532615
0.231336037086
-0.091157905049
0.968593761229
0.404165420358
-0.110653754721
0.907968093907
0.316030587586
-0.151658520921
0.936549176895
0.324472167592
-0.049315839256
0.944608786989
0.808856501597
0.047808876344
-0.586059272742
0.752800063445
0.097409694442
-0.651001855532
0.690669204279
0.145128768679
-0.708458672586
0.621734689868
0.191655751854
-0.759416913293
0.546252917514
0.236557501463
-0.803522431927
0.502014191229
-0.256132688455
-0.826061618591
0.574397528683
-0.197429769987
-0.794411080591
0.640424585290
-0.136496634061
-0.755794297045
0.699712205218
-0.074197441212
-0.710561446735
0.753051983129
-0.011167393107
-0.657866247832
0.693533502020
0.036324069580
-0.719508056623
0.628133320786
0.083640779314
-0.773597279826
0.556156447741
0.129767855556
-0.820883858594
0.477911261938
0.173937525342
-0.861014844814
0.499059884589
-0.150200583367
-0.853451238414
0.569071996032
-0.089770787829
-0.817372784588
0.633466450893
-0.027156662809
-0.773293457400
0.562897736103
0.020245721377
-0.826278554396
0.486558408100
0.066578194926
-0.871107490191
0.418610831585
-0.101725999601
-0.902450437800
0.493310086908
-0.042093764832
-0.868834433662
0.411934331557
0.004738750803
-0.911201213084
-0.586059272742
-0.808856501597
-0.047808876344
-0.651001855532
-0.752800063445
-0.097409694442
-0.708458672586
-0.690669204279
-0.145128768679
-0.759416913293
-0.621734689868
-0.191655751854
-0.803522431927
-0.546252917514
-0.236557501463
-0.826061618591
-0.502014191229
0.256132688455
-0.794411080591
-0.574397528683
0.197429769987
-0.755794297045
-0.640424585290
0.136496634061
-0.710561446735
-0.699712205218
0.074197441212
-0.657866247832
-0.753051983129
0.011167393107
-0.719508056623
-0.693533502020
-0.036324069580
-0.773597279826
-0.628133320786
-0.083640779314
-0.820883858594
-0.556156447741
-0.129767855556
-0.861014844814
-0.477911261938
-0.173937525342
-0.853451238414
-0.499059884589
0.150200583367
-0.817372784588
-0.569071996032
0.089770787829
-0.773293457400
-0.633466450893
0.027156662809
-0.826278554396
-0.562897736103
-0.020245721377
-0.871107490191
-0.486558408100
-0.066578194926
-0.902450437800
-0.418610831585
0.101725999601
-0.868834433662
-0.493310086908
0.042093764832
-0.911201213084
-0.411934331557
-0.004738750803
0.504301847930
-0.859385368963
0.084477415833
0.479322842516
-0.858903528644
0.180372783772
0.450246217673
-0.850253277734
0.272667759690
0.416782281489
-0.833494538046
0.362738728129
0.379183611872
-0.808508731054
0.450037132132
0.775377423578
-0.533338746440
0.338141438679
0.734428177300
-0.611469001661
0.294484146255
0.686227325623
-0.683419338124
0.249058358316
0.631530676831
-0.748555907176
0.202071913074
0.570673595157
-0.806940006051
0.152248068705
0.544680877009
-0.801582641179
0.246552249193
0.513235698881
-0.789045627174
0.337633108020
0.477319322712
-0.768491008246
0.426131240830
0.437471710188
-0.739675314839
0.511369662185
0.702458429265
-0.592378572700
0.394512080627
0.657165403043
-0.668085603076
0.348991776417
0.604368829115
-0.737867612710
0.300482452911
0.570705111092
-0.720850810687
0.393280796511
0.532045670804
-0.696110136769
0.482035353129
0.662881142336
-0.566672798842
0.489357262322
0.620912988288
-0.646533966689
0.443239089987
0.579061585627
-0.617207910336
0.532674455432
-0.084477415833
-0.504301847930
-0.859385368963
-0.180372783772
-0.479322842516
-0.858903528644
-0.272667759690
-0.450246217673
-0.850253277734
-0.362738728129
-0.416782281489
-0.833494538046
-0.450037132132
-0.379183611872
-0.808508731054
-0.338141438679
-0.775377423578
-0.533338746440
-0.294484146255
-0.734428177300
-0.611469001661
-0.249058358316
-0.686227325623
-0.683419338124
-0.202071913074
-0.631530676831
-0.748555907176
-0.152248068705
-0.570673595157
-0.806940006051
-0.246552249193
-0.544680877009
-0.801582641179
-0.337633108020
-0.513235698881
-0.789045627174
-0.426131240830
-0.477319322712
-0.768491008246
-0.511369662185
-0.437471710188
-0.739675314839
-0.394512080627
-0.702458429265
-0.592378572700
-0.348991776417
-0.657165403043
-0.668085603076
-0.300482452911
-0.604368829115
-0.737867612710
-0.393280796511
-0.570705111092
-0.720850810687
-0.482035353129
-0.532045670804
-0.696110136769
-0.489357262322
-0.662881142336
-0.566672798842
-0.443239089987
-0.620912988288
-0.646533966689
-0.532674455432
-0.579061585627
-0.617207910336
0.084477415833
0.504301847930
-0.859385368963
0.180372783772
0.479322842516
-0.858903528644
0.272667759690
0.450246217673
-0.850253277734
0.362738728129
0.416782281489
-0.833494538046
0.450037132132
0.379183611872
-0.808508731054
0.338141438679
0.775377423578
-0.533338746440
0.294484146255
0.734428177300
-0.611469001661
0.249058358316
0.686227325623
-0.683419338124
0.202071913074
0.631530676831
-0.748555907176
0.152248068705
0.570673595157
-0.806940006051
0.246552249193
0.544680877009
-0.801582641179
0.337633108020
0.513235698881
-0.789045627174
0.426131240830
0.477319322712
-0.768491008246
0.511369662185
0.437471710188
-0.739675314839
0.394512080627
0.702458429265
-0.592378572700
0.348991776417
0.657165403043
-0.668085603076
0.300482452911
0.604368829115
-0.737867612710
0.393280796511
0.570705111092
-0.720850810687
0.482035353129
0.532045670804
-0.696110136769
0.489357262322
0.662881142336
-0.566672798842
0.443239089987
0.620912988288
-0.646533966689
0.532674455432
0.579061585627
-0.617207910336
-0.859385368963
-0.084477415833
-0.504301847930
-0.858903528644
-0.180372783772
-0.479322842516
-0.850253277734
-0.272667759690
-0.450246217673
-0.833494538046
-0.362738728129
-0.416782281489
-0.808508731054
-0.450037132132
-0.379183611872
-0.533338746440
-0.338141438679
-0.775377423578
-0.611469001661
-0.294484146255
-0.734428177300
-0.683419338124
-0.249058358316
-0.686227325623
-0.748555907176
-0.202071913074
-0.631530676831
-0.806940006051
-0.152248068705
-0.570673595157
-0.801582641179
-0.246552249193
-0.544680877009
-0.789045627174
-0.337633108020
-0.513235698881
-0.768491008246
-0.426131240830
-0.477319322712
-0.739675314839
-0.511369662185
-0.437471710188
-0.592378572700
-0.394512080627
-0.702458429265
-0.668085603076
-0.348991776417
-0.657165403043
-0.737867612710
-0.300482452911
-0.604368829115
-0.720850810687
-0.393280796511
-0.570705111092
-0.696110136769
-0.482035353129
-0.532045670804
-0.566672798842
-0.489357262322
-0.662881142336
-0.646533966689
-0.443239089987
-0.620912988288
-0.617207910336
-0.532674455432
-0.579061585627
-0.586059272742
0.808856501597
0.047808876344
-0.651001855532
0.752800063445
0.097409694442
-0.708458672586
0.690669204279
0.145128768679
-0.759416913293
0.621734689868
0.191655751854
-0.803522431927
0.546252917514
0.236557501463
-0.826061618591
0.502014191229
-0.256132688455
-0.794411080591
0.574397528683
-0.197429769987
-0.755794297045
0.640424585290
-0.136496634061
-0.710561446735
0.699712205218
-0.074197441212
-0.657866247832
0.753051983129
-0.011167393107
-0.719508056623
0.693533502020
0.036324069580
-0.773597279826
0.628133320786
0.083640779314
-0.820883858594
0.556156447741
0.129767855556
-0.861014844814
0.477911261938
0.173937525342
-0.853451238414
0.499059884589
-0.150200583367
-0.817372784588
0.569071996032
-0.089770787829
-0.773293457400
0.633466450893
-0.027156662809
-0.826278554396
0.562897736103
0.020245721377
-0.871107490191
0.486558408100
0.066578194926
-0.902450437800
0.418610831585
-0.101725999601
-0.868834433662
0.493310086908
-0.042093764832
-0.911201213084
0.411934331557
0.004738750803
0.047808876344
0.586059272742
-0.808856501597
0.097409694442
0.651001855532
-0.752800063445
0.145128768679
0.708458672586
-0.690669204279
0.191655751854
0.759416913293
-0.621734689868
0.236557501463
0.803522431927
-0.546252917514
-0.256132688455
0.826061618591
-0.502014191229
-0.197429769987
0.794411080591
-0.574397528683
-0.136496634061
0.755794297045
-0.640424585290
-0.074197441212
0.710561446735
-0.699712205218
-0.011167393107
0.657866247832
-0.753051983129
0.036324069580
0.719508056623
-0.693533502020
0.083640779314
0.773597279826
-0.628133320786
0.129767855556
0.820883858594
-0.556156447741
0.173937525342
0.861014844814
-0.477911261938
-0.150200583367
0.853451238414
-0.499059884589
-0.089770787829
0.817372784588
-0.569071996032
-0.027156662809
0.773293457400
-0.633466450893
0.020245721377
0.826278554396
-0.562897736103
0.066578194926
0.871107490191
-0.486558408100
-0.101725999601
0.902450437800
-0.418610831585
-0.042093764832
0.868834433662
-0.493310086908
0.004738750803
0.911201213084
-0.411934331557
0.054929905288
-0.581658234820
-0.811576492619
0.120170281773
-0.636935038958
-0.761493834201
0.182973247901
-0.685069498140
-0.705124509055
0.244288959344
-0.726887802128
-0.641838786192
0.303836555935
-0.761941689532
-0.571951229591
0.496440145774
-0.360946028028
-0.789471434895
0.416502454498
-0.414980099071
-0.808898771647
0.333417917516
-0.465371132363
-0.819915972184
0.247928453621
-0.511476695072
-0.822753348388
0.159149897211
-0.552604373544
-0.818107399158
0.224102739582
-0.603454456199
-0.765258571599
0.285940263558
-0.648569322657
-0.705404847860
0.345930295450
-0.687288123649
-0.638723152690
0.403870359604
-0.718908538111
-0.565737789497
0.487341146278
-0.459428780247
-0.742579156067
0.404473174492
-0.511913217138
-0.757856390905
0.317266193547
-0.560428425670
-0.765024275519
0.380768252574
-0.603463376407
-0.700605089311
0.440887765755
-0.639771453105
-0.629531941842
0.552227387615
-0.498285017442
-0.668398798443
0.469254467367
-0.552803846076
-0.688627731521
0.529745746371
-0.586729045492
-0.612469159532
-0.893333917430
-0.004401037922
-0.449371942642
-0.933172847217
-0.014066816574
-0.359152560743
-0.963336963968
-0.023389174446
-0.267272969772
-0.984473417997
-0.032529111166
-0.172493322145
-0.996290049646
-0.041580742395
-0.075347055937
-0.840155629908
-0.465115590563
-0.278937277804
-0.868881674938
-0.379430981520
-0.317925722803
-0.889482943607
-0.290423164682
-0.352809408107
-0.901784118292
-0.199084751663
-0.383602223210
-0.905300051834
-0.105261874288
-0.411523697946
-0.940085751213
-0.116053600424
-0.320578137426
-0.965766428805
-0.125027957169
-0.227295435323
-0.982287688572
-0.133595734945
-0.131389027262
-0.989280924123
-0.142106306704
-0.033601350583
-0.893571965216
-0.394022458167
-0.215117282987
-0.918063772449
-0.305459567449
-0.252692228550
-0.933948903804
-0.212865031730
-0.287102635568
-0.956178532615
-0.222815177990
-0.189936858518
-0.968593761229
-0.231336037086
-0.091157905049
-0.907968093907
-0.404165420358
-0.110653754721
-0.936549176895
-0.316030587586
-0.151658520921
-0.944608786989
-0.324472167592
-0.049315839256
-0.054929905288
0.581658234820
-0.811576492619
-0.120170281773
0.636935038958
-0.761493834201
-0.182973247901
0.685069498140
-0.705124509055
-0.244288959344
0.726887802128
-0.641838786192
-0.303836555935
0.761941689532
-0.571951229591
-0.496440145774
0.360946028028
-0.789471434895
-0.416502454498
0.414980099071
-0.808898771647
-0.333417917516
0.465371132363
-0.819915972184
-0.247928453621
0.511476695072
-0.822753348388
-0.159149897211
0.552604373544
-0.818107399158
-0.224102739582
0.603454456199
-0.765258571599
-0.285940263558
0.648569322657
-0.705404847860
-0.345930295450
0.687288123649
-0.638723152690
-0.403870359604
0.718908538111
-0.565737789497
-0.487341146278
0.459428780247
-0.742579156067
-0.404473174492
0.511913217138
-0.757856390905
-0.317266193547
0.560428425670
-0.765024275519
-0.380768252574
0.603463376407
-0.700605089311
-0.440887765755
0.639771453105
-0.629531941842
-0.552227387615
0.498285017442
-0.668398798443
-0.469254467367
0.552803846076
-0.688627731521
-0.529745746371
0.586729045492
-0.612469159532
0.893333917430
0.004401037922
-0.449371942642
0.933172847217
0.014066816574
-0.359152560743
0.963336963968
0.023389174446
-0.267272969772
0.984473417997
0.032529111166
-0.172493322145
0.996290049646
0.041580742395
-0.075347055937
0.840155629908
0.465115590563
-0.278937277804
0.868881674938
0.379430981520
-0.317925722803
0.889482943607
0.290423164682
-0.352809408107
0.901784118292
0.199084751663
-0.383602223210
0.905300051834
0.105261874288
-0.411523697946
0.940085751213
0.116053600424
-0.320578137426
0.965766428805
0.125027957169
-0.227295435323
0.982287688572
0.133595734945
-0.131389027262
0.989280924123
0.142106306704
-0.033601350583
0.893571965216
0.394022458167
-0.215117282987
0.918063772449
0.305459567449
-0.252692228550
0.933948903804
0.212865031730
-0.287102635568
0.956178532615
0.222815177990
-0.189936858518
0.968593761229
0.231336037086
-0.091157905049
0.907968093907
0.404165420358
-0.110653754721
0.936549176895
0.316030587586
-0.151658520921
0.944608786989
0.324472167592
-0.049315839256
-0.047808876344
-0.586059272742
-0.808856501597
-0.097409694442
-0.651001855532
-0.752800063445
-0.145128768679
-0.708458672586
-0.690669204279
-0.191655751854
-0.759416913293
-0.621734689868
-0.236557501463
-0.803522431927
-0.546252917514
0.256132688455
-0.826061618591
-0.502014191229
0.197429769987
-0.794411080591
-0.574397528683
0.136496634061
-0.755794297045
-0.640424585290
0.074197441212
-0.710561446735
-0.699712205218
0.011167393107
-0.657866247832
-0.753051983129
-0.036324069580
-0.719508056623
-0.693533502020
-0.083640779314
-0.773597279826
-0.628133320786
-0.129767855556
-0.820883858594
-0.556156447741
-0.173937525342
-0.861014844814
-0.477911261938
0.150200583367
-0.853451238414
-0.499059884589
0.089770787829
-0.817372784588
-0.569071996032
0.027156662809
-0.773293457400
-0.633466450893
-0.020245721377
-0.826278554396
-0.562897736103
-0.066578194926
-0.871107490191
-0.486558408100
0.101725999601
-0.902450437800
-0.418610831585
0.042093764832
-0.868834433662
-0.493310086908
-0.004738750803
-0.911201213084
-0.411934331557
0.859385368963
0.084477415833
-0.504301847930
0.858903528644
0.180372783772
-0.479322842516
0.850253277734
0.272667759690
-0.450246217673
0.833494538046
0.362738728129
-0.416782281489
0.808508731054
0.450037132132
-0.379183611872
0.533338746440
0.338141438679
-0.775377423578
0.611469001661
0.294484146255
-0.734428177300
0.683419338124
0.249058358316
-0.686227325623
0.748555907176
0.202071913074
-0.631530676831
0.806940006051
0.152248068705
-0.570673595157
0.801582641179
0.246552249193
-0.544680877009
0.789045627174
0.337633108020
-0.513235698881
0.768491008246
0.426131240830
-0.477319322712
0.739675314839
0.511369662185
-0.437471710188
0.592378572700
0.394512080627
-0.702458429265
0.668085603076
0.348991776417
-0.657165403043
0.737867612710
0.300482452911
-0.604368829115
0.720850810687
0.393280796511
-0.570705111092
0.696110136769
0.482035353129
-0.532045670804
0.566672798842
0.489357262322
-0.662881142336
0.646533966689
0.443239089987
-0.620912988288
0.617207910336
0.532674455432
-0.579061585627
-0.863786406885
0.081757424811
-0.497180818987
-0.872970345218
0.171679013016
-0.456562255186
-0.873642452180
0.258212454913
-0.412401738451
-0.866023649212
0.342634631804
-0.364149073999
-0.850089473448
0.424338820055
-0.311904557400
-0.998454337003
0.050684195013
-0.022804589349
-0.990899983181
0.059982903291
-0.120495952816
-0.973842502806
0.069566971422
-0.216312774047
-0.947640658839
0.079030769904
-0.309404781998
-0.912201880339
0.087192652675
-0.400356304840
-0.917636241602
0.174827179614
-0.356902207006
-0.914073584344
0.260361580945
-0.310936214637
-0.902086743191
0.343564535882
-0.261156882818
-0.881781621543
0.423543134626
-0.207538875926
-0.986401030867
0.150992809149
-0.064916699619
-0.973545170525
0.160207381545
-0.162921440721
-0.950732644441
0.168924628285
-0.259945972759
-0.943665988677
0.255573443304
-0.210182579895
-0.927446173855
0.339061819387
-0.157736099976
-0.970838219200
0.239569295464
-0.008927755120
-0.962564554275
0.247921445374
-0.109564756089
-0.941680077928
0.332139627456
-0.054054590060
0.081757424811
-0.497180818987
-0.863786406885
0.171679013016
-0.456562255186
-0.872970345218
0.258212454913
-0.412401738451
-0.873642452180
0.342634631804
-0.364149073999
-0.866023649212
0.424338820055
-0.311904557400
-0.850089473448
0.050684195013
-0.022804589349
-0.998454337003
0.059982903291
-0.120495952816
-0.990899983181
0.069566971422
-0.216312774047
-0.973842502806
0.079030769904
-0.309404781998
-0.947640658839
0.087192652675
-0.400356304840
-0.912201880339
0.174827179614
-0.356902207006
-0.917636241602
0.260361580945
-0.310936214637
-0.914073584344
0.343564535882
-0.261156882818
-0.902086743191
0.423543134626
-0.207538875926
-0.881781621543
0.150992809149
-0.064916699619
-0.986401030867
0.160207381545
-0.162921440721
-0.973545170525
0.168924628285
-0.259945972759
-0.950732644441
0.255573443304
-0.210182579895
-0.943665988677
0.339061819387
-0.157736099976
-0.927446173855
0.239569295464
-0.008927755120
-0.970838219200
0.247921445374
-0.109564756089
-0.962564554275
0.332139627456
-0.054054590060
-0.941680077928
0.581658234820
-0.811576492619
-0.054929905288
0.636935038958
-0.761493834201
-0.120170281773
0.685069498140
-0.705124509055
-0.182973247901
0.726887802128
-0.641838786192
-0.244288959344
0.761941689532
-0.571951229591
-0.303836555935
0.360946028028
-0.789471434895
-0.496440145774
0.414980099071
-0.808898771647
-0.416502454498
0.465371132363
-0.819915972184
-0.333417917516
0.511476695072
-0.822753348388
-0.247928453621
0.552604373544
-0.818107399158
-0.159149897211
0.603454456199
-0.765258571599
-0.224102739582
0.648569322657
-0.705404847860
-0.285940263558
0.687288123649
-0.638723152690
-0.345930295450
0.718908538111
-0.565737789497
-0.403870359604
0.459428780247
-0.742579156067
-0.487341146278
0.511913217138
-0.757856390905
-0.404473174492
0.560428425670
-0.765024275519
-0.317266193547
0.603463376407
-0.700605089311
-0.380768252574
0.639771453105
-0.629531941842
-0.440887765755
0.498285017442
-0.668398798443
-0.552227387615
0.552803846076
-0.688627731521
-0.469254467367
0.586729045492
-0.612469159532
-0.529745746371
-0.581658234820
-0.811576492619
0.054929905288
-0.636935038958
-0.761493834201
0.120170281773
-0.685069498140
-0.705124509055
0.182973247901
-0.726887802128
-0.641838786192
0.244288959344
-0.761941689532
-0.571951229591
0.303836555935
-0.360946028028
-0.789471434895
0.496440145774
-0.414980099071
-0.808898771647
0.416502454498
-0.465371132363
-0.819915972184
0.333417917516
-0.511476695072
-0.822753348388
0.247928453621
-0.552604373544
-0.818107399158
0.159149897211
-0.603454456199
-0.765258571599
0.224102739582
-0.648569322657
-0.705404847860
0.285940263558
-0.687288123649
-0.638723152690
0.345930295450
-0.718908538111
-0.565737789497
0.403870359604
-0.459428780247
-0.742579156067
0.487341146278
-0.511913217138
-0.757856390905
0.404473174492
-0.560428425670
-0.765024275519
0.317266193547
-0.603463376407
-0.700605089311
0.380768252574
-0.639771453105
-0.629531941842
0.440887765755
-0.498285017442
-0.668398798443
0.552227387615
-0.552803846076
-0.688627731521
0.469254467367
-0.586729045492
-0.612469159532
0.529745746371
-0.497180818987
-0.863786406885
0.081757424811
-0.456562255186
-0.872970345218
0.171679013016
-0.412401738451
-0.873642452180
0.258212454913
-0.364149073999
-0.866023649212
0.342634631804
-0.311904557400
-0.850089473448
0.424338820055
-0.022804589349
-0.998454337003
0.050684195013
-0.120495952816
-0.990899983181
0.059982903291
-0.216312774047
-0.973842502806
0.069566971422
-0.309404781998
-0.947640658839
0.079030769904
-0.400356304840
-0.912201880339
0.087192652675
-0.356902207006
-0.917636241602
0.174827179614
-0.310936214637
-0.914073584344
0.260361580945
-0.261156882818
-0.902086743191
0.343564535882
-0.207538875926
-0.881781621543
0.423543134626
-0.064916699619
-0.986401030867
0.150992809149
-0.162921440721
-0.973545170525
0.160207381545
-0.259945972759
-0.950732644441
0.168924628285
-0.210182579895
-0.943665988677
0.255573443304
-0.157736099976
-0.927446173855
0.339061819387
-0.008927755120
-0.970838219200
0.239569295464
-0.109564756089
-0.962564554275
0.247921445374
-0.054054590060
-0.941680077928
0.332139627456
0.497180818987
0.863786406885
0.081757424811
0.456562255186
0.872970345218
0.171679013016
0.412401738451
0.873642452180
0.258212454913
0.364149073999
0.866023649212
0.342634631804
0.311904557400
0.850089473448
0.424338820055
0.022804589349
0.998454337003
0.050684195013
0.120495952816
0.990899983181
0.059982903291
0.216312774047
0.973842502806
0.069566971422
0.309404781998
0.947640658839
0.079030769904
0.400356304840
0.912201880339
0.087192652675
0.356902207006
0.917636241602
0.174827179614
0.310936214637
0.914073584344
0.260361580945
0.261156882818
0.902086743191
0.343564535882
0.207538875926
0.881781621543
0.423543134626
0.064916699619
0.986401030867
0.150992809149
0.162921440721
0.973545170525
0.160207381545
0.259945972759
0.950732644441
0.168924628285
0.210182579895
0.943665988677
0.255573443304
0.157736099976
0.927446173855
0.339061819387
0.008927755120
0.970838219200
0.239569295464
0.109564756089
0.962564554275
0.247921445374
0.054054590060
0.941680077928
0.332139627456
-0.004401037922
-0.449371942642
-0.893333917430
-0.014066816574
-0.359152560743
-0.933172847217
-0.023389174446
-0.267272969772
-0.963336963968
-0.032529111166
-0.172493322145
-0.984473417997
-0.041580742395
-0.075347055937
-0.996290049646
-0.465115590563
-0.278937277804
-0.840155629908
-0.379430981520
-0.317925722803
-0.868881674938
-0.290423164682
-0.352809408107
-0.889482943607
-0.199084751663
-0.383602223210
-0.901784118292
-0.105261874288
-0.411523697946
-0.905300051834
-0.116053600424
-0.320578137426
-0.940085751213
-0.125027957169
-0.227295435323
-0.965766428805
-0.133595734945
-0.131389027262
-0.982287688572
-0.142106306704
-0.033601350583
-0.989280924123
-0.394022458167
-0.215117282987
-0.893571965216
-0.305459567449
-0.252692228550
-0.918063772449
-0.212865031730
-0.287102635568
-0.933948903804
-0.222815177990
-0.189936858518
-0.956178532615
-0.231336037086
-0.091157905049
-0.968593761229
-0.404165420358
-0.110653754721
-0.907968093907
-0.316030587586
-0.151658520921
-0.936549176895
-0.324472167592
-0.049315839256
-0.944608786989
0.586059272742
-0.808856501597
0.047808876344
0.651001855532
-0.752800063445
0.097409694442
0.708458672586
-0.690669204279
0.145128768679
0.759416913293
-0.621734689868
0.191655751854
0.803522431927
-0.546252917514
0.236557501463
0.826061618591
-0.502014191229
-0.256132688455
0.794411080591
-0.574397528683
-0.197429769987
0.755794297045
-0.640424585290
-0.136496634061
0.710561446735
-0.699712205218
-0.074197441212
0.657866247832
-0.753051983129
-0.011167393107
0.719508056623
-0.693533502020
0.036324069580
0.773597279826
-0.628133320786
0.083640779314
0.820883858594
-0.556156447741
0.129767855556
0.861014844814
-0.477911261938
0.173937525342
0.853451238414
-0.499059884589
-0.150200583367
0.817372784588
-0.569071996032
-0.089770787829
0.773293457400
-0.633466450893
-0.027156662809
0.826278554396
-0.562897736103
0.020245721377
0.871107490191
-0.486558408100
0.066578194926
0.902450437800
-0.418610831585
-0.101725999601
0.868834433662
-0.493310086908
-0.042093764832
0.911201213084
-0.411934331557
0.004738750803
