0.391321283765
0.825563183054
0.406587116935
0.468103918713
0.828454941045
0.307475416811
0.536092357244
0.819140173029
0.203995983867
0.589813653380
0.803531074896
0.080359604047
0.646280903835
0.743010635022
0.173943064198
0.692319397349
0.671484514605
0.264201435840
0.726366085000
0.589645330328
0.353144014508
0.437234882731
0.747975668404
0.499357644177
0.515736275818
0.756271498278
0.402578582016
0.586928064004
0.753491909709
0.296252239972
0.627446583007
0.677128573414
0.384457644663
0.656234171707
0.589985747356
0.470397204287
0.551866887603
0.672812725883
0.492712872023
0.525731112119
0.850650808352
0.000000000000
0.000000000000
0.525731112119
-0.850650808352
-0.525731112119
0.850650808352
0.000000000000
0.000000000000
0.525731112119
0.850650808352
0.850650808352
-0.000000000000
0.525731112119
-0.850650808352
-0.000000000000
0.525731112119
-0.000000000000
-0.525731112119
0.850650808352
-0.850650808352
-0.000000000000
-0.525731112119
-0.525731112119
-0.850650808352
0.000000000000
0.850650808352
-0.000000000000
-0.525731112119
0.525731112119
-0.850650808352
0.000000000000
0.000000000000
-0.525731112119
-0.850650808352
0.577350269190
0.577350269190
0.577350269190
0.356822089773
0.000000000000
-0.934172358963
-0.577350269190
0.577350269190
-0.577350269190
-0.356822089773
0.000000000000
0.934172358963
0.934172358963
0.356822089773
-0.000000000000
0.000000000000
0.934172358963
-0.356822089773
-0.577350269190
0.577350269190
0.577350269190
0.577350269190
-0.577350269190
0.577350269190
-0.934172358963
-0.356822089773
-0.000000000000
0.577350269190
0.577350269190
-0.577350269190
-0.000000000000
0.934172358963
0.356822089773
-0.577350269190
-0.577350269190
0.577350269190
0.934172358963
-0.356822089773
0.000000000000
0.356822089773
-0.000000000000
0.934172358963
-0.356822089773
-0.000000000000
-0.934172358963
-0.000000000000
-0.934172358963
-0.356822089773
0.577350269190
-0.577350269190
-0.577350269190
0.000000000000
-0.934172358963
0.356822089773
-0.934172358963
0.356822089773
0.000000000000
-0.577350269190
-0.577350269190
-0.577350269190
1.000000000000
0.000000000000
0.000000000000
-0.500000000000
-0.309016994375
-0.809016994375
-1.000000000000
0.000000000000
0.000000000000
0.500000000000
-0.309016994375
0.809016994375
0.500000000000
0.309016994375
-0.809016994375
-0.500000000000
0.309016994375
-0.809016994375
-0.500000000000
-0.309016994375
0.809016994375
0.809016994375
-0.500000000000
-0.309016994375
-0.309016994375
-0.809016994375
0.500000000000
-0.309016994375
0.809016994375
-0.500000000000
-0.809016994375
0.500000000000
0.309016994375
0.000000000000
-1.000000000000
0.000000000000
0.809016994375
0.500000000000
-0.309016994375
-0.000000000000
1.000000000000
0.000000000000
-0.809016994375
-0.500000000000
0.309016994375
0.809016994375
0.500000000000
0.309016994375
0.309016994375
0.809016994375
-0.500000000000
-0.309016994375
-0.809016994375
-0.500000000000
0.000000000000
-0.000000000000
1.000000000000
0.309016994375
0.809016994375
0.500000000000
0.000000000000
0.000000000000
-1.000000000000
0.309016994375
-0.809016994375
0.500000000000
-0.309016994375
0.809016994375
0.500000000000
0.309016994375
-0.809016994375
-0.500000000000
-0.809016994375
0.500000000000
-0.309016994375
-0.809016994375
-0.500000000000
-0.309016994375
0.809016994375
-0.500000000000
0.309016994375
0.500000000000
0.309016994375
0.809016994375
0.500000000000
-0.309016994375
-0.809016994375
-0.500000000000
0.309016994375
0.809016994375
0.388388298906
0.343676159610
-0.855009489181
0.270707534053
0.371844351958
-0.887946625042
0.150118273352
0.395038679879
-0.906316139879
0.018410216297
0.427628050667
-0.903767289859
0.047185356295
0.314424916210
-0.948108914744
0.075083879331
0.197203206539
-0.977483148906
0.104726894424
0.076001621233
-0.991592674012
0.416508571961
0.220333195732
-0.882028283187
0.301525521842
0.251175929617
-0.919778784306
0.179050869981
0.280090893840
-0.943127709882
0.206553713208
0.161688043726
-0.964983181240
0.234757868893
0.039322382560
-0.971258201110
0.330590209342
0.127424246357
-0.935132704448
-0.391321283765
0.825563183054
-0.406587116935
-0.468103918713
0.828454941045
-0.307475416811
-0.536092357244
0.819140173029
-0.203995983867
-0.589813653380
0.803531074896
-0.080359604047
-0.646280903835
0.743010635022
-0.173943064198
-0.692319397349
0.671484514605
-0.264201435840
-0.726366085000
0.589645330328
-0.353144014508
-0.437234882731
0.747975668404
-0.499357644177
-0.515736275818
0.756271498278
-0.402578582016
-0.586928064004
0.753491909709
-0.296252239972
-0.627446583007
0.677128573414
-0.384457644663
-0.656234171707
0.589985747356
-0.470397204287
-0.551866887603
0.672812725883
-0.492712872023
-0.388388298906
0.343676159610
0.855009489181
-0.270707534053
0.371844351958
0.887946625042
-0.150118273352
0.395038679879
0.906316139879
-0.018410216297
0.427628050667
0.903767289859
-0.047185356295
0.314424916210
0.948108914744
-0.075083879331
0.197203206539
0.977483148906
-0.104726894424
0.076001621233
0.991592674012
-0.416508571961
0.220333195732
0.882028283187
-0.301525521842
0.251175929617
0.919778784306
-0.179050869981
0.280090893840
0.943127709882
-0.206553713208
0.161688043726
0.964983181240
-0.234757868893
0.039322382560
0.971258201110
-0.330590209342
0.127424246357
0.935132704448
0.779709582671
0.585526013498
0.221838351527
0.738811452766
0.661148483990
0.130538574298
0.686210630596
0.726361977765
0.038900484749
0.608223869677
0.792152935485
-0.050571248338
0.693466260130
0.713848481060
-0.097595553941
0.767403276680
0.625080125172
-0.142713167075
0.831092979425
0.524920550038
-0.183692339794
0.853743454692
0.490559214327
0.174567381861
0.817261797660
0.569918477304
0.085299960801
0.765978933985
0.642832386345
-0.006541846627
0.834000296215
0.549471358149
-0.050246716190
0.890992040600
0.444897405254
-0.090550993292
0.882457096945
0.468496740162
0.042193323040
-0.121837808082
0.992113130433
-0.029446306126
-0.241305777660
0.968623900801
-0.059491683996
-0.356138195131
0.930357961632
-0.087175966850
-0.478199299006
0.872512539532
-0.100236214962
-0.412020470151
0.887791545258
-0.205098279722
-0.339916373614
0.889281561011
-0.305998634301
-0.259693961026
0.878064564546
-0.401947343684
-0.045765813871
0.989916858504
-0.134052614783
-0.165875968816
0.972497059319
-0.163507286028
-0.286632740467
0.939084626317
-0.189635800173
-0.211934759915
0.933929002812
-0.287854607826
-0.129873375851
0.915294609540
-0.381272453754
-0.085230923317
0.961209612185
-0.262319978565
-0.269483475683
0.750263276545
0.603724831527
-0.226798141052
0.679319768770
0.697916366748
-0.179954162114
0.599034663746
0.780239688281
-0.111614354374
0.507987654715
0.854102323235
-0.234260433684
0.488367980408
0.840606188963
-0.352403023734
0.461404642379
0.814197681681
-0.466672123974
0.429145635741
0.773337670122
-0.391469068860
0.719690839909
0.573408286543
-0.349860307002
0.653754511633
0.670971537477
-0.300295323537
0.576343133812
0.760033756336
-0.415511823091
0.546145688389
0.727375289604
-0.526360795856
0.509719586846
0.680536740648
-0.466635964286
0.620137118381
0.630619402843
0.603724831527
-0.269483475683
0.750263276545
0.697916366748
-0.226798141052
0.679319768770
0.780239688281
-0.179954162114
0.599034663746
0.854102323235
-0.111614354374
0.507987654715
0.840606188963
-0.234260433684
0.488367980408
0.814197681681
-0.352403023734
0.461404642379
0.773337670122
-0.466672123974
0.429145635741
0.573408286543
-0.391469068860
0.719690839909
0.670971537477
-0.349860307002
0.653754511633
0.760033756336
-0.300295323537
0.576343133812
0.727375289604
-0.415511823091
0.546145688389
0.680536740648
-0.526360795856
0.509719586846
0.630619402843
-0.466635964286
0.620137118381
-0.992113130433
-0.029446306126
0.121837808082
-0.968623900801
-0.059491683996
0.241305777660
-0.930357961632
-0.087175966850
0.356138195131
-0.872512539532
-0.100236214962
0.478199299006
-0.887791545258
-0.205098279722
0.412020470151
-0.889281561011
-0.305998634301
0.339916373614
-0.878064564546
-0.401947343684
0.259693961026
-0.989916858504
-0.134052614783
0.045765813871
-0.972497059319
-0.163507286028
0.165875968816
-0.939084626317
-0.189635800173
0.286632740467
-0.933929002812
-0.287854607826
0.211934759915
-0.915294609540
-0.381272453754
0.129873375851
-0.961209612185
-0.262319978565
0.085230923317
0.750263276545
0.603724831527
-0.269483475683
0.679319768770
0.697916366748
-0.226798141052
0.599034663746
0.780239688281
-0.179954162114
0.507987654715
0.854102323235
-0.111614354374
0.488367980408
0.840606188963
-0.234260433684
0.461404642379
0.814197681681
-0.352403023734
0.429145635741
0.773337670122
-0.466672123974
0.719690839909
0.573408286543
-0.391469068860
0.653754511633
0.670971537477
-0.349860307002
0.576343133812
0.760033756336
-0.300295323537
0.546145688389
0.727375289604
-0.415511823091
0.509719586846
0.680536740648
-0.526360795856
0.620137118381
0.630619402843
-0.466635964286
0.221838351527
0.779709582671
0.585526013498
0.130538574298
0.738811452766
0.661148483990
0.038900484749
0.686210630596
0.726361977765
-0.050571248338
0.608223869677
0.792152935485
-0.097595553941
0.693466260130
0.713848481060
-0.142713167075
0.767403276680
0.625080125172
-0.183692339794
0.831092979425
0.524920550038
0.174567381861
0.853743454692
0.490559214327
0.085299960801
0.817261797660
0.569918477304
-0.006541846627
0.765978933985
0.642832386345
-0.050246716190
0.834000296215
0.549471358149
-0.090550993292
0.890992040600
0.444897405254
0.042193323040
0.882457096945
0.468496740162
-0.406587116935
-0.391321283765
0.825563183054
-0.307475416811
-0.468103918713
0.828454941045
-0.203995983867
-0.536092357244
0.819140173029
-0.080359604047
-0.589813653380
0.803531074896
-0.173943064198
-0.646280903835
0.743010635022
-0.264201435840
-0.692319397349
0.671484514605
-0.353144014508
-0.726366085000
0.589645330328
-0.499357644177
-0.437234882731
0.747975668404
-0.402578582016
-0.515736275818
0.756271498278
-0.296252239972
-0.586928064004
0.753491909709
-0.384457644663
-0.627446583007
0.677128573414
-0.470397204287
-0.656234171707
0.589985747356
-0.492712872023
-0.551866887603
0.672812725883
0.855009489181
-0.388388298906
0.343676159610
0.887946625042
-0.270707534053
0.371844351958
0.906316139879
-0.150118273352
0.395038679879
0.903767289859
-0.018410216297
0.427628050667
0.948108914744
-0.047185356295
0.314424916210
0.977483148906
-0.075083879331
0.197203206539
0.991592674012
-0.104726894424
0.076001621233
0.882028283187
-0.416508571961
0.220333195732
0.919778784306
-0.301525521842
0.251175929617
0.943127709882
-0.179050869981
0.280090893840
0.964983181240
-0.206553713208
0.161688043726
0.971258201110
-0.234757868893
0.039322382560
0.935132704448
-0.330590209342
0.127424246357
0.406587116935
0.391321283765
0.825563183054
0.307475416811
0.468103918713
0.828454941045
0.203995983867
0.536092357244
0.819140173029
0.080359604047
0.589813653380
0.803531074896
0.173943064198
0.646280903835
0.743010635022
0.264201435840
0.692319397349
0.671484514605
0.353144014508
0.726366085000
0.589645330328
0.499357644177
0.437234882731
0.747975668404
0.402578582016
0.515736275818
0.756271498278
0.296252239972
0.586928064004
0.753491909709
0.384457644663
0.627446583007
0.677128573414
0.470397204287
0.656234171707
0.589985747356
0.492712872023
0.551866887603
0.672812725883
-0.029446306126
-0.121837808082
0.992113130433
-0.059491683996
-0.241305777660
0.968623900801
-0.087175966850
-0.356138195131
0.930357961632
-0.100236214962
-0.478199299006
0.872512539532
-0.205098279722
-0.412020470151
0.887791545258
-0.305998634301
-0.339916373614
0.889281561011
-0.401947343684
-0.259693961026
0.878064564546
-0.134052614783
-0.045765813871
0.989916858504
-0.163507286028
-0.165875968816
0.972497059319
-0.189635800173
-0.286632740467
0.939084626317
-0.287854607826
-0.211934759915
0.933929002812
-0.381272453754
-0.129873375851
0.915294609540
-0.262319978565
-0.085230923317
0.961209612185
0.029446306126
0.121837808082
0.992113130433
0.059491683996
0.241305777660
0.968623900801
0.087175966850
0.356138195131
0.930357961632
0.100236214962
0.478199299006
0.872512539532
0.205098279722
0.412020470151
0.887791545258
0.305998634301
0.339916373614
0.889281561011
0.401947343684
0.259693961026
0.878064564546
0.134052614783
0.045765813871
0.989916858504
0.163507286028
0.165875968816
0.972497059319
0.189635800173
0.286632740467
0.939084626317
0.287854607826
0.211934759915
0.933929002812
0.381272453754
0.129873375851
0.915294609540
0.262319978565
0.085230923317
0.961209612185
-0.343676159610
0.855009489181
0.388388298906
-0.371844351958
0.887946625042
0.270707534053
-0.395038679879
0.906316139879
0.150118273352
-0.427628050667
0.903767289859
0.018410216297
-0.314424916210
0.948108914744
0.047185356295
-0.197203206539
0.977483148906
0.075083879331
-0.076001621233
0.991592674012
0.104726894424
-0.220333195732
0.882028283187
0.416508571961
-0.251175929617
0.919778784306
0.301525521842
-0.280090893840
0.943127709882
0.179050869981
-0.161688043726
0.964983181240
0.206553713208
-0.039322382560
0.971258201110
0.234757868893
-0.127424246357
0.935132704448
0.330590209342
-0.585526013498
0.221838351527
-0.779709582671
-0.661148483990
0.130538574298
-0.738811452766
-0.726361977765
0.038900484749
-0.686210630596
-0.792152935485
-0.050571248338
-0.608223869677
-0.713848481060
-0.097595553941
-0.693466260130
-0.625080125172
-0.142713167075
-0.767403276680
-0.524920550038
-0.183692339794
-0.831092979425
-0.490559214327
0.174567381861
-0.853743454692
-0.569918477304
0.085299960801
-0.817261797660
-0.642832386345
-0.006541846627
-0.765978933985
-0.549471358149
-0.050246716190
-0.834000296215
-0.444897405254
-0.090550993292
-0.890992040600
-0.468496740162
0.042193323040
-0.882457096945
-0.825563183054
-0.406587116935
0.391321283765
-0.828454941045
-0.307475416811
0.468103918713
-0.819140173029
-0.203995983867
0.536092357244
-0.803531074896
-0.080359604047
0.589813653380
-0.743010635022
-0.173943064198
0.646280903835
-0.671484514605
-0.264201435840
0.692319397349
-0.589645330328
-0.353144014508
0.726366085000
-0.747975668404
-0.499357644177
0.437234882731
-0.756271498278
-0.402578582016
0.515736275818
-0.753491909709
-0.296252239972
0.586928064004
-0.677128573414
-0.384457644663
0.627446583007
-0.589985747356
-0.470397204287
0.656234171707
-0.672812725883
-0.492712872023
0.551866887603
-0.750263276545
0.603724831527
0.269483475683
-0.679319768770
0.697916366748
0.226798141052
-0.599034663746
0.780239688281
0.179954162114
-0.507987654715
0.854102323235
0.111614354374
-0.488367980408
0.840606188963
0.234260433684
-0.461404642379
0.814197681681
0.352403023734
-0.429145635741
0.773337670122
0.466672123974
-0.719690839909
0.573408286543
0.391469068860
-0.653754511633
0.670971537477
0.349860307002
-0.576343133812
0.760033756336
0.300295323537
-0.546145688389
0.727375289604
0.415511823091
-0.509719586846
0.680536740648
0.526360795856
-0.620137118381
0.630619402843
0.466635964286
-0.825563183054
0.406587116935
-0.391321283765
-0.828454941045
0.307475416811
-0.468103918713
-0.819140173029
0.203995983867
-0.536092357244
-0.803531074896
0.080359604047
-0.589813653380
-0.743010635022
0.173943064198
-0.646280903835
-0.671484514605
0.264201435840
-0.692319397349
-0.589645330328
0.353144014508
-0.726366085000
-0.747975668404
0.499357644177
-0.437234882731
-0.756271498278
0.402578582016
-0.515736275818
-0.753491909709
0.296252239972
-0.586928064004
-0.677128573414
0.384457644663
-0.627446583007
-0.589985747356
0.470397204287
-0.656234171707
-0.672812725883
0.492712872023
-0.551866887603
-0.343676159610
-0.855009489181
-0.388388298906
-0.371844351958
-0.887946625042
-0.270707534053
-0.395038679879
-0.906316139879
-0.150118273352
-0.427628050667
-0.903767289859
-0.018410216297
-0.314424916210
-0.948108914744
-0.047185356295
-0.197203206539
-0.977483148906
-0.075083879331
-0.076001621233
-0.991592674012
-0.104726894424
-0.220333195732
-0.882028283187
-0.416508571961
-0.251175929617
-0.919778784306
-0.301525521842
-0.280090893840
-0.943127709882
-0.179050869981
-0.161688043726
-0.964983181240
-0.206553713208
-0.039322382560
-0.971258201110
-0.234757868893
-0.127424246357
-0.935132704448
-0.330590209342
0.585526013498
0.221838351527
0.779709582671
0.661148483990
0.130538574298
0.738811452766
0.726361977765
0.038900484749
0.686210630596
0.792152935485
-0.050571248338
0.608223869677
0.713848481060
-0.097595553941
0.693466260130
0.625080125172
-0.142713167075
0.767403276680
0.524920550038
-0.183692339794
0.831092979425
0.490559214327
0.174567381861
0.853743454692
0.569918477304
0.085299960801
0.817261797660
0.642832386345
-0.006541846627
0.765978933985
0.549471358149
-0.050246716190
0.834000296215
0.444897405254
-0.090550993292
0.890992040600
0.468496740162
0.042193323040
0.882457096945
0.825563183054
-0.406587116935
-0.391321283765
0.828454941045
-0.307475416811
-0.468103918713
0.819140173029
-0.203995983867
-0.536092357244
0.803531074896
-0.080359604047
-0.589813653380
0.743010635022
-0.173943064198
-0.646280903835
0.671484514605
-0.264201435840
-0.692319397349
0.589645330328
-0.353144014508
-0.726366085000
0.747975668404
-0.499357644177
-0.437234882731
0.756271498278
-0.402578582016
-0.515736275818
0.753491909709
-0.296252239972
-0.586928064004
0.677128573414
-0.384457644663
-0.627446583007
0.589985747356
-0.470397204287
-0.656234171707
0.672812725883
-0.492712872023
-0.551866887603
0.343676159610
0.855009489181
-0.388388298906
0.371844351958
0.887946625042
-0.270707534053
0.395038679879
0.906316139879
-0.150118273352
0.427628050667
0.903767289859
-0.018410216297
0.314424916210
0.948108914744
-0.047185356295
0.197203206539
0.977483148906
-0.075083879331
0.076001621233
0.991592674012
-0.104726894424
0.220333195732
0.882028283187
-0.416508571961
0.251175929617
0.919778784306
-0.301525521842
0.280090893840
0.943127709882
-0.179050869981
0.161688043726
0.964983181240
-0.206553713208
0.039322382560
0.971258201110
-0.234757868893
0.127424246357
0.935132704448
-0.330590209342
0.825563183054
0.406587116935
0.391321283765
0.828454941045
0.307475416811
0.468103918713
0.819140173029
0.203995983867
0.536092357244
0.803531074896
0.080359604047
0.589813653380
0.743010635022
0.173943064198
0.646280903835
0.671484514605
0.264201435840
0.692319397349
0.589645330328
0.353144014508
0.726366085000
0.747975668404
0.499357644177
0.437234882731
0.756271498278
0.402578582016
0.515736275818
0.753491909709
0.296252239972
0.586928064004
0.677128573414
0.384457644663
0.627446583007
0.589985747356
0.470397204287
0.656234171707
0.672812725883
0.492712872023
0.551866887603
0.992113130433
-0.029446306126
-0.121837808082
0.968623900801
-0.059491683996
-0.241305777660
0.930357961632
-0.087175966850
-0.356138195131
0.872512539532
-0.100236214962
-0.478199299006
0.887791545258
-0.205098279722
-0.412020470151
0.889281561011
-0.305998634301
-0.339916373614
0.878064564546
-0.401947343684
-0.259693961026
0.989916858504
-0.134052614783
-0.045765813871
0.972497059319
-0.163507286028
-0.165875968816
0.939084626317
-0.189635800173
-0.286632740467
0.933929002812
-0.287854607826
-0.211934759915
0.915294609540
-0.381272453754
-0.129873375851
0.961209612185
-0.262319978565
-0.085230923317
-0.029446306126
0.121837808082
-0.992113130433
-0.059491683996
0.241305777660
-0.968623900801
-0.087175966850
0.356138195131
-0.930357961632
-0.100236214962
0.478199299006
-0.872512539532
-0.205098279722
0.412020470151
-0.887791545258
-0.305998634301
0.339916373614
-0.889281561011
-0.401947343684
0.259693961026
-0.878064564546
-0.134052614783
0.045765813871
-0.989916858504
-0.163507286028
0.165875968816
-0.972497059319
-0.189635800173
0.286632740467
-0.939084626317
-0.287854607826
0.211934759915
-0.933929002812
-0.381272453754
0.129873375851
-0.915294609540
-0.262319978565
0.085230923317
-0.961209612185
0.343676159610
-0.855009489181
0.388388298906
0.371844351958
-0.887946625042
0.270707534053
0.395038679879
-0.906316139879
0.150118273352
0.427628050667
-0.903767289859
0.018410216297
0.314424916210
-0.948108914744
0.047185356295
0.197203206539
-0.977483148906
0.075083879331
0.076001621233
-0.991592674012
0.104726894424
0.220333195732
-0.882028283187
0.416508571961
0.251175929617
-0.919778784306
0.301525521842
0.280090893840
-0.943127709882
0.179050869981
0.161688043726
-0.964983181240
0.206553713208
0.039322382560
-0.971258201110
0.234757868893
0.127424246357
-0.935132704448
0.330590209342
-0.855009489181
0.388388298906
0.343676159610
-0.887946625042
0.270707534053
0.371844351958
-0.906316139879
0.150118273352
0.395038679879
-0.903767289859
0.018410216297
0.427628050667
-0.948108914744
0.047185356295
0.314424916210
-0.977483148906
0.075083879331
0.197203206539
-0.991592674012
0.104726894424
0.076001621233
-0.882028283187
0.416508571961
0.220333195732
-0.919778784306
0.301525521842
0.251175929617
-0.943127709882
0.179050869981
0.280090893840
-0.964983181240
0.206553713208
0.161688043726
-0.971258201110
0.234757868893
0.039322382560
-0.935132704448
0.330590209342
0.127424246357
-0.221838351527
-0.779709582671
0.585526013498
-0.130538574298
-0.738811452766
0.661148483990
-0.038900484749
-0.686210630596
0.726361977765
0.050571248338
-0.608223869677
0.792152935485
0.097595553941
-0.693466260130
0.713848481060
0.142713167075
-0.767403276680
0.625080125172
0.183692339794
-0.831092979425
0.524920550038
-0.174567381861
-0.853743454692
0.490559214327
-0.085299960801
-0.817261797660
0.569918477304
0.006541846627
-0.765978933985
0.642832386345
0.050246716190
-0.834000296215
0.549471358149
0.090550993292
-0.890992040600
0.444897405254
-0.042193323040
-0.882457096945
0.468496740162
-0.603724831527
0.269483475683
0.750263276545
-0.697916366748
0.226798141052
0.679319768770
-0.780239688281
0.179954162114
0.599034663746
-0.854102323235
0.111614354374
0.507987654715
-0.840606188963
0.234260433684
0.488367980408
-0.814197681681
0.352403023734
0.461404642379
-0.773337670122
0.466672123974
0.429145635741
-0.573408286543
0.391469068860
0.719690839909
-0.670971537477
0.349860307002
0.653754511633
-0.760033756336
0.300295323537
0.576343133812
-0.727375289604
0.415511823091
0.546145688389
-0.680536740648
0.526360795856
0.509719586846
-0.630619402843
0.466635964286
0.620137118381
-0.750263276545
-0.603724831527
-0.269483475683
-0.679319768770
-0.697916366748
-0.226798141052
-0.599034663746
-0.780239688281
-0.179954162114
-0.507987654715
-0.854102323235
-0.111614354374
-0.488367980408
-0.840606188963
-0.234260433684
-0.461404642379
-0.814197681681
-0.352403023734
-0.429145635741
-0.773337670122
-0.466672123974
-0.719690839909
-0.573408286543
-0.391469068860
-0.653754511633
-0.670971537477
-0.349860307002
-0.576343133812
-0.760033756336
-0.300295323537
-0.546145688389
-0.727375289604
-0.415511823091
-0.509719586846
-0.680536740648
-0.526360795856
-0.620137118381
-0.630619402843
-0.466635964286
0.269483475683
-0.750263276545
0.603724831527
0.226798141052
-0.679319768770
0.697916366748
0.179954162114
-0.599034663746
0.780239688281
0.111614354374
-0.507987654715
0.854102323235
0.234260433684
-0.488367980408
0.840606188963
0.352403023734
-0.461404642379
0.814197681681
0.466672123974
-0.429145635741
0.773337670122
0.391469068860
-0.719690839909
0.573408286543
0.349860307002
-0.653754511633
0.670971537477
0.300295323537
-0.576343133812
0.760033756336
0.415511823091
-0.546145688389
0.727375289604
0.526360795856
-0.509719586846
0.680536740648
0.466635964286
-0.620137118381
0.630619402843
-0.585526013498
-0.221838351527
0.779709582671
-0.661148483990
-0.130538574298
0.738811452766
-0.726361977765
-0.038900484749
0.686210630596
-0.792152935485
0.050571248338
0.608223869677
-0.713848481060
0.097595553941
0.693466260130
-0.625080125172
0.142713167075
0.767403276680
-0.524920550038
0.183692339794
0.831092979425
-0.490559214327
-0.174567381861
0.853743454692
-0.569918477304
-0.085299960801
0.817261797660
-0.642832386345
0.006541846627
0.765978933985
-0.549471358149
0.050246716190
0.834000296215
-0.444897405254
0.090550993292
0.890992040600
-0.468496740162
-0.042193323040
0.882457096945
0.121837808082
-0.992113130433
-0.029446306126
0.241305777660
-0.968623900801
-0.059491683996
0.356138195131
-0.930357961632
-0.087175966850
0.478199299006
-0.872512539532
-0.100236214962
0.412020470151
-0.887791545258
-0.205098279722
0.339916373614
-0.889281561011
-0.305998634301
0.259693961026
-0.878064564546
-0.401947343684
0.045765813871
-0.989916858504
-0.134052614783
0.165875968816
-0.972497059319
-0.163507286028
0.286632740467
-0.939084626317
-0.189635800173
0.211934759915
-0.933929002812
-0.287854607826
0.129873375851
-0.915294609540
-0.381272453754
0.085230923317
-0.961209612185
-0.262319978565
0.992113130433
0.029446306126
0.121837808082
0.968623900801
0.059491683996
0.241305777660
0.930357961632
0.087175966850
0.356138195131
0.872512539532
0.100236214962
0.478199299006
0.887791545258
0.205098279722
0.412020470151
0.889281561011
0.305998634301
0.339916373614
0.878064564546
0.401947343684
0.259693961026
0.989916858504
0.134052614783
0.045765813871
0.972497059319
0.163507286028
0.165875968816
0.939084626317
0.189635800173
0.286632740467
0.933929002812
0.287854607826
0.211934759915
0.915294609540
0.381272453754
0.129873375851
0.961209612185
0.262319978565
0.085230923317
0.388388298906
-0.343676159610
0.855009489181
0.270707534053
-0.371844351958
0.887946625042
0.150118273352
-0.395038679879
0.906316139879
0.018410216297
-0.427628050667
0.903767289859
0.047185356295
-0.314424916210
0.948108914744
0.075083879331
-0.197203206539
0.977483148906
0.104726894424
-0.076001621233
0.991592674012
0.416508571961
-0.220333195732
0.882028283187
0.301525521842
-0.251175929617
0.919778784306
0.179050869981
-0.280090893840
0.943127709882
0.206553713208
-0.161688043726
0.964983181240
0.234757868893
-0.039322382560
0.971258201110
0.330590209342
-0.127424246357
0.935132704448
0.585526013498
-0.221838351527
-0.779709582671
0.661148483990
-0.130538574298
-0.738811452766
0.726361977765
-0.038900484749
-0.686210630596
0.792152935485
0.050571248338
-0.608223869677
0.713848481060
0.097595553941
-0.693466260130
0.625080125172
0.142713167075
-0.767403276680
0.524920550038
0.183692339794
-0.831092979425
0.490559214327
-0.174567381861
-0.853743454692
0.569918477304
-0.085299960801
-0.817261797660
0.642832386345
0.006541846627
-0.765978933985
0.549471358149
0.050246716190
-0.834000296215
0.444897405254
0.090550993292
-0.890992040600
0.468496740162
-0.042193323040
-0.882457096945
-0.779709582671
-0.585526013498
0.221838351527
-0.738811452766
-0.661148483990
0.130538574298
-0.686210630596
-0.726361977765
0.038900484749
-0.608223869677
-0.792152935485
-0.050571248338
-0.693466260130
-0.713848481060
-0.097595553941
-0.767403276680
-0.625080125172
-0.142713167075
-0.831092979425
-0.524920550038
-0.183692339794
-0.853743454692
-0.490559214327
0.174567381861
-0.817261797660
-0.569918477304
0.085299960801
-0.765978933985
-0.642832386345
-0.006541846627
-0.834000296215
-0.549471358149
-0.050246716190
-0.890992040600
-0.444897405254
-0.090550993292
-0.882457096945
-0.468496740162
0.042193323040
0.750263276545
-0.603724831527
0.269483475683
0.679319768770
-0.697916366748
0.226798141052
0.599034663746
-0.780239688281
0.179954162114
0.507987654715
-0.854102323235
0.111614354374
0.488367980408
-0.840606188963
0.234260433684
0.461404642379
-0.814197681681
0.352403023734
0.429145635741
-0.773337670122
0.466672123974
0.719690839909
-0.573408286543
0.391469068860
0.653754511633
-0.670971537477
0.349860307002
0.576343133812
-0.760033756336
0.300295323537
0.546145688389
-0.727375289604
0.415511823091
0.509719586846
-0.680536740648
0.526360795856
0.620137118381
-0.630619402843
0.466635964286
-0.269483475683
-0.750263276545
-0.603724831527
-0.226798141052
-0.679319768770
-0.697916366748
-0.179954162114
-0.599034663746
-0.780239688281
-0.111614354374
-0.507987654715
-0.854102323235
-0.234260433684
-0.488367980408
-0.840606188963
-0.352403023734
-0.461404642379
-0.814197681681
-0.466672123974
-0.429145635741
-0.773337670122
-0.391469068860
-0.719690839909
-0.573408286543
-0.349860307002
-0.653754511633
-0.670971537477
-0.300295323537
-0.576343133812
-0.760033756336
-0.415511823091
-0.546145688389
-0.727375289604
-0.526360795856
-0.509719586846
-0.680536740648
-0.466635964286
-0.620137118381
-0.630619402843
0.269483475683
0.750263276545
-0.603724831527
0.226798141052
0.679319768770
-0.697916366748
0.179954162114
0.599034663746
-0.780239688281
0.111614354374
0.507987654715
-0.854102323235
0.234260433684
0.488367980408
-0.840606188963
0.352403023734
0.461404642379
-0.814197681681
0.466672123974
0.429145635741
-0.773337670122
0.391469068860
0.719690839909
-0.573408286543
0.349860307002
0.653754511633
-0.670971537477
0.300295323537
0.576343133812
-0.760033756336
0.415511823091
0.546145688389
-0.727375289604
0.526360795856
0.509719586846
-0.680536740648
0.466635964286
0.620137118381
-0.630619402843
-0.603724831527
-0.269483475683
-0.750263276545
-0.697916366748
-0.226798141052
-0.679319768770
-0.780239688281
-0.179954162114
-0.599034663746
-0.854102323235
-0.111614354374
-0.507987654715
-0.840606188963
-0.234260433684
-0.488367980408
-0.814197681681
-0.352403023734
-0.461404642379
-0.773337670122
-0.466672123974
-0.429145635741
-0.573408286543
-0.391469068860
-0.719690839909
-0.670971537477
-0.349860307002
-0.653754511633
-0.760033756336
-0.300295323537
-0.576343133812
-0.727375289604
-0.415511823091
-0.546145688389
-0.680536740648
-0.526360795856
-0.509719586846
-0.630619402843
-0.466635964286
-0.620137118381
-0.779709582671
0.585526013498
-0.221838351527
-0.738811452766
0.661148483990
-0.130538574298
-0.686210630596
0.726361977765
-0.038900484749
-0.608223869677
0.792152935485
0.050571248338
-0.693466260130
0.713848481060
0.097595553941
-0.767403276680
0.625080125172
0.142713167075
-0.831092979425
0.524920550038
0.183692339794
-0.853743454692
0.490559214327
-0.174567381861
-0.817261797660
0.569918477304
-0.085299960801
-0.765978933985
0.642832386345
0.006541846627
-0.834000296215
0.549471358149
0.050246716190
-0.890992040600
0.444897405254
0.090550993292
-0.882457096945
0.468496740162
-0.042193323040
-0.221838351527
0.779709582671
-0.585526013498
-0.130538574298
0.738811452766
-0.661148483990
-0.038900484749
0.686210630596
-0.726361977765
0.050571248338
0.608223869677
-0.792152935485
0.097595553941
0.693466260130
-0.713848481060
0.142713167075
0.767403276680
-0.625080125172
0.183692339794
0.831092979425
-0.524920550038
-0.174567381861
0.853743454692
-0.490559214327
-0.085299960801
0.817261797660
-0.569918477304
0.006541846627
0.765978933985
-0.642832386345
0.050246716190
0.834000296215
-0.549471358149
0.090550993292
0.890992040600
-0.444897405254
-0.042193323040
0.882457096945
-0.468496740162
0.406587116935
-0.391321283765
-0.825563183054
0.307475416811
-0.468103918713
-0.828454941045
0.203995983867
-0.536092357244
-0.819140173029
0.080359604047
-0.589813653380
-0.803531074896
0.173943064198
-0.646280903835
-0.743010635022
0.264201435840
-0.692319397349
-0.671484514605
0.353144014508
-0.726366085000
-0.589645330328
0.499357644177
-0.437234882731
-0.747975668404
0.402578582016
-0.515736275818
-0.756271498278
0.296252239972
-0.586928064004
-0.753491909709
0.384457644663
-0.627446583007
-0.677128573414
0.470397204287
-0.656234171707
-0.589985747356
0.492712872023
-0.551866887603
-0.672812725883
-0.855009489181
-0.388388298906
-0.343676159610
-0.887946625042
-0.270707534053
-0.371844351958
-0.906316139879
-0.150118273352
-0.395038679879
-0.903767289859
-0.018410216297
-0.427628050667
-0.948108914744
-0.047185356295
-0.314424916210
-0.977483148906
-0.075083879331
-0.197203206539
-0.991592674012
-0.104726894424
-0.076001621233
-0.882028283187
-0.416508571961
-0.220333195732
-0.919778784306
-0.301525521842
-0.251175929617
-0.943127709882
-0.179050869981
-0.280090893840
-0.964983181240
-0.206553713208
-0.161688043726
-0.971258201110
-0.234757868893
-0.039322382560
-0.935132704448
-0.330590209342
-0.127424246357
-0.406587116935
0.391321283765
-0.825563183054
-0.307475416811
0.468103918713
-0.828454941045
-0.203995983867
0.536092357244
-0.819140173029
-0.080359604047
0.589813653380
-0.803531074896
-0.173943064198
0.646280903835
-0.743010635022
-0.264201435840
0.692319397349
-0.671484514605
-0.353144014508
0.726366085000
-0.589645330328
-0.499357644177
0.437234882731
-0.747975668404
-0.402578582016
0.515736275818
-0.756271498278
-0.296252239972
0.586928064004
-0.753491909709
-0.384457644663
0.627446583007
-0.677128573414
-0.470397204287
0.656234171707
-0.589985747356
-0.492712872023
0.551866887603
-0.672812725883
0.855009489181
0.388388298906
-0.343676159610
0.887946625042
0.270707534053
-0.371844351958
0.906316139879
0.150118273352
-0.395038679879
0.903767289859
0.018410216297
-0.427628050667
0.948108914744
0.047185356295
-0.314424916210
0.977483148906
0.075083879331
-0.197203206539
0.991592674012
0.104726894424
-0.076001621233
0.882028283187
0.416508571961
-0.220333195732
0.919778784306
0.301525521842
-0.251175929617
0.943127709882
0.179050869981
-0.280090893840
0.964983181240
0.206553713208
-0.161688043726
0.971258201110
0.234757868893
-0.039322382560
0.935132704448
0.330590209342
-0.127424246357
0.221838351527
-0.779709582671
-0.585526013498
0.130538574298
-0.738811452766
-0.661148483990
0.038900484749
-0.686210630596
-0.726361977765
-0.050571248338
-0.608223869677
-0.792152935485
-0.097595553941
-0.693466260130
-0.713848481060
-0.142713167075
-0.767403276680
-0.625080125172
-0.183692339794
-0.831092979425
-0.524920550038
0.174567381861
-0.853743454692
-0.490559214327
0.085299960801
-0.817261797660
-0.569918477304
-0.006541846627
-0.765978933985
-0.642832386345
-0.050246716190
-0.834000296215
-0.549471358149
-0.090550993292
-0.890992040600
-0.444897405254
0.042193323040
-0.882457096945
-0.468496740162
0.603724831527
0.269483475683
-0.750263276545
0.697916366748
0.226798141052
-0.679319768770
0.780239688281
0.179954162114
-0.599034663746
0.854102323235
0.111614354374
-0.507987654715
0.840606188963
0.234260433684
-0.488367980408
0.814197681681
0.352403023734
-0.461404642379
0.773337670122
0.466672123974
-0.429145635741
0.573408286543
0.391469068860
-0.719690839909
0.670971537477
0.349860307002
-0.653754511633
0.760033756336
0.300295323537
-0.576343133812
0.727375289604
0.415511823091
-0.546145688389
0.680536740648
0.526360795856
-0.509719586846
0.630619402843
0.466635964286
-0.620137118381
-0.992113130433
0.029446306126
-0.121837808082
-0.968623900801
0.059491683996
-0.241305777660
-0.930357961632
0.087175966850
-0.356138195131
-0.872512539532
0.100236214962
-0.478199299006
-0.887791545258
0.205098279722
-0.412020470151
-0.889281561011
0.305998634301
-0.339916373614
-0.878064564546
0.401947343684
-0.259693961026
-0.989916858504
0.134052614783
-0.045765813871
-0.972497059319
0.163507286028
-0.165875968816
-0.939084626317
0.189635800173
-0.286632740467
-0.933929002812
0.287854607826
-0.211934759915
-0.915294609540
0.381272453754
-0.129873375851
-0.961209612185
0.262319978565
-0.085230923317
0.029446306126
-0.121837808082
-0.992113130433
0.059491683996
-0.241305777660
-0.968623900801
0.087175966850
-0.356138195131
-0.930357961632
0.100236214962
-0.478199299006
-0.872512539532
0.205098279722
-0.412020470151
-0.887791545258
0.305998634301
-0.339916373614
-0.889281561011
0.401947343684
-0.259693961026
-0.878064564546
0.134052614783
-0.045765813871
-0.989916858504
0.163507286028
-0.165875968816
-0.972497059319
0.189635800173
-0.286632740467
-0.939084626317
0.287854607826
-0.211934759915
-0.933929002812
0.381272453754
-0.129873375851
-0.915294609540
0.262319978565
-0.085230923317
-0.961209612185
0.391321283765
-0.825563183054
-0.406587116935
0.468103918713
-0.828454941045
-0.307475416811
0.536092357244
-0.819140173029
-0.203995983867
0.589813653380
-0.803531074896
-0.080359604047
0.646280903835
-0.743010635022
-0.173943064198
0.692319397349
-0.671484514605
-0.264201435840
0.726366085000
-0.589645330328
-0.353144014508
0.437234882731
-0.747975668404
-0.499357644177
0.515736275818
-0.756271498278
-0.402578582016
0.586928064004
-0.753491909709
-0.296252239972
0.627446583007
-0.677128573414
-0.384457644663
0.656234171707
-0.589985747356
-0.470397204287
0.551866887603
-0.672812725883
-0.492712872023
-0.391321283765
-0.825563183054
0.406587116935
-0.468103918713
-0.828454941045
0.307475416811
-0.536092357244
-0.819140173029
0.203995983867
-0.589813653380
-0.803531074896
0.080359604047
-0.646280903835
-0.743010635022
0.173943064198
-0.692319397349
-0.671484514605
0.264201435840
-0.726366085000
-0.589645330328
0.353144014508
-0.437234882731
-0.747975668404
0.499357644177
-0.515736275818
-0.756271498278
0.402578582016
-0.586928064004
-0.753491909709
0.296252239972
-0.627446583007
-0.677128573414
0.384457644663
-0.656234171707
-0.589985747356
0.470397204287
-0.551866887603
-0.672812725883
0.492712872023
-0.121837808082
-0.992113130433
0.029446306126
-0.241305777660
-0.968623900801
0.059491683996
-0.356138195131
-0.930357961632
0.087175966850
-0.478199299006
-0.872512539532
0.100236214962
-0.412020470151
-0.887791545258
0.205098279722
-0.339916373614
-0.889281561011
0.305998634301
-0.259693961026
-0.878064564546
0.401947343684
-0.045765813871
-0.989916858504
0.134052614783
-0.165875968816
-0.972497059319
0.163507286028
-0.286632740467
-0.939084626317
0.189635800173
-0.211934759915
-0.933929002812
0.287854607826
-0.129873375851
-0.915294609540
0.381272453754
-0.085230923317
-0.961209612185
0.262319978565
0.121837808082
0.992113130433
0.029446306126
0.241305777660
0.968623900801
0.059491683996
0.356138195131
0.930357961632
0.087175966850
0.478199299006
0.872512539532
0.100236214962
0.412020470151
0.887791545258
0.205098279722
0.339916373614
0.889281561011
0.305998634301
0.259693961026
0.878064564546
0.401947343684
0.045765813871
0.989916858504
0.134052614783
0.165875968816
0.972497059319
0.163507286028
0.286632740467
0.939084626317
0.189635800173
0.211934759915
0.933929002812
0.287854607826
0.129873375851
0.915294609540
0.381272453754
0.085230923317
0.961209612185
0.262319978565
-0.388388298906
-0.343676159610
-0.855009489181
-0.270707534053
-0.371844351958
-0.887946625042
-0.150118273352
-0.395038679879
-0.906316139879
-0.018410216297
-0.427628050667
-0.903767289859
-0.047185356295
-0.314424916210
-0.948108914744
-0.075083879331
-0.197203206539
-0.977483148906
-0.104726894424
-0.076001621233
-0.991592674012
-0.416508571961
-0.220333195732
-0.882028283187
-0.301525521842
-0.251175929617
-0.919778784306
-0.179050869981
-0.280090893840
-0.943127709882
-0.206553713208
-0.161688043726
-0.964983181240
-0.234757868893
-0.039322382560
-0.971258201110
-0.330590209342
-0.127424246357
-0.935132704448
0.779709582671
-0.585526013498
-0.221838351527
0.738811452766
-0.661148483990
-0.130538574298
0.686210630596
-0.726361977765
-0.038900484749
0.608223869677
-0.792152935485
0.050571248338
0.693466260130
-0.713848481060
0.097595553941
0.767403276680
-0.625080125172
0.142713167075
0.831092979425
-0.524920550038
0.183692339794
0.853743454692
-0.490559214327
-0.174567381861
0.817261797660
-0.569918477304
-0.085299960801
0.765978933985
-0.642832386345
0.006541846627
0.834000296215
-0.549471358149
0.050246716190
0.890992040600
-0.444897405254
0.090550993292
0.882457096945
-0.468496740162
-0.042193323040
