0.492510807700
0.856949430425
0.151890677769
0.552845881321
0.829816256184
0.075936898011
0.447499804664
0.841847455595
0.301723029174
0.515363140497
0.824001783971
0.235418549460
0.579177274369
0.799258571584
0.160435097796
0.389010725077
0.806716999505
0.444835181258
0.463645135984
0.798880191054
0.383175714548
0.534861088265
0.783469027374
0.316385681417
0.600053694099
0.762437769212
0.242124373571
0.658507652115
0.735455544200
0.159602050775
0.744300153572
0.625221864320
0.234765631574
0.753489745315
0.576299470849
0.316436602819
0.397473621648
0.754068172071
0.522872749303
0.475274487864
0.748816337902
0.461939664108
0.548063189723
0.737143359613
0.395280163239
0.616419801023
0.718340046238
0.322512336008
0.676720847841
0.695737732109
0.240827536252
0.689259002451
0.649042858277
0.321971109978
0.694206143264
0.597162819002
0.401838771470
0.480797613505
0.692245210521
0.538173042207
0.555815339554
0.683367497288
0.473368959657
0.625343369320
0.668839323334
0.401994564651
0.628476186190
0.611970730592
0.480114057586
0.556501307525
0.623300746083
0.549365520082
0.525731112119
0.850650808352
0.000000000000
0.000000000000
0.525731112119
-0.850650808352
-0.525731112119
0.850650808352
0.000000000000
0.000000000000
0.525731112119
0.850650808352
0.850650808352
-0.000000000000
0.525731112119
-0.850650808352
-0.000000000000
0.525731112119
-0.000000000000
-0.525731112119
0.850650808352
-0.850650808352
-0.000000000000
-0.525731112119
-0.525731112119
-0.850650808352
0.000000000000
0.850650808352
-0.000000000000
-0.525731112119
0.525731112119
-0.850650808352
0.000000000000
0.000000000000
-0.525731112119
-0.850650808352
1.000000000000
0.000000000000
0.000000000000
-0.500000000000
-0.309016994375
-0.809016994375
-1.000000000000
0.000000000000
0.000000000000
0.500000000000
-0.309016994375
0.809016994375
0.500000000000
0.309016994375
-0.809016994375
-0.500000000000
0.309016994375
-0.809016994375
-0.500000000000
-0.309016994375
0.809016994375
0.809016994375
-0.500000000000
-0.309016994375
-0.309016994375
-0.809016994375
0.500000000000
-0.309016994375
0.809016994375
-0.500000000000
-0.809016994375
0.500000000000
0.309016994375
0.000000000000
-1.000000000000
0.000000000000
0.809016994375
0.500000000000
-0.309016994375
-0.000000000000
1.000000000000
0.000000000000
-0.809016994375
-0.500000000000
0.309016994375
0.809016994375
0.500000000000
0.309016994375
0.309016994375
0.809016994375
-0.500000000000
-0.309016994375
-0.809016994375
-0.500000000000
0.000000000000
-0.000000000000
1.000000000000
0.309016994375
0.809016994375
0.500000000000
0.000000000000
0.000000000000
-1.000000000000
0.309016994375
-0.809016994375
0.500000000000
-0.309016994375
0.809016994375
0.500000000000
0.309016994375
-0.809016994375
-0.500000000000
-0.809016994375
0.500000000000
-0.309016994375
-0.809016994375
-0.500000000000
-0.309016994375
0.809016994375
-0.500000000000
0.309016994375
0.500000000000
0.309016994375
0.809016994375
0.500000000000
-0.309016994375
-0.809016994375
-0.500000000000
0.309016994375
0.809016994375
0.141438673073
0.465147104156
-0.873861129273
0.041438625700
0.462528231858
-0.885635633336
0.280494326314
0.391922339040
-0.876196218359
0.187406591698
0.389666203210
-0.901686763496
0.087190564946
0.387420597878
-0.917770715225
0.414663121293
0.310019246578
-0.855536418039
0.325040652415
0.311445567380
-0.892944697525
0.230636092936
0.310365751100
-0.922214776058
0.131462113762
0.310336136646
-0.941493066855
0.027135207122
0.311704953048
-0.949791399614
0.010983490182
0.158430901333
-0.987308975167
0.057344047007
0.075176627967
-0.995520032385
0.457296009345
0.225791487566
-0.860173566195
0.367476768785
0.227967417231
-0.901660513211
0.273546600149
0.229360583982
-0.934112402263
0.174687342242
0.229408942957
-0.957525910538
0.071467928470
0.233331638347
-0.969767333821
0.116415871730
0.151108402151
-0.981638220328
0.162524782967
0.067673987378
-0.984380986384
0.408907864633
0.142376985054
-0.901400661398
0.316228033261
0.144415053224
-0.937626857221
0.219231467206
0.146863368319
-0.964556226890
0.263291694543
0.060827870223
-0.962796683516
0.358805911254
0.057609774730
-0.931632670050
-0.492510807700
0.856949430425
-0.151890677769
-0.552845881321
0.829816256184
-0.075936898011
-0.447499804664
0.841847455595
-0.301723029174
-0.515363140497
0.824001783971
-0.235418549460
-0.579177274369
0.799258571584
-0.160435097796
-0.389010725077
0.806716999505
-0.444835181258
-0.463645135984
0.798880191054
-0.383175714548
-0.534861088265
0.783469027374
-0.316385681417
-0.600053694099
0.762437769212
-0.242124373571
-0.658507652115
0.735455544200
-0.159602050775
-0.744300153572
0.625221864320
-0.234765631574
-0.753489745315
0.576299470849
-0.316436602819
-0.397473621648
0.754068172071
-0.522872749303
-0.475274487864
0.748816337902
-0.461939664108
-0.548063189723
0.737143359613
-0.395280163239
-0.616419801023
0.718340046238
-0.322512336008
-0.676720847841
0.695737732109
-0.240827536252
-0.689259002451
0.649042858277
-0.321971109978
-0.694206143264
0.597162819002
-0.401838771470
-0.480797613505
0.692245210521
-0.538173042207
-0.555815339554
0.683367497288
-0.473368959657
-0.625343369320
0.668839323334
-0.401994564651
-0.628476186190
0.611970730592
-0.480114057586
-0.556501307525
0.623300746083
-0.549365520082
-0.141438673073
0.465147104156
0.873861129273
-0.041438625700
0.462528231858
0.885635633336
-0.280494326314
0.391922339040
0.876196218359
-0.187406591698
0.389666203210
0.901686763496
-0.087190564946
0.387420597878
0.917770715225
-0.414663121293
0.310019246578
0.855536418039
-0.325040652415
0.311445567380
0.892944697525
-0.230636092936
0.310365751100
0.922214776058
-0.131462113762
0.310336136646
0.941493066855
-0.027135207122
0.311704953048
0.949791399614
-0.010983490182
0.158430901333
0.987308975167
-0.057344047007
0.075176627967
0.995520032385
-0.457296009345
0.225791487566
0.860173566195
-0.367476768785
0.227967417231
0.901660513211
-0.273546600149
0.229360583982
0.934112402263
-0.174687342242
0.229408942957
0.957525910538
-0.071467928470
0.233331638347
0.969767333821
-0.116415871730
0.151108402151
0.981638220328
-0.162524782967
0.067673987378
0.984380986384
-0.408907864633
0.142376985054
0.901400661398
-0.316228033261
0.144415053224
0.937626857221
-0.219231467206
0.146863368319
0.964556226890
-0.263291694543
0.060827870223
0.962796683516
-0.358805911254
0.057609774730
0.931632670050
0.633949480773
0.769535523142
0.076961902587
0.594284507020
0.804205777054
-0.008887793181
0.727994130979
0.668492428281
0.152126324453
0.702769732195
0.708178140586
0.067811685623
0.666367839314
0.745371838949
-0.019357800215
0.803673846370
0.550441096664
0.226103842875
0.788685788399
0.597994020136
0.142751108784
0.765497181201
0.640928082907
0.056791355986
0.731515807861
0.681189714674
-0.029414205272
0.685642859237
0.718685063907
-0.115696363360
0.755283643754
0.618433694073
-0.216993971144
0.810833792322
0.540858900747
-0.223651985709
0.854769630993
0.471443695376
0.217047736737
0.842751256649
0.521703204717
0.132650237861
0.821609789872
0.568082263214
0.047327533309
0.791107143265
0.610377331328
-0.039862278856
0.748188776311
0.651568123209
-0.125189998882
0.805674874181
0.577093892717
-0.133606272689
0.856730926230
0.496716979114
-0.138868148616
0.889705478138
0.439526251911
0.123453781036
0.872043372815
0.487927824537
0.038298746354
0.844574836526
0.533346825198
-0.047270599309
0.891767880733
0.449247514408
-0.054099146859
0.915307218779
0.401546497564
0.031194639691
-0.388185201570
0.921426200911
-0.016911698848
-0.471416025039
0.880142675065
-0.055819377152
-0.239796014586
0.970215457455
-0.034348762765
-0.321854517587
0.943596690046
-0.077684979526
-0.406778398093
0.905806936745
-0.118512143641
-0.083915403703
0.995276277923
-0.048819418534
-0.168694458596
0.981169734685
-0.094064506470
-0.253574395114
0.957313764324
-0.138745748684
-0.339750341918
0.923314088245
-0.179055297644
-0.427401316408
0.878287114682
-0.214335855414
-0.375424872477
0.853199325647
-0.362087110847
-0.298828613676
0.857295503566
-0.419220561536
-0.008743750830
0.994316444679
-0.106105394123
-0.095317179370
0.983642868825
-0.152844175309
-0.182033050673
0.963362426452
-0.196969042651
-0.269271221813
0.932889667336
-0.239185864300
-0.358521637229
0.892395659461
-0.274029601712
-0.284714674840
0.899065002696
-0.332595362051
-0.206542135994
0.898555750584
-0.387218167382
-0.018923204018
0.977699294118
-0.209155450877
-0.106116306870
0.961296784194
-0.254259359933
-0.194133967627
0.935341389849
-0.295716903556
-0.114927017082
0.929361571994
-0.350825952924
-0.026415135038
0.950912017646
-0.308331923967
-0.104325606131
0.617037781925
0.779987527838
-0.081429856281
0.538465129869
0.838704049365
-0.207703790078
0.693645368214
0.689721131141
-0.193508622910
0.625084752669
0.756190098348
-0.172398876276
0.547855695673
0.818616371799
-0.305095321374
0.754854427837
0.580613156629
-0.294950677388
0.694621281928
0.656129082270
-0.281286693151
0.626751432517
0.726677671388
-0.260303352181
0.552460510217
0.791851974484
-0.231106335707
0.471307003823
0.851151907560
-0.368875281095
0.393196532907
0.842215835464
-0.454661131639
0.391613230786
0.799951456559
-0.388729870818
0.748664236869
0.537020435334
-0.379957308494
0.689907081340
0.616166100041
-0.366030139050
0.624640747221
0.689815826303
-0.347148579210
0.551921278966
0.758202325094
-0.318199210612
0.474159174599
0.820927730991
-0.404544327611
0.473079512129
0.782649130966
-0.487664007270
0.469512758848
0.736030967618
-0.461874409487
0.680550027262
0.568791429485
-0.449699032684
0.617784012881
0.645068750934
-0.431209401693
0.548857932970
0.716109922643
-0.513549169107
0.540941927809
0.666069877451
-0.530086172486
0.606975294812
0.592106106392
0.779987527838
-0.104325606131
0.617037781925
0.838704049365
-0.081429856281
0.538465129869
0.689721131141
-0.207703790078
0.693645368214
0.756190098348
-0.193508622910
0.625084752669
0.818616371799
-0.172398876276
0.547855695673
0.580613156629
-0.305095321374
0.754854427837
0.656129082270
-0.294950677388
0.694621281928
0.726677671388
-0.281286693151
0.626751432517
0.791851974484
-0.260303352181
0.552460510217
0.851151907560
-0.231106335707
0.471307003823
0.842215835464
-0.368875281095
0.393196532907
0.799951456559
-0.454661131639
0.391613230786
0.537020435334
-0.388729870818
0.748664236869
0.616166100041
-0.379957308494
0.689907081340
0.689815826303
-0.366030139050
0.624640747221
0.758202325094
-0.347148579210
0.551921278966
0.820927730991
-0.318199210612
0.474159174599
0.782649130966
-0.404544327611
0.473079512129
0.736030967618
-0.487664007270
0.469512758848
0.568791429485
-0.461874409487
0.680550027262
0.645068750934
-0.449699032684
0.617784012881
0.716109922643
-0.431209401693
0.548857932970
0.666069877451
-0.513549169107
0.540941927809
0.592106106392
-0.530086172486
0.606975294812
-0.921426200911
-0.016911698848
0.388185201570
-0.880142675065
-0.055819377152
0.471416025039
-0.970215457455
-0.034348762765
0.239796014586
-0.943596690046
-0.077684979526
0.321854517587
-0.905806936745
-0.118512143641
0.406778398093
-0.995276277923
-0.048819418534
0.083915403703
-0.981169734685
-0.094064506470
0.168694458596
-0.957313764324
-0.138745748684
0.253574395114
-0.923314088245
-0.179055297644
0.339750341918
-0.878287114682
-0.214335855414
0.427401316408
-0.853199325647
-0.362087110847
0.375424872477
-0.857295503566
-0.419220561536
0.298828613676
-0.994316444679
-0.106105394123
0.008743750830
-0.983642868825
-0.152844175309
0.095317179370
-0.963362426452
-0.196969042651
0.182033050673
-0.932889667336
-0.239185864300
0.269271221813
-0.892395659461
-0.274029601712
0.358521637229
-0.899065002696
-0.332595362051
0.284714674840
-0.898555750584
-0.387218167382
0.206542135994
-0.977699294118
-0.209155450877
0.018923204018
-0.961296784194
-0.254259359933
0.106116306870
-0.935341389849
-0.295716903556
0.194133967627
-0.929361571994
-0.350825952924
0.114927017082
-0.950912017646
-0.308331923967
0.026415135038
0.617037781925
0.779987527838
-0.104325606131
0.538465129869
0.838704049365
-0.081429856281
0.693645368214
0.689721131141
-0.207703790078
0.625084752669
0.756190098348
-0.193508622910
0.547855695673
0.818616371799
-0.172398876276
0.754854427837
0.580613156629
-0.305095321374
0.694621281928
0.656129082270
-0.294950677388
0.626751432517
0.726677671388
-0.281286693151
0.552460510217
0.791851974484
-0.260303352181
0.471307003823
0.851151907560
-0.231106335707
0.393196532907
0.842215835464
-0.368875281095
0.391613230786
0.799951456559
-0.454661131639
0.748664236869
0.537020435334
-0.388729870818
0.689907081340
0.616166100041
-0.379957308494
0.624640747221
0.689815826303
-0.366030139050
0.551921278966
0.758202325094
-0.347148579210
0.474159174599
0.820927730991
-0.318199210612
0.473079512129
0.782649130966
-0.404544327611
0.469512758848
0.736030967618
-0.487664007270
0.680550027262
0.568791429485
-0.461874409487
0.617784012881
0.645068750934
-0.449699032684
0.548857932970
0.716109922643
-0.431209401693
0.540941927809
0.666069877451
-0.513549169107
0.606975294812
0.592106106392
-0.530086172486
0.076961902587
0.633949480773
0.769535523142
-0.008887793181
0.594284507020
0.804205777054
0.152126324453
0.727994130979
0.668492428281
0.067811685623
0.702769732195
0.708178140586
-0.019357800215
0.666367839314
0.745371838949
0.226103842875
0.803673846370
0.550441096664
0.142751108784
0.788685788399
0.597994020136
0.056791355986
0.765497181201
0.640928082907
-0.029414205272
0.731515807861
0.681189714674
-0.115696363360
0.685642859237
0.718685063907
-0.216993971144
0.755283643754
0.618433694073
-0.223651985709
0.810833792322
0.540858900747
0.217047736737
0.854769630993
0.471443695376
0.132650237861
0.842751256649
0.521703204717
0.047327533309
0.821609789872
0.568082263214
-0.039862278856
0.791107143265
0.610377331328
-0.125189998882
0.748188776311
0.651568123209
-0.133606272689
0.805674874181
0.577093892717
-0.138868148616
0.856730926230
0.496716979114
0.123453781036
0.889705478138
0.439526251911
0.038298746354
0.872043372815
0.487927824537
-0.047270599309
0.844574836526
0.533346825198
-0.054099146859
0.891767880733
0.449247514408
0.031194639691
0.915307218779
0.401546497564
-0.151890677769
-0.492510807700
0.856949430425
-0.075936898011
-0.552845881321
0.829816256184
-0.301723029174
-0.447499804664
0.841847455595
-0.235418549460
-0.515363140497
0.824001783971
-0.160435097796
-0.579177274369
0.799258571584
-0.444835181258
-0.389010725077
0.806716999505
-0.383175714548
-0.463645135984
0.798880191054
-0.316385681417
-0.534861088265
0.783469027374
-0.242124373571
-0.600053694099
0.762437769212
-0.159602050775
-0.658507652115
0.735455544200
-0.234765631574
-0.744300153572
0.625221864320
-0.316436602819
-0.753489745315
0.576299470849
-0.522872749303
-0.397473621648
0.754068172071
-0.461939664108
-0.475274487864
0.748816337902
-0.395280163239
-0.548063189723
0.737143359613
-0.322512336008
-0.616419801023
0.718340046238
-0.240827536252
-0.676720847841
0.695737732109
-0.321971109978
-0.689259002451
0.649042858277
-0.401838771470
-0.694206143264
0.597162819002
-0.538173042207
-0.480797613505
0.692245210521
-0.473368959657
-0.555815339554
0.683367497288
-0.401994564651
-0.625343369320
0.668839323334
-0.480114057586
-0.628476186190
0.611970730592
-0.549365520082
-0.556501307525
0.623300746083
0.873861129273
-0.141438673073
0.465147104156
0.885635633336
-0.041438625700
0.462528231858
0.876196218359
-0.280494326314
0.391922339040
0.901686763496
-0.187406591698
0.389666203210
0.917770715225
-0.087190564946
0.387420597878
0.855536418039
-0.414663121293
0.310019246578
0.892944697525
-0.325040652415
0.311445567380
0.922214776058
-0.230636092936
0.310365751100
0.941493066855
-0.131462113762
0.310336136646
0.949791399614
-0.027135207122
0.311704953048
0.987308975167
-0.010983490182
0.158430901333
0.995520032385
-0.057344047007
0.075176627967
0.860173566195
-0.457296009345
0.225791487566
0.901660513211
-0.367476768785
0.227967417231
0.934112402263
-0.273546600149
0.229360583982
0.957525910538
-0.174687342242
0.229408942957
0.969767333821
-0.071467928470
0.233331638347
0.981638220328
-0.116415871730
0.151108402151
0.984380986384
-0.162524782967
0.067673987378
0.901400661398
-0.408907864633
0.142376985054
0.937626857221
-0.316228033261
0.144415053224
0.964556226890
-0.219231467206
0.146863368319
0.962796683516
-0.263291694543
0.060827870223
0.931632670050
-0.358805911254
0.057609774730
0.151890677769
0.492510807700
0.856949430425
0.075936898011
0.552845881321
0.829816256184
0.301723029174
0.447499804664
0.841847455595
0.235418549460
0.515363140497
0.824001783971
0.160435097796
0.579177274369
0.799258571584
0.444835181258
0.389010725077
0.806716999505
0.383175714548
0.463645135984
0.798880191054
0.316385681417
0.534861088265
0.783469027374
0.242124373571
0.600053694099
0.762437769212
0.159602050775
0.658507652115
0.735455544200
0.234765631574
0.744300153572
0.625221864320
0.316436602819
0.753489745315
0.576299470849
0.522872749303
0.397473621648
0.754068172071
0.461939664108
0.475274487864
0.748816337902
0.395280163239
0.548063189723
0.737143359613
0.322512336008
0.616419801023
0.718340046238
0.240827536252
0.676720847841
0.695737732109
0.321971109978
0.689259002451
0.649042858277
0.401838771470
0.694206143264
0.597162819002
0.538173042207
0.480797613505
0.692245210521
0.473368959657
0.555815339554
0.683367497288
0.401994564651
0.625343369320
0.668839323334
0.480114057586
0.628476186190
0.611970730592
0.549365520082
0.556501307525
0.623300746083
-0.016911698848
-0.388185201570
0.921426200911
-0.055819377152
-0.471416025039
0.880142675065
-0.034348762765
-0.239796014586
0.970215457455
-0.077684979526
-0.321854517587
0.943596690046
-0.118512143641
-0.406778398093
0.905806936745
-0.048819418534
-0.083915403703
0.995276277923
-0.094064506470
-0.168694458596
0.981169734685
-0.138745748684
-0.253574395114
0.957313764324
-0.179055297644
-0.339750341918
0.923314088245
-0.214335855414
-0.427401316408
0.878287114682
-0.362087110847
-0.375424872477
0.853199325647
-0.419220561536
-0.298828613676
0.857295503566
-0.106105394123
-0.008743750830
0.994316444679
-0.152844175309
-0.095317179370
0.983642868825
-0.196969042651
-0.182033050673
0.963362426452
-0.239185864300
-0.269271221813
0.932889667336
-0.274029601712
-0.358521637229
0.892395659461
-0.332595362051
-0.284714674840
0.899065002696
-0.387218167382
-0.206542135994
0.898555750584
-0.209155450877
-0.018923204018
0.977699294118
-0.254259359933
-0.106116306870
0.961296784194
-0.295716903556
-0.194133967627
0.935341389849
-0.350825952924
-0.114927017082
0.929361571994
-0.308331923967
-0.026415135038
0.950912017646
0.016911698848
0.388185201570
0.921426200911
0.055819377152
0.471416025039
0.880142675065
0.034348762765
0.239796014586
0.970215457455
0.077684979526
0.321854517587
0.943596690046
0.118512143641
0.406778398093
0.905806936745
0.048819418534
0.083915403703
0.995276277923
0.094064506470
0.168694458596
0.981169734685
0.138745748684
0.253574395114
0.957313764324
0.179055297644
0.339750341918
0.923314088245
0.214335855414
0.427401316408
0.878287114682
0.362087110847
0.375424872477
0.853199325647
0.419220561536
0.298828613676
0.857295503566
0.106105394123
0.008743750830
0.994316444679
0.152844175309
0.095317179370
0.983642868825
0.196969042651
0.182033050673
0.963362426452
0.239185864300
0.269271221813
0.932889667336
0.274029601712
0.358521637229
0.892395659461
0.332595362051
0.284714674840
0.899065002696
0.387218167382
0.206542135994
0.898555750584
0.209155450877
0.018923204018
0.977699294118
0.254259359933
0.106116306870
0.961296784194
0.295716903556
0.194133967627
0.935341389849
0.350825952924
0.114927017082
0.929361571994
0.308331923967
0.026415135038
0.950912017646
-0.465147104156
0.873861129273
0.141438673073
-0.462528231858
0.885635633336
0.041438625700
-0.391922339040
0.876196218359
0.280494326314
-0.389666203210
0.901686763496
0.187406591698
-0.387420597878
0.917770715225
0.087190564946
-0.310019246578
0.855536418039
0.414663121293
-0.311445567380
0.892944697525
0.325040652415
-0.310365751100
0.922214776058
0.230636092936
-0.310336136646
0.941493066855
0.131462113762
-0.311704953048
0.949791399614
0.027135207122
-0.158430901333
0.987308975167
0.010983490182
-0.075176627967
0.995520032385
0.057344047007
-0.225791487566
0.860173566195
0.457296009345
-0.227967417231
0.901660513211
0.367476768785
-0.229360583982
0.934112402263
0.273546600149
-0.229408942957
0.957525910538
0.174687342242
-0.233331638347
0.969767333821
0.071467928470
-0.151108402151
0.981638220328
0.116415871730
-0.067673987378
0.984380986384
0.162524782967
-0.142376985054
0.901400661398
0.408907864633
-0.144415053224
0.937626857221
0.316228033261
-0.146863368319
0.964556226890
0.219231467206
-0.060827870223
0.962796683516
0.263291694543
-0.057609774730
0.931632670050
0.358805911254
-0.769535523142
0.076961902587
-0.633949480773
-0.804205777054
-0.008887793181
-0.594284507020
-0.668492428281
0.152126324453
-0.727994130979
-0.708178140586
0.067811685623
-0.702769732195
-0.745371838949
-0.019357800215
-0.666367839314
-0.550441096664
0.226103842875
-0.803673846370
-0.597994020136
0.142751108784
-0.788685788399
-0.640928082907
0.056791355986
-0.765497181201
-0.681189714674
-0.029414205272
-0.731515807861
-0.718685063907
-0.115696363360
-0.685642859237
-0.618433694073
-0.216993971144
-0.755283643754
-0.540858900747
-0.223651985709
-0.810833792322
-0.471443695376
0.217047736737
-0.854769630993
-0.521703204717
0.132650237861
-0.842751256649
-0.568082263214
0.047327533309
-0.821609789872
-0.610377331328
-0.039862278856
-0.791107143265
-0.651568123209
-0.125189998882
-0.748188776311
-0.577093892717
-0.133606272689
-0.805674874181
-0.496716979114
-0.138868148616
-0.856730926230
-0.439526251911
0.123453781036
-0.889705478138
-0.487927824537
0.038298746354
-0.872043372815
-0.533346825198
-0.047270599309
-0.844574836526
-0.449247514408
-0.054099146859
-0.891767880733
-0.401546497564
0.031194639691
-0.915307218779
-0.856949430425
-0.151890677769
0.492510807700
-0.829816256184
-0.075936898011
0.552845881321
-0.841847455595
-0.301723029174
0.447499804664
-0.824001783971
-0.235418549460
0.515363140497
-0.799258571584
-0.160435097796
0.579177274369
-0.806716999505
-0.444835181258
0.389010725077
-0.798880191054
-0.383175714548
0.463645135984
-0.783469027374
-0.316385681417
0.534861088265
-0.762437769212
-0.242124373571
0.600053694099
-0.735455544200
-0.159602050775
0.658507652115
-0.625221864320
-0.234765631574
0.744300153572
-0.576299470849
-0.316436602819
0.753489745315
-0.754068172071
-0.522872749303
0.397473621648
-0.748816337902
-0.461939664108
0.475274487864
-0.737143359613
-0.395280163239
0.548063189723
-0.718340046238
-0.322512336008
0.616419801023
-0.695737732109
-0.240827536252
0.676720847841
-0.649042858277
-0.321971109978
0.689259002451
-0.597162819002
-0.401838771470
0.694206143264
-0.692245210521
-0.538173042207
0.480797613505
-0.683367497288
-0.473368959657
0.555815339554
-0.668839323334
-0.401994564651
0.625343369320
-0.611970730592
-0.480114057586
0.628476186190
-0.623300746083
-0.549365520082
0.556501307525
-0.617037781925
0.779987527838
0.104325606131
-0.538465129869
0.838704049365
0.081429856281
-0.693645368214
0.689721131141
0.207703790078
-0.625084752669
0.756190098348
0.193508622910
-0.547855695673
0.818616371799
0.172398876276
-0.754854427837
0.580613156629
0.305095321374
-0.694621281928
0.656129082270
0.294950677388
-0.626751432517
0.726677671388
0.281286693151
-0.552460510217
0.791851974484
0.260303352181
-0.471307003823
0.851151907560
0.231106335707
-0.393196532907
0.842215835464
0.368875281095
-0.391613230786
0.799951456559
0.454661131639
-0.748664236869
0.537020435334
0.388729870818
-0.689907081340
0.616166100041
0.379957308494
-0.624640747221
0.689815826303
0.366030139050
-0.551921278966
0.758202325094
0.347148579210
-0.474159174599
0.820927730991
0.318199210612
-0.473079512129
0.782649130966
0.404544327611
-0.469512758848
0.736030967618
0.487664007270
-0.680550027262
0.568791429485
0.461874409487
-0.617784012881
0.645068750934
0.449699032684
-0.548857932970
0.716109922643
0.431209401693
-0.540941927809
0.666069877451
0.513549169107
-0.606975294812
0.592106106392
0.530086172486
-0.856949430425
0.151890677769
-0.492510807700
-0.829816256184
0.075936898011
-0.552845881321
-0.841847455595
0.301723029174
-0.447499804664
-0.824001783971
0.235418549460
-0.515363140497
-0.799258571584
0.160435097796
-0.579177274369
-0.806716999505
0.444835181258
-0.389010725077
-0.798880191054
0.383175714548
-0.463645135984
-0.783469027374
0.316385681417
-0.534861088265
-0.762437769212
0.242124373571
-0.600053694099
-0.735455544200
0.159602050775
-0.658507652115
-0.625221864320
0.234765631574
-0.744300153572
-0.576299470849
0.316436602819
-0.753489745315
-0.754068172071
0.522872749303
-0.397473621648
-0.748816337902
0.461939664108
-0.475274487864
-0.737143359613
0.395280163239
-0.548063189723
-0.718340046238
0.322512336008
-0.616419801023
-0.695737732109
0.240827536252
-0.676720847841
-0.649042858277
0.321971109978
-0.689259002451
-0.597162819002
0.401838771470
-0.694206143264
-0.692245210521
0.538173042207
-0.480797613505
-0.683367497288
0.473368959657
-0.555815339554
-0.668839323334
0.401994564651
-0.625343369320
-0.611970730592
0.480114057586
-0.628476186190
-0.623300746083
0.549365520082
-0.556501307525
-0.465147104156
-0.873861129273
-0.141438673073
-0.462528231858
-0.885635633336
-0.041438625700
-0.391922339040
-0.876196218359
-0.280494326314
-0.389666203210
-0.901686763496
-0.187406591698
-0.387420597878
-0.917770715225
-0.087190564946
-0.310019246578
-0.855536418039
-0.414663121293
-0.311445567380
-0.892944697525
-0.325040652415
-0.310365751100
-0.922214776058
-0.230636092936
-0.310336136646
-0.941493066855
-0.131462113762
-0.311704953048
-0.949791399614
-0.027135207122
-0.158430901333
-0.987308975167
-0.010983490182
-0.075176627967
-0.995520032385
-0.057344047007
-0.225791487566
-0.860173566195
-0.457296009345
-0.227967417231
-0.901660513211
-0.367476768785
-0.229360583982
-0.934112402263
-0.273546600149
-0.229408942957
-0.957525910538
-0.174687342242
-0.233331638347
-0.969767333821
-0.071467928470
-0.151108402151
-0.981638220328
-0.116415871730
-0.067673987378
-0.984380986384
-0.162524782967
-0.142376985054
-0.901400661398
-0.408907864633
-0.144415053224
-0.937626857221
-0.316228033261
-0.146863368319
-0.964556226890
-0.219231467206
-0.060827870223
-0.962796683516
-0.263291694543
-0.057609774730
-0.931632670050
-0.358805911254
0.769535523142
0.076961902587
0.633949480773
0.804205777054
-0.008887793181
0.594284507020
0.668492428281
0.152126324453
0.727994130979
0.708178140586
0.067811685623
0.702769732195
0.745371838949
-0.019357800215
0.666367839314
0.550441096664
0.226103842875
0.803673846370
0.597994020136
0.142751108784
0.788685788399
0.640928082907
0.056791355986
0.765497181201
0.681189714674
-0.029414205272
0.731515807861
0.718685063907
-0.115696363360
0.685642859237
0.618433694073
-0.216993971144
0.755283643754
0.540858900747
-0.223651985709
0.810833792322
0.471443695376
0.217047736737
0.854769630993
0.521703204717
0.132650237861
0.842751256649
0.568082263214
0.047327533309
0.821609789872
0.610377331328
-0.039862278856
0.791107143265
0.651568123209
-0.125189998882
0.748188776311
0.577093892717
-0.133606272689
0.805674874181
0.496716979114
-0.138868148616
0.856730926230
0.439526251911
0.123453781036
0.889705478138
0.487927824537
0.038298746354
0.872043372815
0.533346825198
-0.047270599309
0.844574836526
0.449247514408
-0.054099146859
0.891767880733
0.401546497564
0.031194639691
0.915307218779
0.856949430425
-0.151890677769
-0.492510807700
0.829816256184
-0.075936898011
-0.552845881321
0.841847455595
-0.301723029174
-0.447499804664
0.824001783971
-0.235418549460
-0.515363140497
0.799258571584
-0.160435097796
-0.579177274369
0.806716999505
-0.444835181258
-0.389010725077
0.798880191054
-0.383175714548
-0.463645135984
0.783469027374
-0.316385681417
-0.534861088265
0.762437769212
-0.242124373571
-0.600053694099
0.735455544200
-0.159602050775
-0.658507652115
0.625221864320
-0.234765631574
-0.744300153572
0.576299470849
-0.316436602819
-0.753489745315
0.754068172071
-0.522872749303
-0.397473621648
0.748816337902
-0.461939664108
-0.475274487864
0.737143359613
-0.395280163239
-0.548063189723
0.718340046238
-0.322512336008
-0.616419801023
0.695737732109
-0.240827536252
-0.676720847841
0.649042858277
-0.321971109978
-0.689259002451
0.597162819002
-0.401838771470
-0.694206143264
0.692245210521
-0.538173042207
-0.480797613505
0.683367497288
-0.473368959657
-0.555815339554
0.668839323334
-0.401994564651
-0.625343369320
0.611970730592
-0.480114057586
-0.628476186190
0.623300746083
-0.549365520082
-0.556501307525
0.465147104156
0.873861129273
-0.141438673073
0.462528231858
0.885635633336
-0.041438625700
0.391922339040
0.876196218359
-0.280494326314
0.389666203210
0.901686763496
-0.187406591698
0.387420597878
0.917770715225
-0.087190564946
0.310019246578
0.855536418039
-0.414663121293
0.311445567380
0.892944697525
-0.325040652415
0.310365751100
0.922214776058
-0.230636092936
0.310336136646
0.941493066855
-0.131462113762
0.311704953048
0.949791399614
-0.027135207122
0.158430901333
0.987308975167
-0.010983490182
0.075176627967
0.995520032385
-0.057344047007
0.225791487566
0.860173566195
-0.457296009345
0.227967417231
0.901660513211
-0.367476768785
0.229360583982
0.934112402263
-0.273546600149
0.229408942957
0.957525910538
-0.174687342242
0.233331638347
0.969767333821
-0.071467928470
0.151108402151
0.981638220328
-0.116415871730
0.067673987378
0.984380986384
-0.162524782967
0.142376985054
0.901400661398
-0.408907864633
0.144415053224
0.937626857221
-0.316228033261
0.146863368319
0.964556226890
-0.219231467206
0.060827870223
0.962796683516
-0.263291694543
0.057609774730
0.931632670050
-0.358805911254
0.856949430425
0.151890677769
0.492510807700
0.829816256184
0.075936898011
0.552845881321
0.841847455595
0.301723029174
0.447499804664
0.824001783971
0.235418549460
0.515363140497
0.799258571584
0.160435097796
0.579177274369
0.806716999505
0.444835181258
0.389010725077
0.798880191054
0.383175714548
0.463645135984
0.783469027374
0.316385681417
0.534861088265
0.762437769212
0.242124373571
0.600053694099
0.735455544200
0.159602050775
0.658507652115
0.625221864320
0.234765631574
0.744300153572
0.576299470849
0.316436602819
0.753489745315
0.754068172071
0.522872749303
0.397473621648
0.748816337902
0.461939664108
0.475274487864
0.737143359613
0.395280163239
0.548063189723
0.718340046238
0.322512336008
0.616419801023
0.695737732109
0.240827536252
0.676720847841
0.649042858277
0.321971109978
0.689259002451
0.597162819002
0.401838771470
0.694206143264
0.692245210521
0.538173042207
0.480797613505
0.683367497288
0.473368959657
0.555815339554
0.668839323334
0.401994564651
0.625343369320
0.611970730592
0.480114057586
0.628476186190
0.623300746083
0.549365520082
0.556501307525
0.921426200911
-0.016911698848
-0.388185201570
0.880142675065
-0.055819377152
-0.471416025039
0.970215457455
-0.034348762765
-0.239796014586
0.943596690046
-0.077684979526
-0.321854517587
0.905806936745
-0.118512143641
-0.406778398093
0.995276277923
-0.048819418534
-0.083915403703
0.981169734685
-0.094064506470
-0.168694458596
0.957313764324
-0.138745748684
-0.253574395114
0.923314088245
-0.179055297644
-0.339750341918
0.878287114682
-0.214335855414
-0.427401316408
0.853199325647
-0.362087110847
-0.375424872477
0.857295503566
-0.419220561536
-0.298828613676
0.994316444679
-0.106105394123
-0.008743750830
0.983642868825
-0.152844175309
-0.095317179370
0.963362426452
-0.196969042651
-0.182033050673
0.932889667336
-0.239185864300
-0.269271221813
0.892395659461
-0.274029601712
-0.358521637229
0.899065002696
-0.332595362051
-0.284714674840
0.898555750584
-0.387218167382
-0.206542135994
0.977699294118
-0.209155450877
-0.018923204018
0.961296784194
-0.254259359933
-0.106116306870
0.935341389849
-0.295716903556
-0.194133967627
0.929361571994
-0.350825952924
-0.114927017082
0.950912017646
-0.308331923967
-0.026415135038
-0.016911698848
0.388185201570
-0.921426200911
-0.055819377152
0.471416025039
-0.880142675065
-0.034348762765
0.239796014586
-0.970215457455
-0.077684979526
0.321854517587
-0.943596690046
-0.118512143641
0.406778398093
-0.905806936745
-0.048819418534
0.083915403703
-0.995276277923
-0.094064506470
0.168694458596
-0.981169734685
-0.138745748684
0.253574395114
-0.957313764324
-0.179055297644
0.339750341918
-0.923314088245
-0.214335855414
0.427401316408
-0.878287114682
-0.362087110847
0.375424872477
-0.853199325647
-0.419220561536
0.298828613676
-0.857295503566
-0.106105394123
0.008743750830
-0.994316444679
-0.152844175309
0.095317179370
-0.983642868825
-0.196969042651
0.182033050673
-0.963362426452
-0.239185864300
0.269271221813
-0.932889667336
-0.274029601712
0.358521637229
-0.892395659461
-0.332595362051
0.284714674840
-0.899065002696
-0.387218167382
0.206542135994
-0.898555750584
-0.209155450877
0.018923204018
-0.977699294118
-0.254259359933
0.106116306870
-0.961296784194
-0.295716903556
0.194133967627
-0.935341389849
-0.350825952924
0.114927017082
-0.929361571994
-0.308331923967
0.026415135038
-0.950912017646
0.465147104156
-0.873861129273
0.141438673073
0.462528231858
-0.885635633336
0.041438625700
0.391922339040
-0.876196218359
0.280494326314
0.389666203210
-0.901686763496
0.187406591698
0.387420597878
-0.917770715225
0.087190564946
0.310019246578
-0.855536418039
0.414663121293
0.311445567380
-0.892944697525
0.325040652415
0.310365751100
-0.922214776058
0.230636092936
0.310336136646
-0.941493066855
0.131462113762
0.311704953048
-0.949791399614
0.027135207122
0.158430901333
-0.987308975167
0.010983490182
0.075176627967
-0.995520032385
0.057344047007
0.225791487566
-0.860173566195
0.457296009345
0.227967417231
-0.901660513211
0.367476768785
0.229360583982
-0.934112402263
0.273546600149
0.229408942957
-0.957525910538
0.174687342242
0.233331638347
-0.969767333821
0.071467928470
0.151108402151
-0.981638220328
0.116415871730
0.067673987378
-0.984380986384
0.162524782967
0.142376985054
-0.901400661398
0.408907864633
0.144415053224
-0.937626857221
0.316228033261
0.146863368319
-0.964556226890
0.219231467206
0.060827870223
-0.962796683516
0.263291694543
0.057609774730
-0.931632670050
0.358805911254
-0.873861129273
0.141438673073
0.465147104156
-0.885635633336
0.041438625700
0.462528231858
-0.876196218359
0.280494326314
0.391922339040
-0.901686763496
0.187406591698
0.389666203210
-0.917770715225
0.087190564946
0.387420597878
-0.855536418039
0.414663121293
0.310019246578
-0.892944697525
0.325040652415
0.311445567380
-0.922214776058
0.230636092936
0.310365751100
-0.941493066855
0.131462113762
0.310336136646
-0.949791399614
0.027135207122
0.311704953048
-0.987308975167
0.010983490182
0.158430901333
-0.995520032385
0.057344047007
0.075176627967
-0.860173566195
0.457296009345
0.225791487566
-0.901660513211
0.367476768785
0.227967417231
-0.934112402263
0.273546600149
0.229360583982
-0.957525910538
0.174687342242
0.229408942957
-0.969767333821
0.071467928470
0.233331638347
-0.981638220328
0.116415871730
0.151108402151
-0.984380986384
0.162524782967
0.067673987378
-0.901400661398
0.408907864633
0.142376985054
-0.937626857221
0.316228033261
0.144415053224
-0.964556226890
0.219231467206
0.146863368319
-0.962796683516
0.263291694543
0.060827870223
-0.931632670050
0.358805911254
0.057609774730
-0.076961902587
-0.633949480773
0.769535523142
0.008887793181
-0.594284507020
0.804205777054
-0.152126324453
-0.727994130979
0.668492428281
-0.067811685623
-0.702769732195
0.708178140586
0.019357800215
-0.666367839314
0.745371838949
-0.226103842875
-0.803673846370
0.550441096664
-0.142751108784
-0.788685788399
0.597994020136
-0.056791355986
-0.765497181201
0.640928082907
0.029414205272
-0.731515807861
0.681189714674
0.115696363360
-0.685642859237
0.718685063907
0.216993971144
-0.755283643754
0.618433694073
0.223651985709
-0.810833792322
0.540858900747
-0.217047736737
-0.854769630993
0.471443695376
-0.132650237861
-0.842751256649
0.521703204717
-0.047327533309
-0.821609789872
0.568082263214
0.039862278856
-0.791107143265
0.610377331328
0.125189998882
-0.748188776311
0.651568123209
0.133606272689
-0.805674874181
0.577093892717
0.138868148616
-0.856730926230
0.496716979114
-0.123453781036
-0.889705478138
0.439526251911
-0.038298746354
-0.872043372815
0.487927824537
0.047270599309
-0.844574836526
0.533346825198
0.054099146859
-0.891767880733
0.449247514408
-0.031194639691
-0.915307218779
0.401546497564
-0.779987527838
0.104325606131
0.617037781925
-0.838704049365
0.081429856281
0.538465129869
-0.689721131141
0.207703790078
0.693645368214
-0.756190098348
0.193508622910
0.625084752669
-0.818616371799
0.172398876276
0.547855695673
-0.580613156629
0.305095321374
0.754854427837
-0.656129082270
0.294950677388
0.694621281928
-0.726677671388
0.281286693151
0.626751432517
-0.791851974484
0.260303352181
0.552460510217
-0.851151907560
0.231106335707
0.471307003823
-0.842215835464
0.368875281095
0.393196532907
-0.799951456559
0.454661131639
0.391613230786
-0.537020435334
0.388729870818
0.748664236869
-0.616166100041
0.379957308494
0.689907081340
-0.689815826303
0.366030139050
0.624640747221
-0.758202325094
0.347148579210
0.551921278966
-0.820927730991
0.318199210612
0.474159174599
-0.782649130966
0.404544327611
0.473079512129
-0.736030967618
0.487664007270
0.469512758848
-0.568791429485
0.461874409487
0.680550027262
-0.645068750934
0.449699032684
0.617784012881
-0.716109922643
0.431209401693
0.548857932970
-0.666069877451
0.513549169107
0.540941927809
-0.592106106392
0.530086172486
0.606975294812
-0.617037781925
-0.779987527838
-0.104325606131
-0.538465129869
-0.838704049365
-0.081429856281
-0.693645368214
-0.689721131141
-0.207703790078
-0.625084752669
-0.756190098348
-0.193508622910
-0.547855695673
-0.818616371799
-0.172398876276
-0.754854427837
-0.580613156629
-0.305095321374
-0.694621281928
-0.656129082270
-0.294950677388
-0.626751432517
-0.726677671388
-0.281286693151
-0.552460510217
-0.791851974484
-0.260303352181
-0.471307003823
-0.851151907560
-0.231106335707
-0.393196532907
-0.842215835464
-0.368875281095
-0.391613230786
-0.799951456559
-0.454661131639
-0.748664236869
-0.537020435334
-0.388729870818
-0.689907081340
-0.616166100041
-0.379957308494
-0.624640747221
-0.689815826303
-0.366030139050
-0.551921278966
-0.758202325094
-0.347148579210
-0.474159174599
-0.820927730991
-0.318199210612
-0.473079512129
-0.782649130966
-0.404544327611
-0.469512758848
-0.736030967618
-0.487664007270
-0.680550027262
-0.568791429485
-0.461874409487
-0.617784012881
-0.645068750934
-0.449699032684
-0.548857932970
-0.716109922643
-0.431209401693
-0.540941927809
-0.666069877451
-0.513549169107
-0.606975294812
-0.592106106392
-0.530086172486
0.104325606131
-0.617037781925
0.779987527838
0.081429856281
-0.538465129869
0.838704049365
0.207703790078
-0.693645368214
0.689721131141
0.193508622910
-0.625084752669
0.756190098348
0.172398876276
-0.547855695673
0.818616371799
0.305095321374
-0.754854427837
0.580613156629
0.294950677388
-0.694621281928
0.656129082270
0.281286693151
-0.626751432517
0.726677671388
0.260303352181
-0.552460510217
0.791851974484
0.231106335707
-0.471307003823
0.851151907560
0.368875281095
-0.393196532907
0.842215835464
0.454661131639
-0.391613230786
0.799951456559
0.388729870818
-0.748664236869
0.537020435334
0.379957308494
-0.689907081340
0.616166100041
0.366030139050
-0.624640747221
0.689815826303
0.347148579210
-0.551921278966
0.758202325094
0.318199210612
-0.474159174599
0.820927730991
0.404544327611
-0.473079512129
0.782649130966
0.487664007270
-0.469512758848
0.736030967618
0.461874409487
-0.680550027262
0.568791429485
0.449699032684
-0.617784012881
0.645068750934
0.431209401693
-0.548857932970
0.716109922643
0.513549169107
-0.540941927809
0.666069877451
0.530086172486
-0.606975294812
0.592106106392
-0.769535523142
-0.076961902587
0.633949480773
-0.804205777054
0.008887793181
0.594284507020
-0.668492428281
-0.152126324453
0.727994130979
-0.708178140586
-0.067811685623
0.702769732195
-0.745371838949
0.019357800215
0.666367839314
-0.550441096664
-0.226103842875
0.803673846370
-0.597994020136
-0.142751108784
0.788685788399
-0.640928082907
-0.056791355986
0.765497181201
-0.681189714674
0.029414205272
0.731515807861
-0.718685063907
0.115696363360
0.685642859237
-0.618433694073
0.216993971144
0.755283643754
-0.540858900747
0.223651985709
0.810833792322
-0.471443695376
-0.217047736737
0.854769630993
-0.521703204717
-0.132650237861
0.842751256649
-0.568082263214
-0.047327533309
0.821609789872
-0.610377331328
0.039862278856
0.791107143265
-0.651568123209
0.125189998882
0.748188776311
-0.577093892717
0.133606272689
0.805674874181
-0.496716979114
0.138868148616
0.856730926230
-0.439526251911
-0.123453781036
0.889705478138
-0.487927824537
-0.038298746354
0.872043372815
-0.533346825198
0.047270599309
0.844574836526
-0.449247514408
0.054099146859
0.891767880733
-0.401546497564
-0.031194639691
0.915307218779
0.388185201570
-0.921426200911
-0.016911698848
0.471416025039
-0.880142675065
-0.055819377152
0.239796014586
-0.970215457455
-0.034348762765
0.321854517587
-0.943596690046
-0.077684979526
0.406778398093
-0.905806936745
-0.118512143641
0.083915403703
-0.995276277923
-0.048819418534
0.168694458596
-0.981169734685
-0.094064506470
0.253574395114
-0.957313764324
-0.138745748684
0.339750341918
-0.923314088245
-0.179055297644
0.427401316408
-0.878287114682
-0.214335855414
0.375424872477
-0.853199325647
-0.362087110847
0.298828613676
-0.857295503566
-0.419220561536
0.008743750830
-0.994316444679
-0.106105394123
0.095317179370
-0.983642868825
-0.152844175309
0.182033050673
-0.963362426452
-0.196969042651
0.269271221813
-0.932889667336
-0.239185864300
0.358521637229
-0.892395659461
-0.274029601712
0.284714674840
-0.899065002696
-0.332595362051
0.206542135994
-0.898555750584
-0.387218167382
0.018923204018
-0.977699294118
-0.209155450877
0.106116306870
-0.961296784194
-0.254259359933
0.194133967627
-0.935341389849
-0.295716903556
0.114927017082
-0.929361571994
-0.350825952924
0.026415135038
-0.950912017646
-0.308331923967
0.921426200911
0.016911698848
0.388185201570
0.880142675065
0.055819377152
0.471416025039
0.970215457455
0.034348762765
0.239796014586
0.943596690046
0.077684979526
0.321854517587
0.905806936745
0.118512143641
0.406778398093
0.995276277923
0.048819418534
0.083915403703
0.981169734685
0.094064506470
0.168694458596
0.957313764324
0.138745748684
0.253574395114
0.923314088245
0.179055297644
0.339750341918
0.878287114682
0.214335855414
0.427401316408
0.853199325647
0.362087110847
0.375424872477
0.857295503566
0.419220561536
0.298828613676
0.994316444679
0.106105394123
0.008743750830
0.983642868825
0.152844175309
0.095317179370
0.963362426452
0.196969042651
0.182033050673
0.932889667336
0.239185864300
0.269271221813
0.892395659461
0.274029601712
0.358521637229
0.899065002696
0.332595362051
0.284714674840
0.898555750584
0.387218167382
0.206542135994
0.977699294118
0.209155450877
0.018923204018
0.961296784194
0.254259359933
0.106116306870
0.935341389849
0.295716903556
0.194133967627
0.929361571994
0.350825952924
0.114927017082
0.950912017646
0.308331923967
0.026415135038
0.141438673073
-0.465147104156
0.873861129273
0.041438625700
-0.462528231858
0.885635633336
0.280494326314
-0.391922339040
0.876196218359
0.187406591698
-0.389666203210
0.901686763496
0.087190564946
-0.387420597878
0.917770715225
0.414663121293
-0.310019246578
0.855536418039
0.325040652415
-0.311445567380
0.892944697525
0.230636092936
-0.310365751100
0.922214776058
0.131462113762
-0.310336136646
0.941493066855
0.027135207122
-0.311704953048
0.949791399614
0.010983490182
-0.158430901333
0.987308975167
0.057344047007
-0.075176627967
0.995520032385
0.457296009345
-0.225791487566
0.860173566195
0.367476768785
-0.227967417231
0.901660513211
0.273546600149
-0.229360583982
0.934112402263
0.174687342242
-0.229408942957
0.957525910538
0.071467928470
-0.233331638347
0.969767333821
0.116415871730
-0.151108402151
0.981638220328
0.162524782967
-0.067673987378
0.984380986384
0.408907864633
-0.142376985054
0.901400661398
0.316228033261
-0.144415053224
0.937626857221
0.219231467206
-0.146863368319
0.964556226890
0.263291694543
-0.060827870223
0.962796683516
0.358805911254
-0.057609774730
0.931632670050
0.769535523142
-0.076961902587
-0.633949480773
0.804205777054
0.008887793181
-0.594284507020
0.668492428281
-0.152126324453
-0.727994130979
0.708178140586
-0.067811685623
-0.702769732195
0.745371838949
0.019357800215
-0.666367839314
0.550441096664
-0.226103842875
-0.803673846370
0.597994020136
-0.142751108784
-0.788685788399
0.640928082907
-0.056791355986
-0.765497181201
0.681189714674
0.029414205272
-0.731515807861
0.718685063907
0.115696363360
-0.685642859237
0.618433694073
0.216993971144
-0.755283643754
0.540858900747
0.223651985709
-0.810833792322
0.471443695376
-0.217047736737
-0.854769630993
0.521703204717
-0.132650237861
-0.842751256649
0.568082263214
-0.047327533309
-0.821609789872
0.610377331328
0.039862278856
-0.791107143265
0.651568123209
0.125189998882
-0.748188776311
0.577093892717
0.133606272689
-0.805674874181
0.496716979114
0.138868148616
-0.856730926230
0.439526251911
-0.123453781036
-0.889705478138
0.487927824537
-0.038298746354
-0.872043372815
0.533346825198
0.047270599309
-0.844574836526
0.449247514408
0.054099146859
-0.891767880733
0.401546497564
-0.031194639691
-0.915307218779
-0.633949480773
-0.769535523142
0.076961902587
-0.594284507020
-0.804205777054
-0.008887793181
-0.727994130979
-0.668492428281
0.152126324453
-0.702769732195
-0.708178140586
0.067811685623
-0.666367839314
-0.745371838949
-0.019357800215
-0.803673846370
-0.550441096664
0.226103842875
-0.788685788399
-0.597994020136
0.142751108784
-0.765497181201
-0.640928082907
0.056791355986
-0.731515807861
-0.681189714674
-0.029414205272
-0.685642859237
-0.718685063907
-0.115696363360
-0.755283643754
-0.618433694073
-0.216993971144
-0.810833792322
-0.540858900747
-0.223651985709
-0.854769630993
-0.471443695376
0.217047736737
-0.842751256649
-0.521703204717
0.132650237861
-0.821609789872
-0.568082263214
0.047327533309
-0.791107143265
-0.610377331328
-0.039862278856
-0.748188776311
-0.651568123209
-0.125189998882
-0.805674874181
-0.577093892717
-0.133606272689
-0.856730926230
-0.496716979114
-0.138868148616
-0.889705478138
-0.439526251911
0.123453781036
-0.872043372815
-0.487927824537
0.038298746354
-0.844574836526
-0.533346825198
-0.047270599309
-0.891767880733
-0.449247514408
-0.054099146859
-0.915307218779
-0.401546497564
0.031194639691
0.617037781925
-0.779987527838
0.104325606131
0.538465129869
-0.838704049365
0.081429856281
0.693645368214
-0.689721131141
0.207703790078
0.625084752669
-0.756190098348
0.193508622910
0.547855695673
-0.818616371799
0.172398876276
0.754854427837
-0.580613156629
0.305095321374
0.694621281928
-0.656129082270
0.294950677388
0.626751432517
-0.726677671388
0.281286693151
0.552460510217
-0.791851974484
0.260303352181
0.471307003823
-0.851151907560
0.231106335707
0.393196532907
-0.842215835464
0.368875281095
0.391613230786
-0.799951456559
0.454661131639
0.748664236869
-0.537020435334
0.388729870818
0.689907081340
-0.616166100041
0.379957308494
0.624640747221
-0.689815826303
0.366030139050
0.551921278966
-0.758202325094
0.347148579210
0.474159174599
-0.820927730991
0.318199210612
0.473079512129
-0.782649130966
0.404544327611
0.469512758848
-0.736030967618
0.487664007270
0.680550027262
-0.568791429485
0.461874409487
0.617784012881
-0.645068750934
0.449699032684
0.548857932970
-0.716109922643
0.431209401693
0.540941927809
-0.666069877451
0.513549169107
0.606975294812
-0.592106106392
0.530086172486
-0.104325606131
-0.617037781925
-0.779987527838
-0.081429856281
-0.538465129869
-0.838704049365
-0.207703790078
-0.693645368214
-0.689721131141
-0.193508622910
-0.625084752669
-0.756190098348
-0.172398876276
-0.547855695673
-0.818616371799
-0.305095321374
-0.754854427837
-0.580613156629
-0.294950677388
-0.694621281928
-0.656129082270
-0.281286693151
-0.626751432517
-0.726677671388
-0.260303352181
-0.552460510217
-0.791851974484
-0.231106335707
-0.471307003823
-0.851151907560
-0.368875281095
-0.393196532907
-0.842215835464
-0.454661131639
-0.391613230786
-0.799951456559
-0.388729870818
-0.748664236869
-0.537020435334
-0.379957308494
-0.689907081340
-0.616166100041
-0.366030139050
-0.624640747221
-0.689815826303
-0.347148579210
-0.551921278966
-0.758202325094
-0.318199210612
-0.474159174599
-0.820927730991
-0.404544327611
-0.473079512129
-0.782649130966
-0.487664007270
-0.469512758848
-0.736030967618
-0.461874409487
-0.680550027262
-0.568791429485
-0.449699032684
-0.617784012881
-0.645068750934
-0.431209401693
-0.548857932970
-0.716109922643
-0.513549169107
-0.540941927809
-0.666069877451
-0.530086172486
-0.606975294812
-0.592106106392
0.104325606131
0.617037781925
-0.779987527838
0.081429856281
0.538465129869
-0.838704049365
0.207703790078
0.693645368214
-0.689721131141
0.193508622910
0.625084752669
-0.756190098348
0.172398876276
0.547855695673
-0.818616371799
0.305095321374
0.754854427837
-0.580613156629
0.294950677388
0.694621281928
-0.656129082270
0.281286693151
0.626751432517
-0.726677671388
0.260303352181
0.552460510217
-0.791851974484
0.231106335707
0.471307003823
-0.851151907560
0.368875281095
0.393196532907
-0.842215835464
0.454661131639
0.391613230786
-0.799951456559
0.388729870818
0.748664236869
-0.537020435334
0.379957308494
0.689907081340
-0.616166100041
0.366030139050
0.624640747221
-0.689815826303
0.347148579210
0.551921278966
-0.758202325094
0.318199210612
0.474159174599
-0.820927730991
0.404544327611
0.473079512129
-0.782649130966
0.487664007270
0.469512758848
-0.736030967618
0.461874409487
0.680550027262
-0.568791429485
0.449699032684
0.617784012881
-0.645068750934
0.431209401693
0.548857932970
-0.716109922643
0.513549169107
0.540941927809
-0.666069877451
0.530086172486
0.606975294812
-0.592106106392
-0.779987527838
-0.104325606131
-0.617037781925
-0.838704049365
-0.081429856281
-0.538465129869
-0.689721131141
-0.207703790078
-0.693645368214
-0.756190098348
-0.193508622910
-0.625084752669
-0.818616371799
-0.172398876276
-0.547855695673
-0.580613156629
-0.305095321374
-0.754854427837
-0.656129082270
-0.294950677388
-0.694621281928
-0.726677671388
-0.281286693151
-0.626751432517
-0.791851974484
-0.260303352181
-0.552460510217
-0.851151907560
-0.231106335707
-0.471307003823
-0.842215835464
-0.368875281095
-0.393196532907
-0.799951456559
-0.454661131639
-0.391613230786
-0.537020435334
-0.388729870818
-0.748664236869
-0.616166100041
-0.379957308494
-0.689907081340
-0.689815826303
-0.366030139050
-0.624640747221
-0.758202325094
-0.347148579210
-0.551921278966
-0.820927730991
-0.318199210612
-0.474159174599
-0.782649130966
-0.404544327611
-0.473079512129
-0.736030967618
-0.487664007270
-0.469512758848
-0.568791429485
-0.461874409487
-0.680550027262
-0.645068750934
-0.449699032684
-0.617784012881
-0.716109922643
-0.431209401693
-0.548857932970
-0.666069877451
-0.513549169107
-0.540941927809
-0.592106106392
-0.530086172486
-0.606975294812
-0.633949480773
0.769535523142
-0.076961902587
-0.594284507020
0.804205777054
0.008887793181
-0.727994130979
0.668492428281
-0.152126324453
-0.702769732195
0.708178140586
-0.067811685623
-0.666367839314
0.745371838949
0.019357800215
-0.803673846370
0.550441096664
-0.226103842875
-0.788685788399
0.597994020136
-0.142751108784
-0.765497181201
0.640928082907
-0.056791355986
-0.731515807861
0.681189714674
0.029414205272
-0.685642859237
0.718685063907
0.115696363360
-0.755283643754
0.618433694073
0.216993971144
-0.810833792322
0.540858900747
0.223651985709
-0.854769630993
0.471443695376
-0.217047736737
-0.842751256649
0.521703204717
-0.132650237861
-0.821609789872
0.568082263214
-0.047327533309
-0.791107143265
0.610377331328
0.039862278856
-0.748188776311
0.651568123209
0.125189998882
-0.805674874181
0.577093892717
0.133606272689
-0.856730926230
0.496716979114
0.138868148616
-0.889705478138
0.439526251911
-0.123453781036
-0.872043372815
0.487927824537
-0.038298746354
-0.844574836526
0.533346825198
0.047270599309
-0.891767880733
0.449247514408
0.054099146859
-0.915307218779
0.401546497564
-0.031194639691
-0.076961902587
0.633949480773
-0.769535523142
0.008887793181
0.594284507020
-0.804205777054
-0.152126324453
0.727994130979
-0.668492428281
-0.067811685623
0.702769732195
-0.708178140586
0.019357800215
0.666367839314
-0.745371838949
-0.226103842875
0.803673846370
-0.550441096664
-0.142751108784
0.788685788399
-0.597994020136
-0.056791355986
0.765497181201
-0.640928082907
0.029414205272
0.731515807861
-0.681189714674
0.115696363360
0.685642859237
-0.718685063907
0.216993971144
0.755283643754
-0.618433694073
0.223651985709
0.810833792322
-0.540858900747
-0.217047736737
0.854769630993
-0.471443695376
-0.132650237861
0.842751256649
-0.521703204717
-0.047327533309
0.821609789872
-0.568082263214
0.039862278856
0.791107143265
-0.610377331328
0.125189998882
0.748188776311
-0.651568123209
0.133606272689
0.805674874181
-0.577093892717
0.138868148616
0.856730926230
-0.496716979114
-0.123453781036
0.889705478138
-0.439526251911
-0.038298746354
0.872043372815
-0.487927824537
0.047270599309
0.844574836526
-0.533346825198
0.054099146859
0.891767880733
-0.449247514408
-0.031194639691
0.915307218779
-0.401546497564
0.151890677769
-0.492510807700
-0.856949430425
0.075936898011
-0.552845881321
-0.829816256184
0.301723029174
-0.447499804664
-0.841847455595
0.235418549460
-0.515363140497
-0.824001783971
0.160435097796
-0.579177274369
-0.799258571584
0.444835181258
-0.389010725077
-0.806716999505
0.383175714548
-0.463645135984
-0.798880191054
0.316385681417
-0.534861088265
-0.783469027374
0.242124373571
-0.600053694099
-0.762437769212
0.159602050775
-0.658507652115
-0.735455544200
0.234765631574
-0.744300153572
-0.625221864320
0.316436602819
-0.753489745315
-0.576299470849
0.522872749303
-0.397473621648
-0.754068172071
0.461939664108
-0.475274487864
-0.748816337902
0.395280163239
-0.548063189723
-0.737143359613
0.322512336008
-0.616419801023
-0.718340046238
0.240827536252
-0.676720847841
-0.695737732109
0.321971109978
-0.689259002451
-0.649042858277
0.401838771470
-0.694206143264
-0.597162819002
0.538173042207
-0.480797613505
-0.692245210521
0.473368959657
-0.555815339554
-0.683367497288
0.401994564651
-0.625343369320
-0.668839323334
0.480114057586
-0.628476186190
-0.611970730592
0.549365520082
-0.556501307525
-0.623300746083
-0.873861129273
-0.141438673073
-0.465147104156
-0.885635633336
-0.041438625700
-0.462528231858
-0.876196218359
-0.280494326314
-0.391922339040
-0.901686763496
-0.187406591698
-0.389666203210
-0.917770715225
-0.087190564946
-0.387420597878
-0.855536418039
-0.414663121293
-0.310019246578
-0.892944697525
-0.325040652415
-0.311445567380
-0.922214776058
-0.230636092936
-0.310365751100
-0.941493066855
-0.131462113762
-0.310336136646
-0.949791399614
-0.027135207122
-0.311704953048
-0.987308975167
-0.010983490182
-0.158430901333
-0.995520032385
-0.057344047007
-0.075176627967
-0.860173566195
-0.457296009345
-0.225791487566
-0.901660513211
-0.367476768785
-0.227967417231
-0.934112402263
-0.273546600149
-0.229360583982
-0.957525910538
-0.174687342242
-0.229408942957
-0.969767333821
-0.071467928470
-0.233331638347
-0.981638220328
-0.116415871730
-0.151108402151
-0.984380986384
-0.162524782967
-0.067673987378
-0.901400661398
-0.408907864633
-0.142376985054
-0.937626857221
-0.316228033261
-0.144415053224
-0.964556226890
-0.219231467206
-0.146863368319
-0.962796683516
-0.263291694543
-0.060827870223
-0.931632670050
-0.358805911254
-0.057609774730
-0.151890677769
0.492510807700
-0.856949430425
-0.075936898011
0.552845881321
-0.829816256184
-0.301723029174
0.447499804664
-0.841847455595
-0.235418549460
0.515363140497
-0.824001783971
-0.160435097796
0.579177274369
-0.799258571584
-0.444835181258
0.389010725077
-0.806716999505
-0.383175714548
0.463645135984
-0.798880191054
-0.316385681417
0.534861088265
-0.783469027374
-0.242124373571
0.600053694099
-0.762437769212
-0.159602050775
0.658507652115
-0.735455544200
-0.234765631574
0.744300153572
-0.625221864320
-0.316436602819
0.753489745315
-0.576299470849
-0.522872749303
0.397473621648
-0.754068172071
-0.461939664108
0.475274487864
-0.748816337902
-0.395280163239
0.548063189723
-0.737143359613
-0.322512336008
0.616419801023
-0.718340046238
-0.240827536252
0.676720847841
-0.695737732109
-0.321971109978
0.689259002451
-0.649042858277
-0.401838771470
0.694206143264
-0.597162819002
-0.538173042207
0.480797613505
-0.692245210521
-0.473368959657
0.555815339554
-0.683367497288
-0.401994564651
0.625343369320
-0.668839323334
-0.480114057586
0.628476186190
-0.611970730592
-0.549365520082
0.556501307525
-0.623300746083
0.873861129273
0.141438673073
-0.465147104156
0.885635633336
0.041438625700
-0.462528231858
0.876196218359
0.280494326314
-0.391922339040
0.901686763496
0.187406591698
-0.389666203210
0.917770715225
0.087190564946
-0.387420597878
0.855536418039
0.414663121293
-0.310019246578
0.892944697525
0.325040652415
-0.311445567380
0.922214776058
0.230636092936
-0.310365751100
0.941493066855
0.131462113762
-0.310336136646
0.949791399614
0.027135207122
-0.311704953048
0.987308975167
0.010983490182
-0.158430901333
0.995520032385
0.057344047007
-0.075176627967
0.860173566195
0.457296009345
-0.225791487566
0.901660513211
0.367476768785
-0.227967417231
0.934112402263
0.273546600149
-0.229360583982
0.957525910538
0.174687342242
-0.229408942957
0.969767333821
0.071467928470
-0.233331638347
0.981638220328
0.116415871730
-0.151108402151
0.984380986384
0.162524782967
-0.067673987378
0.901400661398
0.408907864633
-0.142376985054
0.937626857221
0.316228033261
-0.144415053224
0.964556226890
0.219231467206
-0.146863368319
0.962796683516
0.263291694543
-0.060827870223
0.931632670050
0.358805911254
-0.057609774730
0.076961902587
-0.633949480773
-0.769535523142
-0.008887793181
-0.594284507020
-0.804205777054
0.152126324453
-0.727994130979
-0.668492428281
0.067811685623
-0.702769732195
-0.708178140586
-0.019357800215
-0.666367839314
-0.745371838949
0.226103842875
-0.803673846370
-0.550441096664
0.142751108784
-0.788685788399
-0.597994020136
0.056791355986
-0.765497181201
-0.640928082907
-0.029414205272
-0.731515807861
-0.681189714674
-0.115696363360
-0.685642859237
-0.718685063907
-0.216993971144
-0.755283643754
-0.618433694073
-0.223651985709
-0.810833792322
-0.540858900747
0.217047736737
-0.854769630993
-0.471443695376
0.132650237861
-0.842751256649
-0.521703204717
0.047327533309
-0.821609789872
-0.568082263214
-0.039862278856
-0.791107143265
-0.610377331328
-0.125189998882
-0.748188776311
-0.651568123209
-0.133606272689
-0.805674874181
-0.577093892717
-0.138868148616
-0.856730926230
-0.496716979114
0.123453781036
-0.889705478138
-0.439526251911
0.038298746354
-0.872043372815
-0.487927824537
-0.047270599309
-0.844574836526
-0.533346825198
-0.054099146859
-0.891767880733
-0.449247514408
0.031194639691
-0.915307218779
-0.401546497564
0.779987527838
0.104325606131
-0.617037781925
0.838704049365
0.081429856281
-0.538465129869
0.689721131141
0.207703790078
-0.693645368214
0.756190098348
0.193508622910
-0.625084752669
0.818616371799
0.172398876276
-0.547855695673
0.580613156629
0.305095321374
-0.754854427837
0.656129082270
0.294950677388
-0.694621281928
0.726677671388
0.281286693151
-0.626751432517
0.791851974484
0.260303352181
-0.552460510217
0.851151907560
0.231106335707
-0.471307003823
0.842215835464
0.368875281095
-0.393196532907
0.799951456559
0.454661131639
-0.391613230786
0.537020435334
0.388729870818
-0.748664236869
0.616166100041
0.379957308494
-0.689907081340
0.689815826303
0.366030139050
-0.624640747221
0.758202325094
0.347148579210
-0.551921278966
0.820927730991
0.318199210612
-0.474159174599
0.782649130966
0.404544327611
-0.473079512129
0.736030967618
0.487664007270
-0.469512758848
0.568791429485
0.461874409487
-0.680550027262
0.645068750934
0.449699032684
-0.617784012881
0.716109922643
0.431209401693
-0.548857932970
0.666069877451
0.513549169107
-0.540941927809
0.592106106392
0.530086172486
-0.606975294812
-0.921426200911
0.016911698848
-0.388185201570
-0.880142675065
0.055819377152
-0.471416025039
-0.970215457455
0.034348762765
-0.239796014586
-0.943596690046
0.077684979526
-0.321854517587
-0.905806936745
0.118512143641
-0.406778398093
-0.995276277923
0.048819418534
-0.083915403703
-0.981169734685
0.094064506470
-0.168694458596
-0.957313764324
0.138745748684
-0.253574395114
-0.923314088245
0.179055297644
-0.339750341918
-0.878287114682
0.214335855414
-0.427401316408
-0.853199325647
0.362087110847
-0.375424872477
-0.857295503566
0.419220561536
-0.298828613676
-0.994316444679
0.106105394123
-0.008743750830
-0.983642868825
0.152844175309
-0.095317179370
-0.963362426452
0.196969042651
-0.182033050673
-0.932889667336
0.239185864300
-0.269271221813
-0.892395659461
0.274029601712
-0.358521637229
-0.899065002696
0.332595362051
-0.284714674840
-0.898555750584
0.387218167382
-0.206542135994
-0.977699294118
0.209155450877
-0.018923204018
-0.961296784194
0.254259359933
-0.106116306870
-0.935341389849
0.295716903556
-0.194133967627
-0.929361571994
0.350825952924
-0.114927017082
-0.950912017646
0.308331923967
-0.026415135038
0.016911698848
-0.388185201570
-0.921426200911
0.055819377152
-0.471416025039
-0.880142675065
0.034348762765
-0.239796014586
-0.970215457455
0.077684979526
-0.321854517587
-0.943596690046
0.118512143641
-0.406778398093
-0.905806936745
0.048819418534
-0.083915403703
-0.995276277923
0.094064506470
-0.168694458596
-0.981169734685
0.138745748684
-0.253574395114
-0.957313764324
0.179055297644
-0.339750341918
-0.923314088245
0.214335855414
-0.427401316408
-0.878287114682
0.362087110847
-0.375424872477
-0.853199325647
0.419220561536
-0.298828613676
-0.857295503566
0.106105394123
-0.008743750830
-0.994316444679
0.152844175309
-0.095317179370
-0.983642868825
0.196969042651
-0.182033050673
-0.963362426452
0.239185864300
-0.269271221813
-0.932889667336
0.274029601712
-0.358521637229
-0.892395659461
0.332595362051
-0.284714674840
-0.899065002696
0.387218167382
-0.206542135994
-0.898555750584
0.209155450877
-0.018923204018
-0.977699294118
0.254259359933
-0.106116306870
-0.961296784194
0.295716903556
-0.194133967627
-0.935341389849
0.350825952924
-0.114927017082
-0.929361571994
0.308331923967
-0.026415135038
-0.950912017646
0.492510807700
-0.856949430425
-0.151890677769
0.552845881321
-0.829816256184
-0.075936898011
0.447499804664
-0.841847455595
-0.301723029174
0.515363140497
-0.824001783971
-0.235418549460
0.579177274369
-0.799258571584
-0.160435097796
0.389010725077
-0.806716999505
-0.444835181258
0.463645135984
-0.798880191054
-0.383175714548
0.534861088265
-0.783469027374
-0.316385681417
0.600053694099
-0.762437769212
-0.242124373571
0.658507652115
-0.735455544200
-0.159602050775
0.744300153572
-0.625221864320
-0.234765631574
0.753489745315
-0.576299470849
-0.316436602819
0.397473621648
-0.754068172071
-0.522872749303
0.475274487864
-0.748816337902
-0.461939664108
0.548063189723
-0.737143359613
-0.395280163239
0.616419801023
-0.718340046238
-0.322512336008
0.676720847841
-0.695737732109
-0.240827536252
0.689259002451
-0.649042858277
-0.321971109978
0.694206143264
-0.597162819002
-0.401838771470
0.480797613505
-0.692245210521
-0.538173042207
0.555815339554
-0.683367497288
-0.473368959657
0.625343369320
-0.668839323334
-0.401994564651
0.628476186190
-0.611970730592
-0.480114057586
0.556501307525
-0.623300746083
-0.549365520082
-0.492510807700
-0.856949430425
0.151890677769
-0.552845881321
-0.829816256184
0.075936898011
-0.447499804664
-0.841847455595
0.301723029174
-0.515363140497
-0.824001783971
0.235418549460
-0.579177274369
-0.799258571584
0.160435097796
-0.389010725077
-0.806716999505
0.444835181258
-0.463645135984
-0.798880191054
0.383175714548
-0.534861088265
-0.783469027374
0.316385681417
-0.600053694099
-0.762437769212
0.242124373571
-0.658507652115
-0.735455544200
0.159602050775
-0.744300153572
-0.625221864320
0.234765631574
-0.753489745315
-0.576299470849
0.316436602819
-0.397473621648
-0.754068172071
0.522872749303
-0.475274487864
-0.748816337902
0.461939664108
-0.548063189723
-0.737143359613
0.395280163239
-0.616419801023
-0.718340046238
0.322512336008
-0.676720847841
-0.695737732109
0.240827536252
-0.689259002451
-0.649042858277
0.321971109978
-0.694206143264
-0.597162819002
0.401838771470
-0.480797613505
-0.692245210521
0.538173042207
-0.555815339554
-0.683367497288
0.473368959657
-0.625343369320
-0.668839323334
0.401994564651
-0.628476186190
-0.611970730592
0.480114057586
-0.556501307525
-0.623300746083
0.549365520082
-0.388185201570
-0.921426200911
0.016911698848
-0.471416025039
-0.880142675065
0.055819377152
-0.239796014586
-0.970215457455
0.034348762765
-0.321854517587
-0.943596690046
0.077684979526
-0.406778398093
-0.905806936745
0.118512143641
-0.083915403703
-0.995276277923
0.048819418534
-0.168694458596
-0.981169734685
0.094064506470
-0.253574395114
-0.957313764324
0.138745748684
-0.339750341918
-0.923314088245
0.179055297644
-0.427401316408
-0.878287114682
0.214335855414
-0.375424872477
-0.853199325647
0.362087110847
-0.298828613676
-0.857295503566
0.419220561536
-0.008743750830
-0.994316444679
0.106105394123
-0.095317179370
-0.983642868825
0.152844175309
-0.182033050673
-0.963362426452
0.196969042651
-0.269271221813
-0.932889667336
0.239185864300
-0.358521637229
-0.892395659461
0.274029601712
-0.284714674840
-0.899065002696
0.332595362051
-0.206542135994
-0.898555750584
0.387218167382
-0.018923204018
-0.977699294118
0.209155450877
-0.106116306870
-0.961296784194
0.254259359933
-0.194133967627
-0.935341389849
0.295716903556
-0.114927017082
-0.929361571994
0.350825952924
-0.026415135038
-0.950912017646
0.308331923967
0.388185201570
0.921426200911
0.016911698848
0.471416025039
0.880142675065
0.055819377152
0.239796014586
0.970215457455
0.034348762765
0.321854517587
0.943596690046
0.077684979526
0.406778398093
0.905806936745
0.118512143641
0.083915403703
0.995276277923
0.048819418534
0.168694458596
0.981169734685
0.094064506470
0.253574395114
0.957313764324
0.138745748684
0.339750341918
0.923314088245
0.179055297644
0.427401316408
0.878287114682
0.214335855414
0.375424872477
0.853199325647
0.362087110847
0.298828613676
0.857295503566
0.419220561536
0.008743750830
0.994316444679
0.106105394123
0.095317179370
0.983642868825
0.152844175309
0.182033050673
0.963362426452
0.196969042651
0.269271221813
0.932889667336
0.239185864300
0.358521637229
0.892395659461
0.274029601712
0.284714674840
0.899065002696
0.332595362051
0.206542135994
0.898555750584
0.387218167382
0.018923204018
0.977699294118
0.209155450877
0.106116306870
0.961296784194
0.254259359933
0.194133967627
0.935341389849
0.295716903556
0.114927017082
0.929361571994
0.350825952924
0.026415135038
0.950912017646
0.308331923967
-0.141438673073
-0.465147104156
-0.873861129273
-0.041438625700
-0.462528231858
-0.885635633336
-0.280494326314
-0.391922339040
-0.876196218359
-0.187406591698
-0.389666203210
-0.901686763496
-0.087190564946
-0.387420597878
-0.917770715225
-0.414663121293
-0.310019246578
-0.855536418039
-0.325040652415
-0.311445567380
-0.892944697525
-0.230636092936
-0.310365751100
-0.922214776058
-0.131462113762
-0.310336136646
-0.941493066855
-0.027135207122
-0.311704953048
-0.949791399614
-0.010983490182
-0.158430901333
-0.987308975167
-0.057344047007
-0.075176627967
-0.995520032385
-0.457296009345
-0.225791487566
-0.860173566195
-0.367476768785
-0.227967417231
-0.901660513211
-0.273546600149
-0.229360583982
-0.934112402263
-0.174687342242
-0.229408942957
-0.957525910538
-0.071467928470
-0.233331638347
-0.969767333821
-0.116415871730
-0.151108402151
-0.981638220328
-0.162524782967
-0.067673987378
-0.984380986384
-0.408907864633
-0.142376985054
-0.901400661398
-0.316228033261
-0.144415053224
-0.937626857221
-0.219231467206
-0.146863368319
-0.964556226890
-0.263291694543
-0.060827870223
-0.962796683516
-0.358805911254
-0.057609774730
-0.931632670050
0.633949480773
-0.769535523142
-0.076961902587
0.594284507020
-0.804205777054
0.008887793181
0.727994130979
-0.668492428281
-0.152126324453
0.702769732195
-0.708178140586
-0.067811685623
0.666367839314
-0.745371838949
0.019357800215
0.803673846370
-0.550441096664
-0.226103842875
0.788685788399
-0.597994020136
-0.142751108784
0.765497181201
-0.640928082907
-0.056791355986
0.731515807861
-0.681189714674
0.029414205272
0.685642859237
-0.718685063907
0.115696363360
0.755283643754
-0.618433694073
0.216993971144
0.810833792322
-0.540858900747
0.223651985709
0.854769630993
-0.471443695376
-0.217047736737
0.842751256649
-0.521703204717
-0.132650237861
0.821609789872
-0.568082263214
-0.047327533309
0.791107143265
-0.610377331328
0.039862278856
0.748188776311
-0.651568123209
0.125189998882
0.805674874181
-0.577093892717
0.133606272689
0.856730926230
-0.496716979114
0.138868148616
0.889705478138
-0.439526251911
-0.123453781036
0.872043372815
-0.487927824537
-0.038298746354
0.844574836526
-0.533346825198
0.047270599309
0.891767880733
-0.449247514408
0.054099146859
0.915307218779
-0.401546497564
-0.031194639691
