0.781305487733
0.563934133854
0.267469675874
0.385604972951
0.848261572421
0.362989131504
0.419949816074
0.859526703600
0.291300528283
0.669590944424
0.730386334471
0.134847208212
0.479948357213
0.865434332285
0.143781051987
0.505982408766
0.859956377186
0.066759503870
0.556481528096
0.820820308756
0.128772394641
0.604243317153
0.777002137620
0.176515415218
0.648056245409
0.728507096879
0.222037187388
0.687754042912
0.675249526277
0.266519143253
0.722987643909
0.617426905781
0.309956259451
0.753327739891
0.555441852193
0.352110302524
0.392625974491
0.778367802966
0.489886116827
0.431071520783
0.797840991523
0.421458297125
0.467020226177
0.811670526862
0.350831960011
0.500132822897
0.819928799756
0.278538907142
0.530144188087
0.822797917761
0.204818764681
0.577135323547
0.775346386712
0.256423085792
0.619877001736
0.723575221840
0.303630369129
0.658095296007
0.667404780630
0.348541877206
0.691430893727
0.606976937037
0.391793717542
0.719443704933
0.542693714611
0.433456211807
0.473287620116
0.741796894465
0.475117034011
0.510850117542
0.758407305460
0.404784530870
0.545647308230
0.769451695494
0.331983588934
0.586996772792
0.714489717968
0.380708854178
0.623612646013
0.655210013967
0.426388444179
0.654966379516
0.591825763695
0.469852431228
0.511327573564
0.680599427782
0.524717573001
0.550563352183
0.700356960762
0.454290790954
0.585375486873
0.637812917586
0.500529940691
0.614588929806
0.571081833448
0.544192968409
0.525731112119
0.850650808352
0.000000000000
0.000000000000
0.525731112119
-0.850650808352
-0.525731112119
0.850650808352
0.000000000000
0.000000000000
0.525731112119
0.850650808352
0.850650808352
-0.000000000000
0.525731112119
-0.850650808352
-0.000000000000
0.525731112119
-0.000000000000
-0.525731112119
0.850650808352
-0.850650808352
-0.000000000000
-0.525731112119
-0.525731112119
-0.850650808352
0.000000000000
0.850650808352
-0.000000000000
-0.525731112119
0.525731112119
-0.850650808352
0.000000000000
0.000000000000
-0.525731112119
-0.850650808352
1.000000000000
0.000000000000
0.000000000000
-0.500000000000
-0.309016994375
-0.809016994375
-1.000000000000
0.000000000000
0.000000000000
0.500000000000
-0.309016994375
0.809016994375
0.500000000000
0.309016994375
-0.809016994375
-0.500000000000
0.309016994375
-0.809016994375
-0.500000000000
-0.309016994375
0.809016994375
0.809016994375
-0.500000000000
-0.309016994375
-0.309016994375
-0.809016994375
0.500000000000
-0.309016994375
0.809016994375
-0.500000000000
-0.809016994375
0.500000000000
0.309016994375
0.000000000000
-1.000000000000
0.000000000000
0.809016994375
0.500000000000
-0.309016994375
-0.000000000000
1.000000000000
0.000000000000
-0.809016994375
-0.500000000000
0.309016994375
0.809016994375
0.500000000000
0.309016994375
0.309016994375
0.809016994375
-0.500000000000
-0.309016994375
-0.809016994375
-0.500000000000
0.000000000000
-0.000000000000
1.000000000000
0.309016994375
0.809016994375
0.500000000000
0.000000000000
0.000000000000
-1.000000000000
0.309016994375
-0.809016994375
0.500000000000
-0.309016994375
0.809016994375
0.500000000000
0.309016994375
-0.809016994375
-0.500000000000
-0.809016994375
0.500000000000
-0.309016994375
-0.809016994375
-0.500000000000
-0.309016994375
0.809016994375
-0.500000000000
0.309016994375
0.500000000000
0.309016994375
0.809016994375
0.500000000000
-0.309016994375
-0.809016994375
-0.500000000000
0.309016994375
0.809016994375
0.000000000465
0.081060786551
-0.996709159627
0.362989131238
0.385604972254
-0.848261572851
0.291300528346
0.419949816238
-0.859526703498
0.000000000686
0.316556371834
-0.948573699536
0.143781052112
0.479948357539
-0.865434332084
0.066759503756
0.505982408466
-0.859956377371
0.079585716357
0.427709132554
-0.900406026014
0.080789177294
0.353628772653
-0.931890444196
0.080724808734
0.278095635062
-0.957155328572
0.080405073825
0.200501083365
-0.976388416396
0.080061466125
0.121115261145
-0.989404495219
0.079840320406
0.040515672589
-0.995983937377
0.440542085567
0.263441623510
-0.858208122688
0.371977589592
0.301529346676
-0.877902458098
0.301138891364
0.336922083454
-0.892075600938
0.228648231326
0.369517337889
-0.900653608948
0.154888306874
0.399424552476
-0.903587095566
0.158478182404
0.320712237451
-0.933824569419
0.159300668022
0.242016938654
-0.957105583816
0.159168073249
0.162308240670
-0.973818032011
0.158818517656
0.081493901888
-0.983938728989
0.158653169758
0.000000000637
-0.987334376858
0.376961791538
0.216313859148
-0.900615412960
0.306413251808
0.253310765442
-0.917575378499
0.233530361445
0.287893412360
-0.928752363875
0.235291011701
0.206287918617
-0.949780729666
0.235620203740
0.124174908569
-0.963879510972
0.235519630645
0.041475142910
-0.970984199718
0.379158436570
0.130248807013
-0.916119057901
0.308669497183
0.169321855604
-0.935977163570
0.309344515542
0.084845545680
-0.947157433631
0.309440886473
0.000000000369
-0.950918680949
-0.781305487733
0.563934133854
-0.267469675874
-0.385604972951
0.848261572421
-0.362989131504
-0.419949816074
0.859526703600
-0.291300528283
-0.669590944424
0.730386334471
-0.134847208212
-0.479948357213
0.865434332285
-0.143781051987
-0.505982408766
0.859956377186
-0.066759503870
-0.556481528096
0.820820308756
-0.128772394641
-0.604243317153
0.777002137620
-0.176515415218
-0.648056245409
0.728507096879
-0.222037187388
-0.687754042912
0.675249526277
-0.266519143253
-0.722987643909
0.617426905781
-0.309956259451
-0.753327739891
0.555441852193
-0.352110302524
-0.392625974491
0.778367802966
-0.489886116827
-0.431071520783
0.797840991523
-0.421458297125
-0.467020226177
0.811670526862
-0.350831960011
-0.500132822897
0.819928799756
-0.278538907142
-0.530144188087
0.822797917761
-0.204818764681
-0.577135323547
0.775346386712
-0.256423085792
-0.619877001736
0.723575221840
-0.303630369129
-0.658095296007
0.667404780630
-0.348541877206
-0.691430893727
0.606976937037
-0.391793717542
-0.719443704933
0.542693714611
-0.433456211807
-0.473287620116
0.741796894465
-0.475117034011
-0.510850117542
0.758407305460
-0.404784530870
-0.545647308230
0.769451695494
-0.331983588934
-0.586996772792
0.714489717968
-0.380708854178
-0.623612646013
0.655210013967
-0.426388444179
-0.654966379516
0.591825763695
-0.469852431228
-0.511327573564
0.680599427782
-0.524717573001
-0.550563352183
0.700356960762
-0.454290790954
-0.585375486873
0.637812917586
-0.500529940691
-0.614588929806
0.571081833448
-0.544192968409
-0.000000000465
0.081060786551
0.996709159627
-0.362989131238
0.385604972254
0.848261572851
-0.291300528346
0.419949816238
0.859526703498
-0.000000000686
0.316556371834
0.948573699536
-0.143781052112
0.479948357539
0.865434332084
-0.066759503756
0.505982408466
0.859956377371
-0.079585716357
0.427709132554
0.900406026014
-0.080789177294
0.353628772653
0.931890444196
-0.080724808734
0.278095635062
0.957155328572
-0.080405073825
0.200501083365
0.976388416396
-0.080061466125
0.121115261145
0.989404495219
-0.079840320406
0.040515672589
0.995983937377
-0.440542085567
0.263441623510
0.858208122688
-0.371977589592
0.301529346676
0.877902458098
-0.301138891364
0.336922083454
0.892075600938
-0.228648231326
0.369517337889
0.900653608948
-0.154888306874
0.399424552476
0.903587095566
-0.158478182404
0.320712237451
0.933824569419
-0.159300668022
0.242016938654
0.957105583816
-0.159168073249
0.162308240670
0.973818032011
-0.158818517656
0.081493901888
0.983938728989
-0.158653169758
0.000000000637
0.987334376858
-0.376961791538
0.216313859148
0.900615412960
-0.306413251808
0.253310765442
0.917575378499
-0.233530361445
0.287893412360
0.928752363875
-0.235291011701
0.206287918617
0.949780729666
-0.235620203740
0.124174908569
0.963879510972
-0.235519630645
0.041475142910
0.970984199718
-0.379158436570
0.130248807013
0.916119057901
-0.308669497183
0.169321855604
0.935977163570
-0.309344515542
0.084845545680
0.947157433631
-0.309440886473
0.000000000369
0.950918680949
0.781305488198
0.563934133567
-0.267469675123
0.748594104189
0.623921951769
0.224339620385
0.711250344420
0.679493076141
0.180033627521
0.669590945110
0.730386334048
-0.134847207102
0.623729409325
0.776572755142
0.088861577268
0.572741912521
0.818696734793
0.041259642279
0.636067244453
0.771633631029
-0.000000000557
0.685032494447
0.727071680129
-0.045795780433
0.728781054143
0.678616421346
-0.091421703121
0.768159116737
0.625556457785
-0.136421000936
0.803049110034
0.567946198526
-0.180414086071
0.833168060296
0.506097820510
-0.222925950435
0.833168060058
0.506097820611
0.222925951095
0.803049110375
0.567946198102
0.180414085889
0.768159117541
0.625556456665
0.136421001550
0.728781054223
0.678616421329
0.091421702611
0.685032494962
0.727071679653
0.045795780302
0.735613505950
0.677401483511
-0.000000000188
0.779177669759
0.625121994572
-0.045876473838
0.817263369256
0.569033501438
-0.091002524765
0.850249411382
0.508821695083
-0.134819957932
0.878096874691
0.444640663278
-0.176749990716
0.850249411654
0.508821694834
0.134819957158
0.817263369350
0.569033501239
0.091002525159
0.779177669675
0.625121994716
0.045876473288
0.822287784494
0.569071875489
0.000000000002
0.859232849753
0.509588719620
-0.045146946092
0.890486010160
0.446266626939
-0.088773663827
0.890486010133
0.446266626861
0.088773664490
0.859232849365
0.509588720213
0.045146946778
0.894720002415
0.446627492748
-0.000000000311
0.924029816279
0.379836848099
-0.043507096586
-0.348530461673
0.831403809441
-0.432775025773
-0.161265351869
0.986911083273
-0.000000000431
-0.239916188717
0.970793604424
0.000000000101
-0.451403578936
0.865233542259
-0.218187365064
-0.391086780272
0.920353807129
0.000000000201
-0.464722766187
0.885456238663
-0.000000000185
-0.427709133111
0.900406025670
-0.079585717258
-0.399424553087
0.903587095347
-0.154888306576
-0.369517338183
0.900653608734
-0.228648231693
-0.336922084302
0.892075601038
-0.301138890119
-0.301529347216
0.877902457978
-0.371977589438
-0.263441623024
0.858208123034
-0.440542085183
-0.040515672415
0.995983937439
-0.079840319721
-0.121115260787
0.989404495227
-0.080061466575
-0.200501081903
0.976388416676
-0.080405074076
-0.278095635278
0.957155328471
-0.080724809192
-0.353628772174
0.931890444333
-0.080789177805
-0.320712237639
0.933824569303
-0.158478182707
-0.287893412492
0.928752363700
-0.233530361976
-0.253310765434
0.917575378644
-0.306413251381
-0.216313859820
0.900615412625
-0.376961791952
-0.176749991353
0.878096875085
-0.444640662247
-0.081493901990
0.983938728845
-0.158818518495
-0.162308240282
0.973818032110
-0.159168073039
-0.242016939072
0.957105583651
-0.159300668380
-0.206287918615
0.949780729667
-0.235291011698
-0.169321854661
0.935977163799
-0.308669497005
-0.130248806737
0.916119058167
-0.379158436023
-0.041475142523
0.970984199862
-0.235519630119
-0.124174908826
0.963879511167
-0.235620202807
-0.084845545990
0.947157433439
-0.309344516045
-0.043507096955
0.924029816508
-0.379836847501
-0.432775026060
0.348530462425
0.831403808976
-0.224339621082
0.748594103758
0.623921952035
-0.180033627357
0.711250344521
0.679493076079
-0.218187365488
0.451403580046
0.865233541573
-0.088861576942
0.623729409527
0.776572755017
-0.041259642578
0.572741912336
0.818696734907
-0.128772394985
0.556481527195
0.820820309313
-0.204818764067
0.530144187871
0.822797918053
-0.278538907226
0.500132822450
0.819928800000
-0.350831958611
0.467020226618
0.811670527213
-0.421458296693
0.431071520596
0.797840991852
-0.489886116867
0.392625975113
0.778367802628
-0.352110302076
0.753327740337
0.555441851872
-0.309956259996
0.722987643800
0.617426905634
-0.266519144273
0.687754043465
0.675249525312
-0.222037187619
0.648056245031
0.728507097145
-0.176515415913
0.604243317157
0.777002137459
-0.256423085908
0.577135323243
0.775346386900
-0.331983589244
0.545647307783
0.769451695678
-0.404784530572
0.510850117875
0.758407305395
-0.475117033906
0.473287619430
0.741796894969
-0.542693713580
0.433456212444
0.719443705327
-0.391793718126
0.691430893159
0.606976937307
-0.348541877260
0.658095296312
0.667404780301
-0.303630369158
0.619877001295
0.723575222206
-0.380708854177
0.586996772795
0.714489717966
-0.454290791352
0.550563352748
0.700356960059
-0.524717572779
0.511327574138
0.680599427522
-0.469852431040
0.654966380014
0.591825763292
-0.426388443357
0.623612646558
0.655210013984
-0.500529940883
0.585375486370
0.637812917897
-0.571081832851
0.544192968778
0.614588930034
0.831403808976
-0.432775026060
0.348530462425
0.623921952035
-0.224339621082
0.748594103758
0.679493076079
-0.180033627357
0.711250344521
0.865233541573
-0.218187365488
0.451403580046
0.776572755017
-0.088861576942
0.623729409527
0.818696734907
-0.041259642578
0.572741912336
0.820820309313
-0.128772394985
0.556481527195
0.822797918053
-0.204818764067
0.530144187871
0.819928800000
-0.278538907226
0.500132822450
0.811670527213
-0.350831958611
0.467020226618
0.797840991852
-0.421458296693
0.431071520596
0.778367802628
-0.489886116867
0.392625975113
0.555441851872
-0.352110302076
0.753327740337
0.617426905634
-0.309956259996
0.722987643800
0.675249525312
-0.266519144273
0.687754043465
0.728507097145
-0.222037187619
0.648056245031
0.777002137459
-0.176515415913
0.604243317157
0.775346386900
-0.256423085908
0.577135323243
0.769451695678
-0.331983589244
0.545647307783
0.758407305395
-0.404784530572
0.510850117875
0.741796894969
-0.475117033906
0.473287619430
0.719443705327
-0.542693713580
0.433456212444
0.606976937307
-0.391793718126
0.691430893159
0.667404780301
-0.348541877260
0.658095296312
0.723575222206
-0.303630369158
0.619877001295
0.714489717966
-0.380708854177
0.586996772795
0.700356960059
-0.454290791352
0.550563352748
0.680599427522
-0.524717572779
0.511327574138
0.591825763292
-0.469852431040
0.654966380014
0.655210013984
-0.426388443357
0.623612646558
0.637812917897
-0.500529940883
0.585375486370
0.614588930034
-0.571081832851
0.544192968778
-0.831403809441
-0.432775025773
0.348530461673
-0.986911083273
-0.000000000431
0.161265351869
-0.970793604424
0.000000000101
0.239916188717
-0.865233542259
-0.218187365064
0.451403578936
-0.920353807129
0.000000000201
0.391086780272
-0.885456238663
-0.000000000185
0.464722766187
-0.900406025670
-0.079585717258
0.427709133111
-0.903587095347
-0.154888306576
0.399424553087
-0.900653608734
-0.228648231693
0.369517338183
-0.892075601038
-0.301138890119
0.336922084302
-0.877902457978
-0.371977589438
0.301529347216
-0.858208123034
-0.440542085183
0.263441623024
-0.995983937439
-0.079840319721
0.040515672415
-0.989404495227
-0.080061466575
0.121115260787
-0.976388416676
-0.080405074076
0.200501081903
-0.957155328471
-0.080724809192
0.278095635278
-0.931890444333
-0.080789177805
0.353628772174
-0.933824569303
-0.158478182707
0.320712237639
-0.928752363700
-0.233530361976
0.287893412492
-0.917575378644
-0.306413251381
0.253310765434
-0.900615412625
-0.376961791952
0.216313859820
-0.878096875085
-0.444640662247
0.176749991353
-0.983938728845
-0.158818518495
0.081493901990
-0.973818032110
-0.159168073039
0.162308240282
-0.957105583651
-0.159300668380
0.242016939072
-0.949780729667
-0.235291011698
0.206287918615
-0.935977163799
-0.308669497005
0.169321854661
-0.916119058167
-0.379158436023
0.130248806737
-0.970984199862
-0.235519630119
0.041475142523
-0.963879511167
-0.235620202807
0.124174908826
-0.947157433439
-0.309344516045
0.084845545990
-0.924029816508
-0.379836847501
0.043507096955
0.348530462425
0.831403808976
-0.432775026060
0.748594103758
0.623921952035
-0.224339621082
0.711250344521
0.679493076079
-0.180033627357
0.451403580046
0.865233541573
-0.218187365488
0.623729409527
0.776572755017
-0.088861576942
0.572741912336
0.818696734907
-0.041259642578
0.556481527195
0.820820309313
-0.128772394985
0.530144187871
0.822797918053
-0.204818764067
0.500132822450
0.819928800000
-0.278538907226
0.467020226618
0.811670527213
-0.350831958611
0.431071520596
0.797840991852
-0.421458296693
0.392625975113
0.778367802628
-0.489886116867
0.753327740337
0.555441851872
-0.352110302076
0.722987643800
0.617426905634
-0.309956259996
0.687754043465
0.675249525312
-0.266519144273
0.648056245031
0.728507097145
-0.222037187619
0.604243317157
0.777002137459
-0.176515415913
0.577135323243
0.775346386900
-0.256423085908
0.545647307783
0.769451695678
-0.331983589244
0.510850117875
0.758407305395
-0.404784530572
0.473287619430
0.741796894969
-0.475117033906
0.433456212444
0.719443705327
-0.542693713580
0.691430893159
0.606976937307
-0.391793718126
0.658095296312
0.667404780301
-0.348541877260
0.619877001295
0.723575222206
-0.303630369158
0.586996772795
0.714489717966
-0.380708854177
0.550563352748
0.700356960059
-0.454290791352
0.511327574138
0.680599427522
-0.524717572779
0.654966380014
0.591825763292
-0.469852431040
0.623612646558
0.655210013984
-0.426388443357
0.585375486370
0.637812917897
-0.500529940883
0.544192968778
0.614588930034
-0.571081832851
-0.267469675123
0.781305488198
0.563934133567
0.224339620385
0.748594104189
0.623921951769
0.180033627521
0.711250344420
0.679493076141
-0.134847207102
0.669590945110
0.730386334048
0.088861577268
0.623729409325
0.776572755142
0.041259642279
0.572741912521
0.818696734793
-0.000000000557
0.636067244453
0.771633631029
-0.045795780433
0.685032494447
0.727071680129
-0.091421703121
0.728781054143
0.678616421346
-0.136421000936
0.768159116737
0.625556457785
-0.180414086071
0.803049110034
0.567946198526
-0.222925950435
0.833168060296
0.506097820510
0.222925951095
0.833168060058
0.506097820611
0.180414085889
0.803049110375
0.567946198102
0.136421001550
0.768159117541
0.625556456665
0.091421702611
0.728781054223
0.678616421329
0.045795780302
0.685032494962
0.727071679653
-0.000000000188
0.735613505950
0.677401483511
-0.045876473838
0.779177669759
0.625121994572
-0.091002524765
0.817263369256
0.569033501438
-0.134819957932
0.850249411382
0.508821695083
-0.176749990716
0.878096874691
0.444640663278
0.134819957158
0.850249411654
0.508821694834
0.091002525159
0.817263369350
0.569033501239
0.045876473288
0.779177669675
0.625121994716
0.000000000002
0.822287784494
0.569071875489
-0.045146946092
0.859232849753
0.509588719620
-0.088773663827
0.890486010160
0.446266626939
0.088773664490
0.890486010133
0.446266626861
0.045146946778
0.859232849365
0.509588720213
-0.000000000311
0.894720002415
0.446627492748
-0.043507096586
0.924029816279
0.379836848099
-0.267469675874
-0.781305487733
0.563934133854
-0.362989131504
-0.385604972951
0.848261572421
-0.291300528283
-0.419949816074
0.859526703600
-0.134847208212
-0.669590944424
0.730386334471
-0.143781051987
-0.479948357213
0.865434332285
-0.066759503870
-0.505982408766
0.859956377186
-0.128772394641
-0.556481528096
0.820820308756
-0.176515415218
-0.604243317153
0.777002137620
-0.222037187388
-0.648056245409
0.728507096879
-0.266519143253
-0.687754042912
0.675249526277
-0.309956259451
-0.722987643909
0.617426905781
-0.352110302524
-0.753327739891
0.555441852193
-0.489886116827
-0.392625974491
0.778367802966
-0.421458297125
-0.431071520783
0.797840991523
-0.350831960011
-0.467020226177
0.811670526862
-0.278538907142
-0.500132822897
0.819928799756
-0.204818764681
-0.530144188087
0.822797917761
-0.256423085792
-0.577135323547
0.775346386712
-0.303630369129
-0.619877001736
0.723575221840
-0.348541877206
-0.658095296007
0.667404780630
-0.391793717542
-0.691430893727
0.606976937037
-0.433456211807
-0.719443704933
0.542693714611
-0.475117034011
-0.473287620116
0.741796894465
-0.404784530870
-0.510850117542
0.758407305460
-0.331983588934
-0.545647308230
0.769451695494
-0.380708854178
-0.586996772792
0.714489717968
-0.426388444179
-0.623612646013
0.655210013967
-0.469852431228
-0.654966379516
0.591825763695
-0.524717573001
-0.511327573564
0.680599427782
-0.454290790954
-0.550563352183
0.700356960762
-0.500529940691
-0.585375486873
0.637812917586
-0.544192968409
-0.614588929806
0.571081833448
0.996709159627
-0.000000000465
0.081060786551
0.848261572851
-0.362989131238
0.385604972254
0.859526703498
-0.291300528346
0.419949816238
0.948573699536
-0.000000000686
0.316556371834
0.865434332084
-0.143781052112
0.479948357539
0.859956377371
-0.066759503756
0.505982408466
0.900406026014
-0.079585716357
0.427709132554
0.931890444196
-0.080789177294
0.353628772653
0.957155328572
-0.080724808734
0.278095635062
0.976388416396
-0.080405073825
0.200501083365
0.989404495219
-0.080061466125
0.121115261145
0.995983937377
-0.079840320406
0.040515672589
0.858208122688
-0.440542085567
0.263441623510
0.877902458098
-0.371977589592
0.301529346676
0.892075600938
-0.301138891364
0.336922083454
0.900653608948
-0.228648231326
0.369517337889
0.903587095566
-0.154888306874
0.399424552476
0.933824569419
-0.158478182404
0.320712237451
0.957105583816
-0.159300668022
0.242016938654
0.973818032011
-0.159168073249
0.162308240670
0.983938728989
-0.158818517656
0.081493901888
0.987334376858
-0.158653169758
0.000000000637
0.900615412960
-0.376961791538
0.216313859148
0.917575378499
-0.306413251808
0.253310765442
0.928752363875
-0.233530361445
0.287893412360
0.949780729666
-0.235291011701
0.206287918617
0.963879510972
-0.235620203740
0.124174908569
0.970984199718
-0.235519630645
0.041475142910
0.916119057901
-0.379158436570
0.130248807013
0.935977163570
-0.308669497183
0.169321855604
0.947157433631
-0.309344515542
0.084845545680
0.950918680949
-0.309440886473
0.000000000369
0.267469675874
0.781305487733
0.563934133854
0.362989131504
0.385604972951
0.848261572421
0.291300528283
0.419949816074
0.859526703600
0.134847208212
0.669590944424
0.730386334471
0.143781051987
0.479948357213
0.865434332285
0.066759503870
0.505982408766
0.859956377186
0.128772394641
0.556481528096
0.820820308756
0.176515415218
0.604243317153
0.777002137620
0.222037187388
0.648056245409
0.728507096879
0.266519143253
0.687754042912
0.675249526277
0.309956259451
0.722987643909
0.617426905781
0.352110302524
0.753327739891
0.555441852193
0.489886116827
0.392625974491
0.778367802966
0.421458297125
0.431071520783
0.797840991523
0.350831960011
0.467020226177
0.811670526862
0.278538907142
0.500132822897
0.819928799756
0.204818764681
0.530144188087
0.822797917761
0.256423085792
0.577135323547
0.775346386712
0.303630369129
0.619877001736
0.723575221840
0.348541877206
0.658095296007
0.667404780630
0.391793717542
0.691430893727
0.606976937037
0.433456211807
0.719443704933
0.542693714611
0.475117034011
0.473287620116
0.741796894465
0.404784530870
0.510850117542
0.758407305460
0.331983588934
0.545647308230
0.769451695494
0.380708854178
0.586996772792
0.714489717968
0.426388444179
0.623612646013
0.655210013967
0.469852431228
0.654966379516
0.591825763695
0.524717573001
0.511327573564
0.680599427782
0.454290790954
0.550563352183
0.700356960762
0.500529940691
0.585375486873
0.637812917586
0.544192968409
0.614588929806
0.571081833448
-0.432775025773
-0.348530461673
0.831403809441
-0.000000000431
-0.161265351869
0.986911083273
0.000000000101
-0.239916188717
0.970793604424
-0.218187365064
-0.451403578936
0.865233542259
0.000000000201
-0.391086780272
0.920353807129
-0.000000000185
-0.464722766187
0.885456238663
-0.079585717258
-0.427709133111
0.900406025670
-0.154888306576
-0.399424553087
0.903587095347
-0.228648231693
-0.369517338183
0.900653608734
-0.301138890119
-0.336922084302
0.892075601038
-0.371977589438
-0.301529347216
0.877902457978
-0.440542085183
-0.263441623024
0.858208123034
-0.079840319721
-0.040515672415
0.995983937439
-0.080061466575
-0.121115260787
0.989404495227
-0.080405074076
-0.200501081903
0.976388416676
-0.080724809192
-0.278095635278
0.957155328471
-0.080789177805
-0.353628772174
0.931890444333
-0.158478182707
-0.320712237639
0.933824569303
-0.233530361976
-0.287893412492
0.928752363700
-0.306413251381
-0.253310765434
0.917575378644
-0.376961791952
-0.216313859820
0.900615412625
-0.444640662247
-0.176749991353
0.878096875085
-0.158818518495
-0.081493901990
0.983938728845
-0.159168073039
-0.162308240282
0.973818032110
-0.159300668380
-0.242016939072
0.957105583651
-0.235291011698
-0.206287918615
0.949780729667
-0.308669497005
-0.169321854661
0.935977163799
-0.379158436023
-0.130248806737
0.916119058167
-0.235519630119
-0.041475142523
0.970984199862
-0.235620202807
-0.124174908826
0.963879511167
-0.309344516045
-0.084845545990
0.947157433439
-0.379836847501
-0.043507096955
0.924029816508
0.432775025773
0.348530461673
0.831403809441
0.000000000431
0.161265351869
0.986911083273
-0.000000000101
0.239916188717
0.970793604424
0.218187365064
0.451403578936
0.865233542259
-0.000000000201
0.391086780272
0.920353807129
0.000000000185
0.464722766187
0.885456238663
0.079585717258
0.427709133111
0.900406025670
0.154888306576
0.399424553087
0.903587095347
0.228648231693
0.369517338183
0.900653608734
0.301138890119
0.336922084302
0.892075601038
0.371977589438
0.301529347216
0.877902457978
0.440542085183
0.263441623024
0.858208123034
0.079840319721
0.040515672415
0.995983937439
0.080061466575
0.121115260787
0.989404495227
0.080405074076
0.200501081903
0.976388416676
0.080724809192
0.278095635278
0.957155328471
0.080789177805
0.353628772174
0.931890444333
0.158478182707
0.320712237639
0.933824569303
0.233530361976
0.287893412492
0.928752363700
0.306413251381
0.253310765434
0.917575378644
0.376961791952
0.216313859820
0.900615412625
0.444640662247
0.176749991353
0.878096875085
0.158818518495
0.081493901990
0.983938728845
0.159168073039
0.162308240282
0.973818032110
0.159300668380
0.242016939072
0.957105583651
0.235291011698
0.206287918615
0.949780729667
0.308669497005
0.169321854661
0.935977163799
0.379158436023
0.130248806737
0.916119058167
0.235519630119
0.041475142523
0.970984199862
0.235620202807
0.124174908826
0.963879511167
0.309344516045
0.084845545990
0.947157433439
0.379836847501
0.043507096955
0.924029816508
-0.081060786551
0.996709159627
0.000000000465
-0.385604972254
0.848261572851
0.362989131238
-0.419949816238
0.859526703498
0.291300528346
-0.316556371834
0.948573699536
0.000000000686
-0.479948357539
0.865434332084
0.143781052112
-0.505982408466
0.859956377371
0.066759503756
-0.427709132554
0.900406026014
0.079585716357
-0.353628772653
0.931890444196
0.080789177294
-0.278095635062
0.957155328572
0.080724808734
-0.200501083365
0.976388416396
0.080405073825
-0.121115261145
0.989404495219
0.080061466125
-0.040515672589
0.995983937377
0.079840320406
-0.263441623510
0.858208122688
0.440542085567
-0.301529346676
0.877902458098
0.371977589592
-0.336922083454
0.892075600938
0.301138891364
-0.369517337889
0.900653608948
0.228648231326
-0.399424552476
0.903587095566
0.154888306874
-0.320712237451
0.933824569419
0.158478182404
-0.242016938654
0.957105583816
0.159300668022
-0.162308240670
0.973818032011
0.159168073249
-0.081493901888
0.983938728989
0.158818517656
-0.000000000637
0.987334376858
0.158653169758
-0.216313859148
0.900615412960
0.376961791538
-0.253310765442
0.917575378499
0.306413251808
-0.287893412360
0.928752363875
0.233530361445
-0.206287918617
0.949780729666
0.235291011701
-0.124174908569
0.963879510972
0.235620203740
-0.041475142910
0.970984199718
0.235519630645
-0.130248807013
0.916119057901
0.379158436570
-0.169321855604
0.935977163570
0.308669497183
-0.084845545680
0.947157433631
0.309344515542
-0.000000000369
0.950918680949
0.309440886473
-0.563934133567
-0.267469675123
-0.781305488198
-0.623921951769
0.224339620385
-0.748594104189
-0.679493076141
0.180033627521
-0.711250344420
-0.730386334048
-0.134847207102
-0.669590945110
-0.776572755142
0.088861577268
-0.623729409325
-0.818696734793
0.041259642279
-0.572741912521
-0.771633631029
-0.000000000557
-0.636067244453
-0.727071680129
-0.045795780433
-0.685032494447
-0.678616421346
-0.091421703121
-0.728781054143
-0.625556457785
-0.136421000936
-0.768159116737
-0.567946198526
-0.180414086071
-0.803049110034
-0.506097820510
-0.222925950435
-0.833168060296
-0.506097820611
0.222925951095
-0.833168060058
-0.567946198102
0.180414085889
-0.803049110375
-0.625556456665
0.136421001550
-0.768159117541
-0.678616421329
0.091421702611
-0.728781054223
-0.727071679653
0.045795780302
-0.685032494962
-0.677401483511
-0.000000000188
-0.735613505950
-0.625121994572
-0.045876473838
-0.779177669759
-0.569033501438
-0.091002524765
-0.817263369256
-0.508821695083
-0.134819957932
-0.850249411382
-0.444640663278
-0.176749990716
-0.878096874691
-0.508821694834
0.134819957158
-0.850249411654
-0.569033501239
0.091002525159
-0.817263369350
-0.625121994716
0.045876473288
-0.779177669675
-0.569071875489
0.000000000002
-0.822287784494
-0.509588719620
-0.045146946092
-0.859232849753
-0.446266626939
-0.088773663827
-0.890486010160
-0.446266626861
0.088773664490
-0.890486010133
-0.509588720213
0.045146946778
-0.859232849365
-0.446627492748
-0.000000000311
-0.894720002415
-0.379836848099
-0.043507096586
-0.924029816279
-0.563934133854
-0.267469675874
0.781305487733
-0.848261572421
-0.362989131504
0.385604972951
-0.859526703600
-0.291300528283
0.419949816074
-0.730386334471
-0.134847208212
0.669590944424
-0.865434332285
-0.143781051987
0.479948357213
-0.859956377186
-0.066759503870
0.505982408766
-0.820820308756
-0.128772394641
0.556481528096
-0.777002137620
-0.176515415218
0.604243317153
-0.728507096879
-0.222037187388
0.648056245409
-0.675249526277
-0.266519143253
0.687754042912
-0.617426905781
-0.309956259451
0.722987643909
-0.555441852193
-0.352110302524
0.753327739891
-0.778367802966
-0.489886116827
0.392625974491
-0.797840991523
-0.421458297125
0.431071520783
-0.811670526862
-0.350831960011
0.467020226177
-0.819928799756
-0.278538907142
0.500132822897
-0.822797917761
-0.204818764681
0.530144188087
-0.775346386712
-0.256423085792
0.577135323547
-0.723575221840
-0.303630369129
0.619877001736
-0.667404780630
-0.348541877206
0.658095296007
-0.606976937037
-0.391793717542
0.691430893727
-0.542693714611
-0.433456211807
0.719443704933
-0.741796894465
-0.475117034011
0.473287620116
-0.758407305460
-0.404784530870
0.510850117542
-0.769451695494
-0.331983588934
0.545647308230
-0.714489717968
-0.380708854178
0.586996772792
-0.655210013967
-0.426388444179
0.623612646013
-0.591825763695
-0.469852431228
0.654966379516
-0.680599427782
-0.524717573001
0.511327573564
-0.700356960762
-0.454290790954
0.550563352183
-0.637812917586
-0.500529940691
0.585375486873
-0.571081833448
-0.544192968409
0.614588929806
-0.348530462425
0.831403808976
0.432775026060
-0.748594103758
0.623921952035
0.224339621082
-0.711250344521
0.679493076079
0.180033627357
-0.451403580046
0.865233541573
0.218187365488
-0.623729409527
0.776572755017
0.088861576942
-0.572741912336
0.818696734907
0.041259642578
-0.556481527195
0.820820309313
0.128772394985
-0.530144187871
0.822797918053
0.204818764067
-0.500132822450
0.819928800000
0.278538907226
-0.467020226618
0.811670527213
0.350831958611
-0.431071520596
0.797840991852
0.421458296693
-0.392625975113
0.778367802628
0.489886116867
-0.753327740337
0.555441851872
0.352110302076
-0.722987643800
0.617426905634
0.309956259996
-0.687754043465
0.675249525312
0.266519144273
-0.648056245031
0.728507097145
0.222037187619
-0.604243317157
0.777002137459
0.176515415913
-0.577135323243
0.775346386900
0.256423085908
-0.545647307783
0.769451695678
0.331983589244
-0.510850117875
0.758407305395
0.404784530572
-0.473287619430
0.741796894969
0.475117033906
-0.433456212444
0.719443705327
0.542693713580
-0.691430893159
0.606976937307
0.391793718126
-0.658095296312
0.667404780301
0.348541877260
-0.619877001295
0.723575222206
0.303630369158
-0.586996772795
0.714489717966
0.380708854177
-0.550563352748
0.700356960059
0.454290791352
-0.511327574138
0.680599427522
0.524717572779
-0.654966380014
0.591825763292
0.469852431040
-0.623612646558
0.655210013984
0.426388443357
-0.585375486370
0.637812917897
0.500529940883
-0.544192968778
0.614588930034
0.571081832851
-0.563934133854
0.267469675874
-0.781305487733
-0.848261572421
0.362989131504
-0.385604972951
-0.859526703600
0.291300528283
-0.419949816074
-0.730386334471
0.134847208212
-0.669590944424
-0.865434332285
0.143781051987
-0.479948357213
-0.859956377186
0.066759503870
-0.505982408766
-0.820820308756
0.128772394641
-0.556481528096
-0.777002137620
0.176515415218
-0.604243317153
-0.728507096879
0.222037187388
-0.648056245409
-0.675249526277
0.266519143253
-0.687754042912
-0.617426905781
0.309956259451
-0.722987643909
-0.555441852193
0.352110302524
-0.753327739891
-0.778367802966
0.489886116827
-0.392625974491
-0.797840991523
0.421458297125
-0.431071520783
-0.811670526862
0.350831960011
-0.467020226177
-0.819928799756
0.278538907142
-0.500132822897
-0.822797917761
0.204818764681
-0.530144188087
-0.775346386712
0.256423085792
-0.577135323547
-0.723575221840
0.303630369129
-0.619877001736
-0.667404780630
0.348541877206
-0.658095296007
-0.606976937037
0.391793717542
-0.691430893727
-0.542693714611
0.433456211807
-0.719443704933
-0.741796894465
0.475117034011
-0.473287620116
-0.758407305460
0.404784530870
-0.510850117542
-0.769451695494
0.331983588934
-0.545647308230
-0.714489717968
0.380708854178
-0.586996772792
-0.655210013967
0.426388444179
-0.623612646013
-0.591825763695
0.469852431228
-0.654966379516
-0.680599427782
0.524717573001
-0.511327573564
-0.700356960762
0.454290790954
-0.550563352183
-0.637812917586
0.500529940691
-0.585375486873
-0.571081833448
0.544192968409
-0.614588929806
-0.081060786551
-0.996709159627
-0.000000000465
-0.385604972254
-0.848261572851
-0.362989131238
-0.419949816238
-0.859526703498
-0.291300528346
-0.316556371834
-0.948573699536
-0.000000000686
-0.479948357539
-0.865434332084
-0.143781052112
-0.505982408466
-0.859956377371
-0.066759503756
-0.427709132554
-0.900406026014
-0.079585716357
-0.353628772653
-0.931890444196
-0.080789177294
-0.278095635062
-0.957155328572
-0.080724808734
-0.200501083365
-0.976388416396
-0.080405073825
-0.121115261145
-0.989404495219
-0.080061466125
-0.040515672589
-0.995983937377
-0.079840320406
-0.263441623510
-0.858208122688
-0.440542085567
-0.301529346676
-0.877902458098
-0.371977589592
-0.336922083454
-0.892075600938
-0.301138891364
-0.369517337889
-0.900653608948
-0.228648231326
-0.399424552476
-0.903587095566
-0.154888306874
-0.320712237451
-0.933824569419
-0.158478182404
-0.242016938654
-0.957105583816
-0.159300668022
-0.162308240670
-0.973818032011
-0.159168073249
-0.081493901888
-0.983938728989
-0.158818517656
-0.000000000637
-0.987334376858
-0.158653169758
-0.216313859148
-0.900615412960
-0.376961791538
-0.253310765442
-0.917575378499
-0.306413251808
-0.287893412360
-0.928752363875
-0.233530361445
-0.206287918617
-0.949780729666
-0.235291011701
-0.124174908569
-0.963879510972
-0.235620203740
-0.041475142910
-0.970984199718
-0.235519630645
-0.130248807013
-0.916119057901
-0.379158436570
-0.169321855604
-0.935977163570
-0.308669497183
-0.084845545680
-0.947157433631
-0.309344515542
-0.000000000369
-0.950918680949
-0.309440886473
0.563934133567
-0.267469675123
0.781305488198
0.623921951769
0.224339620385
0.748594104189
0.679493076141
0.180033627521
0.711250344420
0.730386334048
-0.134847207102
0.669590945110
0.776572755142
0.088861577268
0.623729409325
0.818696734793
0.041259642279
0.572741912521
0.771633631029
-0.000000000557
0.636067244453
0.727071680129
-0.045795780433
0.685032494447
0.678616421346
-0.091421703121
0.728781054143
0.625556457785
-0.136421000936
0.768159116737
0.567946198526
-0.180414086071
0.803049110034
0.506097820510
-0.222925950435
0.833168060296
0.506097820611
0.222925951095
0.833168060058
0.567946198102
0.180414085889
0.803049110375
0.625556456665
0.136421001550
0.768159117541
0.678616421329
0.091421702611
0.728781054223
0.727071679653
0.045795780302
0.685032494962
0.677401483511
-0.000000000188
0.735613505950
0.625121994572
-0.045876473838
0.779177669759
0.569033501438
-0.091002524765
0.817263369256
0.508821695083
-0.134819957932
0.850249411382
0.444640663278
-0.176749990716
0.878096874691
0.508821694834
0.134819957158
0.850249411654
0.569033501239
0.091002525159
0.817263369350
0.625121994716
0.045876473288
0.779177669675
0.569071875489
0.000000000002
0.822287784494
0.509588719620
-0.045146946092
0.859232849753
0.446266626939
-0.088773663827
0.890486010160
0.446266626861
0.088773664490
0.890486010133
0.509588720213
0.045146946778
0.859232849365
0.446627492748
-0.000000000311
0.894720002415
0.379836848099
-0.043507096586
0.924029816279
0.563934133854
-0.267469675874
-0.781305487733
0.848261572421
-0.362989131504
-0.385604972951
0.859526703600
-0.291300528283
-0.419949816074
0.730386334471
-0.134847208212
-0.669590944424
0.865434332285
-0.143781051987
-0.479948357213
0.859956377186
-0.066759503870
-0.505982408766
0.820820308756
-0.128772394641
-0.556481528096
0.777002137620
-0.176515415218
-0.604243317153
0.728507096879
-0.222037187388
-0.648056245409
0.675249526277
-0.266519143253
-0.687754042912
0.617426905781
-0.309956259451
-0.722987643909
0.555441852193
-0.352110302524
-0.753327739891
0.778367802966
-0.489886116827
-0.392625974491
0.797840991523
-0.421458297125
-0.431071520783
0.811670526862
-0.350831960011
-0.467020226177
0.819928799756
-0.278538907142
-0.500132822897
0.822797917761
-0.204818764681
-0.530144188087
0.775346386712
-0.256423085792
-0.577135323547
0.723575221840
-0.303630369129
-0.619877001736
0.667404780630
-0.348541877206
-0.658095296007
0.606976937037
-0.391793717542
-0.691430893727
0.542693714611
-0.433456211807
-0.719443704933
0.741796894465
-0.475117034011
-0.473287620116
0.758407305460
-0.404784530870
-0.510850117542
0.769451695494
-0.331983588934
-0.545647308230
0.714489717968
-0.380708854178
-0.586996772792
0.655210013967
-0.426388444179
-0.623612646013
0.591825763695
-0.469852431228
-0.654966379516
0.680599427782
-0.524717573001
-0.511327573564
0.700356960762
-0.454290790954
-0.550563352183
0.637812917586
-0.500529940691
-0.585375486873
0.571081833448
-0.544192968409
-0.614588929806
0.081060786551
0.996709159627
-0.000000000465
0.385604972254
0.848261572851
-0.362989131238
0.419949816238
0.859526703498
-0.291300528346
0.316556371834
0.948573699536
-0.000000000686
0.479948357539
0.865434332084
-0.143781052112
0.505982408466
0.859956377371
-0.066759503756
0.427709132554
0.900406026014
-0.079585716357
0.353628772653
0.931890444196
-0.080789177294
0.278095635062
0.957155328572
-0.080724808734
0.200501083365
0.976388416396
-0.080405073825
0.121115261145
0.989404495219
-0.080061466125
0.040515672589
0.995983937377
-0.079840320406
0.263441623510
0.858208122688
-0.440542085567
0.301529346676
0.877902458098
-0.371977589592
0.336922083454
0.892075600938
-0.301138891364
0.369517337889
0.900653608948
-0.228648231326
0.399424552476
0.903587095566
-0.154888306874
0.320712237451
0.933824569419
-0.158478182404
0.242016938654
0.957105583816
-0.159300668022
0.162308240670
0.973818032011
-0.159168073249
0.081493901888
0.983938728989
-0.158818517656
0.000000000637
0.987334376858
-0.158653169758
0.216313859148
0.900615412960
-0.376961791538
0.253310765442
0.917575378499
-0.306413251808
0.287893412360
0.928752363875
-0.233530361445
0.206287918617
0.949780729666
-0.235291011701
0.124174908569
0.963879510972
-0.235620203740
0.041475142910
0.970984199718
-0.235519630645
0.130248807013
0.916119057901
-0.379158436570
0.169321855604
0.935977163570
-0.308669497183
0.084845545680
0.947157433631
-0.309344515542
0.000000000369
0.950918680949
-0.309440886473
0.563934133854
0.267469675874
0.781305487733
0.848261572421
0.362989131504
0.385604972951
0.859526703600
0.291300528283
0.419949816074
0.730386334471
0.134847208212
0.669590944424
0.865434332285
0.143781051987
0.479948357213
0.859956377186
0.066759503870
0.505982408766
0.820820308756
0.128772394641
0.556481528096
0.777002137620
0.176515415218
0.604243317153
0.728507096879
0.222037187388
0.648056245409
0.675249526277
0.266519143253
0.687754042912
0.617426905781
0.309956259451
0.722987643909
0.555441852193
0.352110302524
0.753327739891
0.778367802966
0.489886116827
0.392625974491
0.797840991523
0.421458297125
0.431071520783
0.811670526862
0.350831960011
0.467020226177
0.819928799756
0.278538907142
0.500132822897
0.822797917761
0.204818764681
0.530144188087
0.775346386712
0.256423085792
0.577135323547
0.723575221840
0.303630369129
0.619877001736
0.667404780630
0.348541877206
0.658095296007
0.606976937037
0.391793717542
0.691430893727
0.542693714611
0.433456211807
0.719443704933
0.741796894465
0.475117034011
0.473287620116
0.758407305460
0.404784530870
0.510850117542
0.769451695494
0.331983588934
0.545647308230
0.714489717968
0.380708854178
0.586996772792
0.655210013967
0.426388444179
0.623612646013
0.591825763695
0.469852431228
0.654966379516
0.680599427782
0.524717573001
0.511327573564
0.700356960762
0.454290790954
0.550563352183
0.637812917586
0.500529940691
0.585375486873
0.571081833448
0.544192968409
0.614588929806
0.831403809441
-0.432775025773
-0.348530461673
0.986911083273
-0.000000000431
-0.161265351869
0.970793604424
0.000000000101
-0.239916188717
0.865233542259
-0.218187365064
-0.451403578936
0.920353807129
0.000000000201
-0.391086780272
0.885456238663
-0.000000000185
-0.464722766187
0.900406025670
-0.079585717258
-0.427709133111
0.903587095347
-0.154888306576
-0.399424553087
0.900653608734
-0.228648231693
-0.369517338183
0.892075601038
-0.301138890119
-0.336922084302
0.877902457978
-0.371977589438
-0.301529347216
0.858208123034
-0.440542085183
-0.263441623024
0.995983937439
-0.079840319721
-0.040515672415
0.989404495227
-0.080061466575
-0.121115260787
0.976388416676
-0.080405074076
-0.200501081903
0.957155328471
-0.080724809192
-0.278095635278
0.931890444333
-0.080789177805
-0.353628772174
0.933824569303
-0.158478182707
-0.320712237639
0.928752363700
-0.233530361976
-0.287893412492
0.917575378644
-0.306413251381
-0.253310765434
0.900615412625
-0.376961791952
-0.216313859820
0.878096875085
-0.444640662247
-0.176749991353
0.983938728845
-0.158818518495
-0.081493901990
0.973818032110
-0.159168073039
-0.162308240282
0.957105583651
-0.159300668380
-0.242016939072
0.949780729667
-0.235291011698
-0.206287918615
0.935977163799
-0.308669497005
-0.169321854661
0.916119058167
-0.379158436023
-0.130248806737
0.970984199862
-0.235519630119
-0.041475142523
0.963879511167
-0.235620202807
-0.124174908826
0.947157433439
-0.309344516045
-0.084845545990
0.924029816508
-0.379836847501
-0.043507096955
-0.432775025773
0.348530461673
-0.831403809441
-0.000000000431
0.161265351869
-0.986911083273
0.000000000101
0.239916188717
-0.970793604424
-0.218187365064
0.451403578936
-0.865233542259
0.000000000201
0.391086780272
-0.920353807129
-0.000000000185
0.464722766187
-0.885456238663
-0.079585717258
0.427709133111
-0.900406025670
-0.154888306576
0.399424553087
-0.903587095347
-0.228648231693
0.369517338183
-0.900653608734
-0.301138890119
0.336922084302
-0.892075601038
-0.371977589438
0.301529347216
-0.877902457978
-0.440542085183
0.263441623024
-0.858208123034
-0.079840319721
0.040515672415
-0.995983937439
-0.080061466575
0.121115260787
-0.989404495227
-0.080405074076
0.200501081903
-0.976388416676
-0.080724809192
0.278095635278
-0.957155328471
-0.080789177805
0.353628772174
-0.931890444333
-0.158478182707
0.320712237639
-0.933824569303
-0.233530361976
0.287893412492
-0.928752363700
-0.306413251381
0.253310765434
-0.917575378644
-0.376961791952
0.216313859820
-0.900615412625
-0.444640662247
0.176749991353
-0.878096875085
-0.158818518495
0.081493901990
-0.983938728845
-0.159168073039
0.162308240282
-0.973818032110
-0.159300668380
0.242016939072
-0.957105583651
-0.235291011698
0.206287918615
-0.949780729667
-0.308669497005
0.169321854661
-0.935977163799
-0.379158436023
0.130248806737
-0.916119058167
-0.235519630119
0.041475142523
-0.970984199862
-0.235620202807
0.124174908826
-0.963879511167
-0.309344516045
0.084845545990
-0.947157433439
-0.379836847501
0.043507096955
-0.924029816508
0.081060786551
-0.996709159627
0.000000000465
0.385604972254
-0.848261572851
0.362989131238
0.419949816238
-0.859526703498
0.291300528346
0.316556371834
-0.948573699536
0.000000000686
0.479948357539
-0.865434332084
0.143781052112
0.505982408466
-0.859956377371
0.066759503756
0.427709132554
-0.900406026014
0.079585716357
0.353628772653
-0.931890444196
0.080789177294
0.278095635062
-0.957155328572
0.080724808734
0.200501083365
-0.976388416396
0.080405073825
0.121115261145
-0.989404495219
0.080061466125
0.040515672589
-0.995983937377
0.079840320406
0.263441623510
-0.858208122688
0.440542085567
0.301529346676
-0.877902458098
0.371977589592
0.336922083454
-0.892075600938
0.301138891364
0.369517337889
-0.900653608948
0.228648231326
0.399424552476
-0.903587095566
0.154888306874
0.320712237451
-0.933824569419
0.158478182404
0.242016938654
-0.957105583816
0.159300668022
0.162308240670
-0.973818032011
0.159168073249
0.081493901888
-0.983938728989
0.158818517656
0.000000000637
-0.987334376858
0.158653169758
0.216313859148
-0.900615412960
0.376961791538
0.253310765442
-0.917575378499
0.306413251808
0.287893412360
-0.928752363875
0.233530361445
0.206287918617
-0.949780729666
0.235291011701
0.124174908569
-0.963879510972
0.235620203740
0.041475142910
-0.970984199718
0.235519630645
0.130248807013
-0.916119057901
0.379158436570
0.169321855604
-0.935977163570
0.308669497183
0.084845545680
-0.947157433631
0.309344515542
0.000000000369
-0.950918680949
0.309440886473
-0.996709159627
0.000000000465
0.081060786551
-0.848261572851
0.362989131238
0.385604972254
-0.859526703498
0.291300528346
0.419949816238
-0.948573699536
0.000000000686
0.316556371834
-0.865434332084
0.143781052112
0.479948357539
-0.859956377371
0.066759503756
0.505982408466
-0.900406026014
0.079585716357
0.427709132554
-0.931890444196
0.080789177294
0.353628772653
-0.957155328572
0.080724808734
0.278095635062
-0.976388416396
0.080405073825
0.200501083365
-0.989404495219
0.080061466125
0.121115261145
-0.995983937377
0.079840320406
0.040515672589
-0.858208122688
0.440542085567
0.263441623510
-0.877902458098
0.371977589592
0.301529346676
-0.892075600938
0.301138891364
0.336922083454
-0.900653608948
0.228648231326
0.369517337889
-0.903587095566
0.154888306874
0.399424552476
-0.933824569419
0.158478182404
0.320712237451
-0.957105583816
0.159300668022
0.242016938654
-0.973818032011
0.159168073249
0.162308240670
-0.983938728989
0.158818517656
0.081493901888
-0.987334376858
0.158653169758
0.000000000637
-0.900615412960
0.376961791538
0.216313859148
-0.917575378499
0.306413251808
0.253310765442
-0.928752363875
0.233530361445
0.287893412360
-0.949780729666
0.235291011701
0.206287918617
-0.963879510972
0.235620203740
0.124174908569
-0.970984199718
0.235519630645
0.041475142910
-0.916119057901
0.379158436570
0.130248807013
-0.935977163570
0.308669497183
0.169321855604
-0.947157433631
0.309344515542
0.084845545680
-0.950918680949
0.309440886473
0.000000000369
0.267469675123
-0.781305488198
0.563934133567
-0.224339620385
-0.748594104189
0.623921951769
-0.180033627521
-0.711250344420
0.679493076141
0.134847207102
-0.669590945110
0.730386334048
-0.088861577268
-0.623729409325
0.776572755142
-0.041259642279
-0.572741912521
0.818696734793
0.000000000557
-0.636067244453
0.771633631029
0.045795780433
-0.685032494447
0.727071680129
0.091421703121
-0.728781054143
0.678616421346
0.136421000936
-0.768159116737
0.625556457785
0.180414086071
-0.803049110034
0.567946198526
0.222925950435
-0.833168060296
0.506097820510
-0.222925951095
-0.833168060058
0.506097820611
-0.180414085889
-0.803049110375
0.567946198102
-0.136421001550
-0.768159117541
0.625556456665
-0.091421702611
-0.728781054223
0.678616421329
-0.045795780302
-0.685032494962
0.727071679653
0.000000000188
-0.735613505950
0.677401483511
0.045876473838
-0.779177669759
0.625121994572
0.091002524765
-0.817263369256
0.569033501438
0.134819957932
-0.850249411382
0.508821695083
0.176749990716
-0.878096874691
0.444640663278
-0.134819957158
-0.850249411654
0.508821694834
-0.091002525159
-0.817263369350
0.569033501239
-0.045876473288
-0.779177669675
0.625121994716
-0.000000000002
-0.822287784494
0.569071875489
0.045146946092
-0.859232849753
0.509588719620
0.088773663827
-0.890486010160
0.446266626939
-0.088773664490
-0.890486010133
0.446266626861
-0.045146946778
-0.859232849365
0.509588720213
0.000000000311
-0.894720002415
0.446627492748
0.043507096586
-0.924029816279
0.379836848099
-0.831403808976
0.432775026060
0.348530462425
-0.623921952035
0.224339621082
0.748594103758
-0.679493076079
0.180033627357
0.711250344521
-0.865233541573
0.218187365488
0.451403580046
-0.776572755017
0.088861576942
0.623729409527
-0.818696734907
0.041259642578
0.572741912336
-0.820820309313
0.128772394985
0.556481527195
-0.822797918053
0.204818764067
0.530144187871
-0.819928800000
0.278538907226
0.500132822450
-0.811670527213
0.350831958611
0.467020226618
-0.797840991852
0.421458296693
0.431071520596
-0.778367802628
0.489886116867
0.392625975113
-0.555441851872
0.352110302076
0.753327740337
-0.617426905634
0.309956259996
0.722987643800
-0.675249525312
0.266519144273
0.687754043465
-0.728507097145
0.222037187619
0.648056245031
-0.777002137459
0.176515415913
0.604243317157
-0.775346386900
0.256423085908
0.577135323243
-0.769451695678
0.331983589244
0.545647307783
-0.758407305395
0.404784530572
0.510850117875
-0.741796894969
0.475117033906
0.473287619430
-0.719443705327
0.542693713580
0.433456212444
-0.606976937307
0.391793718126
0.691430893159
-0.667404780301
0.348541877260
0.658095296312
-0.723575222206
0.303630369158
0.619877001295
-0.714489717966
0.380708854177
0.586996772795
-0.700356960059
0.454290791352
0.550563352748
-0.680599427522
0.524717572779
0.511327574138
-0.591825763292
0.469852431040
0.654966380014
-0.655210013984
0.426388443357
0.623612646558
-0.637812917897
0.500529940883
0.585375486370
-0.614588930034
0.571081832851
0.544192968778
-0.348530462425
-0.831403808976
-0.432775026060
-0.748594103758
-0.623921952035
-0.224339621082
-0.711250344521
-0.679493076079
-0.180033627357
-0.451403580046
-0.865233541573
-0.218187365488
-0.623729409527
-0.776572755017
-0.088861576942
-0.572741912336
-0.818696734907
-0.041259642578
-0.556481527195
-0.820820309313
-0.128772394985
-0.530144187871
-0.822797918053
-0.204818764067
-0.500132822450
-0.819928800000
-0.278538907226
-0.467020226618
-0.811670527213
-0.350831958611
-0.431071520596
-0.797840991852
-0.421458296693
-0.392625975113
-0.778367802628
-0.489886116867
-0.753327740337
-0.555441851872
-0.352110302076
-0.722987643800
-0.617426905634
-0.309956259996
-0.687754043465
-0.675249525312
-0.266519144273
-0.648056245031
-0.728507097145
-0.222037187619
-0.604243317157
-0.777002137459
-0.176515415913
-0.577135323243
-0.775346386900
-0.256423085908
-0.545647307783
-0.769451695678
-0.331983589244
-0.510850117875
-0.758407305395
-0.404784530572
-0.473287619430
-0.741796894969
-0.475117033906
-0.433456212444
-0.719443705327
-0.542693713580
-0.691430893159
-0.606976937307
-0.391793718126
-0.658095296312
-0.667404780301
-0.348541877260
-0.619877001295
-0.723575222206
-0.303630369158
-0.586996772795
-0.714489717966
-0.380708854177
-0.550563352748
-0.700356960059
-0.454290791352
-0.511327574138
-0.680599427522
-0.524717572779
-0.654966380014
-0.591825763292
-0.469852431040
-0.623612646558
-0.655210013984
-0.426388443357
-0.585375486370
-0.637812917897
-0.500529940883
-0.544192968778
-0.614588930034
-0.571081832851
0.432775026060
-0.348530462425
0.831403808976
0.224339621082
-0.748594103758
0.623921952035
0.180033627357
-0.711250344521
0.679493076079
0.218187365488
-0.451403580046
0.865233541573
0.088861576942
-0.623729409527
0.776572755017
0.041259642578
-0.572741912336
0.818696734907
0.128772394985
-0.556481527195
0.820820309313
0.204818764067
-0.530144187871
0.822797918053
0.278538907226
-0.500132822450
0.819928800000
0.350831958611
-0.467020226618
0.811670527213
0.421458296693
-0.431071520596
0.797840991852
0.489886116867
-0.392625975113
0.778367802628
0.352110302076
-0.753327740337
0.555441851872
0.309956259996
-0.722987643800
0.617426905634
0.266519144273
-0.687754043465
0.675249525312
0.222037187619
-0.648056245031
0.728507097145
0.176515415913
-0.604243317157
0.777002137459
0.256423085908
-0.577135323243
0.775346386900
0.331983589244
-0.545647307783
0.769451695678
0.404784530572
-0.510850117875
0.758407305395
0.475117033906
-0.473287619430
0.741796894969
0.542693713580
-0.433456212444
0.719443705327
0.391793718126
-0.691430893159
0.606976937307
0.348541877260
-0.658095296312
0.667404780301
0.303630369158
-0.619877001295
0.723575222206
0.380708854177
-0.586996772795
0.714489717966
0.454290791352
-0.550563352748
0.700356960059
0.524717572779
-0.511327574137
0.680599427522
0.469852431040
-0.654966380014
0.591825763292
0.426388443357
-0.623612646558
0.655210013984
0.500529940883
-0.585375486370
0.637812917897
0.571081832851
-0.544192968778
0.614588930034
-0.563934133567
0.267469675123
0.781305488198
-0.623921951769
-0.224339620385
0.748594104189
-0.679493076141
-0.180033627521
0.711250344420
-0.730386334048
0.134847207102
0.669590945110
-0.776572755142
-0.088861577268
0.623729409325
-0.818696734793
-0.041259642279
0.572741912521
-0.771633631029
0.000000000557
0.636067244453
-0.727071680129
0.045795780433
0.685032494447
-0.678616421346
0.091421703121
0.728781054143
-0.625556457785
0.136421000936
0.768159116737
-0.567946198526
0.180414086071
0.803049110034
-0.506097820510
0.222925950435
0.833168060296
-0.506097820611
-0.222925951095
0.833168060058
-0.567946198102
-0.180414085889
0.803049110375
-0.625556456665
-0.136421001550
0.768159117541
-0.678616421329
-0.091421702611
0.728781054223
-0.727071679653
-0.045795780302
0.685032494962
-0.677401483511
0.000000000188
0.735613505950
-0.625121994572
0.045876473838
0.779177669759
-0.569033501438
0.091002524765
0.817263369256
-0.508821695083
0.134819957932
0.850249411382
-0.444640663278
0.176749990716
0.878096874691
-0.508821694834
-0.134819957158
0.850249411654
-0.569033501239
-0.091002525159
0.817263369350
-0.625121994716
-0.045876473288
0.779177669675
-0.569071875489
-0.000000000002
0.822287784494
-0.509588719620
0.045146946092
0.859232849753
-0.446266626939
0.088773663827
0.890486010160
-0.446266626861
-0.088773664490
0.890486010133
-0.509588720213
-0.045146946778
0.859232849365
-0.446627492748
0.000000000311
0.894720002415
-0.379836848099
0.043507096586
0.924029816279
0.348530461673
-0.831403809441
-0.432775025773
0.161265351869
-0.986911083273
-0.000000000431
0.239916188717
-0.970793604424
0.000000000101
0.451403578936
-0.865233542259
-0.218187365064
0.391086780272
-0.920353807129
0.000000000201
0.464722766187
-0.885456238663
-0.000000000185
0.427709133111
-0.900406025670
-0.079585717258
0.399424553087
-0.903587095347
-0.154888306576
0.369517338183
-0.900653608734
-0.228648231693
0.336922084302
-0.892075601038
-0.301138890119
0.301529347216
-0.877902457978
-0.371977589438
0.263441623024
-0.858208123034
-0.440542085183
0.040515672415
-0.995983937439
-0.079840319721
0.121115260787
-0.989404495227
-0.080061466575
0.200501081903
-0.976388416676
-0.080405074076
0.278095635278
-0.957155328471
-0.080724809192
0.353628772174
-0.931890444333
-0.080789177805
0.320712237639
-0.933824569303
-0.158478182707
0.287893412492
-0.928752363700
-0.233530361976
0.253310765434
-0.917575378644
-0.306413251381
0.216313859820
-0.900615412625
-0.376961791952
0.176749991353
-0.878096875085
-0.444640662247
0.081493901990
-0.983938728845
-0.158818518495
0.162308240282
-0.973818032110
-0.159168073039
0.242016939072
-0.957105583651
-0.159300668380
0.206287918615
-0.949780729667
-0.235291011698
0.169321854661
-0.935977163799
-0.308669497005
0.130248806737
-0.916119058167
-0.379158436023
0.041475142523
-0.970984199862
-0.235519630119
0.124174908826
-0.963879511167
-0.235620202807
0.084845545990
-0.947157433439
-0.309344516045
0.043507096955
-0.924029816508
-0.379836847501
0.831403809441
0.432775025773
0.348530461673
0.986911083273
0.000000000431
0.161265351869
0.970793604424
-0.000000000101
0.239916188717
0.865233542259
0.218187365064
0.451403578936
0.920353807129
-0.000000000201
0.391086780272
0.885456238663
0.000000000185
0.464722766187
0.900406025670
0.079585717258
0.427709133111
0.903587095347
0.154888306576
0.399424553087
0.900653608734
0.228648231693
0.369517338183
0.892075601038
0.301138890119
0.336922084302
0.877902457978
0.371977589438
0.301529347216
0.858208123034
0.440542085183
0.263441623024
0.995983937439
0.079840319721
0.040515672415
0.989404495227
0.080061466575
0.121115260787
0.976388416676
0.080405074076
0.200501081903
0.957155328471
0.080724809192
0.278095635278
0.931890444333
0.080789177805
0.353628772174
0.933824569303
0.158478182707
0.320712237639
0.928752363700
0.233530361976
0.287893412492
0.917575378644
0.306413251381
0.253310765434
0.900615412625
0.376961791952
0.216313859820
0.878096875085
0.444640662247
0.176749991353
0.983938728845
0.158818518495
0.081493901990
0.973818032110
0.159168073039
0.162308240282
0.957105583651
0.159300668380
0.242016939072
0.949780729667
0.235291011698
0.206287918615
0.935977163799
0.308669497005
0.169321854661
0.916119058167
0.379158436023
0.130248806737
0.970984199862
0.235519630119
0.041475142523
0.963879511167
0.235620202807
0.124174908826
0.947157433439
0.309344516045
0.084845545990
0.924029816508
0.379836847501
0.043507096955
0.000000000465
-0.081060786551
0.996709159627
0.362989131238
-0.385604972254
0.848261572851
0.291300528346
-0.419949816238
0.859526703498
0.000000000686
-0.316556371834
0.948573699536
0.143781052112
-0.479948357539
0.865434332084
0.066759503756
-0.505982408466
0.859956377371
0.079585716357
-0.427709132554
0.900406026014
0.080789177294
-0.353628772653
0.931890444196
0.080724808734
-0.278095635062
0.957155328572
0.080405073825
-0.200501083365
0.976388416396
0.080061466125
-0.121115261145
0.989404495219
0.079840320406
-0.040515672589
0.995983937377
0.440542085567
-0.263441623510
0.858208122688
0.371977589592
-0.301529346676
0.877902458098
0.301138891364
-0.336922083454
0.892075600938
0.228648231326
-0.369517337889
0.900653608948
0.154888306874
-0.399424552476
0.903587095566
0.158478182404
-0.320712237451
0.933824569419
0.159300668022
-0.242016938654
0.957105583816
0.159168073249
-0.162308240670
0.973818032011
0.158818517656
-0.081493901888
0.983938728989
0.158653169758
-0.000000000637
0.987334376858
0.376961791538
-0.216313859148
0.900615412960
0.306413251808
-0.253310765442
0.917575378499
0.233530361445
-0.287893412360
0.928752363875
0.235291011701
-0.206287918617
0.949780729666
0.235620203740
-0.124174908569
0.963879510972
0.235519630645
-0.041475142910
0.970984199718
0.379158436570
-0.130248807013
0.916119057901
0.308669497183
-0.169321855604
0.935977163570
0.309344515542
-0.084845545680
0.947157433631
0.309440886473
-0.000000000369
0.950918680949
0.563934133567
0.267469675123
-0.781305488198
0.623921951769
-0.224339620385
-0.748594104189
0.679493076141
-0.180033627521
-0.711250344420
0.730386334048
0.134847207102
-0.669590945110
0.776572755142
-0.088861577268
-0.623729409325
0.818696734793
-0.041259642279
-0.572741912521
0.771633631029
0.000000000557
-0.636067244453
0.727071680129
0.045795780433
-0.685032494447
0.678616421346
0.091421703121
-0.728781054143
0.625556457785
0.136421000936
-0.768159116737
0.567946198526
0.180414086071
-0.803049110034
0.506097820510
0.222925950435
-0.833168060296
0.506097820611
-0.222925951095
-0.833168060058
0.567946198102
-0.180414085889
-0.803049110375
0.625556456665
-0.136421001550
-0.768159117541
0.678616421329
-0.091421702611
-0.728781054223
0.727071679653
-0.045795780302
-0.685032494962
0.677401483511
0.000000000188
-0.735613505950
0.625121994572
0.045876473838
-0.779177669759
0.569033501438
0.091002524765
-0.817263369256
0.508821695083
0.134819957932
-0.850249411382
0.444640663278
0.176749990716
-0.878096874691
0.508821694834
-0.134819957158
-0.850249411654
0.569033501239
-0.091002525159
-0.817263369350
0.625121994716
-0.045876473288
-0.779177669675
0.569071875489
-0.000000000002
-0.822287784494
0.509588719620
0.045146946092
-0.859232849753
0.446266626939
0.088773663827
-0.890486010160
0.446266626861
-0.088773664490
-0.890486010133
0.509588720213
-0.045146946778
-0.859232849365
0.446627492748
0.000000000311
-0.894720002415
0.379836848099
0.043507096586
-0.924029816279
-0.781305488198
-0.563934133567
-0.267469675123
-0.748594104189
-0.623921951769
0.224339620385
-0.711250344420
-0.679493076141
0.180033627521
-0.669590945110
-0.730386334048
-0.134847207102
-0.623729409325
-0.776572755142
0.088861577268
-0.572741912521
-0.818696734793
0.041259642279
-0.636067244453
-0.771633631029
-0.000000000557
-0.685032494447
-0.727071680129
-0.045795780433
-0.728781054143
-0.678616421346
-0.091421703121
-0.768159116737
-0.625556457785
-0.136421000936
-0.803049110034
-0.567946198526
-0.180414086071
-0.833168060296
-0.506097820510
-0.222925950435
-0.833168060058
-0.506097820611
0.222925951095
-0.803049110375
-0.567946198102
0.180414085889
-0.768159117541
-0.625556456665
0.136421001550
-0.728781054223
-0.678616421329
0.091421702611
-0.685032494962
-0.727071679653
0.045795780302
-0.735613505950
-0.677401483511
-0.000000000188
-0.779177669759
-0.625121994572
-0.045876473838
-0.817263369256
-0.569033501438
-0.091002524765
-0.850249411382
-0.508821695083
-0.134819957932
-0.878096874691
-0.444640663278
-0.176749990716
-0.850249411654
-0.508821694834
0.134819957158
-0.817263369350
-0.569033501239
0.091002525159
-0.779177669675
-0.625121994716
0.045876473288
-0.822287784494
-0.569071875489
0.000000000002
-0.859232849753
-0.509588719620
-0.045146946092
-0.890486010160
-0.446266626939
-0.088773663827
-0.890486010133
-0.446266626861
0.088773664490
-0.859232849365
-0.509588720213
0.045146946778
-0.894720002415
-0.446627492748
-0.000000000311
-0.924029816279
-0.379836848099
-0.043507096586
0.348530462425
-0.831403808976
0.432775026060
0.748594103758
-0.623921952035
0.224339621082
0.711250344521
-0.679493076079
0.180033627357
0.451403580046
-0.865233541573
0.218187365488
0.623729409527
-0.776572755017
0.088861576942
0.572741912336
-0.818696734907
0.041259642578
0.556481527195
-0.820820309313
0.128772394985
0.530144187871
-0.822797918053
0.204818764067
0.500132822450
-0.819928800000
0.278538907226
0.467020226618
-0.811670527213
0.350831958611
0.431071520596
-0.797840991852
0.421458296693
0.392625975113
-0.778367802628
0.489886116867
0.753327740337
-0.555441851872
0.352110302076
0.722987643800
-0.617426905634
0.309956259996
0.687754043465
-0.675249525312
0.266519144273
0.648056245031
-0.728507097145
0.222037187619
0.604243317157
-0.777002137459
0.176515415913
0.577135323243
-0.775346386900
0.256423085908
0.545647307783
-0.769451695678
0.331983589244
0.510850117875
-0.758407305395
0.404784530572
0.473287619430
-0.741796894969
0.475117033906
0.433456212444
-0.719443705327
0.542693713580
0.691430893159
-0.606976937307
0.391793718126
0.658095296312
-0.667404780301
0.348541877260
0.619877001295
-0.723575222206
0.303630369158
0.586996772795
-0.714489717966
0.380708854177
0.550563352748
-0.700356960059
0.454290791352
0.511327574138
-0.680599427522
0.524717572779
0.654966380014
-0.591825763292
0.469852431040
0.623612646558
-0.655210013984
0.426388443357
0.585375486370
-0.637812917897
0.500529940883
0.544192968778
-0.614588930034
0.571081832851
-0.432775026060
-0.348530462425
-0.831403808976
-0.224339621082
-0.748594103758
-0.623921952035
-0.180033627357
-0.711250344521
-0.679493076079
-0.218187365488
-0.451403580046
-0.865233541573
-0.088861576942
-0.623729409527
-0.776572755017
-0.041259642578
-0.572741912336
-0.818696734907
-0.128772394985
-0.556481527195
-0.820820309313
-0.204818764067
-0.530144187871
-0.822797918053
-0.278538907226
-0.500132822450
-0.819928800000
-0.350831958611
-0.467020226618
-0.811670527213
-0.421458296693
-0.431071520596
-0.797840991852
-0.489886116867
-0.392625975113
-0.778367802628
-0.352110302076
-0.753327740337
-0.555441851872
-0.309956259996
-0.722987643800
-0.617426905634
-0.266519144273
-0.687754043465
-0.675249525312
-0.222037187619
-0.648056245031
-0.728507097145
-0.176515415913
-0.604243317157
-0.777002137459
-0.256423085908
-0.577135323243
-0.775346386900
-0.331983589244
-0.545647307783
-0.769451695678
-0.404784530572
-0.510850117875
-0.758407305395
-0.475117033906
-0.473287619430
-0.741796894969
-0.542693713580
-0.433456212444
-0.719443705327
-0.391793718126
-0.691430893159
-0.606976937307
-0.348541877260
-0.658095296312
-0.667404780301
-0.303630369158
-0.619877001295
-0.723575222206
-0.380708854177
-0.586996772795
-0.714489717966
-0.454290791352
-0.550563352748
-0.700356960059
-0.524717572779
-0.511327574138
-0.680599427522
-0.469852431040
-0.654966380014
-0.591825763292
-0.426388443357
-0.623612646558
-0.655210013984
-0.500529940883
-0.585375486370
-0.637812917897
-0.571081832851
-0.544192968778
-0.614588930034
0.432775026060
0.348530462425
-0.831403808976
0.224339621082
0.748594103758
-0.623921952035
0.180033627357
0.711250344521
-0.679493076079
0.218187365488
0.451403580046
-0.865233541573
0.088861576942
0.623729409527
-0.776572755017
0.041259642578
0.572741912336
-0.818696734907
0.128772394985
0.556481527195
-0.820820309313
0.204818764067
0.530144187871
-0.822797918053
0.278538907226
0.500132822450
-0.819928800000
0.350831958611
0.467020226618
-0.811670527213
0.421458296693
0.431071520596
-0.797840991852
0.489886116867
0.392625975113
-0.778367802628
0.352110302076
0.753327740337
-0.555441851872
0.309956259996
0.722987643800
-0.617426905634
0.266519144273
0.687754043465
-0.675249525312
0.222037187619
0.648056245031
-0.728507097145
0.176515415913
0.604243317157
-0.777002137459
0.256423085908
0.577135323243
-0.775346386900
0.331983589244
0.545647307783
-0.769451695678
0.404784530572
0.510850117875
-0.758407305395
0.475117033906
0.473287619430
-0.741796894969
0.542693713580
0.433456212444
-0.719443705327
0.391793718126
0.691430893159
-0.606976937307
0.348541877260
0.658095296312
-0.667404780301
0.303630369158
0.619877001295
-0.723575222206
0.380708854177
0.586996772795
-0.714489717966
0.454290791352
0.550563352748
-0.700356960059
0.524717572779
0.511327574138
-0.680599427522
0.469852431040
0.654966380014
-0.591825763292
0.426388443357
0.623612646558
-0.655210013984
0.500529940883
0.585375486370
-0.637812917897
0.571081832851
0.544192968778
-0.614588930034
-0.831403808976
-0.432775026060
-0.348530462425
-0.623921952035
-0.224339621082
-0.748594103758
-0.679493076079
-0.180033627357
-0.711250344521
-0.865233541573
-0.218187365488
-0.451403580046
-0.776572755017
-0.088861576942
-0.623729409527
-0.818696734907
-0.041259642578
-0.572741912336
-0.820820309313
-0.128772394985
-0.556481527195
-0.822797918053
-0.204818764067
-0.530144187871
-0.819928800000
-0.278538907226
-0.500132822450
-0.811670527213
-0.350831958611
-0.467020226618
-0.797840991852
-0.421458296693
-0.431071520596
-0.778367802628
-0.489886116867
-0.392625975113
-0.555441851872
-0.352110302076
-0.753327740337
-0.617426905634
-0.309956259996
-0.722987643800
-0.675249525312
-0.266519144273
-0.687754043465
-0.728507097145
-0.222037187619
-0.648056245031
-0.777002137459
-0.176515415913
-0.604243317157
-0.775346386900
-0.256423085908
-0.577135323243
-0.769451695678
-0.331983589244
-0.545647307783
-0.758407305395
-0.404784530572
-0.510850117875
-0.741796894969
-0.475117033906
-0.473287619430
-0.719443705327
-0.542693713580
-0.433456212444
-0.606976937307
-0.391793718126
-0.691430893159
-0.667404780301
-0.348541877260
-0.658095296312
-0.723575222206
-0.303630369158
-0.619877001295
-0.714489717966
-0.380708854177
-0.586996772795
-0.700356960059
-0.454290791352
-0.550563352748
-0.680599427522
-0.524717572779
-0.511327574138
-0.591825763292
-0.469852431040
-0.654966380014
-0.655210013984
-0.426388443357
-0.623612646558
-0.637812917897
-0.500529940883
-0.585375486370
-0.614588930034
-0.571081832851
-0.544192968778
-0.781305488198
0.563934133567
0.267469675123
-0.748594104189
0.623921951769
-0.224339620385
-0.711250344420
0.679493076141
-0.180033627521
-0.669590945110
0.730386334048
0.134847207102
-0.623729409325
0.776572755142
-0.088861577268
-0.572741912521
0.818696734793
-0.041259642279
-0.636067244453
0.771633631029
0.000000000557
-0.685032494447
0.727071680129
0.045795780433
-0.728781054143
0.678616421346
0.091421703121
-0.768159116737
0.625556457785
0.136421000936
-0.803049110034
0.567946198526
0.180414086071
-0.833168060296
0.506097820510
0.222925950435
-0.833168060058
0.506097820611
-0.222925951095
-0.803049110375
0.567946198102
-0.180414085889
-0.768159117541
0.625556456665
-0.136421001550
-0.728781054223
0.678616421329
-0.091421702611
-0.685032494962
0.727071679653
-0.045795780302
-0.735613505950
0.677401483511
0.000000000188
-0.779177669759
0.625121994572
0.045876473838
-0.817263369256
0.569033501438
0.091002524765
-0.850249411382
0.508821695083
0.134819957932
-0.878096874691
0.444640663278
0.176749990716
-0.850249411654
0.508821694834
-0.134819957158
-0.817263369350
0.569033501239
-0.091002525159
-0.779177669675
0.625121994716
-0.045876473288
-0.822287784494
0.569071875489
-0.000000000002
-0.859232849753
0.509588719620
0.045146946092
-0.890486010160
0.446266626939
0.088773663827
-0.890486010133
0.446266626861
-0.088773664490
-0.859232849365
0.509588720213
-0.045146946778
-0.894720002415
0.446627492748
0.000000000311
-0.924029816279
0.379836848099
0.043507096586
0.267469675123
0.781305488198
-0.563934133567
-0.224339620385
0.748594104189
-0.623921951769
-0.180033627521
0.711250344420
-0.679493076141
0.134847207102
0.669590945110
-0.730386334048
-0.088861577268
0.623729409325
-0.776572755142
-0.041259642279
0.572741912521
-0.818696734793
0.000000000557
0.636067244453
-0.771633631029
0.045795780433
0.685032494447
-0.727071680129
0.091421703121
0.728781054143
-0.678616421346
0.136421000936
0.768159116737
-0.625556457785
0.180414086071
0.803049110034
-0.567946198526
0.222925950435
0.833168060296
-0.506097820510
-0.222925951095
0.833168060058
-0.506097820611
-0.180414085889
0.803049110375
-0.567946198102
-0.136421001550
0.768159117541
-0.625556456665
-0.091421702611
0.728781054223
-0.678616421329
-0.045795780302
0.685032494962
-0.727071679653
0.000000000188
0.735613505950
-0.677401483511
0.045876473838
0.779177669759
-0.625121994572
0.091002524765
0.817263369256
-0.569033501438
0.134819957932
0.850249411382
-0.508821695083
0.176749990716
0.878096874691
-0.444640663278
-0.134819957158
0.850249411654
-0.508821694834
-0.091002525159
0.817263369350
-0.569033501239
-0.045876473288
0.779177669675
-0.625121994716
-0.000000000002
0.822287784494
-0.569071875489
0.045146946092
0.859232849753
-0.509588719620
0.088773663827
0.890486010160
-0.446266626939
-0.088773664490
0.890486010133
-0.446266626861
-0.045146946778
0.859232849365
-0.509588720213
0.000000000311
0.894720002415
-0.446627492748
0.043507096586
0.924029816279
-0.379836848099
0.267469675874
-0.781305487733
-0.563934133854
0.362989131504
-0.385604972951
-0.848261572421
0.291300528283
-0.419949816074
-0.859526703600
0.134847208212
-0.669590944424
-0.730386334471
0.143781051987
-0.479948357213
-0.865434332285
0.066759503870
-0.505982408766
-0.859956377186
0.128772394641
-0.556481528096
-0.820820308756
0.176515415218
-0.604243317153
-0.777002137620
0.222037187388
-0.648056245409
-0.728507096879
0.266519143253
-0.687754042912
-0.675249526277
0.309956259451
-0.722987643909
-0.617426905781
0.352110302524
-0.753327739891
-0.555441852193
0.489886116827
-0.392625974491
-0.778367802966
0.421458297125
-0.431071520783
-0.797840991523
0.350831960011
-0.467020226177
-0.811670526862
0.278538907142
-0.500132822897
-0.819928799756
0.204818764681
-0.530144188087
-0.822797917761
0.256423085792
-0.577135323547
-0.775346386712
0.303630369129
-0.619877001736
-0.723575221840
0.348541877206
-0.658095296007
-0.667404780630
0.391793717542
-0.691430893727
-0.606976937037
0.433456211807
-0.719443704933
-0.542693714611
0.475117034011
-0.473287620116
-0.741796894465
0.404784530870
-0.510850117542
-0.758407305460
0.331983588934
-0.545647308230
-0.769451695494
0.380708854178
-0.586996772792
-0.714489717968
0.426388444179
-0.623612646013
-0.655210013967
0.469852431228
-0.654966379516
-0.591825763695
0.524717573001
-0.511327573564
-0.680599427782
0.454290790954
-0.550563352183
-0.700356960762
0.500529940691
-0.585375486873
-0.637812917586
0.544192968409
-0.614588929806
-0.571081833448
-0.996709159627
-0.000000000465
-0.081060786551
-0.848261572851
-0.362989131238
-0.385604972254
-0.859526703498
-0.291300528346
-0.419949816238
-0.948573699536
-0.000000000686
-0.316556371834
-0.865434332084
-0.143781052112
-0.479948357539
-0.859956377371
-0.066759503756
-0.505982408466
-0.900406026014
-0.079585716357
-0.427709132554
-0.931890444196
-0.080789177294
-0.353628772653
-0.957155328572
-0.080724808734
-0.278095635062
-0.976388416396
-0.080405073825
-0.200501083365
-0.989404495219
-0.080061466125
-0.121115261145
-0.995983937377
-0.079840320406
-0.040515672589
-0.858208122688
-0.440542085567
-0.263441623510
-0.877902458098
-0.371977589592
-0.301529346676
-0.892075600938
-0.301138891364
-0.336922083454
-0.900653608948
-0.228648231326
-0.369517337889
-0.903587095566
-0.154888306874
-0.399424552476
-0.933824569419
-0.158478182404
-0.320712237451
-0.957105583816
-0.159300668022
-0.242016938654
-0.973818032011
-0.159168073249
-0.162308240670
-0.983938728989
-0.158818517656
-0.081493901888
-0.987334376858
-0.158653169758
-0.000000000637
-0.900615412960
-0.376961791538
-0.216313859148
-0.917575378499
-0.306413251808
-0.253310765442
-0.928752363875
-0.233530361445
-0.287893412360
-0.949780729666
-0.235291011701
-0.206287918617
-0.963879510972
-0.235620203740
-0.124174908569
-0.970984199718
-0.235519630645
-0.041475142910
-0.916119057901
-0.379158436570
-0.130248807013
-0.935977163570
-0.308669497183
-0.169321855604
-0.947157433631
-0.309344515542
-0.084845545680
-0.950918680949
-0.309440886473
-0.000000000369
-0.267469675874
0.781305487733
-0.563934133854
-0.362989131504
0.385604972951
-0.848261572421
-0.291300528283
0.419949816074
-0.859526703600
-0.134847208212
0.669590944424
-0.730386334471
-0.143781051987
0.479948357213
-0.865434332285
-0.066759503870
0.505982408766
-0.859956377186
-0.128772394641
0.556481528096
-0.820820308756
-0.176515415218
0.604243317153
-0.777002137620
-0.222037187388
0.648056245409
-0.728507096879
-0.266519143253
0.687754042912
-0.675249526277
-0.309956259451
0.722987643909
-0.617426905781
-0.352110302524
0.753327739891
-0.555441852193
-0.489886116827
0.392625974491
-0.778367802966
-0.421458297125
0.431071520783
-0.797840991523
-0.350831960011
0.467020226177
-0.811670526862
-0.278538907142
0.500132822897
-0.819928799756
-0.204818764681
0.530144188087
-0.822797917761
-0.256423085792
0.577135323547
-0.775346386712
-0.303630369129
0.619877001736
-0.723575221840
-0.348541877206
0.658095296007
-0.667404780630
-0.391793717542
0.691430893727
-0.606976937037
-0.433456211807
0.719443704933
-0.542693714611
-0.475117034011
0.473287620116
-0.741796894465
-0.404784530870
0.510850117542
-0.758407305460
-0.331983588934
0.545647308230
-0.769451695494
-0.380708854178
0.586996772792
-0.714489717968
-0.426388444179
0.623612646013
-0.655210013967
-0.469852431228
0.654966379516
-0.591825763695
-0.524717573001
0.511327573564
-0.680599427782
-0.454290790954
0.550563352183
-0.700356960762
-0.500529940691
0.585375486873
-0.637812917586
-0.544192968409
0.614588929806
-0.571081833448
0.996709159627
0.000000000465
-0.081060786551
0.848261572851
0.362989131238
-0.385604972254
0.859526703498
0.291300528346
-0.419949816238
0.948573699536
0.000000000686
-0.316556371834
0.865434332084
0.143781052112
-0.479948357539
0.859956377371
0.066759503756
-0.505982408466
0.900406026014
0.079585716357
-0.427709132554
0.931890444196
0.080789177294
-0.353628772653
0.957155328572
0.080724808734
-0.278095635062
0.976388416396
0.080405073825
-0.200501083365
0.989404495219
0.080061466125
-0.121115261145
0.995983937377
0.079840320406
-0.040515672589
0.858208122688
0.440542085567
-0.263441623510
0.877902458098
0.371977589592
-0.301529346676
0.892075600938
0.301138891364
-0.336922083454
0.900653608948
0.228648231326
-0.369517337889
0.903587095566
0.154888306874
-0.399424552476
0.933824569419
0.158478182404
-0.320712237451
0.957105583816
0.159300668022
-0.242016938654
0.973818032011
0.159168073249
-0.162308240670
0.983938728989
0.158818517656
-0.081493901888
0.987334376858
0.158653169758
-0.000000000637
0.900615412960
0.376961791538
-0.216313859148
0.917575378499
0.306413251808
-0.253310765442
0.928752363875
0.233530361445
-0.287893412360
0.949780729666
0.235291011701
-0.206287918617
0.963879510972
0.235620203740
-0.124174908569
0.970984199718
0.235519630645
-0.041475142910
0.916119057901
0.379158436570
-0.130248807013
0.935977163570
0.308669497183
-0.169321855604
0.947157433631
0.309344515542
-0.084845545680
0.950918680949
0.309440886473
-0.000000000369
-0.267469675123
-0.781305488198
-0.563934133567
0.224339620385
-0.748594104189
-0.623921951769
0.180033627521
-0.711250344420
-0.679493076141
-0.134847207102
-0.669590945110
-0.730386334048
0.088861577268
-0.623729409325
-0.776572755142
0.041259642279
-0.572741912521
-0.818696734793
-0.000000000557
-0.636067244453
-0.771633631029
-0.045795780433
-0.685032494447
-0.727071680129
-0.091421703121
-0.728781054143
-0.678616421346
-0.136421000936
-0.768159116737
-0.625556457785
-0.180414086071
-0.803049110034
-0.567946198526
-0.222925950435
-0.833168060296
-0.506097820510
0.222925951095
-0.833168060058
-0.506097820611
0.180414085889
-0.803049110375
-0.567946198102
0.136421001550
-0.768159117541
-0.625556456665
0.091421702611
-0.728781054223
-0.678616421329
0.045795780302
-0.685032494962
-0.727071679653
-0.000000000188
-0.735613505950
-0.677401483511
-0.045876473838
-0.779177669759
-0.625121994572
-0.091002524765
-0.817263369256
-0.569033501438
-0.134819957932
-0.850249411382
-0.508821695083
-0.176749990716
-0.878096874691
-0.444640663278
0.134819957158
-0.850249411654
-0.508821694834
0.091002525159
-0.817263369350
-0.569033501239
0.045876473288
-0.779177669675
-0.625121994716
0.000000000002
-0.822287784494
-0.569071875489
-0.045146946092
-0.859232849753
-0.509588719620
-0.088773663827
-0.890486010160
-0.446266626939
0.088773664490
-0.890486010133
-0.446266626861
0.045146946778
-0.859232849365
-0.509588720213
-0.000000000311
-0.894720002415
-0.446627492748
-0.043507096586
-0.924029816279
-0.379836848099
0.831403808976
0.432775026060
-0.348530462425
0.623921952035
0.224339621082
-0.748594103758
0.679493076079
0.180033627357
-0.711250344521
0.865233541573
0.218187365488
-0.451403580046
0.776572755017
0.088861576942
-0.623729409527
0.818696734907
0.041259642578
-0.572741912336
0.820820309313
0.128772394985
-0.556481527195
0.822797918053
0.204818764067
-0.530144187871
0.819928800000
0.278538907226
-0.500132822450
0.811670527213
0.350831958611
-0.467020226618
0.797840991852
0.421458296693
-0.431071520596
0.778367802628
0.489886116867
-0.392625975113
0.555441851872
0.352110302076
-0.753327740337
0.617426905634
0.309956259996
-0.722987643800
0.675249525312
0.266519144273
-0.687754043465
0.728507097145
0.222037187619
-0.648056245031
0.777002137459
0.176515415913
-0.604243317157
0.775346386900
0.256423085908
-0.577135323243
0.769451695678
0.331983589244
-0.545647307783
0.758407305395
0.404784530572
-0.510850117875
0.741796894969
0.475117033906
-0.473287619430
0.719443705327
0.542693713580
-0.433456212444
0.606976937307
0.391793718126
-0.691430893159
0.667404780301
0.348541877260
-0.658095296312
0.723575222206
0.303630369158
-0.619877001295
0.714489717966
0.380708854177
-0.586996772795
0.700356960059
0.454290791352
-0.550563352748
0.680599427522
0.524717572779
-0.511327574138
0.591825763292
0.469852431040
-0.654966380014
0.655210013984
0.426388443357
-0.623612646558
0.637812917897
0.500529940883
-0.585375486370
0.614588930034
0.571081832851
-0.544192968778
-0.831403809441
0.432775025773
-0.348530461673
-0.986911083273
0.000000000431
-0.161265351869
-0.970793604424
-0.000000000101
-0.239916188717
-0.865233542259
0.218187365064
-0.451403578936
-0.920353807129
-0.000000000201
-0.391086780272
-0.885456238663
0.000000000185
-0.464722766187
-0.900406025670
0.079585717258
-0.427709133111
-0.903587095347
0.154888306576
-0.399424553087
-0.900653608734
0.228648231693
-0.369517338183
-0.892075601038
0.301138890119
-0.336922084302
-0.877902457978
0.371977589438
-0.301529347216
-0.858208123034
0.440542085183
-0.263441623024
-0.995983937439
0.079840319721
-0.040515672415
-0.989404495227
0.080061466575
-0.121115260787
-0.976388416676
0.080405074076
-0.200501081903
-0.957155328471
0.080724809192
-0.278095635278
-0.931890444333
0.080789177805
-0.353628772174
-0.933824569303
0.158478182707
-0.320712237639
-0.928752363700
0.233530361976
-0.287893412492
-0.917575378644
0.306413251381
-0.253310765434
-0.900615412625
0.376961791952
-0.216313859820
-0.878096875085
0.444640662247
-0.176749991353
-0.983938728845
0.158818518495
-0.081493901990
-0.973818032110
0.159168073039
-0.162308240282
-0.957105583651
0.159300668380
-0.242016939072
-0.949780729667
0.235291011698
-0.206287918615
-0.935977163799
0.308669497005
-0.169321854661
-0.916119058167
0.379158436023
-0.130248806737
-0.970984199862
0.235519630119
-0.041475142523
-0.963879511167
0.235620202807
-0.124174908826
-0.947157433439
0.309344516045
-0.084845545990
-0.924029816508
0.379836847501
-0.043507096955
0.432775025773
-0.348530461673
-0.831403809441
0.000000000431
-0.161265351869
-0.986911083273
-0.000000000101
-0.239916188717
-0.970793604424
0.218187365064
-0.451403578936
-0.865233542259
-0.000000000201
-0.391086780272
-0.920353807129
0.000000000185
-0.464722766187
-0.885456238663
0.079585717258
-0.427709133111
-0.900406025670
0.154888306576
-0.399424553087
-0.903587095347
0.228648231693
-0.369517338183
-0.900653608734
0.301138890119
-0.336922084302
-0.892075601038
0.371977589438
-0.301529347216
-0.877902457978
0.440542085183
-0.263441623024
-0.858208123034
0.079840319721
-0.040515672415
-0.995983937439
0.080061466575
-0.121115260787
-0.989404495227
0.080405074076
-0.200501081903
-0.976388416676
0.080724809192
-0.278095635278
-0.957155328471
0.080789177805
-0.353628772174
-0.931890444333
0.158478182707
-0.320712237639
-0.933824569303
0.233530361976
-0.287893412492
-0.928752363700
0.306413251381
-0.253310765434
-0.917575378644
0.376961791952
-0.216313859820
-0.900615412625
0.444640662247
-0.176749991353
-0.878096875085
0.158818518495
-0.081493901990
-0.983938728845
0.159168073039
-0.162308240282
-0.973818032110
0.159300668380
-0.242016939072
-0.957105583651
0.235291011698
-0.206287918615
-0.949780729667
0.308669497005
-0.169321854661
-0.935977163799
0.379158436023
-0.130248806737
-0.916119058167
0.235519630119
-0.041475142523
-0.970984199862
0.235620202807
-0.124174908826
-0.963879511167
0.309344516045
-0.084845545990
-0.947157433439
0.379836847501
-0.043507096955
-0.924029816508
0.781305487733
-0.563934133854
-0.267469675874
0.385604972951
-0.848261572421
-0.362989131504
0.419949816074
-0.859526703600
-0.291300528283
0.669590944424
-0.730386334471
-0.134847208212
0.479948357213
-0.865434332285
-0.143781051987
0.505982408766
-0.859956377186
-0.066759503870
0.556481528096
-0.820820308756
-0.128772394641
0.604243317153
-0.777002137620
-0.176515415218
0.648056245409
-0.728507096879
-0.222037187388
0.687754042912
-0.675249526277
-0.266519143253
0.722987643909
-0.617426905781
-0.309956259451
0.753327739891
-0.555441852193
-0.352110302524
0.392625974491
-0.778367802966
-0.489886116827
0.431071520783
-0.797840991523
-0.421458297125
0.467020226177
-0.811670526862
-0.350831960011
0.500132822897
-0.819928799756
-0.278538907142
0.530144188087
-0.822797917761
-0.204818764681
0.577135323547
-0.775346386712
-0.256423085792
0.619877001736
-0.723575221840
-0.303630369129
0.658095296007
-0.667404780630
-0.348541877206
0.691430893727
-0.606976937037
-0.391793717542
0.719443704933
-0.542693714611
-0.433456211807
0.473287620116
-0.741796894465
-0.475117034011
0.510850117542
-0.758407305460
-0.404784530870
0.545647308230
-0.769451695494
-0.331983588934
0.586996772792
-0.714489717968
-0.380708854178
0.623612646013
-0.655210013967
-0.426388444179
0.654966379516
-0.591825763695
-0.469852431228
0.511327573564
-0.680599427782
-0.524717573001
0.550563352183
-0.700356960762
-0.454290790954
0.585375486873
-0.637812917586
-0.500529940691
0.614588929806
-0.571081833448
-0.544192968409
-0.781305487733
-0.563934133854
0.267469675874
-0.385604972951
-0.848261572421
0.362989131504
-0.419949816074
-0.859526703600
0.291300528283
-0.669590944424
-0.730386334471
0.134847208212
-0.479948357213
-0.865434332285
0.143781051987
-0.505982408766
-0.859956377186
0.066759503870
-0.556481528096
-0.820820308756
0.128772394641
-0.604243317153
-0.777002137620
0.176515415218
-0.648056245409
-0.728507096879
0.222037187388
-0.687754042912
-0.675249526277
0.266519143253
-0.722987643909
-0.617426905781
0.309956259451
-0.753327739891
-0.555441852193
0.352110302524
-0.392625974491
-0.778367802966
0.489886116827
-0.431071520783
-0.797840991523
0.421458297125
-0.467020226177
-0.811670526862
0.350831960011
-0.500132822897
-0.819928799756
0.278538907142
-0.530144188087
-0.822797917761
0.204818764681
-0.577135323547
-0.775346386712
0.256423085792
-0.619877001736
-0.723575221840
0.303630369129
-0.658095296007
-0.667404780630
0.348541877206
-0.691430893727
-0.606976937037
0.391793717542
-0.719443704933
-0.542693714611
0.433456211807
-0.473287620116
-0.741796894465
0.475117034011
-0.510850117542
-0.758407305460
0.404784530870
-0.545647308230
-0.769451695494
0.331983588934
-0.586996772792
-0.714489717968
0.380708854178
-0.623612646013
-0.655210013967
0.426388444179
-0.654966379516
-0.591825763695
0.469852431228
-0.511327573564
-0.680599427782
0.524717573001
-0.550563352183
-0.700356960762
0.454290790954
-0.585375486873
-0.637812917586
0.500529940691
-0.614588929806
-0.571081833448
0.544192968409
-0.348530461673
-0.831403809441
0.432775025773
-0.161265351869
-0.986911083273
0.000000000431
-0.239916188717
-0.970793604424
-0.000000000101
-0.451403578936
-0.865233542259
0.218187365064
-0.391086780272
-0.920353807129
-0.000000000201
-0.464722766187
-0.885456238663
0.000000000185
-0.427709133111
-0.900406025670
0.079585717258
-0.399424553087
-0.903587095347
0.154888306576
-0.369517338183
-0.900653608734
0.228648231693
-0.336922084302
-0.892075601038
0.301138890119
-0.301529347216
-0.877902457978
0.371977589438
-0.263441623024
-0.858208123034
0.440542085183
-0.040515672415
-0.995983937439
0.079840319721
-0.121115260787
-0.989404495227
0.080061466575
-0.200501081903
-0.976388416676
0.080405074076
-0.278095635278
-0.957155328471
0.080724809192
-0.353628772174
-0.931890444333
0.080789177805
-0.320712237639
-0.933824569303
0.158478182707
-0.287893412492
-0.928752363700
0.233530361976
-0.253310765434
-0.917575378644
0.306413251381
-0.216313859820
-0.900615412625
0.376961791952
-0.176749991353
-0.878096875085
0.444640662247
-0.081493901990
-0.983938728845
0.158818518495
-0.162308240282
-0.973818032110
0.159168073039
-0.242016939072
-0.957105583651
0.159300668380
-0.206287918615
-0.949780729667
0.235291011698
-0.169321854661
-0.935977163799
0.308669497005
-0.130248806737
-0.916119058167
0.379158436023
-0.041475142523
-0.970984199862
0.235519630119
-0.124174908826
-0.963879511167
0.235620202807
-0.084845545990
-0.947157433439
0.309344516045
-0.043507096955
-0.924029816508
0.379836847501
0.348530461673
0.831403809441
0.432775025773
0.161265351869
0.986911083273
0.000000000431
0.239916188717
0.970793604424
-0.000000000101
0.451403578936
0.865233542259
0.218187365064
0.391086780272
0.920353807129
-0.000000000201
0.464722766187
0.885456238663
0.000000000185
0.427709133111
0.900406025670
0.079585717258
0.399424553087
0.903587095347
0.154888306576
0.369517338183
0.900653608734
0.228648231693
0.336922084302
0.892075601038
0.301138890119
0.301529347216
0.877902457978
0.371977589438
0.263441623024
0.858208123034
0.440542085183
0.040515672415
0.995983937439
0.079840319721
0.121115260787
0.989404495227
0.080061466575
0.200501081903
0.976388416676
0.080405074076
0.278095635278
0.957155328471
0.080724809192
0.353628772174
0.931890444333
0.080789177805
0.320712237639
0.933824569303
0.158478182707
0.287893412492
0.928752363700
0.233530361976
0.253310765434
0.917575378644
0.306413251381
0.216313859820
0.900615412625
0.376961791952
0.176749991353
0.878096875085
0.444640662247
0.081493901990
0.983938728845
0.158818518495
0.162308240282
0.973818032110
0.159168073039
0.242016939072
0.957105583651
0.159300668380
0.206287918615
0.949780729667
0.235291011698
0.169321854661
0.935977163799
0.308669497005
0.130248806737
0.916119058167
0.379158436023
0.041475142523
0.970984199862
0.235519630119
0.124174908826
0.963879511167
0.235620202807
0.084845545990
0.947157433439
0.309344516045
0.043507096955
0.924029816508
0.379836847501
-0.000000000465
-0.081060786551
-0.996709159627
-0.362989131238
-0.385604972254
-0.848261572851
-0.291300528346
-0.419949816238
-0.859526703498
-0.000000000686
-0.316556371834
-0.948573699536
-0.143781052112
-0.479948357539
-0.865434332084
-0.066759503756
-0.505982408466
-0.859956377371
-0.079585716357
-0.427709132554
-0.900406026014
-0.080789177294
-0.353628772653
-0.931890444196
-0.080724808734
-0.278095635062
-0.957155328572
-0.080405073825
-0.200501083365
-0.976388416396
-0.080061466125
-0.121115261145
-0.989404495219
-0.079840320406
-0.040515672589
-0.995983937377
-0.440542085567
-0.263441623510
-0.858208122688
-0.371977589592
-0.301529346676
-0.877902458098
-0.301138891364
-0.336922083454
-0.892075600938
-0.228648231326
-0.369517337889
-0.900653608948
-0.154888306874
-0.399424552476
-0.903587095566
-0.158478182404
-0.320712237451
-0.933824569419
-0.159300668022
-0.242016938654
-0.957105583816
-0.159168073249
-0.162308240670
-0.973818032011
-0.158818517656
-0.081493901888
-0.983938728989
-0.158653169758
-0.000000000637
-0.987334376858
-0.376961791538
-0.216313859148
-0.900615412960
-0.306413251808
-0.253310765442
-0.917575378499
-0.233530361445
-0.287893412360
-0.928752363875
-0.235291011701
-0.206287918617
-0.949780729666
-0.235620203740
-0.124174908569
-0.963879510972
-0.235519630645
-0.041475142910
-0.970984199718
-0.379158436570
-0.130248807013
-0.916119057901
-0.308669497183
-0.169321855604
-0.935977163570
-0.309344515542
-0.084845545680
-0.947157433631
-0.309440886473
-0.000000000369
-0.950918680949
0.781305488198
-0.563934133567
0.267469675123
0.748594104189
-0.623921951769
-0.224339620385
0.711250344420
-0.679493076141
-0.180033627521
0.669590945110
-0.730386334048
0.134847207102
0.623729409325
-0.776572755142
-0.088861577268
0.572741912521
-0.818696734793
-0.041259642279
0.636067244453
-0.771633631029
0.000000000557
0.685032494447
-0.727071680129
0.045795780433
0.728781054143
-0.678616421346
0.091421703121
0.768159116737
-0.625556457785
0.136421000936
0.803049110034
-0.567946198526
0.180414086071
0.833168060296
-0.506097820510
0.222925950435
0.833168060058
-0.506097820611
-0.222925951095
0.803049110375
-0.567946198102
-0.180414085889
0.768159117541
-0.625556456665
-0.136421001550
0.728781054223
-0.678616421329
-0.091421702611
0.685032494962
-0.727071679653
-0.045795780302
0.735613505950
-0.677401483511
0.000000000188
0.779177669759
-0.625121994572
0.045876473838
0.817263369256
-0.569033501438
0.091002524765
0.850249411382
-0.508821695083
0.134819957932
0.878096874691
-0.444640663278
0.176749990716
0.850249411654
-0.508821694834
-0.134819957158
0.817263369350
-0.569033501239
-0.091002525159
0.779177669675
-0.625121994716
-0.045876473288
0.822287784494
-0.569071875489
-0.000000000002
0.859232849753
-0.509588719620
0.045146946092
0.890486010160
-0.446266626939
0.088773663827
0.890486010133
-0.446266626861
-0.088773664490
0.859232849365
-0.509588720213
-0.045146946778
0.894720002415
-0.446627492748
0.000000000311
0.924029816279
-0.379836848099
0.043507096586
