0.345743527636
0.818866237532
0.458169726332
0.416019947268
0.830428968649
0.370560563880
0.481069700792
0.831059164833
0.279128299400
0.539152184501
0.821857369971
0.184025501963
0.584587858990
0.808228194714
0.070881735247
0.638433892746
0.754152285866
0.153806678386
0.683641339187
0.691323111299
0.233895008793
0.719848589040
0.619666479994
0.312780214254
0.746221468784
0.540420803707
0.388714386724
0.460488149896
0.762071305420
0.455190058393
0.527436552104
0.767383992672
0.364599082961
0.588055330329
0.763808562420
0.266059031881
0.629159634467
0.696691938210
0.344642564971
0.660900416784
0.620961305220
0.421447145577
0.495126345661
0.683000925463
0.536991282657
0.564971772954
0.694770132191
0.445085788562
0.593775863294
0.612766076811
0.521486298267
0.525731112119
0.850650808352
0.000000000000
0.000000000000
0.525731112119
-0.850650808352
-0.525731112119
0.850650808352
0.000000000000
0.000000000000
0.525731112119
0.850650808352
0.850650808352
-0.000000000000
0.525731112119
-0.850650808352
-0.000000000000
0.525731112119
-0.000000000000
-0.525731112119
0.850650808352
-0.850650808352
-0.000000000000
-0.525731112119
-0.525731112119
-0.850650808352
0.000000000000
0.850650808352
-0.000000000000
-0.525731112119
0.525731112119
-0.850650808352
0.000000000000
0.000000000000
-0.525731112119
-0.850650808352
0.450838914610
0.326551213383
-0.830727740064
0.348396483924
0.357993632614
-0.866291203348
0.242096092694
0.384118124957
-0.890978533962
0.133271560509
0.406276640712
-0.903978972306
0.014806846411
0.437781894099
-0.898959270767
0.038261142970
0.335931753776
-0.941108889419
0.061034957416
0.231087849383
-0.971016549726
0.084607687478
0.122485158642
-0.988857383616
0.108365022885
0.012257305529
-0.994035603123
0.373505402263
0.246634943788
-0.894239855399
0.268383273144
0.275540291748
-0.923064443211
0.157248439371
0.303185500802
-0.939867799437
0.179531523564
0.196893316145
-0.963847215125
0.202395290772
0.087415215608
-0.975394651592
0.397930793812
0.131061259373
-0.908005522906
0.292291858456
0.164952070661
-0.941995904378
0.314358477296
0.051508187975
-0.947905931158
-0.345743527636
0.818866237532
-0.458169726332
-0.416019947268
0.830428968649
-0.370560563880
-0.481069700792
0.831059164833
-0.279128299400
-0.539152184501
0.821857369971
-0.184025501963
-0.584587858990
0.808228194714
-0.070881735247
-0.638433892746
0.754152285866
-0.153806678386
-0.683641339187
0.691323111299
-0.233895008793
-0.719848589040
0.619666479994
-0.312780214254
-0.746221468784
0.540420803707
-0.388714386724
-0.460488149896
0.762071305420
-0.455190058393
-0.527436552104
0.767383992672
-0.364599082961
-0.588055330329
0.763808562420
-0.266059031881
-0.629159634467
0.696691938210
-0.344642564971
-0.660900416784
0.620961305220
-0.421447145577
-0.495126345661
0.683000925463
-0.536991282657
-0.564971772954
0.694770132191
-0.445085788562
-0.593775863294
0.612766076811
-0.521486298267
-0.450838914610
0.326551213383
0.830727740064
-0.348396483924
0.357993632614
0.866291203348
-0.242096092694
0.384118124957
0.890978533962
-0.133271560509
0.406276640712
0.903978972306
-0.014806846411
0.437781894099
0.898959270767
-0.038261142970
0.335931753776
0.941108889419
-0.061034957416
0.231087849383
0.971016549726
-0.084607687478
0.122485158642
0.988857383616
-0.108365022885
0.012257305529
0.994035603123
-0.373505402263
0.246634943788
0.894239855399
-0.268383273144
0.275540291748
0.923064443211
-0.157248439371
0.303185500802
0.939867799437
-0.179531523564
0.196893316145
0.963847215125
-0.202395290772
0.087415215608
0.975394651592
-0.397930793812
0.131061259373
0.908005522906
-0.292291858456
0.164952070661
0.941995904378
-0.314358477296
0.051508187975
0.947905931158
0.796582442246
0.540232464852
0.271302960958
0.764416431192
0.615108100023
0.193156788670
0.723165793487
0.681435551005
0.112591407122
0.672423745010
0.739491015842
0.031612412674
0.599394705400
0.799077060366
-0.046923754489
0.676695035715
0.730505599063
-0.091898848613
0.744676296602
0.653601433115
-0.135138373193
0.804456276519
0.567376053422
-0.175882100205
0.854586491669
0.473447536372
-0.213376096504
0.833993552159
0.531232271840
0.149154377450
0.795819825248
0.601514007857
0.069654174998
0.745303769700
0.666623682211
-0.011625712300
0.808691158031
0.585735354596
-0.054154457793
0.863295707556
0.495874136359
-0.093964685944
0.893057139473
0.437066169716
0.106874266902
0.857263631410
0.514123829031
0.027852373054
0.908134340589
0.418481853190
-0.012843597351
-0.055248252424
0.998402191184
-0.011861502531
-0.164836843944
0.985668663903
-0.035862234698
-0.271526717835
0.960563850405
-0.059919369129
-0.374664228038
0.923516517805
-0.082121602335
-0.484705648588
0.869958795613
-0.090731076053
-0.427830602389
0.884312277449
-0.186956603553
-0.366226222576
0.887496441908
-0.279693438426
-0.298367258847
0.880156267677
-0.369190903622
-0.225633402033
0.862161923097
-0.453614799416
-0.097480566338
0.986422330233
-0.132168549978
-0.205886116750
0.966113090818
-0.155680450539
-0.314811213103
0.932682714092
-0.176059237017
-0.251047773938
0.930377919567
-0.267155276915
-0.181379901552
0.917321281936
-0.354433346372
-0.024186992471
0.974057452374
-0.225004597443
-0.137099697607
0.959209617593
-0.247225772187
-0.064351785326
0.939968151457
-0.335139854347
-0.290495275212
0.784720939715
0.547563276574
-0.251183103324
0.728554196494
0.637272179979
-0.209542982957
0.663246424358
0.718467757711
-0.164487956464
0.590302142675
0.790244957296
-0.099882210401
0.508663629347
0.855151949203
-0.210603290356
0.489738432162
0.846051134480
-0.317415116611
0.464982858176
0.826461484492
-0.421481330194
0.435265372896
0.795548580198
-0.520588066751
0.400971692253
0.753796900211
-0.363007583559
0.701825002181
0.612916927970
-0.321550435354
0.640139374709
0.697729817674
-0.273244117226
0.569244532683
0.775434274721
-0.378111860529
0.541535881117
0.750846396003
-0.479520515232
0.508862361185
0.714925991164
-0.470939353189
0.668052542030
0.576126658561
-0.427872075347
0.610037859223
0.666917759137
-0.529424077967
0.572994486242
0.625609674161
0.547563276574
-0.290495275212
0.784720939715
0.637272179979
-0.251183103324
0.728554196494
0.718467757711
-0.209542982957
0.663246424358
0.790244957296
-0.164487956464
0.590302142675
0.855151949203
-0.099882210401
0.508663629347
0.846051134480
-0.210603290356
0.489738432162
0.826461484492
-0.317415116611
0.464982858176
0.795548580198
-0.421481330194
0.435265372896
0.753796900211
-0.520588066751
0.400971692253
0.612916927970
-0.363007583559
0.701825002181
0.697729817674
-0.321550435354
0.640139374709
0.775434274721
-0.273244117226
0.569244532683
0.750846396003
-0.378111860529
0.541535881117
0.714925991164
-0.479520515232
0.508862361185
0.576126658561
-0.470939353189
0.668052542030
0.666917759137
-0.427872075347
0.610037859223
0.625609674161
-0.529424077967
0.572994486242
-0.998402191184
-0.011861502531
0.055248252424
-0.985668663903
-0.035862234698
0.164836843944
-0.960563850405
-0.059919369129
0.271526717835
-0.923516517805
-0.082121602335
0.374664228038
-0.869958795613
-0.090731076053
0.484705648588
-0.884312277449
-0.186956603553
0.427830602389
-0.887496441908
-0.279693438426
0.366226222576
-0.880156267677
-0.369190903622
0.298367258847
-0.862161923097
-0.453614799416
0.225633402033
-0.986422330233
-0.132168549978
0.097480566338
-0.966113090818
-0.155680450539
0.205886116750
-0.932682714092
-0.176059237017
0.314811213103
-0.930377919567
-0.267155276915
0.251047773938
-0.917321281936
-0.354433346372
0.181379901552
-0.974057452374
-0.225004597443
0.024186992471
-0.959209617593
-0.247225772187
0.137099697607
-0.939968151457
-0.335139854347
0.064351785326
0.784720939715
0.547563276574
-0.290495275212
0.728554196494
0.637272179979
-0.251183103324
0.663246424358
0.718467757711
-0.209542982957
0.590302142675
0.790244957296
-0.164487956464
0.508663629347
0.855151949203
-0.099882210401
0.489738432162
0.846051134480
-0.210603290356
0.464982858176
0.826461484492
-0.317415116611
0.435265372896
0.795548580198
-0.421481330194
0.400971692253
0.753796900211
-0.520588066751
0.701825002181
0.612916927970
-0.363007583559
0.640139374709
0.697729817674
-0.321550435354
0.569244532683
0.775434274721
-0.273244117226
0.541535881117
0.750846396003
-0.378111860529
0.508862361185
0.714925991164
-0.479520515232
0.668052542030
0.576126658561
-0.470939353189
0.610037859223
0.666917759137
-0.427872075347
0.572994486242
0.625609674161
-0.529424077967
0.271302960958
0.796582442246
0.540232464852
0.193156788670
0.764416431192
0.615108100023
0.112591407122
0.723165793487
0.681435551005
0.031612412674
0.672423745010
0.739491015842
-0.046923754489
0.599394705400
0.799077060366
-0.091898848613
0.676695035715
0.730505599063
-0.135138373193
0.744676296602
0.653601433115
-0.175882100205
0.804456276519
0.567376053422
-0.213376096504
0.854586491669
0.473447536372
0.149154377450
0.833993552159
0.531232271840
0.069654174998
0.795819825248
0.601514007857
-0.011625712300
0.745303769700
0.666623682211
-0.054154457793
0.808691158031
0.585735354596
-0.093964685944
0.863295707556
0.495874136359
0.106874266902
0.893057139473
0.437066169716
0.027852373054
0.857263631410
0.514123829031
-0.012843597351
0.908134340589
0.418481853190
-0.458169726332
-0.345743527636
0.818866237532
-0.370560563880
-0.416019947268
0.830428968649
-0.279128299400
-0.481069700792
0.831059164833
-0.184025501963
-0.539152184501
0.821857369971
-0.070881735247
-0.584587858990
0.808228194714
-0.153806678386
-0.638433892746
0.754152285866
-0.233895008793
-0.683641339187
0.691323111299
-0.312780214254
-0.719848589040
0.619666479994
-0.388714386724
-0.746221468784
0.540420803707
-0.455190058393
-0.460488149896
0.762071305420
-0.364599082961
-0.527436552104
0.767383992672
-0.266059031881
-0.588055330329
0.763808562420
-0.344642564971
-0.629159634467
0.696691938210
-0.421447145577
-0.660900416784
0.620961305220
-0.536991282657
-0.495126345661
0.683000925463
-0.445085788562
-0.564971772954
0.694770132191
-0.521486298267
-0.593775863294
0.612766076811
0.830727740064
-0.450838914610
0.326551213383
0.866291203348
-0.348396483924
0.357993632614
0.890978533962
-0.242096092694
0.384118124957
0.903978972306
-0.133271560509
0.406276640712
0.898959270767
-0.014806846411
0.437781894099
0.941108889419
-0.038261142970
0.335931753776
0.971016549726
-0.061034957416
0.231087849383
0.988857383616
-0.084607687478
0.122485158642
0.994035603123
-0.108365022885
0.012257305529
0.894239855399
-0.373505402263
0.246634943788
0.923064443211
-0.268383273144
0.275540291748
0.939867799437
-0.157248439371
0.303185500802
0.963847215125
-0.179531523564
0.196893316145
0.975394651592
-0.202395290772
0.087415215608
0.908005522906
-0.397930793812
0.131061259373
0.941995904378
-0.292291858456
0.164952070661
0.947905931158
-0.314358477296
0.051508187975
0.458169726332
0.345743527636
0.818866237532
0.370560563880
0.416019947268
0.830428968649
0.279128299400
0.481069700792
0.831059164833
0.184025501963
0.539152184501
0.821857369971
0.070881735247
0.584587858990
0.808228194714
0.153806678386
0.638433892746
0.754152285866
0.233895008793
0.683641339187
0.691323111299
0.312780214254
0.719848589040
0.619666479994
0.388714386724
0.746221468784
0.540420803707
0.455190058393
0.460488149896
0.762071305420
0.364599082961
0.527436552104
0.767383992672
0.266059031881
0.588055330329
0.763808562420
0.344642564971
0.629159634467
0.696691938210
0.421447145577
0.660900416784
0.620961305220
0.536991282657
0.495126345661
0.683000925463
0.445085788562
0.564971772954
0.694770132191
0.521486298267
0.593775863294
0.612766076811
-0.011861502531
-0.055248252424
0.998402191184
-0.035862234698
-0.164836843944
0.985668663903
-0.059919369129
-0.271526717835
0.960563850405
-0.082121602335
-0.374664228038
0.923516517805
-0.090731076053
-0.484705648588
0.869958795613
-0.186956603553
-0.427830602389
0.884312277449
-0.279693438426
-0.366226222576
0.887496441908
-0.369190903622
-0.298367258847
0.880156267677
-0.453614799416
-0.225633402033
0.862161923097
-0.132168549978
-0.097480566338
0.986422330233
-0.155680450539
-0.205886116750
0.966113090818
-0.176059237017
-0.314811213103
0.932682714092
-0.267155276915
-0.251047773938
0.930377919567
-0.354433346372
-0.181379901552
0.917321281936
-0.225004597443
-0.024186992471
0.974057452374
-0.247225772187
-0.137099697607
0.959209617593
-0.335139854347
-0.064351785326
0.939968151457
0.011861502531
0.055248252424
0.998402191184
0.035862234698
0.164836843944
0.985668663903
0.059919369129
0.271526717835
0.960563850405
0.082121602335
0.374664228038
0.923516517805
0.090731076053
0.484705648588
0.869958795613
0.186956603553
0.427830602389
0.884312277449
0.279693438426
0.366226222576
0.887496441908
0.369190903622
0.298367258847
0.880156267677
0.453614799416
0.225633402033
0.862161923097
0.132168549978
0.097480566338
0.986422330233
0.155680450539
0.205886116750
0.966113090818
0.176059237017
0.314811213103
0.932682714092
0.267155276915
0.251047773938
0.930377919567
0.354433346372
0.181379901552
0.917321281936
0.225004597443
0.024186992471
0.974057452374
0.247225772187
0.137099697607
0.959209617593
0.335139854347
0.064351785326
0.939968151457
-0.326551213383
0.830727740064
0.450838914610
-0.357993632614
0.866291203348
0.348396483924
-0.384118124957
0.890978533962
0.242096092694
-0.406276640712
0.903978972306
0.133271560509
-0.437781894099
0.898959270767
0.014806846411
-0.335931753776
0.941108889419
0.038261142970
-0.231087849383
0.971016549726
0.061034957416
-0.122485158642
0.988857383616
0.084607687478
-0.012257305529
0.994035603123
0.108365022885
-0.246634943788
0.894239855399
0.373505402263
-0.275540291748
0.923064443211
0.268383273144
-0.303185500802
0.939867799437
0.157248439371
-0.196893316145
0.963847215125
0.179531523564
-0.087415215608
0.975394651592
0.202395290772
-0.131061259373
0.908005522906
0.397930793812
-0.164952070661
0.941995904378
0.292291858456
-0.051508187975
0.947905931158
0.314358477296
-0.540232464852
0.271302960958
-0.796582442246
-0.615108100023
0.193156788670
-0.764416431192
-0.681435551005
0.112591407122
-0.723165793487
-0.739491015842
0.031612412674
-0.672423745010
-0.799077060366
-0.046923754489
-0.599394705400
-0.730505599063
-0.091898848613
-0.676695035715
-0.653601433115
-0.135138373193
-0.744676296602
-0.567376053422
-0.175882100205
-0.804456276519
-0.473447536372
-0.213376096504
-0.854586491669
-0.531232271840
0.149154377450
-0.833993552159
-0.601514007857
0.069654174998
-0.795819825248
-0.666623682211
-0.011625712300
-0.745303769700
-0.585735354596
-0.054154457793
-0.808691158031
-0.495874136359
-0.093964685944
-0.863295707556
-0.437066169716
0.106874266902
-0.893057139473
-0.514123829031
0.027852373054
-0.857263631410
-0.418481853190
-0.012843597351
-0.908134340589
-0.818866237532
-0.458169726332
0.345743527636
-0.830428968649
-0.370560563880
0.416019947268
-0.831059164833
-0.279128299400
0.481069700792
-0.821857369971
-0.184025501963
0.539152184501
-0.808228194714
-0.070881735247
0.584587858990
-0.754152285866
-0.153806678386
0.638433892746
-0.691323111299
-0.233895008793
0.683641339187
-0.619666479994
-0.312780214254
0.719848589040
-0.540420803707
-0.388714386724
0.746221468784
-0.762071305420
-0.455190058393
0.460488149896
-0.767383992672
-0.364599082961
0.527436552104
-0.763808562420
-0.266059031881
0.588055330329
-0.696691938210
-0.344642564971
0.629159634467
-0.620961305220
-0.421447145577
0.660900416784
-0.683000925463
-0.536991282657
0.495126345661
-0.694770132191
-0.445085788562
0.564971772954
-0.612766076811
-0.521486298267
0.593775863294
-0.784720939715
0.547563276574
0.290495275212
-0.728554196494
0.637272179979
0.251183103324
-0.663246424358
0.718467757711
0.209542982957
-0.590302142675
0.790244957296
0.164487956464
-0.508663629347
0.855151949203
0.099882210401
-0.489738432162
0.846051134480
0.210603290356
-0.464982858176
0.826461484492
0.317415116611
-0.435265372896
0.795548580198
0.421481330194
-0.400971692253
0.753796900211
0.520588066751
-0.701825002181
0.612916927970
0.363007583559
-0.640139374709
0.697729817674
0.321550435354
-0.569244532683
0.775434274721
0.273244117226
-0.541535881117
0.750846396003
0.378111860529
-0.508862361185
0.714925991164
0.479520515232
-0.668052542030
0.576126658561
0.470939353189
-0.610037859223
0.666917759137
0.427872075347
-0.572994486242
0.625609674161
0.529424077967
-0.818866237532
0.458169726332
-0.345743527636
-0.830428968649
0.370560563880
-0.416019947268
-0.831059164833
0.279128299400
-0.481069700792
-0.821857369971
0.184025501963
-0.539152184501
-0.808228194714
0.070881735247
-0.584587858990
-0.754152285866
0.153806678386
-0.638433892746
-0.691323111299
0.233895008793
-0.683641339187
-0.619666479994
0.312780214254
-0.719848589040
-0.540420803707
0.388714386724
-0.746221468784
-0.762071305420
0.455190058393
-0.460488149896
-0.767383992672
0.364599082961
-0.527436552104
-0.763808562420
0.266059031881
-0.588055330329
-0.696691938210
0.344642564971
-0.629159634467
-0.620961305220
0.421447145577
-0.660900416784
-0.683000925463
0.536991282657
-0.495126345661
-0.694770132191
0.445085788562
-0.564971772954
-0.612766076811
0.521486298267
-0.593775863294
-0.326551213383
-0.830727740064
-0.450838914610
-0.357993632614
-0.866291203348
-0.348396483924
-0.384118124957
-0.890978533962
-0.242096092694
-0.406276640712
-0.903978972306
-0.133271560509
-0.437781894099
-0.898959270767
-0.014806846411
-0.335931753776
-0.941108889419
-0.038261142970
-0.231087849383
-0.971016549726
-0.061034957416
-0.122485158642
-0.988857383616
-0.084607687478
-0.012257305529
-0.994035603123
-0.108365022885
-0.246634943788
-0.894239855399
-0.373505402263
-0.275540291748
-0.923064443211
-0.268383273144
-0.303185500802
-0.939867799437
-0.157248439371
-0.196893316145
-0.963847215125
-0.179531523564
-0.087415215608
-0.975394651592
-0.202395290772
-0.131061259373
-0.908005522906
-0.397930793812
-0.164952070661
-0.941995904378
-0.292291858456
-0.051508187975
-0.947905931158
-0.314358477296
0.540232464852
0.271302960958
0.796582442246
0.615108100023
0.193156788670
0.764416431192
0.681435551005
0.112591407122
0.723165793487
0.739491015842
0.031612412674
0.672423745010
0.799077060366
-0.046923754489
0.599394705400
0.730505599063
-0.091898848613
0.676695035715
0.653601433115
-0.135138373193
0.744676296602
0.567376053422
-0.175882100205
0.804456276519
0.473447536372
-0.213376096504
0.854586491669
0.531232271840
0.149154377450
0.833993552159
0.601514007857
0.069654174998
0.795819825248
0.666623682211
-0.011625712300
0.745303769700
0.585735354596
-0.054154457793
0.808691158031
0.495874136359
-0.093964685944
0.863295707556
0.437066169716
0.106874266902
0.893057139473
0.514123829031
0.027852373054
0.857263631410
0.418481853190
-0.012843597351
0.908134340589
0.818866237532
-0.458169726332
-0.345743527636
0.830428968649
-0.370560563880
-0.416019947268
0.831059164833
-0.279128299400
-0.481069700792
0.821857369971
-0.184025501963
-0.539152184501
0.808228194714
-0.070881735247
-0.584587858990
0.754152285866
-0.153806678386
-0.638433892746
0.691323111299
-0.233895008793
-0.683641339187
0.619666479994
-0.312780214254
-0.719848589040
0.540420803707
-0.388714386724
-0.746221468784
0.762071305420
-0.455190058393
-0.460488149896
0.767383992672
-0.364599082961
-0.527436552104
0.763808562420
-0.266059031881
-0.588055330329
0.696691938210
-0.344642564971
-0.629159634467
0.620961305220
-0.421447145577
-0.660900416784
0.683000925463
-0.536991282657
-0.495126345661
0.694770132191
-0.445085788562
-0.564971772954
0.612766076811
-0.521486298267
-0.593775863294
0.326551213383
0.830727740064
-0.450838914610
0.357993632614
0.866291203348
-0.348396483924
0.384118124957
0.890978533962
-0.242096092694
0.406276640712
0.903978972306
-0.133271560509
0.437781894099
0.898959270767
-0.014806846411
0.335931753776
0.941108889419
-0.038261142970
0.231087849383
0.971016549726
-0.061034957416
0.122485158642
0.988857383616
-0.084607687478
0.012257305529
0.994035603123
-0.108365022885
0.246634943788
0.894239855399
-0.373505402263
0.275540291748
0.923064443211
-0.268383273144
0.303185500802
0.939867799437
-0.157248439371
0.196893316145
0.963847215125
-0.179531523564
0.087415215608
0.975394651592
-0.202395290772
0.131061259373
0.908005522906
-0.397930793812
0.164952070661
0.941995904378
-0.292291858456
0.051508187975
0.947905931158
-0.314358477296
0.818866237532
0.458169726332
0.345743527636
0.830428968649
0.370560563880
0.416019947268
0.831059164833
0.279128299400
0.481069700792
0.821857369971
0.184025501963
0.539152184501
0.808228194714
0.070881735247
0.584587858990
0.754152285866
0.153806678386
0.638433892746
0.691323111299
0.233895008793
0.683641339187
0.619666479994
0.312780214254
0.719848589040
0.540420803707
0.388714386724
0.746221468784
0.762071305420
0.455190058393
0.460488149896
0.767383992672
0.364599082961
0.527436552104
0.763808562420
0.266059031881
0.588055330329
0.696691938210
0.344642564971
0.629159634467
0.620961305220
0.421447145577
0.660900416784
0.683000925463
0.536991282657
0.495126345661
0.694770132191
0.445085788562
0.564971772954
0.612766076811
0.521486298267
0.593775863294
0.998402191184
-0.011861502531
-0.055248252424
0.985668663903
-0.035862234698
-0.164836843944
0.960563850405
-0.059919369129
-0.271526717835
0.923516517805
-0.082121602335
-0.374664228038
0.869958795613
-0.090731076053
-0.484705648588
0.884312277449
-0.186956603553
-0.427830602389
0.887496441908
-0.279693438426
-0.366226222576
0.880156267677
-0.369190903622
-0.298367258847
0.862161923097
-0.453614799416
-0.225633402033
0.986422330233
-0.132168549978
-0.097480566338
0.966113090818
-0.155680450539
-0.205886116750
0.932682714092
-0.176059237017
-0.314811213103
0.930377919567
-0.267155276915
-0.251047773938
0.917321281936
-0.354433346372
-0.181379901552
0.974057452374
-0.225004597443
-0.024186992471
0.959209617593
-0.247225772187
-0.137099697607
0.939968151457
-0.335139854347
-0.064351785326
-0.011861502531
0.055248252424
-0.998402191184
-0.035862234698
0.164836843944
-0.985668663903
-0.059919369129
0.271526717835
-0.960563850405
-0.082121602335
0.374664228038
-0.923516517805
-0.090731076053
0.484705648588
-0.869958795613
-0.186956603553
0.427830602389
-0.884312277449
-0.279693438426
0.366226222576
-0.887496441908
-0.369190903622
0.298367258847
-0.880156267677
-0.453614799416
0.225633402033
-0.862161923097
-0.132168549978
0.097480566338
-0.986422330233
-0.155680450539
0.205886116750
-0.966113090818
-0.176059237017
0.314811213103
-0.932682714092
-0.267155276915
0.251047773938
-0.930377919567
-0.354433346372
0.181379901552
-0.917321281936
-0.225004597443
0.024186992471
-0.974057452374
-0.247225772187
0.137099697607
-0.959209617593
-0.335139854347
0.064351785326
-0.939968151457
0.326551213383
-0.830727740064
0.450838914610
0.357993632614
-0.866291203348
0.348396483924
0.384118124957
-0.890978533962
0.242096092694
0.406276640712
-0.903978972306
0.133271560509
0.437781894099
-0.898959270767
0.014806846411
0.335931753776
-0.941108889419
0.038261142970
0.231087849383
-0.971016549726
0.061034957416
0.122485158642
-0.988857383616
0.084607687478
0.012257305529
-0.994035603123
0.108365022885
0.246634943788
-0.894239855399
0.373505402263
0.275540291748
-0.923064443211
0.268383273144
0.303185500802
-0.939867799437
0.157248439371
0.196893316145
-0.963847215125
0.179531523564
0.087415215608
-0.975394651592
0.202395290772
0.131061259373
-0.908005522906
0.397930793812
0.164952070661
-0.941995904378
0.292291858456
0.051508187975
-0.947905931158
0.314358477296
-0.830727740064
0.450838914610
0.326551213383
-0.866291203348
0.348396483924
0.357993632614
-0.890978533962
0.242096092694
0.384118124957
-0.903978972306
0.133271560509
0.406276640712
-0.898959270767
0.014806846411
0.437781894099
-0.941108889419
0.038261142970
0.335931753776
-0.971016549726
0.061034957416
0.231087849383
-0.988857383616
0.084607687478
0.122485158642
-0.994035603123
0.108365022885
0.012257305529
-0.894239855399
0.373505402263
0.246634943788
-0.923064443211
0.268383273144
0.275540291748
-0.939867799437
0.157248439371
0.303185500802
-0.963847215125
0.179531523564
0.196893316145
-0.975394651592
0.202395290772
0.087415215608
-0.908005522906
0.397930793812
0.131061259373
-0.941995904378
0.292291858456
0.164952070661
-0.947905931158
0.314358477296
0.051508187975
-0.271302960958
-0.796582442246
0.540232464852
-0.193156788670
-0.764416431192
0.615108100023
-0.112591407122
-0.723165793487
0.681435551005
-0.031612412674
-0.672423745010
0.739491015842
0.046923754489
-0.599394705400
0.799077060366
0.091898848613
-0.676695035715
0.730505599063
0.135138373193
-0.744676296602
0.653601433115
0.175882100205
-0.804456276519
0.567376053422
0.213376096504
-0.854586491669
0.473447536372
-0.149154377450
-0.833993552159
0.531232271840
-0.069654174998
-0.795819825248
0.601514007857
0.011625712300
-0.745303769700
0.666623682211
0.054154457793
-0.808691158031
0.585735354596
0.093964685944
-0.863295707556
0.495874136359
-0.106874266902
-0.893057139473
0.437066169716
-0.027852373054
-0.857263631410
0.514123829031
0.012843597351
-0.908134340589
0.418481853190
-0.547563276574
0.290495275212
0.784720939715
-0.637272179979
0.251183103324
0.728554196494
-0.718467757711
0.209542982957
0.663246424358
-0.790244957296
0.164487956464
0.590302142675
-0.855151949203
0.099882210401
0.508663629347
-0.846051134480
0.210603290356
0.489738432162
-0.826461484492
0.317415116611
0.464982858176
-0.795548580198
0.421481330194
0.435265372896
-0.753796900211
0.520588066751
0.400971692253
-0.612916927970
0.363007583559
0.701825002181
-0.697729817674
0.321550435354
0.640139374709
-0.775434274721
0.273244117226
0.569244532683
-0.750846396003
0.378111860529
0.541535881117
-0.714925991164
0.479520515232
0.508862361185
-0.576126658561
0.470939353189
0.668052542030
-0.666917759137
0.427872075347
0.610037859223
-0.625609674161
0.529424077967
0.572994486242
-0.784720939715
-0.547563276574
-0.290495275212
-0.728554196494
-0.637272179979
-0.251183103324
-0.663246424358
-0.718467757711
-0.209542982957
-0.590302142675
-0.790244957296
-0.164487956464
-0.508663629347
-0.855151949203
-0.099882210401
-0.489738432162
-0.846051134480
-0.210603290356
-0.464982858176
-0.826461484492
-0.317415116611
-0.435265372896
-0.795548580198
-0.421481330194
-0.400971692253
-0.753796900211
-0.520588066751
-0.701825002181
-0.612916927970
-0.363007583559
-0.640139374709
-0.697729817674
-0.321550435354
-0.569244532683
-0.775434274721
-0.273244117226
-0.541535881117
-0.750846396003
-0.378111860529
-0.508862361185
-0.714925991164
-0.479520515232
-0.668052542030
-0.576126658561
-0.470939353189
-0.610037859223
-0.666917759137
-0.427872075347
-0.572994486242
-0.625609674161
-0.529424077967
0.290495275212
-0.784720939715
0.547563276574
0.251183103324
-0.728554196494
0.637272179979
0.209542982957
-0.663246424358
0.718467757711
0.164487956464
-0.590302142675
0.790244957296
0.099882210401
-0.508663629347
0.855151949203
0.210603290356
-0.489738432162
0.846051134480
0.317415116611
-0.464982858176
0.826461484492
0.421481330194
-0.435265372896
0.795548580198
0.520588066751
-0.400971692253
0.753796900211
0.363007583559
-0.701825002181
0.612916927970
0.321550435354
-0.640139374709
0.697729817674
0.273244117226
-0.569244532683
0.775434274721
0.378111860529
-0.541535881117
0.750846396003
0.479520515232
-0.508862361185
0.714925991164
0.470939353189
-0.668052542030
0.576126658561
0.427872075347
-0.610037859223
0.666917759137
0.529424077967
-0.572994486242
0.625609674161
-0.540232464852
-0.271302960958
0.796582442246
-0.615108100023
-0.193156788670
0.764416431192
-0.681435551005
-0.112591407122
0.723165793487
-0.739491015842
-0.031612412674
0.672423745010
-0.799077060366
0.046923754489
0.599394705400
-0.730505599063
0.091898848613
0.676695035715
-0.653601433115
0.135138373193
0.744676296602
-0.567376053422
0.175882100205
0.804456276519
-0.473447536372
0.213376096504
0.854586491669
-0.531232271840
-0.149154377450
0.833993552159
-0.601514007857
-0.069654174998
0.795819825248
-0.666623682211
0.011625712300
0.745303769700
-0.585735354596
0.054154457793
0.808691158031
-0.495874136359
0.093964685944
0.863295707556
-0.437066169716
-0.106874266902
0.893057139473
-0.514123829031
-0.027852373054
0.857263631410
-0.418481853190
0.012843597351
0.908134340589
0.055248252424
-0.998402191184
-0.011861502531
0.164836843944
-0.985668663903
-0.035862234698
0.271526717835
-0.960563850405
-0.059919369129
0.374664228038
-0.923516517805
-0.082121602335
0.484705648588
-0.869958795613
-0.090731076053
0.427830602389
-0.884312277449
-0.186956603553
0.366226222576
-0.887496441908
-0.279693438426
0.298367258847
-0.880156267677
-0.369190903622
0.225633402033
-0.862161923097
-0.453614799416
0.097480566338
-0.986422330233
-0.132168549978
0.205886116750
-0.966113090818
-0.155680450539
0.314811213103
-0.932682714092
-0.176059237017
0.251047773938
-0.930377919567
-0.267155276915
0.181379901552
-0.917321281936
-0.354433346372
0.024186992471
-0.974057452374
-0.225004597443
0.137099697607
-0.959209617593
-0.247225772187
0.064351785326
-0.939968151457
-0.335139854347
0.998402191184
0.011861502531
0.055248252424
0.985668663903
0.035862234698
0.164836843944
0.960563850405
0.059919369129
0.271526717835
0.923516517805
0.082121602335
0.374664228038
0.869958795613
0.090731076053
0.484705648588
0.884312277449
0.186956603553
0.427830602389
0.887496441908
0.279693438426
0.366226222576
0.880156267677
0.369190903622
0.298367258847
0.862161923097
0.453614799416
0.225633402033
0.986422330233
0.132168549978
0.097480566338
0.966113090818
0.155680450539
0.205886116750
0.932682714092
0.176059237017
0.314811213103
0.930377919567
0.267155276915
0.251047773938
0.917321281936
0.354433346372
0.181379901552
0.974057452374
0.225004597443
0.024186992471
0.959209617593
0.247225772187
0.137099697607
0.939968151457
0.335139854347
0.064351785326
0.450838914610
-0.326551213383
0.830727740064
0.348396483924
-0.357993632614
0.866291203348
0.242096092694
-0.384118124957
0.890978533962
0.133271560509
-0.406276640712
0.903978972306
0.014806846411
-0.437781894099
0.898959270767
0.038261142970
-0.335931753776
0.941108889419
0.061034957416
-0.231087849383
0.971016549726
0.084607687478
-0.122485158642
0.988857383616
0.108365022885
-0.012257305529
0.994035603123
0.373505402263
-0.246634943788
0.894239855399
0.268383273144
-0.275540291748
0.923064443211
0.157248439371
-0.303185500802
0.939867799437
0.179531523564
-0.196893316145
0.963847215125
0.202395290772
-0.087415215608
0.975394651592
0.397930793812
-0.131061259373
0.908005522906
0.292291858456
-0.164952070661
0.941995904378
0.314358477296
-0.051508187975
0.947905931158
0.540232464852
-0.271302960958
-0.796582442246
0.615108100023
-0.193156788670
-0.764416431192
0.681435551005
-0.112591407122
-0.723165793487
0.739491015842
-0.031612412674
-0.672423745010
0.799077060366
0.046923754489
-0.599394705400
0.730505599063
0.091898848613
-0.676695035715
0.653601433115
0.135138373193
-0.744676296602
0.567376053422
0.175882100205
-0.804456276519
0.473447536372
0.213376096504
-0.854586491669
0.531232271840
-0.149154377450
-0.833993552159
0.601514007857
-0.069654174998
-0.795819825248
0.666623682211
0.011625712300
-0.745303769700
0.585735354596
0.054154457793
-0.808691158031
0.495874136359
0.093964685944
-0.863295707556
0.437066169716
-0.106874266902
-0.893057139473
0.514123829031
-0.027852373054
-0.857263631410
0.418481853190
0.012843597351
-0.908134340589
-0.796582442246
-0.540232464852
0.271302960958
-0.764416431192
-0.615108100023
0.193156788670
-0.723165793487
-0.681435551005
0.112591407122
-0.672423745010
-0.739491015842
0.031612412674
-0.599394705400
-0.799077060366
-0.046923754489
-0.676695035715
-0.730505599063
-0.091898848613
-0.744676296602
-0.653601433115
-0.135138373193
-0.804456276519
-0.567376053422
-0.175882100205
-0.854586491669
-0.473447536372
-0.213376096504
-0.833993552159
-0.531232271840
0.149154377450
-0.795819825248
-0.601514007857
0.069654174998
-0.745303769700
-0.666623682211
-0.011625712300
-0.808691158031
-0.585735354596
-0.054154457793
-0.863295707556
-0.495874136359
-0.093964685944
-0.893057139473
-0.437066169716
0.106874266902
-0.857263631410
-0.514123829031
0.027852373054
-0.908134340589
-0.418481853190
-0.012843597351
0.784720939715
-0.547563276574
0.290495275212
0.728554196494
-0.637272179979
0.251183103324
0.663246424358
-0.718467757711
0.209542982957
0.590302142675
-0.790244957296
0.164487956464
0.508663629347
-0.855151949203
0.099882210401
0.489738432162
-0.846051134480
0.210603290356
0.464982858176
-0.826461484492
0.317415116611
0.435265372896
-0.795548580198
0.421481330194
0.400971692253
-0.753796900211
0.520588066751
0.701825002181
-0.612916927970
0.363007583559
0.640139374709
-0.697729817674
0.321550435354
0.569244532683
-0.775434274721
0.273244117226
0.541535881117
-0.750846396003
0.378111860529
0.508862361185
-0.714925991164
0.479520515232
0.668052542030
-0.576126658561
0.470939353189
0.610037859223
-0.666917759137
0.427872075347
0.572994486242
-0.625609674161
0.529424077967
-0.290495275212
-0.784720939715
-0.547563276574
-0.251183103324
-0.728554196494
-0.637272179979
-0.209542982957
-0.663246424358
-0.718467757711
-0.164487956464
-0.590302142675
-0.790244957296
-0.099882210401
-0.508663629347
-0.855151949203
-0.210603290356
-0.489738432162
-0.846051134480
-0.317415116611
-0.464982858176
-0.826461484492
-0.421481330194
-0.435265372896
-0.795548580198
-0.520588066751
-0.400971692253
-0.753796900211
-0.363007583559
-0.701825002181
-0.612916927970
-0.321550435354
-0.640139374709
-0.697729817674
-0.273244117226
-0.569244532683
-0.775434274721
-0.378111860529
-0.541535881117
-0.750846396003
-0.479520515232
-0.508862361185
-0.714925991164
-0.470939353189
-0.668052542030
-0.576126658561
-0.427872075347
-0.610037859223
-0.666917759137
-0.529424077967
-0.572994486242
-0.625609674161
0.290495275212
0.784720939715
-0.547563276574
0.251183103324
0.728554196494
-0.637272179979
0.209542982957
0.663246424358
-0.718467757711
0.164487956464
0.590302142675
-0.790244957296
0.099882210401
0.508663629347
-0.855151949203
0.210603290356
0.489738432162
-0.846051134480
0.317415116611
0.464982858176
-0.826461484492
0.421481330194
0.435265372896
-0.795548580198
0.520588066751
0.400971692253
-0.753796900211
0.363007583559
0.701825002181
-0.612916927970
0.321550435354
0.640139374709
-0.697729817674
0.273244117226
0.569244532683
-0.775434274721
0.378111860529
0.541535881117
-0.750846396003
0.479520515232
0.508862361185
-0.714925991164
0.470939353189
0.668052542030
-0.576126658561
0.427872075347
0.610037859223
-0.666917759137
0.529424077967
0.572994486242
-0.625609674161
-0.547563276574
-0.290495275212
-0.784720939715
-0.637272179979
-0.251183103324
-0.728554196494
-0.718467757711
-0.209542982957
-0.663246424358
-0.790244957296
-0.164487956464
-0.590302142675
-0.855151949203
-0.099882210401
-0.508663629347
-0.846051134480
-0.210603290356
-0.489738432162
-0.826461484492
-0.317415116611
-0.464982858176
-0.795548580198
-0.421481330194
-0.435265372896
-0.753796900211
-0.520588066751
-0.400971692253
-0.612916927970
-0.363007583559
-0.701825002181
-0.697729817674
-0.321550435354
-0.640139374709
-0.775434274721
-0.273244117226
-0.569244532683
-0.750846396003
-0.378111860529
-0.541535881117
-0.714925991164
-0.479520515232
-0.508862361185
-0.576126658561
-0.470939353189
-0.668052542030
-0.666917759137
-0.427872075347
-0.610037859223
-0.625609674161
-0.529424077967
-0.572994486242
-0.796582442246
0.540232464852
-0.271302960958
-0.764416431192
0.615108100023
-0.193156788670
-0.723165793487
0.681435551005
-0.112591407122
-0.672423745010
0.739491015842
-0.031612412674
-0.599394705400
0.799077060366
0.046923754489
-0.676695035715
0.730505599063
0.091898848613
-0.744676296602
0.653601433115
0.135138373193
-0.804456276519
0.567376053422
0.175882100205
-0.854586491669
0.473447536372
0.213376096504
-0.833993552159
0.531232271840
-0.149154377450
-0.795819825248
0.601514007857
-0.069654174998
-0.745303769700
0.666623682211
0.011625712300
-0.808691158031
0.585735354596
0.054154457793
-0.863295707556
0.495874136359
0.093964685944
-0.893057139473
0.437066169716
-0.106874266902
-0.857263631410
0.514123829031
-0.027852373054
-0.908134340589
0.418481853190
0.012843597351
-0.271302960958
0.796582442246
-0.540232464852
-0.193156788670
0.764416431192
-0.615108100023
-0.112591407122
0.723165793487
-0.681435551005
-0.031612412674
0.672423745010
-0.739491015842
0.046923754489
0.599394705400
-0.799077060366
0.091898848613
0.676695035715
-0.730505599063
0.135138373193
0.744676296602
-0.653601433115
0.175882100205
0.804456276519
-0.567376053422
0.213376096504
0.854586491669
-0.473447536372
-0.149154377450
0.833993552159
-0.531232271840
-0.069654174998
0.795819825248
-0.601514007857
0.011625712300
0.745303769700
-0.666623682211
0.054154457793
0.808691158031
-0.585735354596
0.093964685944
0.863295707556
-0.495874136359
-0.106874266902
0.893057139473
-0.437066169716
-0.027852373054
0.857263631410
-0.514123829031
0.012843597351
0.908134340589
-0.418481853190
0.458169726332
-0.345743527636
-0.818866237532
0.370560563880
-0.416019947268
-0.830428968649
0.279128299400
-0.481069700792
-0.831059164833
0.184025501963
-0.539152184501
-0.821857369971
0.070881735247
-0.584587858990
-0.808228194714
0.153806678386
-0.638433892746
-0.754152285866
0.233895008793
-0.683641339187
-0.691323111299
0.312780214254
-0.719848589040
-0.619666479994
0.388714386724
-0.746221468784
-0.540420803707
0.455190058393
-0.460488149896
-0.762071305420
0.364599082961
-0.527436552104
-0.767383992672
0.266059031881
-0.588055330329
-0.763808562420
0.344642564971
-0.629159634467
-0.696691938210
0.421447145577
-0.660900416784
-0.620961305220
0.536991282657
-0.495126345661
-0.683000925463
0.445085788562
-0.564971772954
-0.694770132191
0.521486298267
-0.593775863294
-0.612766076811
-0.830727740064
-0.450838914610
-0.326551213383
-0.866291203348
-0.348396483924
-0.357993632614
-0.890978533962
-0.242096092694
-0.384118124957
-0.903978972306
-0.133271560509
-0.406276640712
-0.898959270767
-0.014806846411
-0.437781894099
-0.941108889419
-0.038261142970
-0.335931753776
-0.971016549726
-0.061034957416
-0.231087849383
-0.988857383616
-0.084607687478
-0.122485158642
-0.994035603123
-0.108365022885
-0.012257305529
-0.894239855399
-0.373505402263
-0.246634943788
-0.923064443211
-0.268383273144
-0.275540291748
-0.939867799437
-0.157248439371
-0.303185500802
-0.963847215125
-0.179531523564
-0.196893316145
-0.975394651592
-0.202395290772
-0.087415215608
-0.908005522906
-0.397930793812
-0.131061259373
-0.941995904378
-0.292291858456
-0.164952070661
-0.947905931158
-0.314358477296
-0.051508187975
-0.458169726332
0.345743527636
-0.818866237532
-0.370560563880
0.416019947268
-0.830428968649
-0.279128299400
0.481069700792
-0.831059164833
-0.184025501963
0.539152184501
-0.821857369971
-0.070881735247
0.584587858990
-0.808228194714
-0.153806678386
0.638433892746
-0.754152285866
-0.233895008793
0.683641339187
-0.691323111299
-0.312780214254
0.719848589040
-0.619666479994
-0.388714386724
0.746221468784
-0.540420803707
-0.455190058393
0.460488149896
-0.762071305420
-0.364599082961
0.527436552104
-0.767383992672
-0.266059031881
0.588055330329
-0.763808562420
-0.344642564971
0.629159634467
-0.696691938210
-0.421447145577
0.660900416784
-0.620961305220
-0.536991282657
0.495126345661
-0.683000925463
-0.445085788562
0.564971772954
-0.694770132191
-0.521486298267
0.593775863294
-0.612766076811
0.830727740064
0.450838914610
-0.326551213383
0.866291203348
0.348396483924
-0.357993632614
0.890978533962
0.242096092694
-0.384118124957
0.903978972306
0.133271560509
-0.406276640712
0.898959270767
0.014806846411
-0.437781894099
0.941108889419
0.038261142970
-0.335931753776
0.971016549726
0.061034957416
-0.231087849383
0.988857383616
0.084607687478
-0.122485158642
0.994035603123
0.108365022885
-0.012257305529
0.894239855399
0.373505402263
-0.246634943788
0.923064443211
0.268383273144
-0.275540291748
0.939867799437
0.157248439371
-0.303185500802
0.963847215125
0.179531523564
-0.196893316145
0.975394651592
0.202395290772
-0.087415215608
0.908005522906
0.397930793812
-0.131061259373
0.941995904378
0.292291858456
-0.164952070661
0.947905931158
0.314358477296
-0.051508187975
0.271302960958
-0.796582442246
-0.540232464852
0.193156788670
-0.764416431192
-0.615108100023
0.112591407122
-0.723165793487
-0.681435551005
0.031612412674
-0.672423745010
-0.739491015842
-0.046923754489
-0.599394705400
-0.799077060366
-0.091898848613
-0.676695035715
-0.730505599063
-0.135138373193
-0.744676296602
-0.653601433115
-0.175882100205
-0.804456276519
-0.567376053422
-0.213376096504
-0.854586491669
-0.473447536372
0.149154377450
-0.833993552159
-0.531232271840
0.069654174998
-0.795819825248
-0.601514007857
-0.011625712300
-0.745303769700
-0.666623682211
-0.054154457793
-0.808691158031
-0.585735354596
-0.093964685944
-0.863295707556
-0.495874136359
0.106874266902
-0.893057139473
-0.437066169716
0.027852373054
-0.857263631410
-0.514123829031
-0.012843597351
-0.908134340589
-0.418481853190
0.547563276574
0.290495275212
-0.784720939715
0.637272179979
0.251183103324
-0.728554196494
0.718467757711
0.209542982957
-0.663246424358
0.790244957296
0.164487956464
-0.590302142675
0.855151949203
0.099882210401
-0.508663629347
0.846051134480
0.210603290356
-0.489738432162
0.826461484492
0.317415116611
-0.464982858176
0.795548580198
0.421481330194
-0.435265372896
0.753796900211
0.520588066751
-0.400971692253
0.612916927970
0.363007583559
-0.701825002181
0.697729817674
0.321550435354
-0.640139374709
0.775434274721
0.273244117226
-0.569244532683
0.750846396003
0.378111860529
-0.541535881117
0.714925991164
0.479520515232
-0.508862361185
0.576126658561
0.470939353189
-0.668052542030
0.666917759137
0.427872075347
-0.610037859223
0.625609674161
0.529424077967
-0.572994486242
-0.998402191184
0.011861502531
-0.055248252424
-0.985668663903
0.035862234698
-0.164836843944
-0.960563850405
0.059919369129
-0.271526717835
-0.923516517805
0.082121602335
-0.374664228038
-0.869958795613
0.090731076053
-0.484705648588
-0.884312277449
0.186956603553
-0.427830602389
-0.887496441908
0.279693438426
-0.366226222576
-0.880156267677
0.369190903622
-0.298367258847
-0.862161923097
0.453614799416
-0.225633402033
-0.986422330233
0.132168549978
-0.097480566338
-0.966113090818
0.155680450539
-0.205886116750
-0.932682714092
0.176059237017
-0.314811213103
-0.930377919567
0.267155276915
-0.251047773938
-0.917321281936
0.354433346372
-0.181379901552
-0.974057452374
0.225004597443
-0.024186992471
-0.959209617593
0.247225772187
-0.137099697607
-0.939968151457
0.335139854347
-0.064351785326
0.011861502531
-0.055248252424
-0.998402191184
0.035862234698
-0.164836843944
-0.985668663903
0.059919369129
-0.271526717835
-0.960563850405
0.082121602335
-0.374664228038
-0.923516517805
0.090731076053
-0.484705648588
-0.869958795613
0.186956603553
-0.427830602389
-0.884312277449
0.279693438426
-0.366226222576
-0.887496441908
0.369190903622
-0.298367258847
-0.880156267677
0.453614799416
-0.225633402033
-0.862161923097
0.132168549978
-0.097480566338
-0.986422330233
0.155680450539
-0.205886116750
-0.966113090818
0.176059237017
-0.314811213103
-0.932682714092
0.267155276915
-0.251047773938
-0.930377919567
0.354433346372
-0.181379901552
-0.917321281936
0.225004597443
-0.024186992471
-0.974057452374
0.247225772187
-0.137099697607
-0.959209617593
0.335139854347
-0.064351785326
-0.939968151457
0.345743527636
-0.818866237532
-0.458169726332
0.416019947268
-0.830428968649
-0.370560563880
0.481069700792
-0.831059164833
-0.279128299400
0.539152184501
-0.821857369971
-0.184025501963
0.584587858990
-0.808228194714
-0.070881735247
0.638433892746
-0.754152285866
-0.153806678386
0.683641339187
-0.691323111299
-0.233895008793
0.719848589040
-0.619666479994
-0.312780214254
0.746221468784
-0.540420803707
-0.388714386724
0.460488149896
-0.762071305420
-0.455190058393
0.527436552104
-0.767383992672
-0.364599082961
0.588055330329
-0.763808562420
-0.266059031881
0.629159634467
-0.696691938210
-0.344642564971
0.660900416784
-0.620961305220
-0.421447145577
0.495126345661
-0.683000925463
-0.536991282657
0.564971772954
-0.694770132191
-0.445085788562
0.593775863294
-0.612766076811
-0.521486298267
-0.345743527636
-0.818866237532
0.458169726332
-0.416019947268
-0.830428968649
0.370560563880
-0.481069700792
-0.831059164833
0.279128299400
-0.539152184501
-0.821857369971
0.184025501963
-0.584587858990
-0.808228194714
0.070881735247
-0.638433892746
-0.754152285866
0.153806678386
-0.683641339187
-0.691323111299
0.233895008793
-0.719848589040
-0.619666479994
0.312780214254
-0.746221468784
-0.540420803707
0.388714386724
-0.460488149896
-0.762071305420
0.455190058393
-0.527436552104
-0.767383992672
0.364599082961
-0.588055330329
-0.763808562420
0.266059031881
-0.629159634467
-0.696691938210
0.344642564971
-0.660900416784
-0.620961305220
0.421447145577
-0.495126345661
-0.683000925463
0.536991282657
-0.564971772954
-0.694770132191
0.445085788562
-0.593775863294
-0.612766076811
0.521486298267
-0.055248252424
-0.998402191184
0.011861502531
-0.164836843944
-0.985668663903
0.035862234698
-0.271526717835
-0.960563850405
0.059919369129
-0.374664228038
-0.923516517805
0.082121602335
-0.484705648588
-0.869958795613
0.090731076053
-0.427830602389
-0.884312277449
0.186956603553
-0.366226222576
-0.887496441908
0.279693438426
-0.298367258847
-0.880156267677
0.369190903622
-0.225633402033
-0.862161923097
0.453614799416
-0.097480566338
-0.986422330233
0.132168549978
-0.205886116750
-0.966113090818
0.155680450539
-0.314811213103
-0.932682714092
0.176059237017
-0.251047773938
-0.930377919567
0.267155276915
-0.181379901552
-0.917321281936
0.354433346372
-0.024186992471
-0.974057452374
0.225004597443
-0.137099697607
-0.959209617593
0.247225772187
-0.064351785326
-0.939968151457
0.335139854347
0.055248252424
0.998402191184
0.011861502531
0.164836843944
0.985668663903
0.035862234698
0.271526717835
0.960563850405
0.059919369129
0.374664228038
0.923516517805
0.082121602335
0.484705648588
0.869958795613
0.090731076053
0.427830602389
0.884312277449
0.186956603553
0.366226222576
0.887496441908
0.279693438426
0.298367258847
0.880156267677
0.369190903622
0.225633402033
0.862161923097
0.453614799416
0.097480566338
0.986422330233
0.132168549978
0.205886116750
0.966113090818
0.155680450539
0.314811213103
0.932682714092
0.176059237017
0.251047773938
0.930377919567
0.267155276915
0.181379901552
0.917321281936
0.354433346372
0.024186992471
0.974057452374
0.225004597443
0.137099697607
0.959209617593
0.247225772187
0.064351785326
0.939968151457
0.335139854347
-0.450838914610
-0.326551213383
-0.830727740064
-0.348396483924
-0.357993632614
-0.866291203348
-0.242096092694
-0.384118124957
-0.890978533962
-0.133271560509
-0.406276640712
-0.903978972306
-0.014806846411
-0.437781894099
-0.898959270767
-0.038261142970
-0.335931753776
-0.941108889419
-0.061034957416
-0.231087849383
-0.971016549726
-0.084607687478
-0.122485158642
-0.988857383616
-0.108365022885
-0.012257305529
-0.994035603123
-0.373505402263
-0.246634943788
-0.894239855399
-0.268383273144
-0.275540291748
-0.923064443211
-0.157248439371
-0.303185500802
-0.939867799437
-0.179531523564
-0.196893316145
-0.963847215125
-0.202395290772
-0.087415215608
-0.975394651592
-0.397930793812
-0.131061259373
-0.908005522906
-0.292291858456
-0.164952070661
-0.941995904378
-0.314358477296
-0.051508187975
-0.947905931158
0.796582442246
-0.540232464852
-0.271302960958
0.764416431192
-0.615108100023
-0.193156788670
0.723165793487
-0.681435551005
-0.112591407122
0.672423745010
-0.739491015842
-0.031612412674
0.599394705400
-0.799077060366
0.046923754489
0.676695035715
-0.730505599063
0.091898848613
0.744676296602
-0.653601433115
0.135138373193
0.804456276519
-0.567376053422
0.175882100205
0.854586491669
-0.473447536372
0.213376096504
0.833993552159
-0.531232271840
-0.149154377450
0.795819825248
-0.601514007857
-0.069654174998
0.745303769700
-0.666623682211
0.011625712300
0.808691158031
-0.585735354596
0.054154457793
0.863295707556
-0.495874136359
0.093964685944
0.893057139473
-0.437066169716
-0.106874266902
0.857263631410
-0.514123829031
-0.027852373054
0.908134340589
-0.418481853190
0.012843597351
