0.683544299565
0.714420177508
0.149569383569
0.587669796776
0.677636077162
0.442101297087
0.525731112119
0.850650808352
0.000000000000
0.000000000000
0.525731112119
-0.850650808352
-0.525731112119
0.850650808352
0.000000000000
0.000000000000
0.525731112119
0.850650808352
0.850650808352
-0.000000000000
0.525731112119
-0.850650808352
-0.000000000000
0.525731112119
-0.000000000000
-0.525731112119
0.850650808352
-0.850650808352
-0.000000000000
-0.525731112119
-0.525731112119
-0.850650808352
0.000000000000
0.850650808352
-0.000000000000
-0.525731112119
0.525731112119
-0.850650808352
0.000000000000
0.000000000000
-0.525731112119
-0.850650808352
1.000000000000
0.000000000000
0.000000000000
-0.500000000000
-0.309016994375
-0.809016994375
-1.000000000000
0.000000000000
0.000000000000
0.500000000000
-0.309016994375
0.809016994375
0.500000000000
0.309016994375
-0.809016994375
-0.500000000000
0.309016994375
-0.809016994375
-0.500000000000
-0.309016994375
0.809016994375
0.809016994375
-0.500000000000
-0.309016994375
-0.309016994375
-0.809016994375
0.500000000000
-0.309016994375
0.809016994375
-0.500000000000
-0.809016994375
0.500000000000
0.309016994375
0.000000000000
-1.000000000000
0.000000000000
0.809016994375
0.500000000000
-0.309016994375
-0.000000000000
1.000000000000
0.000000000000
-0.809016994375
-0.500000000000
0.309016994375
0.809016994375
0.500000000000
0.309016994375
0.309016994375
0.809016994375
-0.500000000000
-0.309016994375
-0.809016994375
-0.500000000000
0.000000000000
-0.000000000000
1.000000000000
0.309016994375
0.809016994375
0.500000000000
0.000000000000
0.000000000000
-1.000000000000
0.309016994375
-0.809016994375
0.500000000000
-0.309016994375
0.809016994375
0.500000000000
0.309016994375
-0.809016994375
-0.500000000000
-0.809016994375
0.500000000000
-0.309016994375
-0.809016994375
-0.500000000000
-0.309016994375
0.809016994375
-0.500000000000
0.309016994375
0.500000000000
0.309016994375
0.809016994375
0.500000000000
-0.309016994375
-0.809016994375
-0.500000000000
0.309016994375
0.809016994375
-0.000000000663
0.291966567970
-0.956428524871
0.273233628035
0.145568499597
-0.950869705289
-0.683544299565
0.714420177508
-0.149569383569
-0.587669796776
0.677636077162
-0.442101297087
0.000000000663
0.291966567970
0.956428524871
-0.273233628035
0.145568499597
0.950869705289
0.683544298902
0.714420177918
-0.149569384641
0.860903424811
0.508768408167
-0.000000000057
-0.441535952612
0.863989561487
-0.242008347363
-0.145568499654
0.950869705254
-0.273233628127
-0.242008346953
0.441535951539
0.863989562150
-0.442101297122
0.587669796684
0.677636077219
0.863989562150
-0.242008346953
0.441535951539
0.677636077219
-0.442101297122
0.587669796684
-0.863989561487
-0.242008347363
0.441535952612
-0.950869705254
-0.273233628127
0.145568499654
0.441535951539
0.863989562150
-0.242008346953
0.587669796684
0.677636077219
-0.442101297122
-0.149569384641
0.683544298902
0.714420177918
-0.000000000057
0.860903424811
0.508768408167
-0.149569383569
-0.683544299565
0.714420177508
-0.442101297087
-0.587669796776
0.677636077162
0.956428524871
0.000000000663
0.291966567970
0.950869705289
-0.273233628035
0.145568499597
0.149569383569
0.683544299565
0.714420177508
0.442101297087
0.587669796776
0.677636077162
-0.242008347363
-0.441535952612
0.863989561487
-0.273233628127
-0.145568499654
0.950869705254
0.242008347363
0.441535952612
0.863989561487
0.273233628127
0.145568499654
0.950869705254
-0.291966567970
0.956428524871
-0.000000000663
-0.145568499597
0.950869705289
0.273233628035
-0.714420177918
-0.149569384641
-0.683544298902
-0.508768408167
-0.000000000057
-0.860903424811
-0.714420177508
-0.149569383569
0.683544299565
-0.677636077162
-0.442101297087
0.587669796776
-0.441535951539
0.863989562150
0.242008346953
-0.587669796684
0.677636077219
0.442101297122
-0.714420177508
0.149569383569
-0.683544299565
-0.677636077162
0.442101297087
-0.587669796776
-0.291966567970
-0.956428524871
0.000000000663
-0.145568499597
-0.950869705289
-0.273233628035
0.714420177918
-0.149569384641
0.683544298902
0.508768408167
-0.000000000057
0.860903424811
0.714420177508
-0.149569383569
-0.683544299565
0.677636077162
-0.442101297087
-0.587669796776
0.291966567970
0.956428524871
0.000000000663
0.145568499597
0.950869705289
-0.273233628035
0.714420177508
0.149569383569
0.683544299565
0.677636077162
0.442101297087
0.587669796776
0.863989561487
-0.242008347363
-0.441535952612
0.950869705254
-0.273233628127
-0.145568499654
-0.242008347363
0.441535952612
-0.863989561487
-0.273233628127
0.145568499654
-0.950869705254
0.291966567970
-0.956428524871
-0.000000000663
0.145568499597
-0.950869705289
0.273233628035
-0.956428524871
-0.000000000663
0.291966567970
-0.950869705289
0.273233628035
0.145568499597
0.149569384641
-0.683544298902
0.714420177918
0.000000000057
-0.860903424811
0.508768408167
-0.863989562150
0.242008346953
0.441535951539
-0.677636077219
0.442101297122
0.587669796684
-0.441535951539
-0.863989562150
-0.242008346953
-0.587669796684
-0.677636077219
-0.442101297122
0.242008346953
-0.441535951539
0.863989562150
0.442101297122
-0.587669796684
0.677636077219
-0.714420177918
0.149569384641
0.683544298902
-0.508768408167
0.000000000057
0.860903424811
0.441535952612
-0.863989561487
-0.242008347363
0.145568499654
-0.950869705254
-0.273233628127
0.863989561487
0.242008347363
0.441535952612
0.950869705254
0.273233628127
0.145568499654
-0.000000000663
-0.291966567970
0.956428524871
0.273233628035
-0.145568499597
0.950869705289
0.714420177918
0.149569384641
-0.683544298902
0.508768408167
0.000000000057
-0.860903424811
-0.683544298902
-0.714420177918
-0.149569384641
-0.860903424811
-0.508768408167
-0.000000000057
0.441535951539
-0.863989562150
0.242008346953
0.587669796684
-0.677636077219
0.442101297122
-0.242008346953
-0.441535951539
-0.863989562150
-0.442101297122
-0.587669796684
-0.677636077219
0.242008346953
0.441535951539
-0.863989562150
0.442101297122
0.587669796684
-0.677636077219
-0.863989562150
-0.242008346953
-0.441535951539
-0.677636077219
-0.442101297122
-0.587669796684
-0.683544298902
0.714420177918
0.149569384641
-0.860903424811
0.508768408167
0.000000000057
0.149569384641
0.683544298902
-0.714420177918
0.000000000057
0.860903424811
-0.508768408167
0.149569383569
-0.683544299565
-0.714420177508
0.442101297087
-0.587669796776
-0.677636077162
-0.956428524871
0.000000000663
-0.291966567970
-0.950869705289
-0.273233628035
-0.145568499597
-0.149569383569
0.683544299565
-0.714420177508
-0.442101297087
0.587669796776
-0.677636077162
0.956428524871
-0.000000000663
-0.291966567970
0.950869705289
0.273233628035
-0.145568499597
-0.149569384641
-0.683544298902
-0.714420177918
-0.000000000057
-0.860903424811
-0.508768408167
0.863989562150
0.242008346953
-0.441535951539
0.677636077219
0.442101297122
-0.587669796684
-0.863989561487
0.242008347363
-0.441535952612
-0.950869705254
0.273233628127
-0.145568499654
0.242008347363
-0.441535952612
-0.863989561487
0.273233628127
-0.145568499654
-0.950869705254
0.683544299565
-0.714420177508
-0.149569383569
0.587669796776
-0.677636077162
-0.442101297087
-0.683544299565
-0.714420177508
0.149569383569
-0.587669796776
-0.677636077162
0.442101297087
-0.441535952612
-0.863989561487
0.242008347363
-0.145568499654
-0.950869705254
0.273233628127
0.441535952612
0.863989561487
0.242008347363
0.145568499654
0.950869705254
0.273233628127
0.000000000663
-0.291966567970
-0.956428524871
-0.273233628035
-0.145568499597
-0.950869705289
0.683544298902
-0.714420177918
0.149569384641
0.860903424811
-0.508768408167
0.000000000057
