0.404443352949
0.847789718304
0.343042516015
0.501294338144
0.832454536576
0.236058109538
0.583321416285
0.804818075150
0.109562727306
0.766117670108
0.555161532946
0.323819993030
0.438221079763
0.772605452221
0.459394275595
0.543729536701
0.761464871932
0.352887290410
0.632579121273
0.739972210024
0.228658662032
0.666812053882
0.660524711013
0.345063459294
0.680249631871
0.569381753448
0.461589489893
0.569709603209
0.677166324109
0.465700265734
0.525731112119
0.850650808352
0.000000000000
0.000000000000
0.525731112119
-0.850650808352
-0.525731112119
0.850650808352
0.000000000000
0.000000000000
0.525731112119
0.850650808352
0.850650808352
-0.000000000000
0.525731112119
-0.850650808352
-0.000000000000
0.525731112119
-0.000000000000
-0.525731112119
0.850650808352
-0.850650808352
-0.000000000000
-0.525731112119
-0.525731112119
-0.850650808352
0.000000000000
0.850650808352
-0.000000000000
-0.525731112119
0.525731112119
-0.850650808352
0.000000000000
0.000000000000
-0.525731112119
-0.850650808352
0.577350269190
0.577350269190
0.577350269190
0.356822089773
0.000000000000
-0.934172358963
-0.577350269190
0.577350269190
-0.577350269190
-0.356822089773
0.000000000000
0.934172358963
0.934172358963
0.356822089773
-0.000000000000
0.000000000000
0.934172358963
-0.356822089773
-0.577350269190
0.577350269190
0.577350269190
0.577350269190
-0.577350269190
0.577350269190
-0.934172358963
-0.356822089773
-0.000000000000
0.577350269190
0.577350269190
-0.577350269190
-0.000000000000
0.934172358963
0.356822089773
-0.577350269190
-0.577350269190
0.577350269190
0.934172358963
-0.356822089773
0.000000000000
0.356822089773
-0.000000000000
0.934172358963
-0.356822089773
-0.000000000000
-0.934172358963
-0.000000000000
-0.934172358963
-0.356822089773
0.577350269190
-0.577350269190
-0.577350269190
0.000000000000
-0.934172358963
0.356822089773
-0.934172358963
0.356822089773
0.000000000000
-0.577350269190
-0.577350269190
-0.577350269190
0.337286979387
0.389375162434
-0.857102372191
0.197570452051
0.400532342695
-0.894728874538
0.045679862800
0.416073905709
-0.908182721220
0.050471390729
0.050481738507
-0.997448862246
0.391295450877
0.259936042056
-0.882791665210
0.248932632736
0.271572709623
-0.929667041336
0.097363171121
0.288843063498
-0.952412776887
0.149869536673
0.155787730064
-0.976355112210
0.209257563916
0.019636073215
-0.977663386127
0.301160529827
0.138938982105
-0.943397209306
-0.404443352949
0.847789718304
-0.343042516015
-0.501294338144
0.832454536576
-0.236058109538
-0.583321416285
0.804818075150
-0.109562727306
-0.766117670108
0.555161532946
-0.323819993030
-0.438221079763
0.772605452221
-0.459394275595
-0.543729536701
0.761464871932
-0.352887290410
-0.632579121273
0.739972210024
-0.228658662032
-0.666812053882
0.660524711013
-0.345063459294
-0.680249631871
0.569381753448
-0.461589489893
-0.569709603209
0.677166324109
-0.465700265734
-0.337286979387
0.389375162434
0.857102372191
-0.197570452051
0.400532342695
0.894728874538
-0.045679862800
0.416073905709
0.908182721220
-0.050471390729
0.050481738507
0.997448862246
-0.391295450877
0.259936042056
0.882791665210
-0.248932632736
0.271572709623
0.929667041336
-0.097363171121
0.288843063498
0.952412776887
-0.149869536673
0.155787730064
0.976355112210
-0.209257563916
0.019636073215
0.977663386127
-0.301160529827
0.138938982105
0.943397209306
0.741730332336
0.639334901080
0.202699280596
0.698864790195
0.710349282036
0.083617597053
0.629001279085
0.776586367338
-0.035651156694
0.816589060837
0.523968498016
-0.242155567370
0.829516530640
0.530771563936
0.173735063566
0.792662169437
0.607616043992
0.049894170267
0.729942292394
0.679798461018
-0.071121741906
0.816681590555
0.567900243471
-0.102569455078
0.889507195786
0.440053466545
-0.123003639074
0.870870133036
0.491038880606
0.021587707596
-0.186675881838
0.982377417095
-0.009312653887
-0.316914745642
0.946407391574
-0.062274337962
-0.451725062403
0.886149094645
-0.103364646070
-0.292637305878
0.847788491046
-0.442287329300
-0.086200978489
0.990165839531
-0.110186212989
-0.221678539357
0.960503334402
-0.168202169404
-0.359964805404
0.908457123050
-0.212440566864
-0.258357185142
0.912963702764
-0.315830401197
-0.142639712289
0.901642956439
-0.408281632678
-0.117351274509
0.956739146339
-0.266230885197
-0.217767471111
0.732417678448
0.645090437708
-0.184379592502
0.636590452233
0.748836939523
-0.131596353882
0.525636633015
0.840469231845
-0.473480364230
0.374301731537
0.797317100316
-0.352020101274
0.719330317651
0.598870388655
-0.322050997344
0.624460000033
0.711570701665
-0.272614315869
0.517501725530
0.811093951929
-0.408454868740
0.500851189357
0.763094166091
-0.537609919581
0.481225563108
0.692385392523
-0.452358328700
0.604639247839
0.655578616513
0.645090437708
-0.217767471111
0.732417678448
0.748836939523
-0.184379592502
0.636590452233
0.840469231845
-0.131596353882
0.525636633015
0.797317100316
-0.473480364230
0.374301731537
0.598870388655
-0.352020101274
0.719330317651
0.711570701665
-0.322050997344
0.624460000033
0.811093951929
-0.272614315869
0.517501725530
0.763094166091
-0.408454868740
0.500851189357
0.692385392523
-0.537609919581
0.481225563108
0.655578616513
-0.452358328700
0.604639247839
-0.982377417095
-0.009312653887
0.186675881838
-0.946407391574
-0.062274337962
0.316914745642
-0.886149094645
-0.103364646070
0.451725062403
-0.847788491046
-0.442287329300
0.292637305878
-0.990165839531
-0.110186212989
0.086200978489
-0.960503334402
-0.168202169404
0.221678539357
-0.908457123050
-0.212440566864
0.359964805404
-0.912963702764
-0.315830401197
0.258357185142
-0.901642956439
-0.408281632678
0.142639712289
-0.956739146339
-0.266230885197
0.117351274509
0.732417678448
0.645090437708
-0.217767471111
0.636590452233
0.748836939523
-0.184379592502
0.525636633015
0.840469231845
-0.131596353882
0.374301731537
0.797317100316
-0.473480364230
0.719330317651
0.598870388655
-0.352020101274
0.624460000033
0.711570701665
-0.322050997344
0.517501725530
0.811093951929
-0.272614315869
0.500851189357
0.763094166091
-0.408454868740
0.481225563108
0.692385392523
-0.537609919581
0.604639247839
0.655578616513
-0.452358328700
0.202699280596
0.741730332336
0.639334901080
0.083617597053
0.698864790195
0.710349282036
-0.035651156694
0.629001279085
0.776586367338
-0.242155567370
0.816589060837
0.523968498016
0.173735063566
0.829516530640
0.530771563936
0.049894170267
0.792662169437
0.607616043992
-0.071121741906
0.729942292394
0.679798461018
-0.102569455078
0.816681590555
0.567900243471
-0.123003639074
0.889507195786
0.440053466545
0.021587707596
0.870870133036
0.491038880606
-0.343042516015
-0.404443352949
0.847789718304
-0.236058109538
-0.501294338144
0.832454536576
-0.109562727306
-0.583321416285
0.804818075150
-0.323819993030
-0.766117670108
0.555161532946
-0.459394275595
-0.438221079763
0.772605452221
-0.352887290410
-0.543729536701
0.761464871932
-0.228658662032
-0.632579121273
0.739972210024
-0.345063459294
-0.666812053882
0.660524711013
-0.461589489893
-0.680249631871
0.569381753448
-0.465700265734
-0.569709603209
0.677166324109
0.857102372191
-0.337286979387
0.389375162434
0.894728874538
-0.197570452051
0.400532342695
0.908182721220
-0.045679862800
0.416073905709
0.997448862246
-0.050471390729
0.050481738507
0.882791665210
-0.391295450877
0.259936042056
0.929667041336
-0.248932632736
0.271572709623
0.952412776887
-0.097363171121
0.288843063498
0.976355112210
-0.149869536673
0.155787730064
0.977663386127
-0.209257563916
0.019636073215
0.943397209306
-0.301160529827
0.138938982105
0.343042516015
0.404443352949
0.847789718304
0.236058109538
0.501294338144
0.832454536576
0.109562727306
0.583321416285
0.804818075150
0.323819993030
0.766117670108
0.555161532946
0.459394275595
0.438221079763
0.772605452221
0.352887290410
0.543729536701
0.761464871932
0.228658662032
0.632579121273
0.739972210024
0.345063459294
0.666812053882
0.660524711013
0.461589489893
0.680249631871
0.569381753448
0.465700265734
0.569709603209
0.677166324109
-0.009312653887
-0.186675881838
0.982377417095
-0.062274337962
-0.316914745642
0.946407391574
-0.103364646070
-0.451725062403
0.886149094645
-0.442287329300
-0.292637305878
0.847788491046
-0.110186212989
-0.086200978489
0.990165839531
-0.168202169404
-0.221678539357
0.960503334402
-0.212440566864
-0.359964805404
0.908457123050
-0.315830401197
-0.258357185142
0.912963702764
-0.408281632678
-0.142639712289
0.901642956439
-0.266230885197
-0.117351274509
0.956739146339
0.009312653887
0.186675881838
0.982377417095
0.062274337962
0.316914745642
0.946407391574
0.103364646070
0.451725062403
0.886149094645
0.442287329300
0.292637305878
0.847788491046
0.110186212989
0.086200978489
0.990165839531
0.168202169404
0.221678539357
0.960503334402
0.212440566864
0.359964805404
0.908457123050
0.315830401197
0.258357185142
0.912963702764
0.408281632678
0.142639712289
0.901642956439
0.266230885197
0.117351274509
0.956739146339
-0.389375162434
0.857102372191
0.337286979387
-0.400532342695
0.894728874538
0.197570452051
-0.416073905709
0.908182721220
0.045679862800
-0.050481738507
0.997448862246
0.050471390729
-0.259936042056
0.882791665210
0.391295450877
-0.271572709623
0.929667041336
0.248932632736
-0.288843063498
0.952412776887
0.097363171121
-0.155787730064
0.976355112210
0.149869536673
-0.019636073215
0.977663386127
0.209257563916
-0.138938982105
0.943397209306
0.301160529827
-0.639334901080
0.202699280596
-0.741730332336
-0.710349282036
0.083617597053
-0.698864790195
-0.776586367338
-0.035651156694
-0.629001279085
-0.523968498016
-0.242155567370
-0.816589060837
-0.530771563936
0.173735063566
-0.829516530640
-0.607616043992
0.049894170267
-0.792662169437
-0.679798461018
-0.071121741906
-0.729942292394
-0.567900243471
-0.102569455078
-0.816681590555
-0.440053466545
-0.123003639074
-0.889507195786
-0.491038880606
0.021587707596
-0.870870133036
-0.847789718304
-0.343042516015
0.404443352949
-0.832454536576
-0.236058109538
0.501294338144
-0.804818075150
-0.109562727306
0.583321416285
-0.555161532946
-0.323819993030
0.766117670108
-0.772605452221
-0.459394275595
0.438221079763
-0.761464871932
-0.352887290410
0.543729536701
-0.739972210024
-0.228658662032
0.632579121273
-0.660524711013
-0.345063459294
0.666812053882
-0.569381753448
-0.461589489893
0.680249631871
-0.677166324109
-0.465700265734
0.569709603209
-0.732417678448
0.645090437708
0.217767471111
-0.636590452233
0.748836939523
0.184379592502
-0.525636633015
0.840469231845
0.131596353882
-0.374301731537
0.797317100316
0.473480364230
-0.719330317651
0.598870388655
0.352020101274
-0.624460000033
0.711570701665
0.322050997344
-0.517501725530
0.811093951929
0.272614315869
-0.500851189357
0.763094166091
0.408454868740
-0.481225563108
0.692385392523
0.537609919581
-0.604639247839
0.655578616513
0.452358328700
-0.847789718304
0.343042516015
-0.404443352949
-0.832454536576
0.236058109538
-0.501294338144
-0.804818075150
0.109562727306
-0.583321416285
-0.555161532946
0.323819993030
-0.766117670108
-0.772605452221
0.459394275595
-0.438221079763
-0.761464871932
0.352887290410
-0.543729536701
-0.739972210024
0.228658662032
-0.632579121273
-0.660524711013
0.345063459294
-0.666812053882
-0.569381753448
0.461589489893
-0.680249631871
-0.677166324109
0.465700265734
-0.569709603209
-0.389375162434
-0.857102372191
-0.337286979387
-0.400532342695
-0.894728874538
-0.197570452051
-0.416073905709
-0.908182721220
-0.045679862800
-0.050481738507
-0.997448862246
-0.050471390729
-0.259936042056
-0.882791665210
-0.391295450877
-0.271572709623
-0.929667041336
-0.248932632736
-0.288843063498
-0.952412776887
-0.097363171121
-0.155787730064
-0.976355112210
-0.149869536673
-0.019636073215
-0.977663386127
-0.209257563916
-0.138938982105
-0.943397209306
-0.301160529827
0.639334901080
0.202699280596
0.741730332336
0.710349282036
0.083617597053
0.698864790195
0.776586367338
-0.035651156694
0.629001279085
0.523968498016
-0.242155567370
0.816589060837
0.530771563936
0.173735063566
0.829516530640
0.607616043992
0.049894170267
0.792662169437
0.679798461018
-0.071121741906
0.729942292394
0.567900243471
-0.102569455078
0.816681590555
0.440053466545
-0.123003639074
0.889507195786
0.491038880606
0.021587707596
0.870870133036
0.847789718304
-0.343042516015
-0.404443352949
0.832454536576
-0.236058109538
-0.501294338144
0.804818075150
-0.109562727306
-0.583321416285
0.555161532946
-0.323819993030
-0.766117670108
0.772605452221
-0.459394275595
-0.438221079763
0.761464871932
-0.352887290410
-0.543729536701
0.739972210024
-0.228658662032
-0.632579121273
0.660524711013
-0.345063459294
-0.666812053882
0.569381753448
-0.461589489893
-0.680249631871
0.677166324109
-0.465700265734
-0.569709603209
0.389375162434
0.857102372191
-0.337286979387
0.400532342695
0.894728874538
-0.197570452051
0.416073905709
0.908182721220
-0.045679862800
0.050481738507
0.997448862246
-0.050471390729
0.259936042056
0.882791665210
-0.391295450877
0.271572709623
0.929667041336
-0.248932632736
0.288843063498
0.952412776887
-0.097363171121
0.155787730064
0.976355112210
-0.149869536673
0.019636073215
0.977663386127
-0.209257563916
0.138938982105
0.943397209306
-0.301160529827
0.847789718304
0.343042516015
0.404443352949
0.832454536576
0.236058109538
0.501294338144
0.804818075150
0.109562727306
0.583321416285
0.555161532946
0.323819993030
0.766117670108
0.772605452221
0.459394275595
0.438221079763
0.761464871932
0.352887290410
0.543729536701
0.739972210024
0.228658662032
0.632579121273
0.660524711013
0.345063459294
0.666812053882
0.569381753448
0.461589489893
0.680249631871
0.677166324109
0.465700265734
0.569709603209
0.982377417095
-0.009312653887
-0.186675881838
0.946407391574
-0.062274337962
-0.316914745642
0.886149094645
-0.103364646070
-0.451725062403
0.847788491046
-0.442287329300
-0.292637305878
0.990165839531
-0.110186212989
-0.086200978489
0.960503334402
-0.168202169404
-0.221678539357
0.908457123050
-0.212440566864
-0.359964805404
0.912963702764
-0.315830401197
-0.258357185142
0.901642956439
-0.408281632678
-0.142639712289
0.956739146339
-0.266230885197
-0.117351274509
-0.009312653887
0.186675881838
-0.982377417095
-0.062274337962
0.316914745642
-0.946407391574
-0.103364646070
0.451725062403
-0.886149094645
-0.442287329300
0.292637305878
-0.847788491046
-0.110186212989
0.086200978489
-0.990165839531
-0.168202169404
0.221678539357
-0.960503334402
-0.212440566864
0.359964805404
-0.908457123050
-0.315830401197
0.258357185142
-0.912963702764
-0.408281632678
0.142639712289
-0.901642956439
-0.266230885197
0.117351274509
-0.956739146339
0.389375162434
-0.857102372191
0.337286979387
0.400532342695
-0.894728874538
0.197570452051
0.416073905709
-0.908182721220
0.045679862800
0.050481738507
-0.997448862246
0.050471390729
0.259936042056
-0.882791665210
0.391295450877
0.271572709623
-0.929667041336
0.248932632736
0.288843063498
-0.952412776887
0.097363171121
0.155787730064
-0.976355112210
0.149869536673
0.019636073215
-0.977663386127
0.209257563916
0.138938982105
-0.943397209306
0.301160529827
-0.857102372191
0.337286979387
0.389375162434
-0.894728874538
0.197570452051
0.400532342695
-0.908182721220
0.045679862800
0.416073905709
-0.997448862246
0.050471390729
0.050481738507
-0.882791665210
0.391295450877
0.259936042056
-0.929667041336
0.248932632736
0.271572709623
-0.952412776887
0.097363171121
0.288843063498
-0.976355112210
0.149869536673
0.155787730064
-0.977663386127
0.209257563916
0.019636073215
-0.943397209306
0.301160529827
0.138938982105
-0.202699280596
-0.741730332336
0.639334901080
-0.083617597053
-0.698864790195
0.710349282036
0.035651156694
-0.629001279085
0.776586367338
0.242155567370
-0.816589060837
0.523968498016
-0.173735063566
-0.829516530640
0.530771563936
-0.049894170267
-0.792662169437
0.607616043992
0.071121741906
-0.729942292394
0.679798461018
0.102569455078
-0.816681590555
0.567900243471
0.123003639074
-0.889507195786
0.440053466545
-0.021587707596
-0.870870133036
0.491038880606
-0.645090437708
0.217767471111
0.732417678448
-0.748836939523
0.184379592502
0.636590452233
-0.840469231845
0.131596353882
0.525636633015
-0.797317100316
0.473480364230
0.374301731537
-0.598870388655
0.352020101274
0.719330317651
-0.711570701665
0.322050997344
0.624460000033
-0.811093951929
0.272614315869
0.517501725530
-0.763094166091
0.408454868740
0.500851189357
-0.692385392523
0.537609919581
0.481225563108
-0.655578616513
0.452358328700
0.604639247839
-0.732417678448
-0.645090437708
-0.217767471111
-0.636590452233
-0.748836939523
-0.184379592502
-0.525636633015
-0.840469231845
-0.131596353882
-0.374301731537
-0.797317100316
-0.473480364230
-0.719330317651
-0.598870388655
-0.352020101274
-0.624460000033
-0.711570701665
-0.322050997344
-0.517501725530
-0.811093951929
-0.272614315869
-0.500851189357
-0.763094166091
-0.408454868740
-0.481225563108
-0.692385392523
-0.537609919581
-0.604639247839
-0.655578616513
-0.452358328700
0.217767471111
-0.732417678448
0.645090437708
0.184379592502
-0.636590452233
0.748836939523
0.131596353882
-0.525636633015
0.840469231845
0.473480364230
-0.374301731537
0.797317100316
0.352020101274
-0.719330317651
0.598870388655
0.322050997344
-0.624460000033
0.711570701665
0.272614315869
-0.517501725530
0.811093951929
0.408454868740
-0.500851189357
0.763094166091
0.537609919581
-0.481225563108
0.692385392523
0.452358328700
-0.604639247839
0.655578616513
-0.639334901080
-0.202699280596
0.741730332336
-0.710349282036
-0.083617597052
0.698864790195
-0.776586367338
0.035651156694
0.629001279085
-0.523968498016
0.242155567370
0.816589060837
-0.530771563936
-0.173735063566
0.829516530640
-0.607616043992
-0.049894170267
0.792662169437
-0.679798461018
0.071121741906
0.729942292394
-0.567900243471
0.102569455078
0.816681590555
-0.440053466545
0.123003639074
0.889507195786
-0.491038880606
-0.021587707596
0.870870133036
0.186675881838
-0.982377417095
-0.009312653887
0.316914745642
-0.946407391574
-0.062274337962
0.451725062403
-0.886149094645
-0.103364646070
0.292637305878
-0.847788491046
-0.442287329300
0.086200978489
-0.990165839531
-0.110186212989
0.221678539357
-0.960503334402
-0.168202169404
0.359964805404
-0.908457123050
-0.212440566864
0.258357185142
-0.912963702764
-0.315830401197
0.142639712289
-0.901642956439
-0.408281632678
0.117351274509
-0.956739146339
-0.266230885197
0.982377417095
0.009312653887
0.186675881838
0.946407391574
0.062274337962
0.316914745642
0.886149094645
0.103364646070
0.451725062403
0.847788491046
0.442287329300
0.292637305878
0.990165839531
0.110186212989
0.086200978489
0.960503334402
0.168202169404
0.221678539357
0.908457123050
0.212440566864
0.359964805404
0.912963702764
0.315830401197
0.258357185142
0.901642956439
0.408281632678
0.142639712289
0.956739146339
0.266230885197
0.117351274509
0.337286979387
-0.389375162434
0.857102372191
0.197570452051
-0.400532342695
0.894728874538
0.045679862800
-0.416073905709
0.908182721220
0.050471390729
-0.050481738507
0.997448862246
0.391295450877
-0.259936042056
0.882791665210
0.248932632736
-0.271572709623
0.929667041336
0.097363171121
-0.288843063498
0.952412776887
0.149869536673
-0.155787730064
0.976355112210
0.209257563916
-0.019636073215
0.977663386127
0.301160529827
-0.138938982105
0.943397209306
0.639334901080
-0.202699280596
-0.741730332336
0.710349282036
-0.083617597053
-0.698864790195
0.776586367338
0.035651156694
-0.629001279085
0.523968498016
0.242155567370
-0.816589060837
0.530771563936
-0.173735063566
-0.829516530640
0.607616043992
-0.049894170267
-0.792662169437
0.679798461018
0.071121741906
-0.729942292394
0.567900243471
0.102569455078
-0.816681590555
0.440053466545
0.123003639074
-0.889507195786
0.491038880606
-0.021587707596
-0.870870133036
-0.741730332336
-0.639334901080
0.202699280596
-0.698864790195
-0.710349282036
0.083617597053
-0.629001279085
-0.776586367338
-0.035651156694
-0.816589060837
-0.523968498016
-0.242155567370
-0.829516530640
-0.530771563936
0.173735063566
-0.792662169437
-0.607616043992
0.049894170267
-0.729942292394
-0.679798461018
-0.071121741906
-0.816681590555
-0.567900243471
-0.102569455078
-0.889507195786
-0.440053466545
-0.123003639074
-0.870870133036
-0.491038880606
0.021587707596
0.732417678448
-0.645090437708
0.217767471111
0.636590452233
-0.748836939523
0.184379592502
0.525636633015
-0.840469231845
0.131596353882
0.374301731537
-0.797317100316
0.473480364230
0.719330317651
-0.598870388655
0.352020101274
0.624460000033
-0.711570701665
0.322050997344
0.517501725530
-0.811093951929
0.272614315869
0.500851189357
-0.763094166091
0.408454868740
0.481225563108
-0.692385392523
0.537609919581
0.604639247839
-0.655578616513
0.452358328700
-0.217767471111
-0.732417678448
-0.645090437708
-0.184379592502
-0.636590452233
-0.748836939523
-0.131596353882
-0.525636633015
-0.840469231845
-0.473480364230
-0.374301731537
-0.797317100316
-0.352020101274
-0.719330317651
-0.598870388655
-0.322050997344
-0.624460000033
-0.711570701665
-0.272614315869
-0.517501725530
-0.811093951929
-0.408454868740
-0.500851189357
-0.763094166091
-0.537609919581
-0.481225563108
-0.692385392523
-0.452358328700
-0.604639247839
-0.655578616513
0.217767471111
0.732417678448
-0.645090437708
0.184379592502
0.636590452233
-0.748836939523
0.131596353882
0.525636633015
-0.840469231845
0.473480364230
0.374301731537
-0.797317100316
0.352020101274
0.719330317651
-0.598870388655
0.322050997344
0.624460000033
-0.711570701665
0.272614315869
0.517501725530
-0.811093951929
0.408454868740
0.500851189357
-0.763094166091
0.537609919581
0.481225563108
-0.692385392523
0.452358328700
0.604639247839
-0.655578616513
-0.645090437708
-0.217767471111
-0.732417678448
-0.748836939523
-0.184379592502
-0.636590452233
-0.840469231845
-0.131596353882
-0.525636633015
-0.797317100316
-0.473480364230
-0.374301731537
-0.598870388655
-0.352020101274
-0.719330317651
-0.711570701665
-0.322050997344
-0.624460000033
-0.811093951929
-0.272614315869
-0.517501725530
-0.763094166091
-0.408454868740
-0.500851189357
-0.692385392523
-0.537609919581
-0.481225563108
-0.655578616513
-0.452358328700
-0.604639247839
-0.741730332336
0.639334901080
-0.202699280596
-0.698864790195
0.710349282036
-0.083617597053
-0.629001279085
0.776586367338
0.035651156694
-0.816589060837
0.523968498016
0.242155567370
-0.829516530640
0.530771563936
-0.173735063566
-0.792662169437
0.607616043992
-0.049894170267
-0.729942292394
0.679798461018
0.071121741906
-0.816681590555
0.567900243471
0.102569455078
-0.889507195786
0.440053466545
0.123003639074
-0.870870133036
0.491038880606
-0.021587707596
-0.202699280596
0.741730332336
-0.639334901080
-0.083617597053
0.698864790195
-0.710349282036
0.035651156694
0.629001279085
-0.776586367338
0.242155567370
0.816589060837
-0.523968498016
-0.173735063566
0.829516530640
-0.530771563936
-0.049894170267
0.792662169437
-0.607616043992
0.071121741906
0.729942292394
-0.679798461018
0.102569455078
0.816681590555
-0.567900243471
0.123003639074
0.889507195786
-0.440053466545
-0.021587707596
0.870870133036
-0.491038880606
0.343042516015
-0.404443352949
-0.847789718304
0.236058109538
-0.501294338144
-0.832454536576
0.109562727306
-0.583321416285
-0.804818075150
0.323819993030
-0.766117670108
-0.555161532946
0.459394275595
-0.438221079763
-0.772605452221
0.352887290410
-0.543729536701
-0.761464871932
0.228658662032
-0.632579121273
-0.739972210024
0.345063459294
-0.666812053882
-0.660524711013
0.461589489893
-0.680249631871
-0.569381753448
0.465700265734
-0.569709603209
-0.677166324109
-0.857102372191
-0.337286979387
-0.389375162434
-0.894728874538
-0.197570452051
-0.400532342695
-0.908182721220
-0.045679862800
-0.416073905709
-0.997448862246
-0.050471390729
-0.050481738507
-0.882791665210
-0.391295450877
-0.259936042056
-0.929667041336
-0.248932632736
-0.271572709623
-0.952412776887
-0.097363171121
-0.288843063498
-0.976355112210
-0.149869536673
-0.155787730064
-0.977663386127
-0.209257563916
-0.019636073215
-0.943397209306
-0.301160529827
-0.138938982105
-0.343042516015
0.404443352949
-0.847789718304
-0.236058109538
0.501294338144
-0.832454536576
-0.109562727306
0.583321416285
-0.804818075150
-0.323819993030
0.766117670108
-0.555161532946
-0.459394275595
0.438221079763
-0.772605452221
-0.352887290410
0.543729536701
-0.761464871932
-0.228658662032
0.632579121273
-0.739972210024
-0.345063459294
0.666812053882
-0.660524711013
-0.461589489893
0.680249631871
-0.569381753448
-0.465700265734
0.569709603209
-0.677166324109
0.857102372191
0.337286979387
-0.389375162434
0.894728874538
0.197570452051
-0.400532342695
0.908182721220
0.045679862800
-0.416073905709
0.997448862246
0.050471390729
-0.050481738507
0.882791665210
0.391295450877
-0.259936042056
0.929667041336
0.248932632736
-0.271572709623
0.952412776887
0.097363171121
-0.288843063498
0.976355112210
0.149869536673
-0.155787730064
0.977663386127
0.209257563916
-0.019636073215
0.943397209306
0.301160529827
-0.138938982105
0.202699280596
-0.741730332336
-0.639334901080
0.083617597053
-0.698864790195
-0.710349282036
-0.035651156694
-0.629001279085
-0.776586367338
-0.242155567370
-0.816589060837
-0.523968498016
0.173735063566
-0.829516530640
-0.530771563936
0.049894170267
-0.792662169437
-0.607616043992
-0.071121741906
-0.729942292394
-0.679798461018
-0.102569455078
-0.816681590555
-0.567900243471
-0.123003639074
-0.889507195786
-0.440053466545
0.021587707596
-0.870870133036
-0.491038880606
0.645090437708
0.217767471111
-0.732417678448
0.748836939523
0.184379592502
-0.636590452233
0.840469231845
0.131596353882
-0.525636633015
0.797317100316
0.473480364230
-0.374301731537
0.598870388655
0.352020101274
-0.719330317651
0.711570701665
0.322050997344
-0.624460000033
0.811093951929
0.272614315869
-0.517501725530
0.763094166091
0.408454868740
-0.500851189357
0.692385392523
0.537609919581
-0.481225563108
0.655578616513
0.452358328700
-0.604639247839
-0.982377417095
0.009312653887
-0.186675881838
-0.946407391574
0.062274337962
-0.316914745642
-0.886149094645
0.103364646070
-0.451725062403
-0.847788491046
0.442287329300
-0.292637305878
-0.990165839531
0.110186212989
-0.086200978489
-0.960503334402
0.168202169404
-0.221678539357
-0.908457123050
0.212440566864
-0.359964805404
-0.912963702764
0.315830401197
-0.258357185142
-0.901642956439
0.408281632678
-0.142639712289
-0.956739146339
0.266230885197
-0.117351274509
0.009312653887
-0.186675881838
-0.982377417095
0.062274337962
-0.316914745642
-0.946407391574
0.103364646070
-0.451725062403
-0.886149094645
0.442287329300
-0.292637305878
-0.847788491046
0.110186212989
-0.086200978489
-0.990165839531
0.168202169404
-0.221678539357
-0.960503334402
0.212440566864
-0.359964805404
-0.908457123050
0.315830401197
-0.258357185142
-0.912963702764
0.408281632678
-0.142639712289
-0.901642956439
0.266230885197
-0.117351274509
-0.956739146339
0.404443352949
-0.847789718304
-0.343042516015
0.501294338144
-0.832454536576
-0.236058109538
0.583321416285
-0.804818075150
-0.109562727306
0.766117670108
-0.555161532946
-0.323819993030
0.438221079763
-0.772605452221
-0.459394275595
0.543729536701
-0.761464871932
-0.352887290410
0.632579121273
-0.739972210024
-0.228658662032
0.666812053882
-0.660524711013
-0.345063459294
0.680249631871
-0.569381753448
-0.461589489893
0.569709603209
-0.677166324109
-0.465700265734
-0.404443352949
-0.847789718304
0.343042516015
-0.501294338144
-0.832454536576
0.236058109538
-0.583321416285
-0.804818075150
0.109562727306
-0.766117670108
-0.555161532946
0.323819993030
-0.438221079763
-0.772605452221
0.459394275595
-0.543729536701
-0.761464871932
0.352887290410
-0.632579121273
-0.739972210024
0.228658662032
-0.666812053882
-0.660524711013
0.345063459294
-0.680249631871
-0.569381753448
0.461589489893
-0.569709603209
-0.677166324109
0.465700265734
-0.186675881838
-0.982377417095
0.009312653887
-0.316914745642
-0.946407391574
0.062274337962
-0.451725062403
-0.886149094645
0.103364646070
-0.292637305878
-0.847788491046
0.442287329300
-0.086200978489
-0.990165839531
0.110186212989
-0.221678539357
-0.960503334402
0.168202169404
-0.359964805404
-0.908457123050
0.212440566864
-0.258357185142
-0.912963702764
0.315830401197
-0.142639712289
-0.901642956439
0.408281632678
-0.117351274509
-0.956739146339
0.266230885197
0.186675881838
0.982377417095
0.009312653887
0.316914745642
0.946407391574
0.062274337962
0.451725062403
0.886149094645
0.103364646070
0.292637305878
0.847788491046
0.442287329300
0.086200978489
0.990165839531
0.110186212989
0.221678539357
0.960503334402
0.168202169404
0.359964805404
0.908457123050
0.212440566864
0.258357185142
0.912963702764
0.315830401197
0.142639712289
0.901642956439
0.408281632678
0.117351274509
0.956739146339
0.266230885197
-0.337286979387
-0.389375162434
-0.857102372191
-0.197570452051
-0.400532342695
-0.894728874538
-0.045679862800
-0.416073905709
-0.908182721220
-0.050471390729
-0.050481738507
-0.997448862246
-0.391295450877
-0.259936042056
-0.882791665210
-0.248932632736
-0.271572709623
-0.929667041336
-0.097363171121
-0.288843063498
-0.952412776887
-0.149869536673
-0.155787730064
-0.976355112210
-0.209257563916
-0.019636073215
-0.977663386127
-0.301160529827
-0.138938982105
-0.943397209306
0.741730332336
-0.639334901080
-0.202699280596
0.698864790195
-0.710349282036
-0.083617597053
0.629001279085
-0.776586367338
0.035651156694
0.816589060837
-0.523968498016
0.242155567370
0.829516530640
-0.530771563936
-0.173735063566
0.792662169437
-0.607616043992
-0.049894170267
0.729942292394
-0.679798461018
0.071121741906
0.816681590555
-0.567900243471
0.102569455078
0.889507195786
-0.440053466545
0.123003639074
0.870870133036
-0.491038880606
-0.021587707596
