0.403548212256
0.854728830047
0.326477361346
0.525731112119
0.850650808352
0.000000000000
0.000000000000
0.525731112119
-0.850650808352
-0.525731112119
0.850650808352
0.000000000000
0.000000000000
0.525731112119
0.850650808352
0.850650808352
-0.000000000000
0.525731112119
-0.850650808352
-0.000000000000
0.525731112119
-0.000000000000
-0.525731112119
0.850650808352
-0.850650808352
-0.000000000000
-0.525731112119
-0.525731112119
-0.850650808352
0.000000000000
0.850650808352
-0.000000000000
-0.525731112119
0.525731112119
-0.850650808352
0.000000000000
0.000000000000
-0.525731112119
-0.850650808352
0.577350269190
0.577350269190
0.577350269190
0.356822089773
0.000000000000
-0.934172358963
-0.577350269190
0.577350269190
-0.577350269190
-0.356822089773
0.000000000000
0.934172358963
0.934172358963
0.356822089773
-0.000000000000
0.000000000000
0.934172358963
-0.356822089773
-0.577350269190
0.577350269190
0.577350269190
0.577350269190
-0.577350269190
0.577350269190
-0.934172358963
-0.356822089773
-0.000000000000
0.577350269190
0.577350269190
-0.577350269190
-0.000000000000
0.934172358963
0.356822089773
-0.577350269190
-0.577350269190
0.577350269190
0.934172358963
-0.356822089773
0.000000000000
0.356822089773
-0.000000000000
0.934172358963
-0.356822089773
-0.000000000000
-0.934172358963
-0.000000000000
-0.934172358963
-0.356822089773
0.577350269190
-0.577350269190
-0.577350269190
0.000000000000
-0.934172358963
0.356822089773
-0.934172358963
0.356822089773
0.000000000000
-0.577350269190
-0.577350269190
-0.577350269190
0.326477361546
0.403548212780
-0.854728829723
-0.403548212256
0.854728830047
-0.326477361346
-0.326477361546
0.403548212780
0.854728829723
0.730025573802
0.652954724054
0.201774106193
-0.201774106587
0.979432085400
0.000000000324
-0.201774105669
0.730025574126
0.652954723854
0.652954723854
-0.201774105669
0.730025574126
-0.979432085400
0.000000000324
0.201774106587
0.730025574126
0.652954723854
-0.201774105669
0.201774106193
0.730025573802
0.652954724054
-0.326477361346
-0.403548212256
0.854728830047
0.854728829723
-0.326477361546
0.403548212780
0.326477361346
0.403548212256
0.854728830047
0.000000000324
-0.201774106587
0.979432085400
-0.000000000324
0.201774106587
0.979432085400
-0.403548212780
0.854728829723
0.326477361546
-0.652954724054
0.201774106193
-0.730025573802
-0.854728830047
-0.326477361346
0.403548212256
-0.730025574126
0.652954723854
0.201774105669
-0.854728830047
0.326477361346
-0.403548212256
-0.403548212780
-0.854728829723
-0.326477361546
0.652954724054
0.201774106193
0.730025573802
0.854728830047
-0.326477361346
-0.403548212256
0.403548212780
0.854728829723
-0.326477361546
0.854728830047
0.326477361346
0.403548212256
0.979432085400
0.000000000324
-0.201774106587
0.000000000324
0.201774106587
-0.979432085400
0.403548212780
-0.854728829723
0.326477361546
-0.854728829723
0.326477361546
0.403548212780
-0.201774106193
-0.730025573802
0.652954724054
-0.652954723854
0.201774105669
0.730025574126
-0.730025574126
-0.652954723854
-0.201774105669
0.201774105669
-0.730025574126
0.652954723854
-0.652954724054
-0.201774106193
0.730025573802
0.201774106587
-0.979432085400
0.000000000324
0.979432085400
-0.000000000324
0.201774106587
0.326477361546
-0.403548212780
0.854728829723
0.652954724054
-0.201774106193
-0.730025573802
-0.730025573802
-0.652954724054
0.201774106193
0.730025574126
-0.652954723854
0.201774105669
-0.201774105669
-0.730025574126
-0.652954723854
0.201774105669
0.730025574126
-0.652954723854
-0.652954723854
-0.201774105669
-0.730025574126
-0.730025573802
0.652954724054
-0.201774106193
-0.201774106193
0.730025573802
-0.652954724054
0.326477361346
-0.403548212256
-0.854728830047
-0.854728829723
-0.326477361546
-0.403548212780
-0.326477361346
0.403548212256
-0.854728830047
0.854728829723
0.326477361546
-0.403548212780
0.201774106193
-0.730025573802
-0.652954724054
0.652954723854
0.201774105669
-0.730025574126
-0.979432085400
-0.000000000324
-0.201774106587
-0.000000000324
-0.201774106587
-0.979432085400
0.403548212256
-0.854728830047
-0.326477361346
-0.403548212256
-0.854728830047
0.326477361346
-0.201774106587
-0.979432085400
-0.000000000324
0.201774106587
0.979432085400
-0.000000000324
-0.326477361546
-0.403548212780
-0.854728829723
0.730025573802
-0.652954724054
-0.201774106193
