0.499730541836
0.850407972466
0.164546850233
0.560116220266
0.824621933047
0.079173779331
0.383333417587
0.835209885612
0.394309444392
0.458868383430
0.826630663592
0.325763031508
0.528758244589
0.810765711125
0.251144740027
0.592743491754
0.787947047967
0.166717133441
0.779673498124
0.540540744551
0.316109063148
0.399665706325
0.781842999160
0.478527792141
0.479126328137
0.776436461136
0.409370716472
0.553043150343
0.762931806501
0.334781021696
0.619167560246
0.743927189149
0.251403797871
0.676196565852
0.719707291108
0.157415435892
0.699184987228
0.672610138077
0.242355020146
0.714739573654
0.618014961015
0.327421517030
0.720245612785
0.558127398137
0.411995224138
0.492834697012
0.718600495253
0.490639673940
0.569064822979
0.708902447019
0.416680390537
0.639313759282
0.692091050558
0.335093859881
0.650061395019
0.634519481100
0.418097130832
0.652314277366
0.569508098066
0.500146588294
0.577783158515
0.646864793729
0.497727395640
0.525731112119
0.850650808352
0.000000000000
0.000000000000
0.525731112119
-0.850650808352
-0.525731112119
0.850650808352
0.000000000000
0.000000000000
0.525731112119
0.850650808352
0.850650808352
-0.000000000000
0.525731112119
-0.850650808352
-0.000000000000
0.525731112119
-0.000000000000
-0.525731112119
0.850650808352
-0.850650808352
-0.000000000000
-0.525731112119
-0.525731112119
-0.850650808352
0.000000000000
0.850650808352
-0.000000000000
-0.525731112119
0.525731112119
-0.850650808352
0.000000000000
0.000000000000
-0.525731112119
-0.850650808352
0.577350269190
0.577350269190
0.577350269190
0.356822089773
0.000000000000
-0.934172358963
-0.577350269190
0.577350269190
-0.577350269190
-0.356822089773
0.000000000000
0.934172358963
0.934172358963
0.356822089773
-0.000000000000
0.000000000000
0.934172358963
-0.356822089773
-0.577350269190
0.577350269190
0.577350269190
0.577350269190
-0.577350269190
0.577350269190
-0.934172358963
-0.356822089773
-0.000000000000
0.577350269190
0.577350269190
-0.577350269190
-0.000000000000
0.934172358963
0.356822089773
-0.577350269190
-0.577350269190
0.577350269190
0.934172358963
-0.356822089773
0.000000000000
0.356822089773
-0.000000000000
0.934172358963
-0.356822089773
-0.000000000000
-0.934172358963
-0.000000000000
-0.934172358963
-0.356822089773
0.577350269190
-0.577350269190
-0.577350269190
0.000000000000
-0.934172358963
0.356822089773
-0.934172358963
0.356822089773
0.000000000000
-0.577350269190
-0.577350269190
-0.577350269190
0.146046442936
0.451295846725
-0.880342260280
0.038817014101
0.454460837216
-0.889920550866
0.385430381286
0.360087728588
-0.849576511505
0.289556560036
0.364078610502
-0.885213965047
0.189341623629
0.366955585249
-0.910765254067
0.081994276820
0.370936173496
-0.925031509604
0.032937131319
0.038319755936
-0.998722554910
0.428907036634
0.269756881860
-0.862131068119
0.331556764101
0.275406756028
-0.902342080872
0.230080854533
0.278934554082
-0.932340235599
0.123692308830
0.284814541182
-0.950568719172
0.011655263816
0.294591481150
-0.955552203733
0.054324799611
0.206915478955
-0.976849425816
0.098496910506
0.115407172913
-0.988422755232
0.145659182587
0.022968803576
-0.989068165796
0.372578251025
0.183745879062
-0.909627890289
0.271632009161
0.189323230522
-0.943595658099
0.165307643991
0.194807675259
-0.966810918690
0.209294289555
0.103408459608
-0.972369575234
0.254457631662
0.009092238243
-0.967041180557
0.313670556707
0.095916098325
-0.944675014985
-0.499730541836
0.850407972466
-0.164546850233
-0.560116220266
0.824621933047
-0.079173779331
-0.383333417587
0.835209885612
-0.394309444392
-0.458868383430
0.826630663592
-0.325763031508
-0.528758244589
0.810765711125
-0.251144740027
-0.592743491754
0.787947047967
-0.166717133441
-0.779673498124
0.540540744551
-0.316109063148
-0.399665706325
0.781842999160
-0.478527792141
-0.479126328137
0.776436461136
-0.409370716472
-0.553043150343
0.762931806501
-0.334781021696
-0.619167560246
0.743927189149
-0.251403797871
-0.676196565852
0.719707291108
-0.157415435892
-0.699184987228
0.672610138077
-0.242355020146
-0.714739573654
0.618014961015
-0.327421517030
-0.720245612785
0.558127398137
-0.411995224138
-0.492834697012
0.718600495253
-0.490639673940
-0.569064822979
0.708902447019
-0.416680390537
-0.639313759282
0.692091050558
-0.335093859881
-0.650061395019
0.634519481100
-0.418097130832
-0.652314277366
0.569508098066
-0.500146588294
-0.577783158515
0.646864793729
-0.497727395640
-0.146046442936
0.451295846725
0.880342260280
-0.038817014101
0.454460837216
0.889920550866
-0.385430381286
0.360087728588
0.849576511505
-0.289556560036
0.364078610502
0.885213965047
-0.189341623629
0.366955585249
0.910765254067
-0.081994276820
0.370936173496
0.925031509604
-0.032937131319
0.038319755936
0.998722554910
-0.428907036634
0.269756881860
0.862131068119
-0.331556764101
0.275406756028
0.902342080872
-0.230080854533
0.278934554082
0.932340235599
-0.123692308830
0.284814541182
0.950568719172
-0.011655263816
0.294591481150
0.955552203733
-0.054324799611
0.206915478955
0.976849425816
-0.098496910506
0.115407172913
0.988422755232
-0.145659182587
0.022968803576
0.989068165796
-0.372578251025
0.183745879062
0.909627890289
-0.271632009161
0.189323230522
0.943595658099
-0.165307643991
0.194807675259
0.966810918690
-0.209294289555
0.103408459608
0.972369575234
-0.254457631662
0.009092238243
0.967041180557
-0.313670556707
0.095916098325
0.944675014985
0.645776984772
0.760146306796
0.071761258372
0.598933234367
0.800631698991
-0.016366531174
0.768763798873
0.597000809680
0.229330012826
0.748424943465
0.647674867825
0.142749324295
0.718099868218
0.693746152237
0.055216442490
0.674737768574
0.737271798010
-0.034047606664
0.812610629442
0.520184477904
-0.262815665182
0.828572742959
0.516763872507
0.215458371146
0.810683092237
0.571523111722
0.127099397042
0.783124004876
0.620734018239
0.037497621099
0.742859869076
0.667481138145
-0.051265438037
0.687851829667
0.712503941922
-0.138556822891
0.753509786839
0.639035565486
-0.154455647944
0.813236484160
0.557140522536
-0.168050168044
0.865904795372
0.468105072525
-0.176313715939
0.865412948037
0.488334472650
0.112204599688
0.840696832140
0.541024632925
0.022829432717
0.804621403273
0.589925307971
-0.067620473304
0.859355684574
0.505168496504
-0.079451856681
0.906771909028
0.412244633002
-0.088425491568
0.891453715221
0.453005728414
0.009802226381
-0.379534588352
0.924693157029
-0.029934287814
-0.470827368391
0.879805478322
-0.065298617819
-0.130757715762
0.991310254072
-0.014366625893
-0.221329286207
0.973437899333
-0.058583301455
-0.311739142759
0.944890892264
-0.099999542942
-0.404983780159
0.903988931451
-0.137084461637
-0.301135421118
0.836293541051
-0.458181810359
-0.054298510713
0.995291664648
-0.080288068958
-0.148307358986
0.980893828194
-0.125905619737
-0.241436932983
0.955515039935
-0.169408429098
-0.336079979219
0.918884936016
-0.206641530023
-0.433148304040
0.869919377814
-0.235844912626
-0.361371126898
0.881390585632
-0.304239287738
-0.283457340957
0.884562039566
-0.370407794217
-0.199282519514
0.880100296663
-0.430940767659
-0.071541279373
0.978974146590
-0.191027395036
-0.166493797805
0.957705023462
-0.234693211081
-0.262428148564
0.925019167853
-0.274719868132
-0.182860316289
0.923265627336
-0.337850094134
-0.097517729811
0.912391221296
-0.397533082491
-0.086113871944
0.950733124054
-0.297810221256
-0.120195953484
0.615842696958
0.778646714094
-0.089288851875
0.533634616548
0.840988464221
-0.252575701825
0.754397172980
0.605879872786
-0.237539097222
0.689841642010
0.683881339297
-0.217019101830
0.618100325276
0.755549268635
-0.187759711595
0.537653306937
0.821994654631
-0.478538077006
0.354428819083
0.803356409733
-0.345367195612
0.748284674001
0.566384628014
-0.330818969151
0.684777472501
0.649337064094
-0.311606217360
0.613715575778
0.725434185402
-0.283087581027
0.536218339053
0.795192627186
-0.243048261812
0.452006917042
0.858264113998
-0.337813860330
0.449270499101
0.827065786021
-0.431282232697
0.442828689943
0.786065129060
-0.520963093271
0.434964027713
0.734441114076
-0.421293417638
0.674385553001
0.606395895565
-0.402571025174
0.606003621059
0.686073014302
-0.376885610719
0.529901535141
0.759711523862
-0.467201078730
0.521505590440
0.713971337781
-0.554796547555
0.509238826537
0.657933589634
-0.491669286571
0.593643493965
0.637062567348
0.778646714094
-0.120195953484
0.615842696958
0.840988464221
-0.089288851875
0.533634616548
0.605879872786
-0.252575701825
0.754397172980
0.683881339297
-0.237539097222
0.689841642010
0.755549268635
-0.217019101830
0.618100325276
0.821994654631
-0.187759711595
0.537653306937
0.803356409733
-0.478538077006
0.354428819083
0.566384628014
-0.345367195612
0.748284674001
0.649337064094
-0.330818969151
0.684777472501
0.725434185402
-0.311606217360
0.613715575778
0.795192627186
-0.283087581027
0.536218339053
0.858264113998
-0.243048261812
0.452006917042
0.827065786021
-0.337813860330
0.449270499101
0.786065129060
-0.431282232697
0.442828689943
0.734441114076
-0.520963093271
0.434964027713
0.606395895565
-0.421293417638
0.674385553001
0.686073014302
-0.402571025174
0.606003621059
0.759711523862
-0.376885610719
0.529901535141
0.713971337781
-0.467201078730
0.521505590440
0.657933589634
-0.554796547555
0.509238826537
0.637062567348
-0.491669286571
0.593643493965
-0.924693157029
-0.029934287814
0.379534588352
-0.879805478322
-0.065298617819
0.470827368391
-0.991310254072
-0.014366625893
0.130757715762
-0.973437899333
-0.058583301455
0.221329286207
-0.944890892264
-0.099999542942
0.311739142759
-0.903988931451
-0.137084461637
0.404983780159
-0.836293541051
-0.458181810359
0.301135421118
-0.995291664648
-0.080288068958
0.054298510713
-0.980893828194
-0.125905619737
0.148307358986
-0.955515039935
-0.169408429098
0.241436932983
-0.918884936016
-0.206641530023
0.336079979219
-0.869919377814
-0.235844912626
0.433148304040
-0.881390585632
-0.304239287738
0.361371126898
-0.884562039566
-0.370407794217
0.283457340957
-0.880100296663
-0.430940767659
0.199282519514
-0.978974146590
-0.191027395036
0.071541279373
-0.957705023462
-0.234693211081
0.166493797805
-0.925019167853
-0.274719868132
0.262428148564
-0.923265627336
-0.337850094134
0.182860316289
-0.912391221296
-0.397533082491
0.097517729811
-0.950733124054
-0.297810221256
0.086113871944
0.615842696958
0.778646714094
-0.120195953484
0.533634616548
0.840988464221
-0.089288851875
0.754397172980
0.605879872786
-0.252575701825
0.689841642010
0.683881339297
-0.237539097222
0.618100325276
0.755549268635
-0.217019101830
0.537653306937
0.821994654631
-0.187759711595
0.354428819083
0.803356409733
-0.478538077006
0.748284674001
0.566384628014
-0.345367195612
0.684777472501
0.649337064094
-0.330818969151
0.613715575778
0.725434185402
-0.311606217360
0.536218339053
0.795192627186
-0.283087581027
0.452006917042
0.858264113998
-0.243048261812
0.449270499101
0.827065786021
-0.337813860330
0.442828689943
0.786065129060
-0.431282232697
0.434964027713
0.734441114076
-0.520963093271
0.674385553001
0.606395895565
-0.421293417638
0.606003621059
0.686073014302
-0.402571025174
0.529901535141
0.759711523862
-0.376885610719
0.521505590440
0.713971337781
-0.467201078730
0.509238826537
0.657933589634
-0.554796547555
0.593643493965
0.637062567348
-0.491669286571
0.071761258372
0.645776984772
0.760146306796
-0.016366531174
0.598933234367
0.800631698991
0.229330012826
0.768763798873
0.597000809680
0.142749324295
0.748424943465
0.647674867825
0.055216442490
0.718099868218
0.693746152237
-0.034047606664
0.674737768574
0.737271798010
-0.262815665182
0.812610629442
0.520184477904
0.215458371146
0.828572742959
0.516763872507
0.127099397042
0.810683092237
0.571523111722
0.037497621099
0.783124004876
0.620734018239
-0.051265438037
0.742859869076
0.667481138145
-0.138556822891
0.687851829667
0.712503941922
-0.154455647944
0.753509786839
0.639035565486
-0.168050168044
0.813236484160
0.557140522536
-0.176313715939
0.865904795372
0.468105072525
0.112204599688
0.865412948037
0.488334472650
0.022829432717
0.840696832140
0.541024632925
-0.067620473304
0.804621403273
0.589925307971
-0.079451856681
0.859355684574
0.505168496504
-0.088425491568
0.906771909028
0.412244633002
0.009802226381
0.891453715221
0.453005728414
-0.164546850233
-0.499730541836
0.850407972466
-0.079173779331
-0.560116220266
0.824621933047
-0.394309444392
-0.383333417587
0.835209885612
-0.325763031508
-0.458868383430
0.826630663592
-0.251144740027
-0.528758244589
0.810765711125
-0.166717133441
-0.592743491754
0.787947047967
-0.316109063148
-0.779673498124
0.540540744551
-0.478527792141
-0.399665706325
0.781842999160
-0.409370716472
-0.479126328137
0.776436461136
-0.334781021696
-0.553043150343
0.762931806501
-0.251403797871
-0.619167560246
0.743927189149
-0.157415435892
-0.676196565852
0.719707291108
-0.242355020146
-0.699184987228
0.672610138077
-0.327421517030
-0.714739573654
0.618014961015
-0.411995224138
-0.720245612785
0.558127398137
-0.490639673940
-0.492834697012
0.718600495253
-0.416680390537
-0.569064822979
0.708902447019
-0.335093859881
-0.639313759282
0.692091050558
-0.418097130832
-0.650061395019
0.634519481100
-0.500146588294
-0.652314277366
0.569508098066
-0.497727395640
-0.577783158515
0.646864793729
0.880342260280
-0.146046442936
0.451295846725
0.889920550866
-0.038817014101
0.454460837216
0.849576511505
-0.385430381286
0.360087728588
0.885213965047
-0.289556560036
0.364078610502
0.910765254067
-0.189341623629
0.366955585249
0.925031509604
-0.081994276820
0.370936173496
0.998722554910
-0.032937131319
0.038319755936
0.862131068119
-0.428907036634
0.269756881860
0.902342080872
-0.331556764101
0.275406756028
0.932340235599
-0.230080854533
0.278934554082
0.950568719172
-0.123692308830
0.284814541182
0.955552203733
-0.011655263816
0.294591481150
0.976849425816
-0.054324799611
0.206915478955
0.988422755232
-0.098496910506
0.115407172913
0.989068165796
-0.145659182587
0.022968803576
0.909627890289
-0.372578251025
0.183745879062
0.943595658099
-0.271632009161
0.189323230522
0.966810918690
-0.165307643991
0.194807675259
0.972369575234
-0.209294289555
0.103408459608
0.967041180557
-0.254457631662
0.009092238243
0.944675014985
-0.313670556707
0.095916098325
0.164546850233
0.499730541836
0.850407972466
0.079173779331
0.560116220266
0.824621933047
0.394309444392
0.383333417587
0.835209885612
0.325763031508
0.458868383430
0.826630663592
0.251144740027
0.528758244589
0.810765711125
0.166717133441
0.592743491754
0.787947047967
0.316109063148
0.779673498124
0.540540744551
0.478527792141
0.399665706325
0.781842999160
0.409370716472
0.479126328137
0.776436461136
0.334781021696
0.553043150343
0.762931806501
0.251403797871
0.619167560246
0.743927189149
0.157415435892
0.676196565852
0.719707291108
0.242355020146
0.699184987228
0.672610138077
0.327421517030
0.714739573654
0.618014961015
0.411995224138
0.720245612785
0.558127398137
0.490639673940
0.492834697012
0.718600495253
0.416680390537
0.569064822979
0.708902447019
0.335093859881
0.639313759282
0.692091050558
0.418097130832
0.650061395019
0.634519481100
0.500146588294
0.652314277366
0.569508098066
0.497727395640
0.577783158515
0.646864793729
-0.029934287814
-0.379534588352
0.924693157029
-0.065298617819
-0.470827368391
0.879805478322
-0.014366625893
-0.130757715762
0.991310254072
-0.058583301455
-0.221329286207
0.973437899333
-0.099999542942
-0.311739142759
0.944890892264
-0.137084461637
-0.404983780159
0.903988931451
-0.458181810359
-0.301135421118
0.836293541051
-0.080288068958
-0.054298510713
0.995291664648
-0.125905619737
-0.148307358986
0.980893828194
-0.169408429098
-0.241436932983
0.955515039935
-0.206641530023
-0.336079979219
0.918884936016
-0.235844912626
-0.433148304040
0.869919377814
-0.304239287738
-0.361371126898
0.881390585632
-0.370407794217
-0.283457340957
0.884562039566
-0.430940767659
-0.199282519514
0.880100296663
-0.191027395036
-0.071541279373
0.978974146590
-0.234693211081
-0.166493797805
0.957705023462
-0.274719868132
-0.262428148564
0.925019167853
-0.337850094134
-0.182860316289
0.923265627336
-0.397533082491
-0.097517729811
0.912391221296
-0.297810221256
-0.086113871944
0.950733124054
0.029934287814
0.379534588352
0.924693157029
0.065298617819
0.470827368391
0.879805478322
0.014366625893
0.130757715762
0.991310254072
0.058583301455
0.221329286207
0.973437899333
0.099999542942
0.311739142759
0.944890892264
0.137084461637
0.404983780159
0.903988931451
0.458181810359
0.301135421118
0.836293541051
0.080288068958
0.054298510713
0.995291664648
0.125905619737
0.148307358986
0.980893828194
0.169408429098
0.241436932983
0.955515039935
0.206641530023
0.336079979219
0.918884936016
0.235844912626
0.433148304040
0.869919377814
0.304239287738
0.361371126898
0.881390585632
0.370407794217
0.283457340957
0.884562039566
0.430940767659
0.199282519514
0.880100296663
0.191027395036
0.071541279373
0.978974146590
0.234693211081
0.166493797805
0.957705023462
0.274719868132
0.262428148564
0.925019167853
0.337850094134
0.182860316289
0.923265627336
0.397533082491
0.097517729811
0.912391221296
0.297810221256
0.086113871944
0.950733124054
-0.451295846725
0.880342260280
0.146046442936
-0.454460837216
0.889920550866
0.038817014101
-0.360087728588
0.849576511505
0.385430381286
-0.364078610502
0.885213965047
0.289556560036
-0.366955585249
0.910765254067
0.189341623629
-0.370936173496
0.925031509604
0.081994276820
-0.038319755936
0.998722554910
0.032937131319
-0.269756881860
0.862131068119
0.428907036634
-0.275406756028
0.902342080872
0.331556764101
-0.278934554082
0.932340235599
0.230080854533
-0.284814541182
0.950568719172
0.123692308830
-0.294591481150
0.955552203733
0.011655263816
-0.206915478955
0.976849425816
0.054324799611
-0.115407172913
0.988422755232
0.098496910506
-0.022968803576
0.989068165796
0.145659182587
-0.183745879062
0.909627890289
0.372578251025
-0.189323230522
0.943595658099
0.271632009161
-0.194807675259
0.966810918690
0.165307643991
-0.103408459608
0.972369575234
0.209294289555
-0.009092238243
0.967041180557
0.254457631662
-0.095916098325
0.944675014985
0.313670556707
-0.760146306796
0.071761258372
-0.645776984772
-0.800631698991
-0.016366531174
-0.598933234367
-0.597000809680
0.229330012826
-0.768763798873
-0.647674867825
0.142749324295
-0.748424943465
-0.693746152237
0.055216442490
-0.718099868218
-0.737271798010
-0.034047606664
-0.674737768574
-0.520184477904
-0.262815665182
-0.812610629442
-0.516763872507
0.215458371146
-0.828572742959
-0.571523111722
0.127099397042
-0.810683092237
-0.620734018239
0.037497621099
-0.783124004876
-0.667481138145
-0.051265438037
-0.742859869076
-0.712503941922
-0.138556822891
-0.687851829667
-0.639035565486
-0.154455647944
-0.753509786839
-0.557140522536
-0.168050168044
-0.813236484160
-0.468105072525
-0.176313715939
-0.865904795372
-0.488334472650
0.112204599688
-0.865412948037
-0.541024632925
0.022829432717
-0.840696832140
-0.589925307971
-0.067620473304
-0.804621403273
-0.505168496504
-0.079451856681
-0.859355684574
-0.412244633002
-0.088425491568
-0.906771909028
-0.453005728414
0.009802226381
-0.891453715221
-0.850407972466
-0.164546850233
0.499730541836
-0.824621933047
-0.079173779331
0.560116220266
-0.835209885612
-0.394309444392
0.383333417587
-0.826630663592
-0.325763031508
0.458868383430
-0.810765711125
-0.251144740027
0.528758244589
-0.787947047967
-0.166717133441
0.592743491754
-0.540540744551
-0.316109063148
0.779673498124
-0.781842999160
-0.478527792141
0.399665706325
-0.776436461136
-0.409370716472
0.479126328137
-0.762931806501
-0.334781021696
0.553043150343
-0.743927189149
-0.251403797871
0.619167560246
-0.719707291108
-0.157415435892
0.676196565852
-0.672610138077
-0.242355020146
0.699184987228
-0.618014961015
-0.327421517030
0.714739573654
-0.558127398137
-0.411995224138
0.720245612785
-0.718600495253
-0.490639673940
0.492834697012
-0.708902447019
-0.416680390537
0.569064822979
-0.692091050558
-0.335093859881
0.639313759282
-0.634519481100
-0.418097130832
0.650061395019
-0.569508098066
-0.500146588294
0.652314277366
-0.646864793729
-0.497727395640
0.577783158515
-0.615842696958
0.778646714094
0.120195953484
-0.533634616548
0.840988464221
0.089288851875
-0.754397172980
0.605879872786
0.252575701825
-0.689841642010
0.683881339297
0.237539097222
-0.618100325276
0.755549268635
0.217019101830
-0.537653306937
0.821994654631
0.187759711595
-0.354428819083
0.803356409733
0.478538077006
-0.748284674001
0.566384628014
0.345367195612
-0.684777472501
0.649337064094
0.330818969151
-0.613715575778
0.725434185402
0.311606217360
-0.536218339053
0.795192627186
0.283087581027
-0.452006917042
0.858264113998
0.243048261812
-0.449270499101
0.827065786021
0.337813860330
-0.442828689943
0.786065129060
0.431282232697
-0.434964027713
0.734441114076
0.520963093271
-0.674385553001
0.606395895565
0.421293417638
-0.606003621059
0.686073014302
0.402571025174
-0.529901535141
0.759711523862
0.376885610719
-0.521505590440
0.713971337781
0.467201078730
-0.509238826537
0.657933589634
0.554796547555
-0.593643493965
0.637062567348
0.491669286571
-0.850407972466
0.164546850233
-0.499730541836
-0.824621933047
0.079173779331
-0.560116220266
-0.835209885612
0.394309444392
-0.383333417587
-0.826630663592
0.325763031508
-0.458868383430
-0.810765711125
0.251144740027
-0.528758244589
-0.787947047967
0.166717133441
-0.592743491754
-0.540540744551
0.316109063148
-0.779673498124
-0.781842999160
0.478527792141
-0.399665706325
-0.776436461136
0.409370716472
-0.479126328137
-0.762931806501
0.334781021696
-0.553043150343
-0.743927189149
0.251403797871
-0.619167560246
-0.719707291108
0.157415435892
-0.676196565852
-0.672610138077
0.242355020146
-0.699184987228
-0.618014961015
0.327421517030
-0.714739573654
-0.558127398137
0.411995224138
-0.720245612785
-0.718600495253
0.490639673940
-0.492834697012
-0.708902447019
0.416680390537
-0.569064822979
-0.692091050558
0.335093859881
-0.639313759282
-0.634519481100
0.418097130832
-0.650061395019
-0.569508098066
0.500146588294
-0.652314277366
-0.646864793729
0.497727395640
-0.577783158515
-0.451295846725
-0.880342260280
-0.146046442936
-0.454460837216
-0.889920550866
-0.038817014101
-0.360087728588
-0.849576511505
-0.385430381286
-0.364078610502
-0.885213965047
-0.289556560036
-0.366955585249
-0.910765254067
-0.189341623629
-0.370936173496
-0.925031509604
-0.081994276820
-0.038319755936
-0.998722554910
-0.032937131319
-0.269756881860
-0.862131068119
-0.428907036634
-0.275406756028
-0.902342080872
-0.331556764101
-0.278934554082
-0.932340235599
-0.230080854533
-0.284814541182
-0.950568719172
-0.123692308830
-0.294591481150
-0.955552203733
-0.011655263816
-0.206915478955
-0.976849425816
-0.054324799611
-0.115407172913
-0.988422755232
-0.098496910506
-0.022968803576
-0.989068165796
-0.145659182587
-0.183745879062
-0.909627890289
-0.372578251025
-0.189323230522
-0.943595658099
-0.271632009161
-0.194807675259
-0.966810918690
-0.165307643991
-0.103408459608
-0.972369575234
-0.209294289555
-0.009092238243
-0.967041180557
-0.254457631662
-0.095916098325
-0.944675014985
-0.313670556707
0.760146306796
0.071761258372
0.645776984772
0.800631698991
-0.016366531174
0.598933234367
0.597000809680
0.229330012826
0.768763798873
0.647674867825
0.142749324295
0.748424943465
0.693746152237
0.055216442490
0.718099868218
0.737271798010
-0.034047606664
0.674737768574
0.520184477904
-0.262815665182
0.812610629442
0.516763872507
0.215458371146
0.828572742959
0.571523111722
0.127099397042
0.810683092237
0.620734018239
0.037497621099
0.783124004876
0.667481138145
-0.051265438037
0.742859869076
0.712503941922
-0.138556822891
0.687851829667
0.639035565486
-0.154455647944
0.753509786839
0.557140522536
-0.168050168044
0.813236484160
0.468105072525
-0.176313715939
0.865904795372
0.488334472650
0.112204599688
0.865412948037
0.541024632925
0.022829432717
0.840696832140
0.589925307971
-0.067620473304
0.804621403273
0.505168496504
-0.079451856681
0.859355684574
0.412244633002
-0.088425491568
0.906771909028
0.453005728414
0.009802226381
0.891453715221
0.850407972466
-0.164546850233
-0.499730541836
0.824621933047
-0.079173779331
-0.560116220266
0.835209885612
-0.394309444392
-0.383333417587
0.826630663592
-0.325763031508
-0.458868383430
0.810765711125
-0.251144740027
-0.528758244589
0.787947047967
-0.166717133441
-0.592743491754
0.540540744551
-0.316109063148
-0.779673498124
0.781842999160
-0.478527792141
-0.399665706325
0.776436461136
-0.409370716472
-0.479126328137
0.762931806501
-0.334781021696
-0.553043150343
0.743927189149
-0.251403797871
-0.619167560246
0.719707291108
-0.157415435892
-0.676196565852
0.672610138077
-0.242355020146
-0.699184987228
0.618014961015
-0.327421517030
-0.714739573654
0.558127398137
-0.411995224138
-0.720245612785
0.718600495253
-0.490639673940
-0.492834697012
0.708902447019
-0.416680390537
-0.569064822979
0.692091050558
-0.335093859881
-0.639313759282
0.634519481100
-0.418097130832
-0.650061395019
0.569508098066
-0.500146588294
-0.652314277366
0.646864793729
-0.497727395640
-0.577783158515
0.451295846725
0.880342260280
-0.146046442936
0.454460837216
0.889920550866
-0.038817014101
0.360087728588
0.849576511505
-0.385430381286
0.364078610502
0.885213965047
-0.289556560036
0.366955585249
0.910765254067
-0.189341623629
0.370936173496
0.925031509604
-0.081994276820
0.038319755936
0.998722554910
-0.032937131319
0.269756881860
0.862131068119
-0.428907036634
0.275406756028
0.902342080872
-0.331556764101
0.278934554082
0.932340235599
-0.230080854533
0.284814541182
0.950568719172
-0.123692308830
0.294591481150
0.955552203733
-0.011655263816
0.206915478955
0.976849425816
-0.054324799611
0.115407172913
0.988422755232
-0.098496910506
0.022968803576
0.989068165796
-0.145659182587
0.183745879062
0.909627890289
-0.372578251025
0.189323230522
0.943595658099
-0.271632009161
0.194807675259
0.966810918690
-0.165307643991
0.103408459608
0.972369575234
-0.209294289555
0.009092238243
0.967041180557
-0.254457631662
0.095916098325
0.944675014985
-0.313670556707
0.850407972466
0.164546850233
0.499730541836
0.824621933047
0.079173779331
0.560116220266
0.835209885612
0.394309444392
0.383333417587
0.826630663592
0.325763031508
0.458868383430
0.810765711125
0.251144740027
0.528758244589
0.787947047967
0.166717133441
0.592743491754
0.540540744551
0.316109063148
0.779673498124
0.781842999160
0.478527792141
0.399665706325
0.776436461136
0.409370716472
0.479126328137
0.762931806501
0.334781021696
0.553043150343
0.743927189149
0.251403797871
0.619167560246
0.719707291108
0.157415435892
0.676196565852
0.672610138077
0.242355020146
0.699184987228
0.618014961015
0.327421517030
0.714739573654
0.558127398137
0.411995224138
0.720245612785
0.718600495253
0.490639673940
0.492834697012
0.708902447019
0.416680390537
0.569064822979
0.692091050558
0.335093859881
0.639313759282
0.634519481100
0.418097130832
0.650061395019
0.569508098066
0.500146588294
0.652314277366
0.646864793729
0.497727395640
0.577783158515
0.924693157029
-0.029934287814
-0.379534588352
0.879805478322
-0.065298617819
-0.470827368391
0.991310254072
-0.014366625893
-0.130757715762
0.973437899333
-0.058583301455
-0.221329286207
0.944890892264
-0.099999542942
-0.311739142759
0.903988931451
-0.137084461637
-0.404983780159
0.836293541051
-0.458181810359
-0.301135421118
0.995291664648
-0.080288068958
-0.054298510713
0.980893828194
-0.125905619737
-0.148307358986
0.955515039935
-0.169408429098
-0.241436932983
0.918884936016
-0.206641530023
-0.336079979219
0.869919377814
-0.235844912626
-0.433148304040
0.881390585632
-0.304239287738
-0.361371126898
0.884562039566
-0.370407794217
-0.283457340957
0.880100296663
-0.430940767659
-0.199282519514
0.978974146590
-0.191027395036
-0.071541279373
0.957705023462
-0.234693211081
-0.166493797805
0.925019167853
-0.274719868132
-0.262428148564
0.923265627336
-0.337850094134
-0.182860316289
0.912391221296
-0.397533082491
-0.097517729811
0.950733124054
-0.297810221256
-0.086113871944
-0.029934287814
0.379534588352
-0.924693157029
-0.065298617819
0.470827368391
-0.879805478322
-0.014366625893
0.130757715762
-0.991310254072
-0.058583301455
0.221329286207
-0.973437899333
-0.099999542942
0.311739142759
-0.944890892264
-0.137084461637
0.404983780159
-0.903988931451
-0.458181810359
0.301135421118
-0.836293541051
-0.080288068958
0.054298510713
-0.995291664648
-0.125905619737
0.148307358986
-0.980893828194
-0.169408429098
0.241436932983
-0.955515039935
-0.206641530023
0.336079979219
-0.918884936016
-0.235844912626
0.433148304040
-0.869919377814
-0.304239287738
0.361371126898
-0.881390585632
-0.370407794217
0.283457340957
-0.884562039566
-0.430940767659
0.199282519514
-0.880100296663
-0.191027395036
0.071541279373
-0.978974146590
-0.234693211081
0.166493797805
-0.957705023462
-0.274719868132
0.262428148564
-0.925019167853
-0.337850094134
0.182860316289
-0.923265627336
-0.397533082491
0.097517729811
-0.912391221296
-0.297810221256
0.086113871944
-0.950733124054
0.451295846725
-0.880342260280
0.146046442936
0.454460837216
-0.889920550866
0.038817014101
0.360087728588
-0.849576511505
0.385430381286
0.364078610502
-0.885213965047
0.289556560036
0.366955585249
-0.910765254067
0.189341623629
0.370936173496
-0.925031509604
0.081994276820
0.038319755936
-0.998722554910
0.032937131319
0.269756881860
-0.862131068119
0.428907036634
0.275406756028
-0.902342080872
0.331556764101
0.278934554082
-0.932340235599
0.230080854533
0.284814541182
-0.950568719172
0.123692308830
0.294591481150
-0.955552203733
0.011655263816
0.206915478955
-0.976849425816
0.054324799611
0.115407172913
-0.988422755232
0.098496910506
0.022968803576
-0.989068165796
0.145659182587
0.183745879062
-0.909627890289
0.372578251025
0.189323230522
-0.943595658099
0.271632009161
0.194807675259
-0.966810918690
0.165307643991
0.103408459608
-0.972369575234
0.209294289555
0.009092238243
-0.967041180557
0.254457631662
0.095916098325
-0.944675014985
0.313670556707
-0.880342260280
0.146046442936
0.451295846725
-0.889920550866
0.038817014101
0.454460837216
-0.849576511505
0.385430381286
0.360087728588
-0.885213965047
0.289556560036
0.364078610502
-0.910765254067
0.189341623629
0.366955585249
-0.925031509604
0.081994276820
0.370936173496
-0.998722554910
0.032937131319
0.038319755936
-0.862131068119
0.428907036634
0.269756881860
-0.902342080872
0.331556764101
0.275406756028
-0.932340235599
0.230080854533
0.278934554082
-0.950568719172
0.123692308830
0.284814541182
-0.955552203733
0.011655263816
0.294591481150
-0.976849425816
0.054324799611
0.206915478955
-0.988422755232
0.098496910506
0.115407172913
-0.989068165796
0.145659182587
0.022968803576
-0.909627890289
0.372578251025
0.183745879062
-0.943595658099
0.271632009161
0.189323230522
-0.966810918690
0.165307643991
0.194807675259
-0.972369575234
0.209294289555
0.103408459608
-0.967041180557
0.254457631662
0.009092238243
-0.944675014985
0.313670556707
0.095916098325
-0.071761258372
-0.645776984772
0.760146306796
0.016366531174
-0.598933234367
0.800631698991
-0.229330012826
-0.768763798873
0.597000809680
-0.142749324295
-0.748424943465
0.647674867825
-0.055216442490
-0.718099868218
0.693746152237
0.034047606664
-0.674737768574
0.737271798010
0.262815665182
-0.812610629442
0.520184477904
-0.215458371146
-0.828572742959
0.516763872507
-0.127099397042
-0.810683092237
0.571523111722
-0.037497621099
-0.783124004876
0.620734018239
0.051265438037
-0.742859869076
0.667481138145
0.138556822891
-0.687851829667
0.712503941922
0.154455647944
-0.753509786839
0.639035565486
0.168050168044
-0.813236484160
0.557140522536
0.176313715939
-0.865904795372
0.468105072525
-0.112204599688
-0.865412948037
0.488334472650
-0.022829432717
-0.840696832140
0.541024632925
0.067620473304
-0.804621403273
0.589925307971
0.079451856681
-0.859355684574
0.505168496504
0.088425491568
-0.906771909028
0.412244633002
-0.009802226381
-0.891453715221
0.453005728414
-0.778646714094
0.120195953484
0.615842696958
-0.840988464221
0.089288851875
0.533634616548
-0.605879872786
0.252575701825
0.754397172980
-0.683881339297
0.237539097222
0.689841642010
-0.755549268635
0.217019101830
0.618100325276
-0.821994654631
0.187759711595
0.537653306937
-0.803356409733
0.478538077006
0.354428819083
-0.566384628014
0.345367195612
0.748284674001
-0.649337064094
0.330818969151
0.684777472501
-0.725434185402
0.311606217360
0.613715575778
-0.795192627186
0.283087581027
0.536218339053
-0.858264113998
0.243048261812
0.452006917042
-0.827065786021
0.337813860330
0.449270499101
-0.786065129060
0.431282232697
0.442828689943
-0.734441114076
0.520963093271
0.434964027713
-0.606395895565
0.421293417638
0.674385553001
-0.686073014302
0.402571025174
0.606003621059
-0.759711523862
0.376885610719
0.529901535141
-0.713971337781
0.467201078730
0.521505590440
-0.657933589634
0.554796547555
0.509238826537
-0.637062567348
0.491669286571
0.593643493965
-0.615842696958
-0.778646714094
-0.120195953484
-0.533634616548
-0.840988464221
-0.089288851875
-0.754397172980
-0.605879872786
-0.252575701825
-0.689841642010
-0.683881339297
-0.237539097222
-0.618100325276
-0.755549268635
-0.217019101830
-0.537653306937
-0.821994654631
-0.187759711595
-0.354428819083
-0.803356409733
-0.478538077006
-0.748284674001
-0.566384628014
-0.345367195612
-0.684777472501
-0.649337064094
-0.330818969151
-0.613715575778
-0.725434185402
-0.311606217360
-0.536218339053
-0.795192627186
-0.283087581027
-0.452006917042
-0.858264113998
-0.243048261812
-0.449270499101
-0.827065786021
-0.337813860330
-0.442828689943
-0.786065129060
-0.431282232697
-0.434964027713
-0.734441114076
-0.520963093271
-0.674385553001
-0.606395895565
-0.421293417638
-0.606003621059
-0.686073014302
-0.402571025174
-0.529901535141
-0.759711523862
-0.376885610719
-0.521505590440
-0.713971337781
-0.467201078730
-0.509238826537
-0.657933589634
-0.554796547555
-0.593643493965
-0.637062567348
-0.491669286571
0.120195953484
-0.615842696958
0.778646714094
0.089288851875
-0.533634616548
0.840988464221
0.252575701825
-0.754397172980
0.605879872786
0.237539097222
-0.689841642010
0.683881339297
0.217019101830
-0.618100325276
0.755549268635
0.187759711595
-0.537653306937
0.821994654631
0.478538077006
-0.354428819083
0.803356409733
0.345367195612
-0.748284674001
0.566384628014
0.330818969151
-0.684777472501
0.649337064094
0.311606217360
-0.613715575778
0.725434185402
0.283087581027
-0.536218339053
0.795192627186
0.243048261812
-0.452006917042
0.858264113998
0.337813860330
-0.449270499101
0.827065786021
0.431282232697
-0.442828689943
0.786065129060
0.520963093271
-0.434964027713
0.734441114076
0.421293417638
-0.674385553001
0.606395895565
0.402571025174
-0.606003621059
0.686073014302
0.376885610719
-0.529901535141
0.759711523862
0.467201078730
-0.521505590440
0.713971337781
0.554796547555
-0.509238826537
0.657933589634
0.491669286571
-0.593643493965
0.637062567348
-0.760146306796
-0.071761258372
0.645776984772
-0.800631698991
0.016366531174
0.598933234367
-0.597000809680
-0.229330012826
0.768763798873
-0.647674867825
-0.142749324295
0.748424943465
-0.693746152237
-0.055216442490
0.718099868218
-0.737271798010
0.034047606664
0.674737768574
-0.520184477904
0.262815665182
0.812610629442
-0.516763872507
-0.215458371146
0.828572742959
-0.571523111722
-0.127099397042
0.810683092237
-0.620734018239
-0.037497621099
0.783124004876
-0.667481138145
0.051265438037
0.742859869076
-0.712503941922
0.138556822891
0.687851829667
-0.639035565486
0.154455647944
0.753509786839
-0.557140522536
0.168050168044
0.813236484160
-0.468105072525
0.176313715939
0.865904795372
-0.488334472650
-0.112204599688
0.865412948037
-0.541024632925
-0.022829432717
0.840696832140
-0.589925307971
0.067620473304
0.804621403273
-0.505168496504
0.079451856681
0.859355684574
-0.412244633002
0.088425491568
0.906771909028
-0.453005728414
-0.009802226381
0.891453715221
0.379534588352
-0.924693157029
-0.029934287814
0.470827368391
-0.879805478322
-0.065298617819
0.130757715762
-0.991310254072
-0.014366625893
0.221329286207
-0.973437899333
-0.058583301455
0.311739142759
-0.944890892264
-0.099999542942
0.404983780159
-0.903988931451
-0.137084461637
0.301135421118
-0.836293541051
-0.458181810359
0.054298510713
-0.995291664648
-0.080288068958
0.148307358986
-0.980893828194
-0.125905619737
0.241436932983
-0.955515039935
-0.169408429098
0.336079979219
-0.918884936016
-0.206641530023
0.433148304040
-0.869919377814
-0.235844912626
0.361371126898
-0.881390585632
-0.304239287738
0.283457340957
-0.884562039566
-0.370407794217
0.199282519514
-0.880100296663
-0.430940767659
0.071541279373
-0.978974146590
-0.191027395036
0.166493797805
-0.957705023462
-0.234693211081
0.262428148564
-0.925019167853
-0.274719868132
0.182860316289
-0.923265627336
-0.337850094134
0.097517729811
-0.912391221296
-0.397533082491
0.086113871944
-0.950733124054
-0.297810221256
0.924693157029
0.029934287814
0.379534588352
0.879805478322
0.065298617819
0.470827368391
0.991310254072
0.014366625893
0.130757715762
0.973437899333
0.058583301455
0.221329286207
0.944890892264
0.099999542942
0.311739142759
0.903988931451
0.137084461637
0.404983780159
0.836293541051
0.458181810359
0.301135421118
0.995291664648
0.080288068958
0.054298510713
0.980893828194
0.125905619737
0.148307358986
0.955515039935
0.169408429098
0.241436932983
0.918884936016
0.206641530023
0.336079979219
0.869919377814
0.235844912626
0.433148304040
0.881390585632
0.304239287738
0.361371126898
0.884562039566
0.370407794217
0.283457340957
0.880100296663
0.430940767659
0.199282519514
0.978974146590
0.191027395036
0.071541279373
0.957705023462
0.234693211081
0.166493797805
0.925019167853
0.274719868132
0.262428148564
0.923265627336
0.337850094134
0.182860316289
0.912391221296
0.397533082491
0.097517729811
0.950733124054
0.297810221256
0.086113871944
0.146046442936
-0.451295846725
0.880342260280
0.038817014101
-0.454460837216
0.889920550866
0.385430381286
-0.360087728588
0.849576511505
0.289556560036
-0.364078610502
0.885213965047
0.189341623629
-0.366955585249
0.910765254067
0.081994276820
-0.370936173496
0.925031509604
0.032937131319
-0.038319755936
0.998722554910
0.428907036634
-0.269756881860
0.862131068119
0.331556764101
-0.275406756028
0.902342080872
0.230080854533
-0.278934554082
0.932340235599
0.123692308830
-0.284814541182
0.950568719172
0.011655263816
-0.294591481150
0.955552203733
0.054324799611
-0.206915478955
0.976849425816
0.098496910506
-0.115407172913
0.988422755232
0.145659182587
-0.022968803576
0.989068165796
0.372578251025
-0.183745879062
0.909627890289
0.271632009161
-0.189323230522
0.943595658099
0.165307643991
-0.194807675259
0.966810918690
0.209294289555
-0.103408459608
0.972369575234
0.254457631662
-0.009092238243
0.967041180557
0.313670556707
-0.095916098325
0.944675014985
0.760146306796
-0.071761258372
-0.645776984772
0.800631698991
0.016366531174
-0.598933234367
0.597000809680
-0.229330012826
-0.768763798873
0.647674867825
-0.142749324295
-0.748424943465
0.693746152237
-0.055216442490
-0.718099868218
0.737271798010
0.034047606664
-0.674737768574
0.520184477904
0.262815665182
-0.812610629442
0.516763872507
-0.215458371146
-0.828572742959
0.571523111722
-0.127099397042
-0.810683092237
0.620734018239
-0.037497621099
-0.783124004876
0.667481138145
0.051265438037
-0.742859869076
0.712503941922
0.138556822891
-0.687851829667
0.639035565486
0.154455647944
-0.753509786839
0.557140522536
0.168050168044
-0.813236484160
0.468105072525
0.176313715939
-0.865904795372
0.488334472650
-0.112204599688
-0.865412948037
0.541024632925
-0.022829432717
-0.840696832140
0.589925307971
0.067620473304
-0.804621403273
0.505168496504
0.079451856681
-0.859355684574
0.412244633002
0.088425491568
-0.906771909028
0.453005728414
-0.009802226381
-0.891453715221
-0.645776984772
-0.760146306796
0.071761258372
-0.598933234367
-0.800631698991
-0.016366531174
-0.768763798873
-0.597000809680
0.229330012826
-0.748424943465
-0.647674867825
0.142749324295
-0.718099868218
-0.693746152237
0.055216442490
-0.674737768574
-0.737271798010
-0.034047606664
-0.812610629442
-0.520184477904
-0.262815665182
-0.828572742959
-0.516763872507
0.215458371146
-0.810683092237
-0.571523111722
0.127099397042
-0.783124004876
-0.620734018239
0.037497621099
-0.742859869076
-0.667481138145
-0.051265438037
-0.687851829667
-0.712503941922
-0.138556822891
-0.753509786839
-0.639035565486
-0.154455647944
-0.813236484160
-0.557140522536
-0.168050168044
-0.865904795372
-0.468105072525
-0.176313715939
-0.865412948037
-0.488334472650
0.112204599688
-0.840696832140
-0.541024632925
0.022829432717
-0.804621403273
-0.589925307971
-0.067620473304
-0.859355684574
-0.505168496504
-0.079451856681
-0.906771909028
-0.412244633002
-0.088425491568
-0.891453715221
-0.453005728414
0.009802226381
0.615842696958
-0.778646714094
0.120195953484
0.533634616548
-0.840988464221
0.089288851875
0.754397172980
-0.605879872786
0.252575701825
0.689841642010
-0.683881339297
0.237539097222
0.618100325276
-0.755549268635
0.217019101830
0.537653306937
-0.821994654631
0.187759711595
0.354428819083
-0.803356409733
0.478538077006
0.748284674001
-0.566384628014
0.345367195612
0.684777472501
-0.649337064094
0.330818969151
0.613715575778
-0.725434185402
0.311606217360
0.536218339053
-0.795192627186
0.283087581027
0.452006917042
-0.858264113998
0.243048261812
0.449270499101
-0.827065786021
0.337813860330
0.442828689943
-0.786065129060
0.431282232697
0.434964027713
-0.734441114076
0.520963093271
0.674385553001
-0.606395895565
0.421293417638
0.606003621059
-0.686073014302
0.402571025174
0.529901535141
-0.759711523862
0.376885610719
0.521505590440
-0.713971337781
0.467201078730
0.509238826537
-0.657933589634
0.554796547555
0.593643493965
-0.637062567348
0.491669286571
-0.120195953484
-0.615842696958
-0.778646714094
-0.089288851875
-0.533634616548
-0.840988464221
-0.252575701825
-0.754397172980
-0.605879872786
-0.237539097222
-0.689841642010
-0.683881339297
-0.217019101830
-0.618100325276
-0.755549268635
-0.187759711595
-0.537653306937
-0.821994654631
-0.478538077006
-0.354428819083
-0.803356409733
-0.345367195612
-0.748284674001
-0.566384628014
-0.330818969151
-0.684777472501
-0.649337064094
-0.311606217360
-0.613715575778
-0.725434185402
-0.283087581027
-0.536218339053
-0.795192627186
-0.243048261812
-0.452006917042
-0.858264113998
-0.337813860330
-0.449270499101
-0.827065786021
-0.431282232697
-0.442828689943
-0.786065129060
-0.520963093271
-0.434964027713
-0.734441114076
-0.421293417638
-0.674385553001
-0.606395895565
-0.402571025174
-0.606003621059
-0.686073014302
-0.376885610719
-0.529901535141
-0.759711523862
-0.467201078730
-0.521505590440
-0.713971337781
-0.554796547555
-0.509238826537
-0.657933589634
-0.491669286571
-0.593643493965
-0.637062567348
0.120195953484
0.615842696958
-0.778646714094
0.089288851875
0.533634616548
-0.840988464221
0.252575701825
0.754397172980
-0.605879872786
0.237539097222
0.689841642010
-0.683881339297
0.217019101830
0.618100325276
-0.755549268635
0.187759711595
0.537653306937
-0.821994654631
0.478538077006
0.354428819083
-0.803356409733
0.345367195612
0.748284674001
-0.566384628014
0.330818969151
0.684777472501
-0.649337064094
0.311606217360
0.613715575778
-0.725434185402
0.283087581027
0.536218339053
-0.795192627186
0.243048261812
0.452006917042
-0.858264113998
0.337813860330
0.449270499101
-0.827065786021
0.431282232697
0.442828689943
-0.786065129060
0.520963093271
0.434964027713
-0.734441114076
0.421293417638
0.674385553001
-0.606395895565
0.402571025174
0.606003621059
-0.686073014302
0.376885610719
0.529901535141
-0.759711523862
0.467201078730
0.521505590440
-0.713971337781
0.554796547555
0.509238826537
-0.657933589634
0.491669286571
0.593643493965
-0.637062567348
-0.778646714094
-0.120195953484
-0.615842696958
-0.840988464221
-0.089288851875
-0.533634616548
-0.605879872786
-0.252575701825
-0.754397172980
-0.683881339297
-0.237539097222
-0.689841642010
-0.755549268635
-0.217019101830
-0.618100325276
-0.821994654631
-0.187759711595
-0.537653306937
-0.803356409733
-0.478538077006
-0.354428819083
-0.566384628014
-0.345367195612
-0.748284674001
-0.649337064094
-0.330818969151
-0.684777472501
-0.725434185402
-0.311606217360
-0.613715575778
-0.795192627186
-0.283087581027
-0.536218339053
-0.858264113998
-0.243048261812
-0.452006917042
-0.827065786021
-0.337813860330
-0.449270499101
-0.786065129060
-0.431282232697
-0.442828689943
-0.734441114076
-0.520963093271
-0.434964027713
-0.606395895565
-0.421293417638
-0.674385553001
-0.686073014302
-0.402571025174
-0.606003621059
-0.759711523862
-0.376885610719
-0.529901535141
-0.713971337781
-0.467201078730
-0.521505590440
-0.657933589634
-0.554796547555
-0.509238826537
-0.637062567348
-0.491669286571
-0.593643493965
-0.645776984772
0.760146306796
-0.071761258372
-0.598933234367
0.800631698991
0.016366531174
-0.768763798873
0.597000809680
-0.229330012826
-0.748424943465
0.647674867825
-0.142749324295
-0.718099868218
0.693746152237
-0.055216442490
-0.674737768574
0.737271798010
0.034047606664
-0.812610629442
0.520184477904
0.262815665182
-0.828572742959
0.516763872507
-0.215458371146
-0.810683092237
0.571523111722
-0.127099397042
-0.783124004876
0.620734018239
-0.037497621099
-0.742859869076
0.667481138145
0.051265438037
-0.687851829667
0.712503941922
0.138556822891
-0.753509786839
0.639035565486
0.154455647944
-0.813236484160
0.557140522536
0.168050168044
-0.865904795372
0.468105072525
0.176313715939
-0.865412948037
0.488334472650
-0.112204599688
-0.840696832140
0.541024632925
-0.022829432717
-0.804621403273
0.589925307971
0.067620473304
-0.859355684574
0.505168496504
0.079451856681
-0.906771909028
0.412244633002
0.088425491568
-0.891453715221
0.453005728414
-0.009802226381
-0.071761258372
0.645776984772
-0.760146306796
0.016366531174
0.598933234367
-0.800631698991
-0.229330012826
0.768763798873
-0.597000809680
-0.142749324295
0.748424943465
-0.647674867825
-0.055216442490
0.718099868218
-0.693746152237
0.034047606664
0.674737768574
-0.737271798010
0.262815665182
0.812610629442
-0.520184477904
-0.215458371146
0.828572742959
-0.516763872507
-0.127099397042
0.810683092237
-0.571523111722
-0.037497621099
0.783124004876
-0.620734018239
0.051265438037
0.742859869076
-0.667481138145
0.138556822891
0.687851829667
-0.712503941922
0.154455647944
0.753509786839
-0.639035565486
0.168050168044
0.813236484160
-0.557140522536
0.176313715939
0.865904795372
-0.468105072525
-0.112204599688
0.865412948037
-0.488334472650
-0.022829432717
0.840696832140
-0.541024632925
0.067620473304
0.804621403273
-0.589925307971
0.079451856681
0.859355684574
-0.505168496504
0.088425491568
0.906771909028
-0.412244633002
-0.009802226381
0.891453715221
-0.453005728414
0.164546850233
-0.499730541836
-0.850407972466
0.079173779331
-0.560116220266
-0.824621933047
0.394309444392
-0.383333417587
-0.835209885612
0.325763031508
-0.458868383430
-0.826630663592
0.251144740027
-0.528758244589
-0.810765711125
0.166717133441
-0.592743491754
-0.787947047967
0.316109063148
-0.779673498124
-0.540540744551
0.478527792141
-0.399665706325
-0.781842999160
0.409370716472
-0.479126328137
-0.776436461136
0.334781021696
-0.553043150343
-0.762931806501
0.251403797871
-0.619167560246
-0.743927189149
0.157415435892
-0.676196565852
-0.719707291108
0.242355020146
-0.699184987228
-0.672610138077
0.327421517030
-0.714739573654
-0.618014961015
0.411995224138
-0.720245612785
-0.558127398137
0.490639673940
-0.492834697012
-0.718600495253
0.416680390537
-0.569064822979
-0.708902447019
0.335093859881
-0.639313759282
-0.692091050558
0.418097130832
-0.650061395019
-0.634519481100
0.500146588294
-0.652314277366
-0.569508098066
0.497727395640
-0.577783158515
-0.646864793729
-0.880342260280
-0.146046442936
-0.451295846725
-0.889920550866
-0.038817014101
-0.454460837216
-0.849576511505
-0.385430381286
-0.360087728588
-0.885213965047
-0.289556560036
-0.364078610502
-0.910765254067
-0.189341623629
-0.366955585249
-0.925031509604
-0.081994276820
-0.370936173496
-0.998722554910
-0.032937131319
-0.038319755936
-0.862131068119
-0.428907036634
-0.269756881860
-0.902342080872
-0.331556764101
-0.275406756028
-0.932340235599
-0.230080854533
-0.278934554082
-0.950568719172
-0.123692308830
-0.284814541182
-0.955552203733
-0.011655263816
-0.294591481150
-0.976849425816
-0.054324799611
-0.206915478955
-0.988422755232
-0.098496910506
-0.115407172913
-0.989068165796
-0.145659182587
-0.022968803576
-0.909627890289
-0.372578251025
-0.183745879062
-0.943595658099
-0.271632009161
-0.189323230522
-0.966810918690
-0.165307643991
-0.194807675259
-0.972369575234
-0.209294289555
-0.103408459608
-0.967041180557
-0.254457631662
-0.009092238243
-0.944675014985
-0.313670556707
-0.095916098325
-0.164546850233
0.499730541836
-0.850407972466
-0.079173779331
0.560116220266
-0.824621933047
-0.394309444392
0.383333417587
-0.835209885612
-0.325763031508
0.458868383430
-0.826630663592
-0.251144740027
0.528758244589
-0.810765711125
-0.166717133441
0.592743491754
-0.787947047967
-0.316109063148
0.779673498124
-0.540540744551
-0.478527792141
0.399665706325
-0.781842999160
-0.409370716472
0.479126328137
-0.776436461136
-0.334781021696
0.553043150343
-0.762931806501
-0.251403797871
0.619167560246
-0.743927189149
-0.157415435892
0.676196565852
-0.719707291108
-0.242355020146
0.699184987228
-0.672610138077
-0.327421517030
0.714739573654
-0.618014961015
-0.411995224138
0.720245612785
-0.558127398137
-0.490639673940
0.492834697012
-0.718600495253
-0.416680390537
0.569064822979
-0.708902447019
-0.335093859881
0.639313759282
-0.692091050558
-0.418097130832
0.650061395019
-0.634519481100
-0.500146588294
0.652314277366
-0.569508098066
-0.497727395640
0.577783158515
-0.646864793729
0.880342260280
0.146046442936
-0.451295846725
0.889920550866
0.038817014101
-0.454460837216
0.849576511505
0.385430381286
-0.360087728588
0.885213965047
0.289556560036
-0.364078610502
0.910765254067
0.189341623629
-0.366955585249
0.925031509604
0.081994276820
-0.370936173496
0.998722554910
0.032937131319
-0.038319755936
0.862131068119
0.428907036634
-0.269756881860
0.902342080872
0.331556764101
-0.275406756028
0.932340235599
0.230080854533
-0.278934554082
0.950568719172
0.123692308830
-0.284814541182
0.955552203733
0.011655263816
-0.294591481150
0.976849425816
0.054324799611
-0.206915478955
0.988422755232
0.098496910506
-0.115407172913
0.989068165796
0.145659182587
-0.022968803576
0.909627890289
0.372578251025
-0.183745879062
0.943595658099
0.271632009161
-0.189323230522
0.966810918690
0.165307643991
-0.194807675259
0.972369575234
0.209294289555
-0.103408459608
0.967041180557
0.254457631662
-0.009092238243
0.944675014985
0.313670556707
-0.095916098325
0.071761258372
-0.645776984772
-0.760146306796
-0.016366531174
-0.598933234367
-0.800631698991
0.229330012826
-0.768763798873
-0.597000809680
0.142749324295
-0.748424943465
-0.647674867825
0.055216442490
-0.718099868218
-0.693746152237
-0.034047606664
-0.674737768574
-0.737271798010
-0.262815665182
-0.812610629442
-0.520184477904
0.215458371146
-0.828572742959
-0.516763872507
0.127099397042
-0.810683092237
-0.571523111722
0.037497621099
-0.783124004876
-0.620734018239
-0.051265438037
-0.742859869076
-0.667481138145
-0.138556822891
-0.687851829667
-0.712503941922
-0.154455647944
-0.753509786839
-0.639035565486
-0.168050168044
-0.813236484160
-0.557140522536
-0.176313715939
-0.865904795372
-0.468105072525
0.112204599688
-0.865412948037
-0.488334472650
0.022829432717
-0.840696832140
-0.541024632925
-0.067620473304
-0.804621403273
-0.589925307971
-0.079451856681
-0.859355684574
-0.505168496504
-0.088425491568
-0.906771909028
-0.412244633002
0.009802226381
-0.891453715221
-0.453005728414
0.778646714094
0.120195953484
-0.615842696958
0.840988464221
0.089288851875
-0.533634616548
0.605879872786
0.252575701825
-0.754397172980
0.683881339297
0.237539097222
-0.689841642010
0.755549268635
0.217019101830
-0.618100325276
0.821994654631
0.187759711595
-0.537653306937
0.803356409733
0.478538077006
-0.354428819083
0.566384628014
0.345367195612
-0.748284674001
0.649337064094
0.330818969151
-0.684777472501
0.725434185402
0.311606217360
-0.613715575778
0.795192627186
0.283087581027
-0.536218339053
0.858264113998
0.243048261812
-0.452006917042
0.827065786021
0.337813860330
-0.449270499101
0.786065129060
0.431282232697
-0.442828689943
0.734441114076
0.520963093271
-0.434964027713
0.606395895565
0.421293417638
-0.674385553001
0.686073014302
0.402571025174
-0.606003621059
0.759711523862
0.376885610719
-0.529901535141
0.713971337781
0.467201078730
-0.521505590440
0.657933589634
0.554796547555
-0.509238826537
0.637062567348
0.491669286571
-0.593643493965
-0.924693157029
0.029934287814
-0.379534588352
-0.879805478322
0.065298617819
-0.470827368391
-0.991310254072
0.014366625893
-0.130757715762
-0.973437899333
0.058583301455
-0.221329286207
-0.944890892264
0.099999542942
-0.311739142759
-0.903988931451
0.137084461637
-0.404983780159
-0.836293541051
0.458181810359
-0.301135421118
-0.995291664648
0.080288068958
-0.054298510713
-0.980893828194
0.125905619737
-0.148307358986
-0.955515039935
0.169408429098
-0.241436932983
-0.918884936016
0.206641530023
-0.336079979219
-0.869919377814
0.235844912626
-0.433148304040
-0.881390585632
0.304239287738
-0.361371126898
-0.884562039566
0.370407794217
-0.283457340957
-0.880100296663
0.430940767659
-0.199282519514
-0.978974146590
0.191027395036
-0.071541279373
-0.957705023462
0.234693211081
-0.166493797805
-0.925019167853
0.274719868132
-0.262428148564
-0.923265627336
0.337850094134
-0.182860316289
-0.912391221296
0.397533082491
-0.097517729811
-0.950733124054
0.297810221256
-0.086113871944
0.029934287814
-0.379534588352
-0.924693157029
0.065298617819
-0.470827368391
-0.879805478322
0.014366625893
-0.130757715762
-0.991310254072
0.058583301455
-0.221329286207
-0.973437899333
0.099999542942
-0.311739142759
-0.944890892264
0.137084461637
-0.404983780159
-0.903988931451
0.458181810359
-0.301135421118
-0.836293541051
0.080288068958
-0.054298510713
-0.995291664648
0.125905619737
-0.148307358986
-0.980893828194
0.169408429098
-0.241436932983
-0.955515039935
0.206641530023
-0.336079979219
-0.918884936016
0.235844912626
-0.433148304040
-0.869919377814
0.304239287738
-0.361371126898
-0.881390585632
0.370407794217
-0.283457340957
-0.884562039566
0.430940767659
-0.199282519514
-0.880100296663
0.191027395036
-0.071541279373
-0.978974146590
0.234693211081
-0.166493797805
-0.957705023462
0.274719868132
-0.262428148564
-0.925019167853
0.337850094134
-0.182860316289
-0.923265627336
0.397533082491
-0.097517729811
-0.912391221296
0.297810221256
-0.086113871944
-0.950733124054
0.499730541836
-0.850407972466
-0.164546850233
0.560116220266
-0.824621933047
-0.079173779331
0.383333417587
-0.835209885612
-0.394309444392
0.458868383430
-0.826630663592
-0.325763031508
0.528758244589
-0.810765711125
-0.251144740027
0.592743491754
-0.787947047967
-0.166717133441
0.779673498124
-0.540540744551
-0.316109063148
0.399665706325
-0.781842999160
-0.478527792141
0.479126328137
-0.776436461136
-0.409370716472
0.553043150343
-0.762931806501
-0.334781021696
0.619167560246
-0.743927189149
-0.251403797871
0.676196565852
-0.719707291108
-0.157415435892
0.699184987228
-0.672610138077
-0.242355020146
0.714739573654
-0.618014961015
-0.327421517030
0.720245612785
-0.558127398137
-0.411995224138
0.492834697012
-0.718600495253
-0.490639673940
0.569064822979
-0.708902447019
-0.416680390537
0.639313759282
-0.692091050558
-0.335093859881
0.650061395019
-0.634519481100
-0.418097130832
0.652314277366
-0.569508098066
-0.500146588294
0.577783158515
-0.646864793729
-0.497727395640
-0.499730541836
-0.850407972466
0.164546850233
-0.560116220266
-0.824621933047
0.079173779331
-0.383333417587
-0.835209885612
0.394309444392
-0.458868383430
-0.826630663592
0.325763031508
-0.528758244589
-0.810765711125
0.251144740027
-0.592743491754
-0.787947047967
0.166717133441
-0.779673498124
-0.540540744551
0.316109063148
-0.399665706325
-0.781842999160
0.478527792141
-0.479126328137
-0.776436461136
0.409370716472
-0.553043150343
-0.762931806501
0.334781021696
-0.619167560246
-0.743927189149
0.251403797871
-0.676196565852
-0.719707291108
0.157415435892
-0.699184987228
-0.672610138077
0.242355020146
-0.714739573654
-0.618014961015
0.327421517030
-0.720245612785
-0.558127398137
0.411995224138
-0.492834697012
-0.718600495253
0.490639673940
-0.569064822979
-0.708902447019
0.416680390537
-0.639313759282
-0.692091050558
0.335093859881
-0.650061395019
-0.634519481100
0.418097130832
-0.652314277366
-0.569508098066
0.500146588294
-0.577783158515
-0.646864793729
0.497727395640
-0.379534588352
-0.924693157029
0.029934287814
-0.470827368391
-0.879805478322
0.065298617819
-0.130757715762
-0.991310254072
0.014366625893
-0.221329286207
-0.973437899333
0.058583301455
-0.311739142759
-0.944890892264
0.099999542942
-0.404983780159
-0.903988931451
0.137084461637
-0.301135421118
-0.836293541051
0.458181810359
-0.054298510713
-0.995291664648
0.080288068958
-0.148307358986
-0.980893828194
0.125905619737
-0.241436932983
-0.955515039935
0.169408429098
-0.336079979219
-0.918884936016
0.206641530023
-0.433148304040
-0.869919377814
0.235844912626
-0.361371126898
-0.881390585632
0.304239287738
-0.283457340957
-0.884562039566
0.370407794217
-0.199282519514
-0.880100296663
0.430940767659
-0.071541279373
-0.978974146590
0.191027395036
-0.166493797805
-0.957705023462
0.234693211081
-0.262428148564
-0.925019167853
0.274719868132
-0.182860316289
-0.923265627336
0.337850094134
-0.097517729811
-0.912391221296
0.397533082491
-0.086113871944
-0.950733124054
0.297810221256
0.379534588352
0.924693157029
0.029934287814
0.470827368391
0.879805478322
0.065298617819
0.130757715762
0.991310254072
0.014366625893
0.221329286207
0.973437899333
0.058583301455
0.311739142759
0.944890892264
0.099999542942
0.404983780159
0.903988931451
0.137084461637
0.301135421118
0.836293541051
0.458181810359
0.054298510713
0.995291664648
0.080288068958
0.148307358986
0.980893828194
0.125905619737
0.241436932983
0.955515039935
0.169408429098
0.336079979219
0.918884936016
0.206641530023
0.433148304040
0.869919377814
0.235844912626
0.361371126898
0.881390585632
0.304239287738
0.283457340957
0.884562039566
0.370407794217
0.199282519514
0.880100296663
0.430940767659
0.071541279373
0.978974146590
0.191027395036
0.166493797805
0.957705023462
0.234693211081
0.262428148564
0.925019167853
0.274719868132
0.182860316289
0.923265627336
0.337850094134
0.097517729811
0.912391221296
0.397533082491
0.086113871944
0.950733124054
0.297810221256
-0.146046442936
-0.451295846725
-0.880342260280
-0.038817014101
-0.454460837216
-0.889920550866
-0.385430381286
-0.360087728588
-0.849576511505
-0.289556560036
-0.364078610502
-0.885213965047
-0.189341623629
-0.366955585249
-0.910765254067
-0.081994276820
-0.370936173496
-0.925031509604
-0.032937131319
-0.038319755936
-0.998722554910
-0.428907036634
-0.269756881860
-0.862131068119
-0.331556764101
-0.275406756028
-0.902342080872
-0.230080854533
-0.278934554082
-0.932340235599
-0.123692308830
-0.284814541182
-0.950568719172
-0.011655263816
-0.294591481150
-0.955552203733
-0.054324799611
-0.206915478955
-0.976849425816
-0.098496910506
-0.115407172913
-0.988422755232
-0.145659182587
-0.022968803576
-0.989068165796
-0.372578251025
-0.183745879062
-0.909627890289
-0.271632009161
-0.189323230522
-0.943595658099
-0.165307643991
-0.194807675259
-0.966810918690
-0.209294289555
-0.103408459608
-0.972369575234
-0.254457631662
-0.009092238243
-0.967041180557
-0.313670556707
-0.095916098325
-0.944675014985
0.645776984772
-0.760146306796
-0.071761258372
0.598933234367
-0.800631698991
0.016366531174
0.768763798873
-0.597000809680
-0.229330012826
0.748424943465
-0.647674867825
-0.142749324295
0.718099868218
-0.693746152237
-0.055216442490
0.674737768574
-0.737271798010
0.034047606664
0.812610629442
-0.520184477904
0.262815665182
0.828572742959
-0.516763872507
-0.215458371146
0.810683092237
-0.571523111722
-0.127099397042
0.783124004876
-0.620734018239
-0.037497621099
0.742859869076
-0.667481138145
0.051265438037
0.687851829667
-0.712503941922
0.138556822891
0.753509786839
-0.639035565486
0.154455647944
0.813236484160
-0.557140522536
0.168050168044
0.865904795372
-0.468105072525
0.176313715939
0.865412948037
-0.488334472650
-0.112204599688
0.840696832140
-0.541024632925
-0.022829432717
0.804621403273
-0.589925307971
0.067620473304
0.859355684574
-0.505168496504
0.079451856681
0.906771909028
-0.412244633002
0.088425491568
0.891453715221
-0.453005728414
-0.009802226381
