0.435563219711
0.850802834611
0.293971458227
0.486331614666
0.845146696549
0.221830164516
0.532583341002
0.833467990626
0.147261989288
0.570188281592
0.819423574023
0.058569018010
0.747973091900
0.622821792495
0.229410698502
0.771478672512
0.564420370851
0.293684018680
0.355670053046
0.788755783811
0.501361273804
0.415045217611
0.799252419733
0.434664280670
0.471480837557
0.802727115341
0.365150651257
0.523950106930
0.799849653151
0.292774346216
0.571800971869
0.791788843926
0.214741880413
0.612818769645
0.780034579802
0.126487983158
0.649954881519
0.735223764554
0.192365974187
0.682051983196
0.684394351672
0.257700336858
0.708324594889
0.628116361797
0.322096420841
0.728263630066
0.566977509297
0.384926732085
0.445244044531
0.741478967946
0.501962828209
0.502577458043
0.748203210533
0.433137223540
0.556788273621
0.748852549586
0.359453303415
0.606809218414
0.743957824074
0.279838039671
0.636224675924
0.690495707560
0.344142179319
0.659575694706
0.631767769810
0.407221546559
0.676760390867
0.567840281408
0.468564604046
0.527814300265
0.687607127707
0.498606560688
0.584081580397
0.692140979692
0.424016004028
0.605403922498
0.629631554708
0.486878009300
0.547500464134
0.620719513856
0.561204532138
0.525731112119
0.850650808352
0.000000000000
0.000000000000
0.525731112119
-0.850650808352
-0.525731112119
0.850650808352
0.000000000000
0.000000000000
0.525731112119
0.850650808352
0.850650808352
-0.000000000000
0.525731112119
-0.850650808352
-0.000000000000
0.525731112119
-0.000000000000
-0.525731112119
0.850650808352
-0.850650808352
-0.000000000000
-0.525731112119
-0.525731112119
-0.850650808352
0.000000000000
0.850650808352
-0.000000000000
-0.525731112119
0.525731112119
-0.850650808352
0.000000000000
0.000000000000
-0.525731112119
-0.850650808352
0.282958830468
0.406731785934
-0.868621640630
0.197463257599
0.422538224156
-0.884573180141
0.110401554829
0.436081470749
-0.893109426420
0.015505000082
0.457445218966
-0.889102618722
0.004073126177
0.158031668612
-0.987425643458
0.026271512397
0.071383642046
-0.997102895034
0.471513705915
0.277528105831
-0.837050163137
0.391110761597
0.301020624348
-0.869723493922
0.307728984081
0.321148961200
-0.895637324522
0.222051503910
0.338795301990
-0.914281615784
0.132505553453
0.356503472778
-0.924850016057
0.036965484496
0.378445825389
-0.924885025396
0.057846539413
0.297778429132
-0.952880782166
0.078947445897
0.214070839073
-0.973622604835
0.100517811084
0.128224263364
-0.986638083564
0.122486138614
0.041185236332
-0.991615309561
0.412604038367
0.211299695531
-0.886064527104
0.330334153019
0.233435525272
-0.914542072783
0.243817858439
0.254050748371
-0.935954629861
0.152884731297
0.274441142105
-0.949372592008
0.173679441768
0.189947435198
-0.966310210734
0.194888281659
0.103679990254
-0.975330209361
0.216168829248
0.015979673830
-0.976225223648
0.351956318886
0.143878982768
-0.924892203402
0.264878688175
0.167454678617
-0.949630565620
0.285757473061
0.078863522790
-0.955051418177
0.372086650274
0.052383421535
-0.926718674591
-0.435563219711
0.850802834611
-0.293971458227
-0.486331614666
0.845146696549
-0.221830164516
-0.532583341002
0.833467990626
-0.147261989288
-0.570188281592
0.819423574023
-0.058569018010
-0.747973091900
0.622821792495
-0.229410698502
-0.771478672512
0.564420370851
-0.293684018680
-0.355670053046
0.788755783811
-0.501361273804
-0.415045217611
0.799252419733
-0.434664280670
-0.471480837557
0.802727115341
-0.365150651257
-0.523950106930
0.799849653151
-0.292774346216
-0.571800971869
0.791788843926
-0.214741880413
-0.612818769645
0.780034579802
-0.126487983158
-0.649954881519
0.735223764554
-0.192365974187
-0.682051983196
0.684394351672
-0.257700336858
-0.708324594889
0.628116361797
-0.322096420841
-0.728263630066
0.566977509297
-0.384926732085
-0.445244044531
0.741478967946
-0.501962828209
-0.502577458043
0.748203210533
-0.433137223540
-0.556788273621
0.748852549586
-0.359453303415
-0.606809218414
0.743957824074
-0.279838039671
-0.636224675924
0.690495707560
-0.344142179319
-0.659575694706
0.631767769810
-0.407221546559
-0.676760390867
0.567840281408
-0.468564604046
-0.527814300265
0.687607127707
-0.498606560688
-0.584081580397
0.692140979692
-0.424016004028
-0.605403922498
0.629631554708
-0.486878009300
-0.547500464134
0.620719513856
-0.561204532138
-0.282958830468
0.406731785934
0.868621640630
-0.197463257599
0.422538224156
0.884573180141
-0.110401554829
0.436081470749
0.893109426420
-0.015505000082
0.457445218966
0.889102618722
-0.004073126177
0.158031668612
0.987425643458
-0.026271512397
0.071383642046
0.997102895034
-0.471513705915
0.277528105831
0.837050163137
-0.391110761597
0.301020624348
0.869723493922
-0.307728984081
0.321148961200
0.895637324522
-0.222051503910
0.338795301990
0.914281615784
-0.132505553453
0.356503472778
0.924850016057
-0.036965484496
0.378445825389
0.924885025396
-0.057846539413
0.297778429132
0.952880782166
-0.078947445897
0.214070839073
0.973622604835
-0.100517811084
0.128224263364
0.986638083564
-0.122486138614
0.041185236332
0.991615309561
-0.412604038367
0.211299695531
0.886064527104
-0.330334153019
0.233435525272
0.914542072783
-0.243817858439
0.254050748371
0.935954629861
-0.152884731297
0.274441142105
0.949372592008
-0.173679441768
0.189947435198
0.966310210734
-0.194888281659
0.103679990254
0.975330209361
-0.216168829248
0.015979673830
0.976225223648
-0.351956318886
0.143878982768
0.924892203402
-0.264878688175
0.167454678617
0.949630565620
-0.285757473061
0.078863522790
0.955051418177
-0.372086650274
0.052383421535
0.926718674591
0.718522050180
0.675924659965
0.163865546888
0.683794872265
0.723107691823
0.097672097808
0.642984895832
0.765236077330
0.031371478836
0.585693281674
0.809840956976
-0.033481400881
0.752046218077
0.620304462077
-0.222820241907
0.797750184909
0.548183683254
-0.251175818686
0.827183758961
0.497344287394
0.261563928528
0.806155979208
0.557532675700
0.198166224960
0.779209821638
0.612540143855
0.132765304310
0.746001610840
0.662614276482
0.066512534362
0.704306525323
0.709895908194
-0.000343391228
0.649784254141
0.757188653973
-0.066676572833
0.707801420932
0.699472637065
-0.098768307286
0.760999429094
0.635602146783
-0.129960686071
0.808842405972
0.565992938072
-0.159455186033
0.850749768681
0.491276912483
-0.186739996656
0.857848082898
0.486475648340
0.165644529764
0.832911611062
0.544045476322
0.101354663690
0.800606132060
0.598164826007
0.035052278604
0.759693949711
0.649469863772
-0.032465348073
0.809904117691
0.583155909401
-0.063122939392
0.854463976365
0.511320187736
-0.091885682827
0.892929220114
0.434240597625
-0.118796091014
0.879770619151
0.470086160081
0.070870725825
0.848960268572
0.528436947504
0.004566716335
0.891161395560
0.453023723817
-0.024512705347
0.919587114408
0.390757317226
0.040844314766
-0.242866239046
0.969896118192
-0.017818806019
-0.324866126348
0.944937856339
-0.039426483592
-0.404709991913
0.912498066618
-0.059641435795
-0.490926619847
0.868409974986
-0.069679044699
-0.380851910519
0.849715160578
-0.364603850964
-0.322559460732
0.841867701934
-0.432682524183
-0.015964177303
0.998705561198
-0.048294379326
-0.102854399389
0.992196956370
-0.070471074190
-0.188383656891
0.977690795112
-0.092910209181
-0.272282767627
0.955388622698
-0.114431962633
-0.356846864006
0.924637788607
-0.133061172131
-0.445122398222
0.883676637132
-0.144850445594
-0.396546736418
0.891838611252
-0.217657017612
-0.344031525145
0.893302483641
-0.289228253162
-0.287679449397
0.888089358914
-0.358521721768
-0.227925232988
0.876203644568
-0.424637800263
-0.045655165767
0.988438476549
-0.144585559158
-0.132080861582
0.977182699862
-0.166338862250
-0.218998469767
0.957618129421
-0.187102080274
-0.306906490177
0.929307903443
-0.205414767935
-0.253070374590
0.927298088720
-0.275814503174
-0.195565673081
0.918541734295
-0.343562439552
-0.134775764844
0.902805201670
-0.408384942239
-0.073008256944
0.968692720769
-0.237285075694
-0.162887962281
0.952452951532
-0.257489585928
-0.103376228137
0.939901733117
-0.325419863470
-0.011539106769
0.951961849364
-0.305999160735
-0.192696980665
0.700703244161
0.686937287723
-0.161465488318
0.644368388672
0.747474598740
-0.127873349090
0.583343460037
0.802096511789
-0.079261661745
0.516014236976
0.852904974904
-0.367121181381
0.387442367114
0.845642034401
-0.448919211780
0.365067660726
0.815596189537
-0.339705875743
0.778889379635
0.527191855283
-0.312190818222
0.735684905018
0.601086194773
-0.283097180667
0.686299612457
0.669961811031
-0.251667339303
0.631569648206
0.733337118788
-0.214954107864
0.571245353192
0.792132235154
-0.167696371423
0.504933808547
0.846711152636
-0.253408145101
0.490144403320
0.833992071839
-0.338020458052
0.471771175932
0.814355037744
-0.420645145492
0.450320684205
0.787571547830
-0.500338397078
0.426111968417
0.753717505954
-0.399588878764
0.713262523740
0.575834438182
-0.370496596461
0.666572748812
0.646848546842
-0.337789803854
0.613504051786
0.713800270982
-0.299902728237
0.554279181776
0.776423172146
-0.383154301333
0.534089614518
0.753618646952
-0.464010021626
0.510901536813
0.723653452636
-0.541984626023
0.484544277875
0.686636372422
-0.454806043321
0.642485543457
0.616736401883
-0.421193618116
0.591470682644
0.687574263357
-0.502027694361
0.565741532090
0.654144260055
-0.535961357365
0.613587953673
0.579875199090
0.686937287723
-0.192696980665
0.700703244161
0.747474598740
-0.161465488318
0.644368388672
0.802096511789
-0.127873349090
0.583343460037
0.852904974904
-0.079261661745
0.516014236976
0.845642034401
-0.367121181381
0.387442367114
0.815596189537
-0.448919211780
0.365067660726
0.527191855283
-0.339705875743
0.778889379635
0.601086194773
-0.312190818222
0.735684905018
0.669961811031
-0.283097180667
0.686299612457
0.733337118788
-0.251667339303
0.631569648206
0.792132235154
-0.214954107864
0.571245353192
0.846711152636
-0.167696371423
0.504933808547
0.833992071839
-0.253408145101
0.490144403320
0.814355037744
-0.338020458052
0.471771175932
0.787571547830
-0.420645145492
0.450320684205
0.753717505954
-0.500338397078
0.426111968417
0.575834438182
-0.399588878764
0.713262523740
0.646848546842
-0.370496596461
0.666572748812
0.713800270982
-0.337789803854
0.613504051786
0.776423172146
-0.299902728237
0.554279181776
0.753618646952
-0.383154301333
0.534089614518
0.723653452636
-0.464010021626
0.510901536813
0.686636372422
-0.541984626023
0.484544277875
0.616736401883
-0.454806043321
0.642485543457
0.687574263357
-0.421193618116
0.591470682644
0.654144260055
-0.502027694361
0.565741532090
0.579875199090
-0.535961357365
0.613587953673
-0.969896118192
-0.017818806019
0.242866239046
-0.944937856339
-0.039426483592
0.324866126348
-0.912498066618
-0.059641435795
0.404709991913
-0.868409974986
-0.069679044699
0.490926619847
-0.849715160578
-0.364603850964
0.380851910519
-0.841867701934
-0.432682524183
0.322559460732
-0.998705561198
-0.048294379326
0.015964177303
-0.992196956370
-0.070471074190
0.102854399389
-0.977690795112
-0.092910209181
0.188383656891
-0.955388622698
-0.114431962633
0.272282767627
-0.924637788607
-0.133061172131
0.356846864006
-0.883676637132
-0.144850445594
0.445122398222
-0.891838611252
-0.217657017612
0.396546736418
-0.893302483641
-0.289228253162
0.344031525145
-0.888089358914
-0.358521721768
0.287679449397
-0.876203644568
-0.424637800263
0.227925232988
-0.988438476549
-0.144585559158
0.045655165767
-0.977182699862
-0.166338862250
0.132080861582
-0.957618129421
-0.187102080274
0.218998469767
-0.929307903443
-0.205414767935
0.306906490177
-0.927298088720
-0.275814503174
0.253070374590
-0.918541734295
-0.343562439552
0.195565673081
-0.902805201670
-0.408384942239
0.134775764844
-0.968692720769
-0.237285075694
0.073008256944
-0.952452951532
-0.257489585928
0.162887962281
-0.939901733117
-0.325419863470
0.103376228137
-0.951961849364
-0.305999160735
0.011539106769
0.700703244161
0.686937287723
-0.192696980665
0.644368388672
0.747474598740
-0.161465488318
0.583343460037
0.802096511789
-0.127873349090
0.516014236976
0.852904974904
-0.079261661745
0.387442367114
0.845642034401
-0.367121181381
0.365067660726
0.815596189537
-0.448919211780
0.778889379635
0.527191855283
-0.339705875743
0.735684905018
0.601086194773
-0.312190818222
0.686299612457
0.669961811031
-0.283097180667
0.631569648206
0.733337118788
-0.251667339303
0.571245353192
0.792132235154
-0.214954107864
0.504933808547
0.846711152636
-0.167696371423
0.490144403320
0.833992071839
-0.253408145101
0.471771175932
0.814355037744
-0.338020458052
0.450320684205
0.787571547830
-0.420645145492
0.426111968417
0.753717505954
-0.500338397078
0.713262523740
0.575834438182
-0.399588878764
0.666572748812
0.646848546842
-0.370496596461
0.613504051786
0.713800270982
-0.337789803854
0.554279181776
0.776423172146
-0.299902728237
0.534089614518
0.753618646952
-0.383154301333
0.510901536813
0.723653452636
-0.464010021626
0.484544277875
0.686636372422
-0.541984626023
0.642485543457
0.616736401883
-0.454806043321
0.591470682644
0.687574263357
-0.421193618116
0.565741532090
0.654144260055
-0.502027694361
0.613587953673
0.579875199090
-0.535961357365
0.163865546888
0.718522050180
0.675924659965
0.097672097808
0.683794872265
0.723107691823
0.031371478836
0.642984895832
0.765236077330
-0.033481400881
0.585693281674
0.809840956976
-0.222820241907
0.752046218077
0.620304462077
-0.251175818686
0.797750184909
0.548183683254
0.261563928528
0.827183758961
0.497344287394
0.198166224960
0.806155979208
0.557532675700
0.132765304310
0.779209821638
0.612540143855
0.066512534362
0.746001610840
0.662614276482
-0.000343391228
0.704306525323
0.709895908194
-0.066676572833
0.649784254141
0.757188653973
-0.098768307286
0.707801420932
0.699472637065
-0.129960686071
0.760999429094
0.635602146783
-0.159455186033
0.808842405972
0.565992938072
-0.186739996656
0.850749768681
0.491276912483
0.165644529764
0.857848082898
0.486475648340
0.101354663690
0.832911611062
0.544045476322
0.035052278604
0.800606132060
0.598164826007
-0.032465348073
0.759693949711
0.649469863772
-0.063122939392
0.809904117691
0.583155909401
-0.091885682827
0.854463976365
0.511320187736
-0.118796091014
0.892929220114
0.434240597625
0.070870725825
0.879770619151
0.470086160081
0.004566716335
0.848960268572
0.528436947504
-0.024512705347
0.891161395560
0.453023723817
0.040844314766
0.919587114408
0.390757317226
-0.293971458227
-0.435563219711
0.850802834611
-0.221830164516
-0.486331614666
0.845146696549
-0.147261989288
-0.532583341002
0.833467990626
-0.058569018010
-0.570188281592
0.819423574023
-0.229410698502
-0.747973091900
0.622821792495
-0.293684018680
-0.771478672512
0.564420370851
-0.501361273804
-0.355670053046
0.788755783811
-0.434664280670
-0.415045217611
0.799252419733
-0.365150651257
-0.471480837557
0.802727115341
-0.292774346216
-0.523950106930
0.799849653151
-0.214741880413
-0.571800971869
0.791788843926
-0.126487983158
-0.612818769645
0.780034579802
-0.192365974187
-0.649954881519
0.735223764554
-0.257700336858
-0.682051983196
0.684394351672
-0.322096420841
-0.708324594889
0.628116361797
-0.384926732085
-0.728263630066
0.566977509297
-0.501962828209
-0.445244044531
0.741478967946
-0.433137223540
-0.502577458043
0.748203210533
-0.359453303415
-0.556788273621
0.748852549586
-0.279838039671
-0.606809218414
0.743957824074
-0.344142179319
-0.636224675924
0.690495707560
-0.407221546559
-0.659575694706
0.631767769810
-0.468564604046
-0.676760390867
0.567840281408
-0.498606560688
-0.527814300265
0.687607127707
-0.424016004028
-0.584081580397
0.692140979692
-0.486878009300
-0.605403922498
0.629631554708
-0.561204532138
-0.547500464134
0.620719513856
0.868621640630
-0.282958830468
0.406731785934
0.884573180141
-0.197463257599
0.422538224156
0.893109426420
-0.110401554829
0.436081470749
0.889102618722
-0.015505000082
0.457445218966
0.987425643458
-0.004073126177
0.158031668612
0.997102895034
-0.026271512397
0.071383642046
0.837050163137
-0.471513705915
0.277528105831
0.869723493922
-0.391110761597
0.301020624348
0.895637324522
-0.307728984081
0.321148961200
0.914281615784
-0.222051503910
0.338795301990
0.924850016057
-0.132505553453
0.356503472778
0.924885025396
-0.036965484496
0.378445825389
0.952880782166
-0.057846539413
0.297778429132
0.973622604835
-0.078947445897
0.214070839073
0.986638083564
-0.100517811084
0.128224263364
0.991615309561
-0.122486138614
0.041185236332
0.886064527104
-0.412604038367
0.211299695531
0.914542072783
-0.330334153019
0.233435525272
0.935954629861
-0.243817858439
0.254050748371
0.949372592008
-0.152884731297
0.274441142105
0.966310210734
-0.173679441768
0.189947435198
0.975330209361
-0.194888281659
0.103679990254
0.976225223648
-0.216168829248
0.015979673830
0.924892203402
-0.351956318886
0.143878982768
0.949630565620
-0.264878688175
0.167454678617
0.955051418177
-0.285757473061
0.078863522790
0.926718674591
-0.372086650274
0.052383421535
0.293971458227
0.435563219711
0.850802834611
0.221830164516
0.486331614666
0.845146696549
0.147261989288
0.532583341002
0.833467990626
0.058569018010
0.570188281592
0.819423574023
0.229410698502
0.747973091900
0.622821792495
0.293684018680
0.771478672512
0.564420370851
0.501361273804
0.355670053046
0.788755783811
0.434664280670
0.415045217611
0.799252419733
0.365150651257
0.471480837557
0.802727115341
0.292774346216
0.523950106930
0.799849653151
0.214741880413
0.571800971869
0.791788843926
0.126487983158
0.612818769645
0.780034579802
0.192365974187
0.649954881519
0.735223764554
0.257700336858
0.682051983196
0.684394351672
0.322096420841
0.708324594889
0.628116361797
0.384926732085
0.728263630066
0.566977509297
0.501962828209
0.445244044531
0.741478967946
0.433137223540
0.502577458043
0.748203210533
0.359453303415
0.556788273621
0.748852549586
0.279838039671
0.606809218414
0.743957824074
0.344142179319
0.636224675924
0.690495707560
0.407221546559
0.659575694706
0.631767769810
0.468564604046
0.676760390867
0.567840281408
0.498606560688
0.527814300265
0.687607127707
0.424016004028
0.584081580397
0.692140979692
0.486878009300
0.605403922498
0.629631554708
0.561204532138
0.547500464134
0.620719513856
-0.017818806019
-0.242866239046
0.969896118192
-0.039426483592
-0.324866126348
0.944937856339
-0.059641435795
-0.404709991913
0.912498066618
-0.069679044699
-0.490926619847
0.868409974986
-0.364603850964
-0.380851910519
0.849715160578
-0.432682524183
-0.322559460732
0.841867701934
-0.048294379326
-0.015964177303
0.998705561198
-0.070471074190
-0.102854399389
0.992196956370
-0.092910209181
-0.188383656891
0.977690795112
-0.114431962633
-0.272282767627
0.955388622698
-0.133061172131
-0.356846864006
0.924637788607
-0.144850445594
-0.445122398222
0.883676637132
-0.217657017612
-0.396546736418
0.891838611252
-0.289228253162
-0.344031525145
0.893302483641
-0.358521721768
-0.287679449397
0.888089358914
-0.424637800263
-0.227925232988
0.876203644568
-0.144585559158
-0.045655165767
0.988438476549
-0.166338862250
-0.132080861582
0.977182699862
-0.187102080274
-0.218998469767
0.957618129421
-0.205414767935
-0.306906490177
0.929307903443
-0.275814503174
-0.253070374590
0.927298088720
-0.343562439552
-0.195565673081
0.918541734295
-0.408384942239
-0.134775764844
0.902805201670
-0.237285075694
-0.073008256944
0.968692720769
-0.257489585928
-0.162887962281
0.952452951532
-0.325419863470
-0.103376228137
0.939901733117
-0.305999160735
-0.011539106769
0.951961849364
0.017818806019
0.242866239046
0.969896118192
0.039426483592
0.324866126348
0.944937856339
0.059641435795
0.404709991913
0.912498066618
0.069679044699
0.490926619847
0.868409974986
0.364603850964
0.380851910519
0.849715160578
0.432682524183
0.322559460732
0.841867701934
0.048294379326
0.015964177303
0.998705561198
0.070471074190
0.102854399389
0.992196956370
0.092910209181
0.188383656891
0.977690795112
0.114431962633
0.272282767627
0.955388622698
0.133061172131
0.356846864006
0.924637788607
0.144850445594
0.445122398222
0.883676637132
0.217657017612
0.396546736418
0.891838611252
0.289228253162
0.344031525145
0.893302483641
0.358521721768
0.287679449397
0.888089358914
0.424637800263
0.227925232988
0.876203644568
0.144585559158
0.045655165767
0.988438476549
0.166338862250
0.132080861582
0.977182699862
0.187102080274
0.218998469767
0.957618129421
0.205414767935
0.306906490177
0.929307903443
0.275814503174
0.253070374590
0.927298088720
0.343562439552
0.195565673081
0.918541734295
0.408384942239
0.134775764844
0.902805201670
0.237285075694
0.073008256944
0.968692720769
0.257489585928
0.162887962281
0.952452951532
0.325419863470
0.103376228137
0.939901733117
0.305999160735
0.011539106769
0.951961849364
-0.406731785934
0.868621640630
0.282958830468
-0.422538224156
0.884573180141
0.197463257599
-0.436081470749
0.893109426420
0.110401554829
-0.457445218966
0.889102618722
0.015505000082
-0.158031668612
0.987425643458
0.004073126177
-0.071383642046
0.997102895034
0.026271512397
-0.277528105831
0.837050163137
0.471513705915
-0.301020624348
0.869723493922
0.391110761597
-0.321148961200
0.895637324522
0.307728984081
-0.338795301990
0.914281615784
0.222051503910
-0.356503472778
0.924850016057
0.132505553453
-0.378445825389
0.924885025396
0.036965484496
-0.297778429132
0.952880782166
0.057846539413
-0.214070839073
0.973622604835
0.078947445897
-0.128224263364
0.986638083564
0.100517811084
-0.041185236332
0.991615309561
0.122486138614
-0.211299695531
0.886064527104
0.412604038367
-0.233435525272
0.914542072783
0.330334153019
-0.254050748371
0.935954629861
0.243817858439
-0.274441142105
0.949372592008
0.152884731297
-0.189947435198
0.966310210734
0.173679441768
-0.103679990254
0.975330209361
0.194888281659
-0.015979673830
0.976225223648
0.216168829248
-0.143878982768
0.924892203402
0.351956318886
-0.167454678617
0.949630565620
0.264878688175
-0.078863522790
0.955051418177
0.285757473061
-0.052383421535
0.926718674591
0.372086650274
-0.675924659965
0.163865546888
-0.718522050180
-0.723107691823
0.097672097808
-0.683794872265
-0.765236077330
0.031371478836
-0.642984895832
-0.809840956976
-0.033481400881
-0.585693281674
-0.620304462077
-0.222820241907
-0.752046218077
-0.548183683254
-0.251175818686
-0.797750184909
-0.497344287394
0.261563928528
-0.827183758961
-0.557532675700
0.198166224960
-0.806155979208
-0.612540143855
0.132765304310
-0.779209821638
-0.662614276482
0.066512534362
-0.746001610840
-0.709895908194
-0.000343391228
-0.704306525323
-0.757188653973
-0.066676572833
-0.649784254141
-0.699472637065
-0.098768307286
-0.707801420932
-0.635602146783
-0.129960686071
-0.760999429094
-0.565992938072
-0.159455186033
-0.808842405972
-0.491276912483
-0.186739996656
-0.850749768681
-0.486475648340
0.165644529764
-0.857848082898
-0.544045476322
0.101354663690
-0.832911611062
-0.598164826007
0.035052278604
-0.800606132060
-0.649469863772
-0.032465348073
-0.759693949711
-0.583155909401
-0.063122939392
-0.809904117691
-0.511320187736
-0.091885682827
-0.854463976365
-0.434240597625
-0.118796091014
-0.892929220114
-0.470086160081
0.070870725825
-0.879770619151
-0.528436947504
0.004566716335
-0.848960268572
-0.453023723817
-0.024512705347
-0.891161395560
-0.390757317226
0.040844314766
-0.919587114408
-0.850802834611
-0.293971458227
0.435563219711
-0.845146696549
-0.221830164516
0.486331614666
-0.833467990626
-0.147261989288
0.532583341002
-0.819423574023
-0.058569018010
0.570188281592
-0.622821792495
-0.229410698502
0.747973091900
-0.564420370851
-0.293684018680
0.771478672512
-0.788755783811
-0.501361273804
0.355670053046
-0.799252419733
-0.434664280670
0.415045217611
-0.802727115341
-0.365150651257
0.471480837557
-0.799849653151
-0.292774346216
0.523950106930
-0.791788843926
-0.214741880413
0.571800971869
-0.780034579802
-0.126487983158
0.612818769645
-0.735223764554
-0.192365974187
0.649954881519
-0.684394351672
-0.257700336858
0.682051983196
-0.628116361797
-0.322096420841
0.708324594889
-0.566977509297
-0.384926732085
0.728263630066
-0.741478967946
-0.501962828209
0.445244044531
-0.748203210533
-0.433137223540
0.502577458043
-0.748852549586
-0.359453303415
0.556788273621
-0.743957824074
-0.279838039671
0.606809218414
-0.690495707560
-0.344142179319
0.636224675924
-0.631767769810
-0.407221546559
0.659575694706
-0.567840281408
-0.468564604046
0.676760390867
-0.687607127707
-0.498606560688
0.527814300265
-0.692140979692
-0.424016004028
0.584081580397
-0.629631554708
-0.486878009300
0.605403922498
-0.620719513856
-0.561204532138
0.547500464134
-0.700703244161
0.686937287723
0.192696980665
-0.644368388672
0.747474598740
0.161465488318
-0.583343460037
0.802096511789
0.127873349090
-0.516014236976
0.852904974904
0.079261661745
-0.387442367114
0.845642034401
0.367121181381
-0.365067660726
0.815596189537
0.448919211780
-0.778889379635
0.527191855283
0.339705875743
-0.735684905018
0.601086194773
0.312190818222
-0.686299612457
0.669961811031
0.283097180667
-0.631569648206
0.733337118788
0.251667339303
-0.571245353192
0.792132235154
0.214954107864
-0.504933808547
0.846711152636
0.167696371423
-0.490144403320
0.833992071839
0.253408145101
-0.471771175932
0.814355037744
0.338020458052
-0.450320684205
0.787571547830
0.420645145492
-0.426111968417
0.753717505954
0.500338397078
-0.713262523740
0.575834438182
0.399588878764
-0.666572748812
0.646848546842
0.370496596461
-0.613504051786
0.713800270982
0.337789803854
-0.554279181776
0.776423172146
0.299902728237
-0.534089614518
0.753618646952
0.383154301333
-0.510901536813
0.723653452636
0.464010021626
-0.484544277875
0.686636372422
0.541984626023
-0.642485543457
0.616736401883
0.454806043321
-0.591470682644
0.687574263357
0.421193618116
-0.565741532090
0.654144260055
0.502027694361
-0.613587953673
0.579875199090
0.535961357365
-0.850802834611
0.293971458227
-0.435563219711
-0.845146696549
0.221830164516
-0.486331614666
-0.833467990626
0.147261989288
-0.532583341002
-0.819423574023
0.058569018010
-0.570188281592
-0.622821792495
0.229410698502
-0.747973091900
-0.564420370851
0.293684018680
-0.771478672512
-0.788755783811
0.501361273804
-0.355670053046
-0.799252419733
0.434664280670
-0.415045217611
-0.802727115341
0.365150651257
-0.471480837557
-0.799849653151
0.292774346216
-0.523950106930
-0.791788843926
0.214741880413
-0.571800971869
-0.780034579802
0.126487983158
-0.612818769645
-0.735223764554
0.192365974187
-0.649954881519
-0.684394351672
0.257700336858
-0.682051983196
-0.628116361797
0.322096420841
-0.708324594889
-0.566977509297
0.384926732085
-0.728263630066
-0.741478967946
0.501962828209
-0.445244044531
-0.748203210533
0.433137223540
-0.502577458043
-0.748852549586
0.359453303415
-0.556788273621
-0.743957824074
0.279838039671
-0.606809218414
-0.690495707560
0.344142179319
-0.636224675924
-0.631767769810
0.407221546559
-0.659575694706
-0.567840281408
0.468564604046
-0.676760390867
-0.687607127707
0.498606560688
-0.527814300265
-0.692140979692
0.424016004028
-0.584081580397
-0.629631554708
0.486878009300
-0.605403922498
-0.620719513856
0.561204532138
-0.547500464134
-0.406731785934
-0.868621640630
-0.282958830468
-0.422538224156
-0.884573180141
-0.197463257599
-0.436081470749
-0.893109426420
-0.110401554829
-0.457445218966
-0.889102618722
-0.015505000082
-0.158031668612
-0.987425643458
-0.004073126177
-0.071383642046
-0.997102895034
-0.026271512397
-0.277528105831
-0.837050163137
-0.471513705915
-0.301020624348
-0.869723493922
-0.391110761597
-0.321148961200
-0.895637324522
-0.307728984081
-0.338795301990
-0.914281615784
-0.222051503910
-0.356503472778
-0.924850016057
-0.132505553453
-0.378445825389
-0.924885025396
-0.036965484496
-0.297778429132
-0.952880782166
-0.057846539413
-0.214070839073
-0.973622604835
-0.078947445897
-0.128224263364
-0.986638083564
-0.100517811084
-0.041185236332
-0.991615309561
-0.122486138614
-0.211299695531
-0.886064527104
-0.412604038367
-0.233435525272
-0.914542072783
-0.330334153019
-0.254050748371
-0.935954629861
-0.243817858439
-0.274441142105
-0.949372592008
-0.152884731297
-0.189947435198
-0.966310210734
-0.173679441768
-0.103679990254
-0.975330209361
-0.194888281659
-0.015979673830
-0.976225223648
-0.216168829248
-0.143878982768
-0.924892203402
-0.351956318886
-0.167454678617
-0.949630565620
-0.264878688175
-0.078863522790
-0.955051418177
-0.285757473061
-0.052383421535
-0.926718674591
-0.372086650274
0.675924659965
0.163865546888
0.718522050180
0.723107691823
0.097672097808
0.683794872265
0.765236077330
0.031371478836
0.642984895832
0.809840956976
-0.033481400881
0.585693281674
0.620304462077
-0.222820241907
0.752046218077
0.548183683254
-0.251175818686
0.797750184909
0.497344287394
0.261563928528
0.827183758961
0.557532675700
0.198166224960
0.806155979208
0.612540143855
0.132765304310
0.779209821638
0.662614276482
0.066512534362
0.746001610840
0.709895908194
-0.000343391228
0.704306525323
0.757188653973
-0.066676572833
0.649784254141
0.699472637065
-0.098768307286
0.707801420932
0.635602146783
-0.129960686071
0.760999429094
0.565992938072
-0.159455186033
0.808842405972
0.491276912483
-0.186739996656
0.850749768681
0.486475648340
0.165644529764
0.857848082898
0.544045476322
0.101354663690
0.832911611062
0.598164826007
0.035052278604
0.800606132060
0.649469863772
-0.032465348073
0.759693949711
0.583155909401
-0.063122939392
0.809904117691
0.511320187736
-0.091885682827
0.854463976365
0.434240597625
-0.118796091014
0.892929220114
0.470086160081
0.070870725825
0.879770619151
0.528436947504
0.004566716335
0.848960268572
0.453023723817
-0.024512705347
0.891161395560
0.390757317226
0.040844314766
0.919587114408
0.850802834611
-0.293971458227
-0.435563219711
0.845146696549
-0.221830164516
-0.486331614666
0.833467990626
-0.147261989288
-0.532583341002
0.819423574023
-0.058569018010
-0.570188281592
0.622821792495
-0.229410698502
-0.747973091900
0.564420370851
-0.293684018680
-0.771478672512
0.788755783811
-0.501361273804
-0.355670053046
0.799252419733
-0.434664280670
-0.415045217611
0.802727115341
-0.365150651257
-0.471480837557
0.799849653151
-0.292774346216
-0.523950106930
0.791788843926
-0.214741880413
-0.571800971869
0.780034579802
-0.126487983158
-0.612818769645
0.735223764554
-0.192365974187
-0.649954881519
0.684394351672
-0.257700336858
-0.682051983196
0.628116361797
-0.322096420841
-0.708324594889
0.566977509297
-0.384926732085
-0.728263630066
0.741478967946
-0.501962828209
-0.445244044531
0.748203210533
-0.433137223540
-0.502577458043
0.748852549586
-0.359453303415
-0.556788273621
0.743957824074
-0.279838039671
-0.606809218414
0.690495707560
-0.344142179319
-0.636224675924
0.631767769810
-0.407221546559
-0.659575694706
0.567840281408
-0.468564604046
-0.676760390867
0.687607127707
-0.498606560688
-0.527814300265
0.692140979692
-0.424016004028
-0.584081580397
0.629631554708
-0.486878009300
-0.605403922498
0.620719513856
-0.561204532138
-0.547500464134
0.406731785934
0.868621640630
-0.282958830468
0.422538224156
0.884573180141
-0.197463257599
0.436081470749
0.893109426420
-0.110401554829
0.457445218966
0.889102618722
-0.015505000082
0.158031668612
0.987425643458
-0.004073126177
0.071383642046
0.997102895034
-0.026271512397
0.277528105831
0.837050163137
-0.471513705915
0.301020624348
0.869723493922
-0.391110761597
0.321148961200
0.895637324522
-0.307728984081
0.338795301990
0.914281615784
-0.222051503910
0.356503472778
0.924850016057
-0.132505553453
0.378445825389
0.924885025396
-0.036965484496
0.297778429132
0.952880782166
-0.057846539413
0.214070839073
0.973622604835
-0.078947445897
0.128224263364
0.986638083564
-0.100517811084
0.041185236332
0.991615309561
-0.122486138614
0.211299695531
0.886064527104
-0.412604038367
0.233435525272
0.914542072783
-0.330334153019
0.254050748371
0.935954629861
-0.243817858439
0.274441142105
0.949372592008
-0.152884731297
0.189947435198
0.966310210734
-0.173679441768
0.103679990254
0.975330209361
-0.194888281659
0.015979673830
0.976225223648
-0.216168829248
0.143878982768
0.924892203402
-0.351956318886
0.167454678617
0.949630565620
-0.264878688175
0.078863522790
0.955051418177
-0.285757473061
0.052383421535
0.926718674591
-0.372086650274
0.850802834611
0.293971458227
0.435563219711
0.845146696549
0.221830164516
0.486331614666
0.833467990626
0.147261989288
0.532583341002
0.819423574023
0.058569018010
0.570188281592
0.622821792495
0.229410698502
0.747973091900
0.564420370851
0.293684018680
0.771478672512
0.788755783811
0.501361273804
0.355670053046
0.799252419733
0.434664280670
0.415045217611
0.802727115341
0.365150651257
0.471480837557
0.799849653151
0.292774346216
0.523950106930
0.791788843926
0.214741880413
0.571800971869
0.780034579802
0.126487983158
0.612818769645
0.735223764554
0.192365974187
0.649954881519
0.684394351672
0.257700336858
0.682051983196
0.628116361797
0.322096420841
0.708324594889
0.566977509297
0.384926732085
0.728263630066
0.741478967946
0.501962828209
0.445244044531
0.748203210533
0.433137223540
0.502577458043
0.748852549586
0.359453303415
0.556788273621
0.743957824074
0.279838039671
0.606809218414
0.690495707560
0.344142179319
0.636224675924
0.631767769810
0.407221546559
0.659575694706
0.567840281408
0.468564604046
0.676760390867
0.687607127707
0.498606560688
0.527814300265
0.692140979692
0.424016004028
0.584081580397
0.629631554708
0.486878009300
0.605403922498
0.620719513856
0.561204532138
0.547500464134
0.969896118192
-0.017818806019
-0.242866239046
0.944937856339
-0.039426483592
-0.324866126348
0.912498066618
-0.059641435795
-0.404709991913
0.868409974986
-0.069679044699
-0.490926619847
0.849715160578
-0.364603850964
-0.380851910519
0.841867701934
-0.432682524183
-0.322559460732
0.998705561198
-0.048294379326
-0.015964177303
0.992196956370
-0.070471074190
-0.102854399389
0.977690795112
-0.092910209181
-0.188383656891
0.955388622698
-0.114431962633
-0.272282767627
0.924637788607
-0.133061172131
-0.356846864006
0.883676637132
-0.144850445594
-0.445122398222
0.891838611252
-0.217657017612
-0.396546736418
0.893302483641
-0.289228253162
-0.344031525145
0.888089358914
-0.358521721768
-0.287679449397
0.876203644568
-0.424637800263
-0.227925232988
0.988438476549
-0.144585559158
-0.045655165767
0.977182699862
-0.166338862250
-0.132080861582
0.957618129421
-0.187102080274
-0.218998469767
0.929307903443
-0.205414767935
-0.306906490177
0.927298088720
-0.275814503174
-0.253070374590
0.918541734295
-0.343562439552
-0.195565673081
0.902805201670
-0.408384942239
-0.134775764844
0.968692720769
-0.237285075694
-0.073008256944
0.952452951532
-0.257489585928
-0.162887962281
0.939901733117
-0.325419863470
-0.103376228137
0.951961849364
-0.305999160735
-0.011539106769
-0.017818806019
0.242866239046
-0.969896118192
-0.039426483592
0.324866126348
-0.944937856339
-0.059641435795
0.404709991913
-0.912498066618
-0.069679044699
0.490926619847
-0.868409974986
-0.364603850964
0.380851910519
-0.849715160578
-0.432682524183
0.322559460732
-0.841867701934
-0.048294379326
0.015964177303
-0.998705561198
-0.070471074190
0.102854399389
-0.992196956370
-0.092910209181
0.188383656891
-0.977690795112
-0.114431962633
0.272282767627
-0.955388622698
-0.133061172131
0.356846864006
-0.924637788607
-0.144850445594
0.445122398222
-0.883676637132
-0.217657017612
0.396546736418
-0.891838611252
-0.289228253162
0.344031525145
-0.893302483641
-0.358521721768
0.287679449397
-0.888089358914
-0.424637800263
0.227925232988
-0.876203644568
-0.144585559158
0.045655165767
-0.988438476549
-0.166338862250
0.132080861582
-0.977182699862
-0.187102080274
0.218998469767
-0.957618129421
-0.205414767935
0.306906490177
-0.929307903443
-0.275814503174
0.253070374590
-0.927298088720
-0.343562439552
0.195565673081
-0.918541734295
-0.408384942239
0.134775764844
-0.902805201670
-0.237285075694
0.073008256944
-0.968692720769
-0.257489585928
0.162887962281
-0.952452951532
-0.325419863470
0.103376228137
-0.939901733117
-0.305999160735
0.011539106769
-0.951961849364
0.406731785934
-0.868621640630
0.282958830468
0.422538224156
-0.884573180141
0.197463257599
0.436081470749
-0.893109426420
0.110401554829
0.457445218966
-0.889102618722
0.015505000082
0.158031668612
-0.987425643458
0.004073126177
0.071383642046
-0.997102895034
0.026271512397
0.277528105831
-0.837050163137
0.471513705915
0.301020624348
-0.869723493922
0.391110761597
0.321148961200
-0.895637324522
0.307728984081
0.338795301990
-0.914281615784
0.222051503910
0.356503472778
-0.924850016057
0.132505553453
0.378445825389
-0.924885025396
0.036965484496
0.297778429132
-0.952880782166
0.057846539413
0.214070839073
-0.973622604835
0.078947445897
0.128224263364
-0.986638083564
0.100517811084
0.041185236332
-0.991615309561
0.122486138614
0.211299695531
-0.886064527104
0.412604038367
0.233435525272
-0.914542072783
0.330334153019
0.254050748371
-0.935954629861
0.243817858439
0.274441142105
-0.949372592008
0.152884731297
0.189947435198
-0.966310210734
0.173679441768
0.103679990254
-0.975330209361
0.194888281659
0.015979673830
-0.976225223648
0.216168829248
0.143878982768
-0.924892203402
0.351956318886
0.167454678617
-0.949630565620
0.264878688175
0.078863522790
-0.955051418177
0.285757473061
0.052383421535
-0.926718674591
0.372086650274
-0.868621640630
0.282958830468
0.406731785934
-0.884573180141
0.197463257599
0.422538224156
-0.893109426420
0.110401554829
0.436081470749
-0.889102618722
0.015505000082
0.457445218966
-0.987425643458
0.004073126177
0.158031668612
-0.997102895034
0.026271512397
0.071383642046
-0.837050163137
0.471513705915
0.277528105831
-0.869723493922
0.391110761597
0.301020624348
-0.895637324522
0.307728984081
0.321148961200
-0.914281615784
0.222051503910
0.338795301990
-0.924850016057
0.132505553453
0.356503472778
-0.924885025396
0.036965484496
0.378445825389
-0.952880782166
0.057846539413
0.297778429132
-0.973622604835
0.078947445897
0.214070839073
-0.986638083564
0.100517811084
0.128224263364
-0.991615309561
0.122486138614
0.041185236332
-0.886064527104
0.412604038367
0.211299695531
-0.914542072783
0.330334153019
0.233435525272
-0.935954629861
0.243817858439
0.254050748371
-0.949372592008
0.152884731297
0.274441142105
-0.966310210734
0.173679441768
0.189947435198
-0.975330209361
0.194888281659
0.103679990254
-0.976225223648
0.216168829248
0.015979673830
-0.924892203402
0.351956318886
0.143878982768
-0.949630565620
0.264878688175
0.167454678617
-0.955051418177
0.285757473061
0.078863522790
-0.926718674591
0.372086650274
0.052383421535
-0.163865546888
-0.718522050180
0.675924659965
-0.097672097808
-0.683794872265
0.723107691823
-0.031371478836
-0.642984895832
0.765236077330
0.033481400881
-0.585693281674
0.809840956976
0.222820241907
-0.752046218077
0.620304462077
0.251175818686
-0.797750184909
0.548183683254
-0.261563928528
-0.827183758961
0.497344287394
-0.198166224960
-0.806155979208
0.557532675700
-0.132765304310
-0.779209821638
0.612540143855
-0.066512534362
-0.746001610840
0.662614276482
0.000343391228
-0.704306525323
0.709895908194
0.066676572833
-0.649784254141
0.757188653973
0.098768307286
-0.707801420932
0.699472637065
0.129960686071
-0.760999429094
0.635602146783
0.159455186033
-0.808842405972
0.565992938072
0.186739996656
-0.850749768681
0.491276912483
-0.165644529764
-0.857848082898
0.486475648340
-0.101354663690
-0.832911611062
0.544045476322
-0.035052278604
-0.800606132060
0.598164826007
0.032465348073
-0.759693949711
0.649469863772
0.063122939392
-0.809904117691
0.583155909401
0.091885682827
-0.854463976365
0.511320187736
0.118796091014
-0.892929220114
0.434240597625
-0.070870725825
-0.879770619151
0.470086160081
-0.004566716335
-0.848960268572
0.528436947504
0.024512705347
-0.891161395560
0.453023723817
-0.040844314766
-0.919587114408
0.390757317226
-0.686937287723
0.192696980665
0.700703244161
-0.747474598740
0.161465488318
0.644368388672
-0.802096511789
0.127873349090
0.583343460037
-0.852904974904
0.079261661745
0.516014236976
-0.845642034401
0.367121181381
0.387442367114
-0.815596189537
0.448919211780
0.365067660726
-0.527191855283
0.339705875743
0.778889379635
-0.601086194773
0.312190818222
0.735684905018
-0.669961811031
0.283097180667
0.686299612457
-0.733337118788
0.251667339303
0.631569648206
-0.792132235154
0.214954107864
0.571245353192
-0.846711152636
0.167696371423
0.504933808547
-0.833992071839
0.253408145101
0.490144403320
-0.814355037744
0.338020458052
0.471771175932
-0.787571547830
0.420645145492
0.450320684205
-0.753717505954
0.500338397078
0.426111968417
-0.575834438182
0.399588878764
0.713262523740
-0.646848546842
0.370496596461
0.666572748812
-0.713800270982
0.337789803854
0.613504051786
-0.776423172146
0.299902728237
0.554279181776
-0.753618646952
0.383154301333
0.534089614518
-0.723653452636
0.464010021626
0.510901536813
-0.686636372422
0.541984626023
0.484544277875
-0.616736401883
0.454806043321
0.642485543457
-0.687574263357
0.421193618116
0.591470682644
-0.654144260055
0.502027694361
0.565741532090
-0.579875199090
0.535961357365
0.613587953673
-0.700703244161
-0.686937287723
-0.192696980665
-0.644368388672
-0.747474598740
-0.161465488318
-0.583343460037
-0.802096511789
-0.127873349090
-0.516014236976
-0.852904974904
-0.079261661745
-0.387442367114
-0.845642034401
-0.367121181381
-0.365067660726
-0.815596189537
-0.448919211780
-0.778889379635
-0.527191855283
-0.339705875743
-0.735684905018
-0.601086194773
-0.312190818222
-0.686299612457
-0.669961811031
-0.283097180667
-0.631569648206
-0.733337118788
-0.251667339303
-0.571245353192
-0.792132235154
-0.214954107864
-0.504933808547
-0.846711152636
-0.167696371423
-0.490144403320
-0.833992071839
-0.253408145101
-0.471771175932
-0.814355037744
-0.338020458052
-0.450320684205
-0.787571547830
-0.420645145492
-0.426111968417
-0.753717505954
-0.500338397078
-0.713262523740
-0.575834438182
-0.399588878764
-0.666572748812
-0.646848546842
-0.370496596461
-0.613504051786
-0.713800270982
-0.337789803854
-0.554279181776
-0.776423172146
-0.299902728237
-0.534089614518
-0.753618646952
-0.383154301333
-0.510901536813
-0.723653452636
-0.464010021626
-0.484544277875
-0.686636372422
-0.541984626023
-0.642485543457
-0.616736401883
-0.454806043321
-0.591470682644
-0.687574263357
-0.421193618116
-0.565741532090
-0.654144260055
-0.502027694361
-0.613587953673
-0.579875199090
-0.535961357365
0.192696980665
-0.700703244161
0.686937287723
0.161465488318
-0.644368388672
0.747474598740
0.127873349090
-0.583343460037
0.802096511789
0.079261661745
-0.516014236976
0.852904974904
0.367121181381
-0.387442367114
0.845642034401
0.448919211780
-0.365067660726
0.815596189537
0.339705875743
-0.778889379635
0.527191855283
0.312190818222
-0.735684905018
0.601086194773
0.283097180667
-0.686299612457
0.669961811031
0.251667339303
-0.631569648206
0.733337118788
0.214954107864
-0.571245353192
0.792132235154
0.167696371423
-0.504933808547
0.846711152636
0.253408145101
-0.490144403320
0.833992071839
0.338020458052
-0.471771175932
0.814355037744
0.420645145492
-0.450320684205
0.787571547830
0.500338397078
-0.426111968417
0.753717505954
0.399588878764
-0.713262523740
0.575834438182
0.370496596461
-0.666572748812
0.646848546842
0.337789803854
-0.613504051786
0.713800270982
0.299902728237
-0.554279181776
0.776423172146
0.383154301333
-0.534089614518
0.753618646952
0.464010021626
-0.510901536813
0.723653452636
0.541984626023
-0.484544277875
0.686636372422
0.454806043321
-0.642485543457
0.616736401883
0.421193618116
-0.591470682644
0.687574263357
0.502027694361
-0.565741532090
0.654144260055
0.535961357365
-0.613587953673
0.579875199090
-0.675924659965
-0.163865546888
0.718522050180
-0.723107691823
-0.097672097808
0.683794872265
-0.765236077330
-0.031371478836
0.642984895832
-0.809840956976
0.033481400881
0.585693281674
-0.620304462077
0.222820241907
0.752046218077
-0.548183683254
0.251175818686
0.797750184909
-0.497344287394
-0.261563928528
0.827183758961
-0.557532675700
-0.198166224960
0.806155979208
-0.612540143855
-0.132765304310
0.779209821638
-0.662614276482
-0.066512534362
0.746001610840
-0.709895908194
0.000343391228
0.704306525323
-0.757188653973
0.066676572833
0.649784254141
-0.699472637065
0.098768307286
0.707801420932
-0.635602146783
0.129960686071
0.760999429094
-0.565992938072
0.159455186033
0.808842405972
-0.491276912483
0.186739996656
0.850749768681
-0.486475648340
-0.165644529764
0.857848082898
-0.544045476322
-0.101354663690
0.832911611062
-0.598164826007
-0.035052278604
0.800606132060
-0.649469863772
0.032465348073
0.759693949711
-0.583155909401
0.063122939392
0.809904117691
-0.511320187736
0.091885682827
0.854463976365
-0.434240597625
0.118796091014
0.892929220114
-0.470086160081
-0.070870725825
0.879770619151
-0.528436947504
-0.004566716335
0.848960268572
-0.453023723817
0.024512705347
0.891161395560
-0.390757317226
-0.040844314766
0.919587114408
0.242866239046
-0.969896118192
-0.017818806019
0.324866126348
-0.944937856339
-0.039426483592
0.404709991913
-0.912498066619
-0.059641435795
0.490926619847
-0.868409974986
-0.069679044699
0.380851910519
-0.849715160578
-0.364603850964
0.322559460732
-0.841867701934
-0.432682524183
0.015964177303
-0.998705561198
-0.048294379326
0.102854399389
-0.992196956370
-0.070471074190
0.188383656891
-0.977690795112
-0.092910209181
0.272282767627
-0.955388622698
-0.114431962633
0.356846864006
-0.924637788607
-0.133061172131
0.445122398222
-0.883676637132
-0.144850445594
0.396546736418
-0.891838611252
-0.217657017612
0.344031525145
-0.893302483641
-0.289228253162
0.287679449397
-0.888089358914
-0.358521721768
0.227925232988
-0.876203644568
-0.424637800263
0.045655165767
-0.988438476549
-0.144585559158
0.132080861582
-0.977182699862
-0.166338862250
0.218998469767
-0.957618129421
-0.187102080274
0.306906490177
-0.929307903443
-0.205414767935
0.253070374590
-0.927298088720
-0.275814503174
0.195565673081
-0.918541734295
-0.343562439552
0.134775764844
-0.902805201670
-0.408384942239
0.073008256944
-0.968692720769
-0.237285075694
0.162887962281
-0.952452951532
-0.257489585928
0.103376228137
-0.939901733117
-0.325419863470
0.011539106769
-0.951961849364
-0.305999160735
0.969896118192
0.017818806019
0.242866239046
0.944937856339
0.039426483592
0.324866126348
0.912498066618
0.059641435795
0.404709991913
0.868409974986
0.069679044699
0.490926619847
0.849715160578
0.364603850964
0.380851910519
0.841867701934
0.432682524183
0.322559460732
0.998705561198
0.048294379326
0.015964177303
0.992196956370
0.070471074190
0.102854399389
0.977690795112
0.092910209181
0.188383656891
0.955388622698
0.114431962633
0.272282767627
0.924637788607
0.133061172131
0.356846864006
0.883676637132
0.144850445594
0.445122398222
0.891838611252
0.217657017612
0.396546736418
0.893302483641
0.289228253162
0.344031525145
0.888089358914
0.358521721768
0.287679449397
0.876203644568
0.424637800263
0.227925232988
0.988438476549
0.144585559158
0.045655165767
0.977182699862
0.166338862250
0.132080861582
0.957618129421
0.187102080274
0.218998469767
0.929307903443
0.205414767935
0.306906490177
0.927298088720
0.275814503174
0.253070374590
0.918541734295
0.343562439552
0.195565673081
0.902805201670
0.408384942239
0.134775764844
0.968692720769
0.237285075694
0.073008256944
0.952452951532
0.257489585928
0.162887962281
0.939901733117
0.325419863470
0.103376228137
0.951961849364
0.305999160735
0.011539106769
0.282958830468
-0.406731785934
0.868621640630
0.197463257599
-0.422538224156
0.884573180141
0.110401554829
-0.436081470749
0.893109426420
0.015505000082
-0.457445218966
0.889102618722
0.004073126177
-0.158031668612
0.987425643458
0.026271512397
-0.071383642046
0.997102895034
0.471513705915
-0.277528105831
0.837050163137
0.391110761597
-0.301020624348
0.869723493922
0.307728984081
-0.321148961200
0.895637324522
0.222051503910
-0.338795301990
0.914281615784
0.132505553453
-0.356503472778
0.924850016057
0.036965484496
-0.378445825389
0.924885025396
0.057846539413
-0.297778429132
0.952880782166
0.078947445897
-0.214070839073
0.973622604835
0.100517811084
-0.128224263364
0.986638083564
0.122486138614
-0.041185236332
0.991615309561
0.412604038367
-0.211299695531
0.886064527104
0.330334153019
-0.233435525272
0.914542072783
0.243817858439
-0.254050748371
0.935954629861
0.152884731297
-0.274441142105
0.949372592008
0.173679441768
-0.189947435198
0.966310210734
0.194888281659
-0.103679990254
0.975330209361
0.216168829248
-0.015979673830
0.976225223648
0.351956318886
-0.143878982768
0.924892203402
0.264878688175
-0.167454678617
0.949630565620
0.285757473061
-0.078863522790
0.955051418177
0.372086650274
-0.052383421535
0.926718674591
0.675924659965
-0.163865546888
-0.718522050180
0.723107691823
-0.097672097808
-0.683794872265
0.765236077330
-0.031371478836
-0.642984895832
0.809840956976
0.033481400881
-0.585693281674
0.620304462077
0.222820241907
-0.752046218077
0.548183683254
0.251175818686
-0.797750184909
0.497344287394
-0.261563928528
-0.827183758961
0.557532675700
-0.198166224960
-0.806155979208
0.612540143855
-0.132765304310
-0.779209821638
0.662614276482
-0.066512534362
-0.746001610840
0.709895908194
0.000343391228
-0.704306525323
0.757188653973
0.066676572833
-0.649784254141
0.699472637065
0.098768307286
-0.707801420932
0.635602146783
0.129960686071
-0.760999429094
0.565992938072
0.159455186033
-0.808842405972
0.491276912483
0.186739996656
-0.850749768681
0.486475648340
-0.165644529764
-0.857848082898
0.544045476322
-0.101354663690
-0.832911611062
0.598164826007
-0.035052278604
-0.800606132060
0.649469863772
0.032465348073
-0.759693949711
0.583155909401
0.063122939392
-0.809904117691
0.511320187736
0.091885682827
-0.854463976365
0.434240597625
0.118796091014
-0.892929220114
0.470086160081
-0.070870725825
-0.879770619151
0.528436947504
-0.004566716335
-0.848960268572
0.453023723817
0.024512705347
-0.891161395560
0.390757317226
-0.040844314766
-0.919587114408
-0.718522050180
-0.675924659965
0.163865546888
-0.683794872265
-0.723107691823
0.097672097808
-0.642984895832
-0.765236077330
0.031371478836
-0.585693281674
-0.809840956976
-0.033481400881
-0.752046218077
-0.620304462077
-0.222820241907
-0.797750184909
-0.548183683254
-0.251175818686
-0.827183758961
-0.497344287394
0.261563928528
-0.806155979208
-0.557532675700
0.198166224960
-0.779209821638
-0.612540143855
0.132765304310
-0.746001610840
-0.662614276482
0.066512534362
-0.704306525323
-0.709895908194
-0.000343391228
-0.649784254141
-0.757188653973
-0.066676572833
-0.707801420932
-0.699472637065
-0.098768307286
-0.760999429094
-0.635602146783
-0.129960686071
-0.808842405972
-0.565992938072
-0.159455186033
-0.850749768681
-0.491276912483
-0.186739996656
-0.857848082898
-0.486475648340
0.165644529764
-0.832911611062
-0.544045476322
0.101354663690
-0.800606132060
-0.598164826007
0.035052278604
-0.759693949711
-0.649469863772
-0.032465348073
-0.809904117691
-0.583155909401
-0.063122939392
-0.854463976365
-0.511320187736
-0.091885682827
-0.892929220114
-0.434240597625
-0.118796091014
-0.879770619151
-0.470086160081
0.070870725825
-0.848960268572
-0.528436947504
0.004566716335
-0.891161395560
-0.453023723817
-0.024512705347
-0.919587114408
-0.390757317226
0.040844314766
0.700703244161
-0.686937287723
0.192696980665
0.644368388672
-0.747474598740
0.161465488318
0.583343460037
-0.802096511789
0.127873349090
0.516014236976
-0.852904974904
0.079261661745
0.387442367114
-0.845642034401
0.367121181381
0.365067660726
-0.815596189537
0.448919211780
0.778889379635
-0.527191855283
0.339705875743
0.735684905018
-0.601086194773
0.312190818222
0.686299612457
-0.669961811031
0.283097180667
0.631569648206
-0.733337118788
0.251667339303
0.571245353192
-0.792132235154
0.214954107864
0.504933808547
-0.846711152636
0.167696371423
0.490144403320
-0.833992071839
0.253408145101
0.471771175932
-0.814355037744
0.338020458052
0.450320684205
-0.787571547830
0.420645145492
0.426111968417
-0.753717505954
0.500338397078
0.713262523740
-0.575834438182
0.399588878764
0.666572748812
-0.646848546842
0.370496596461
0.613504051786
-0.713800270982
0.337789803854
0.554279181776
-0.776423172146
0.299902728237
0.534089614518
-0.753618646952
0.383154301333
0.510901536813
-0.723653452636
0.464010021626
0.484544277875
-0.686636372422
0.541984626023
0.642485543457
-0.616736401883
0.454806043321
0.591470682644
-0.687574263357
0.421193618116
0.565741532090
-0.654144260055
0.502027694361
0.613587953673
-0.579875199090
0.535961357365
-0.192696980665
-0.700703244161
-0.686937287723
-0.161465488318
-0.644368388672
-0.747474598740
-0.127873349090
-0.583343460037
-0.802096511789
-0.079261661745
-0.516014236976
-0.852904974904
-0.367121181381
-0.387442367114
-0.845642034401
-0.448919211780
-0.365067660726
-0.815596189537
-0.339705875743
-0.778889379635
-0.527191855283
-0.312190818222
-0.735684905018
-0.601086194773
-0.283097180667
-0.686299612457
-0.669961811031
-0.251667339303
-0.631569648206
-0.733337118788
-0.214954107864
-0.571245353192
-0.792132235154
-0.167696371423
-0.504933808547
-0.846711152636
-0.253408145101
-0.490144403320
-0.833992071839
-0.338020458052
-0.471771175932
-0.814355037744
-0.420645145492
-0.450320684205
-0.787571547830
-0.500338397078
-0.426111968417
-0.753717505954
-0.399588878764
-0.713262523740
-0.575834438182
-0.370496596461
-0.666572748812
-0.646848546842
-0.337789803854
-0.613504051786
-0.713800270982
-0.299902728237
-0.554279181776
-0.776423172146
-0.383154301333
-0.534089614518
-0.753618646952
-0.464010021626
-0.510901536813
-0.723653452636
-0.541984626023
-0.484544277875
-0.686636372422
-0.454806043321
-0.642485543457
-0.616736401883
-0.421193618116
-0.591470682644
-0.687574263357
-0.502027694361
-0.565741532090
-0.654144260055
-0.535961357365
-0.613587953673
-0.579875199090
0.192696980665
0.700703244161
-0.686937287723
0.161465488318
0.644368388672
-0.747474598740
0.127873349090
0.583343460037
-0.802096511789
0.079261661745
0.516014236976
-0.852904974904
0.367121181381
0.387442367114
-0.845642034401
0.448919211780
0.365067660726
-0.815596189537
0.339705875743
0.778889379635
-0.527191855283
0.312190818222
0.735684905018
-0.601086194773
0.283097180667
0.686299612457
-0.669961811031
0.251667339303
0.631569648206
-0.733337118788
0.214954107864
0.571245353192
-0.792132235154
0.167696371423
0.504933808547
-0.846711152636
0.253408145101
0.490144403320
-0.833992071839
0.338020458052
0.471771175932
-0.814355037744
0.420645145492
0.450320684205
-0.787571547830
0.500338397078
0.426111968417
-0.753717505954
0.399588878764
0.713262523740
-0.575834438182
0.370496596461
0.666572748812
-0.646848546842
0.337789803854
0.613504051786
-0.713800270982
0.299902728237
0.554279181776
-0.776423172146
0.383154301333
0.534089614518
-0.753618646952
0.464010021626
0.510901536813
-0.723653452636
0.541984626023
0.484544277875
-0.686636372422
0.454806043321
0.642485543457
-0.616736401883
0.421193618116
0.591470682644
-0.687574263357
0.502027694361
0.565741532090
-0.654144260055
0.535961357365
0.613587953673
-0.579875199090
-0.686937287723
-0.192696980665
-0.700703244161
-0.747474598740
-0.161465488318
-0.644368388672
-0.802096511789
-0.127873349090
-0.583343460037
-0.852904974904
-0.079261661745
-0.516014236976
-0.845642034401
-0.367121181381
-0.387442367114
-0.815596189537
-0.448919211780
-0.365067660726
-0.527191855283
-0.339705875743
-0.778889379635
-0.601086194773
-0.312190818222
-0.735684905018
-0.669961811031
-0.283097180667
-0.686299612457
-0.733337118788
-0.251667339303
-0.631569648206
-0.792132235154
-0.214954107864
-0.571245353192
-0.846711152636
-0.167696371423
-0.504933808547
-0.833992071839
-0.253408145101
-0.490144403320
-0.814355037744
-0.338020458052
-0.471771175932
-0.787571547830
-0.420645145492
-0.450320684205
-0.753717505954
-0.500338397078
-0.426111968417
-0.575834438182
-0.399588878764
-0.713262523740
-0.646848546842
-0.370496596461
-0.666572748812
-0.713800270982
-0.337789803854
-0.613504051786
-0.776423172146
-0.299902728237
-0.554279181776
-0.753618646952
-0.383154301333
-0.534089614518
-0.723653452636
-0.464010021626
-0.510901536813
-0.686636372422
-0.541984626023
-0.484544277875
-0.616736401883
-0.454806043321
-0.642485543457
-0.687574263357
-0.421193618116
-0.591470682644
-0.654144260055
-0.502027694361
-0.565741532090
-0.579875199090
-0.535961357365
-0.613587953673
-0.718522050180
0.675924659965
-0.163865546888
-0.683794872265
0.723107691823
-0.097672097808
-0.642984895832
0.765236077330
-0.031371478836
-0.585693281674
0.809840956976
0.033481400881
-0.752046218077
0.620304462077
0.222820241907
-0.797750184909
0.548183683254
0.251175818686
-0.827183758961
0.497344287394
-0.261563928528
-0.806155979208
0.557532675700
-0.198166224960
-0.779209821638
0.612540143855
-0.132765304310
-0.746001610840
0.662614276482
-0.066512534362
-0.704306525323
0.709895908194
0.000343391228
-0.649784254141
0.757188653973
0.066676572833
-0.707801420932
0.699472637065
0.098768307286
-0.760999429094
0.635602146783
0.129960686071
-0.808842405972
0.565992938072
0.159455186033
-0.850749768681
0.491276912483
0.186739996656
-0.857848082898
0.486475648340
-0.165644529764
-0.832911611062
0.544045476322
-0.101354663690
-0.800606132060
0.598164826007
-0.035052278604
-0.759693949711
0.649469863772
0.032465348073
-0.809904117691
0.583155909401
0.063122939392
-0.854463976365
0.511320187736
0.091885682827
-0.892929220114
0.434240597625
0.118796091014
-0.879770619151
0.470086160081
-0.070870725825
-0.848960268572
0.528436947504
-0.004566716335
-0.891161395560
0.453023723817
0.024512705347
-0.919587114408
0.390757317226
-0.040844314766
-0.163865546888
0.718522050180
-0.675924659965
-0.097672097808
0.683794872265
-0.723107691823
-0.031371478836
0.642984895832
-0.765236077330
0.033481400881
0.585693281674
-0.809840956976
0.222820241907
0.752046218077
-0.620304462077
0.251175818686
0.797750184909
-0.548183683254
-0.261563928528
0.827183758961
-0.497344287394
-0.198166224960
0.806155979208
-0.557532675700
-0.132765304310
0.779209821638
-0.612540143855
-0.066512534362
0.746001610840
-0.662614276482
0.000343391228
0.704306525323
-0.709895908194
0.066676572833
0.649784254141
-0.757188653973
0.098768307286
0.707801420932
-0.699472637065
0.129960686071
0.760999429094
-0.635602146783
0.159455186033
0.808842405972
-0.565992938072
0.186739996656
0.850749768681
-0.491276912483
-0.165644529764
0.857848082898
-0.486475648340
-0.101354663690
0.832911611062
-0.544045476322
-0.035052278604
0.800606132060
-0.598164826007
0.032465348073
0.759693949711
-0.649469863772
0.063122939392
0.809904117691
-0.583155909401
0.091885682827
0.854463976365
-0.511320187736
0.118796091014
0.892929220114
-0.434240597625
-0.070870725825
0.879770619151
-0.470086160081
-0.004566716335
0.848960268572
-0.528436947504
0.024512705347
0.891161395560
-0.453023723817
-0.040844314766
0.919587114408
-0.390757317226
0.293971458227
-0.435563219711
-0.850802834611
0.221830164516
-0.486331614666
-0.845146696549
0.147261989288
-0.532583341002
-0.833467990626
0.058569018010
-0.570188281592
-0.819423574023
0.229410698502
-0.747973091900
-0.622821792495
0.293684018680
-0.771478672512
-0.564420370851
0.501361273804
-0.355670053046
-0.788755783811
0.434664280670
-0.415045217611
-0.799252419733
0.365150651257
-0.471480837557
-0.802727115341
0.292774346216
-0.523950106930
-0.799849653151
0.214741880413
-0.571800971869
-0.791788843926
0.126487983158
-0.612818769645
-0.780034579802
0.192365974187
-0.649954881519
-0.735223764554
0.257700336858
-0.682051983196
-0.684394351672
0.322096420841
-0.708324594889
-0.628116361797
0.384926732085
-0.728263630066
-0.566977509297
0.501962828209
-0.445244044531
-0.741478967946
0.433137223540
-0.502577458043
-0.748203210533
0.359453303415
-0.556788273621
-0.748852549586
0.279838039671
-0.606809218414
-0.743957824074
0.344142179319
-0.636224675924
-0.690495707560
0.407221546559
-0.659575694706
-0.631767769810
0.468564604046
-0.676760390867
-0.567840281408
0.498606560688
-0.527814300265
-0.687607127707
0.424016004028
-0.584081580397
-0.692140979692
0.486878009300
-0.605403922498
-0.629631554708
0.561204532138
-0.547500464134
-0.620719513856
-0.868621640630
-0.282958830468
-0.406731785934
-0.884573180141
-0.197463257599
-0.422538224156
-0.893109426420
-0.110401554829
-0.436081470749
-0.889102618722
-0.015505000082
-0.457445218966
-0.987425643458
-0.004073126177
-0.158031668612
-0.997102895034
-0.026271512397
-0.071383642046
-0.837050163137
-0.471513705915
-0.277528105831
-0.869723493922
-0.391110761597
-0.301020624348
-0.895637324522
-0.307728984081
-0.321148961200
-0.914281615784
-0.222051503910
-0.338795301990
-0.924850016057
-0.132505553453
-0.356503472778
-0.924885025396
-0.036965484496
-0.378445825389
-0.952880782166
-0.057846539413
-0.297778429132
-0.973622604835
-0.078947445897
-0.214070839073
-0.986638083564
-0.100517811084
-0.128224263364
-0.991615309561
-0.122486138614
-0.041185236332
-0.886064527104
-0.412604038367
-0.211299695531
-0.914542072783
-0.330334153019
-0.233435525272
-0.935954629861
-0.243817858439
-0.254050748371
-0.949372592008
-0.152884731297
-0.274441142105
-0.966310210734
-0.173679441768
-0.189947435198
-0.975330209361
-0.194888281659
-0.103679990254
-0.976225223648
-0.216168829248
-0.015979673830
-0.924892203402
-0.351956318886
-0.143878982768
-0.949630565620
-0.264878688175
-0.167454678617
-0.955051418177
-0.285757473061
-0.078863522790
-0.926718674591
-0.372086650274
-0.052383421535
-0.293971458227
0.435563219711
-0.850802834611
-0.221830164516
0.486331614666
-0.845146696549
-0.147261989288
0.532583341002
-0.833467990626
-0.058569018010
0.570188281592
-0.819423574023
-0.229410698502
0.747973091900
-0.622821792495
-0.293684018680
0.771478672512
-0.564420370851
-0.501361273804
0.355670053046
-0.788755783811
-0.434664280670
0.415045217611
-0.799252419733
-0.365150651257
0.471480837557
-0.802727115341
-0.292774346216
0.523950106930
-0.799849653151
-0.214741880413
0.571800971869
-0.791788843926
-0.126487983158
0.612818769645
-0.780034579802
-0.192365974187
0.649954881519
-0.735223764554
-0.257700336858
0.682051983196
-0.684394351672
-0.322096420841
0.708324594889
-0.628116361797
-0.384926732085
0.728263630066
-0.566977509297
-0.501962828209
0.445244044531
-0.741478967946
-0.433137223540
0.502577458043
-0.748203210533
-0.359453303415
0.556788273621
-0.748852549586
-0.279838039671
0.606809218414
-0.743957824074
-0.344142179319
0.636224675924
-0.690495707560
-0.407221546559
0.659575694706
-0.631767769810
-0.468564604046
0.676760390867
-0.567840281408
-0.498606560688
0.527814300265
-0.687607127707
-0.424016004028
0.584081580397
-0.692140979692
-0.486878009300
0.605403922498
-0.629631554708
-0.561204532138
0.547500464134
-0.620719513856
0.868621640630
0.282958830468
-0.406731785934
0.884573180141
0.197463257599
-0.422538224156
0.893109426420
0.110401554829
-0.436081470749
0.889102618722
0.015505000082
-0.457445218966
0.987425643458
0.004073126177
-0.158031668612
0.997102895034
0.026271512397
-0.071383642046
0.837050163137
0.471513705915
-0.277528105831
0.869723493922
0.391110761597
-0.301020624348
0.895637324522
0.307728984081
-0.321148961200
0.914281615784
0.222051503910
-0.338795301990
0.924850016057
0.132505553453
-0.356503472778
0.924885025396
0.036965484496
-0.378445825389
0.952880782166
0.057846539413
-0.297778429132
0.973622604835
0.078947445897
-0.214070839073
0.986638083564
0.100517811084
-0.128224263364
0.991615309561
0.122486138614
-0.041185236332
0.886064527104
0.412604038367
-0.211299695531
0.914542072783
0.330334153019
-0.233435525272
0.935954629861
0.243817858439
-0.254050748371
0.949372592008
0.152884731297
-0.274441142105
0.966310210734
0.173679441768
-0.189947435198
0.975330209361
0.194888281659
-0.103679990254
0.976225223648
0.216168829248
-0.015979673830
0.924892203402
0.351956318886
-0.143878982768
0.949630565620
0.264878688175
-0.167454678617
0.955051418177
0.285757473061
-0.078863522790
0.926718674591
0.372086650274
-0.052383421535
0.163865546888
-0.718522050180
-0.675924659965
0.097672097808
-0.683794872265
-0.723107691823
0.031371478836
-0.642984895832
-0.765236077330
-0.033481400881
-0.585693281674
-0.809840956976
-0.222820241907
-0.752046218077
-0.620304462077
-0.251175818686
-0.797750184909
-0.548183683254
0.261563928528
-0.827183758961
-0.497344287394
0.198166224960
-0.806155979208
-0.557532675700
0.132765304310
-0.779209821638
-0.612540143855
0.066512534362
-0.746001610840
-0.662614276482
-0.000343391228
-0.704306525323
-0.709895908194
-0.066676572833
-0.649784254141
-0.757188653973
-0.098768307286
-0.707801420932
-0.699472637065
-0.129960686071
-0.760999429094
-0.635602146783
-0.159455186033
-0.808842405972
-0.565992938072
-0.186739996656
-0.850749768681
-0.491276912483
0.165644529764
-0.857848082898
-0.486475648340
0.101354663690
-0.832911611062
-0.544045476322
0.035052278604
-0.800606132060
-0.598164826007
-0.032465348073
-0.759693949711
-0.649469863772
-0.063122939392
-0.809904117691
-0.583155909401
-0.091885682827
-0.854463976365
-0.511320187736
-0.118796091014
-0.892929220114
-0.434240597625
0.070870725825
-0.879770619151
-0.470086160081
0.004566716335
-0.848960268572
-0.528436947504
-0.024512705347
-0.891161395560
-0.453023723817
0.040844314766
-0.919587114408
-0.390757317226
0.686937287723
0.192696980665
-0.700703244161
0.747474598740
0.161465488318
-0.644368388672
0.802096511789
0.127873349090
-0.583343460037
0.852904974904
0.079261661745
-0.516014236976
0.845642034401
0.367121181381
-0.387442367114
0.815596189537
0.448919211780
-0.365067660726
0.527191855283
0.339705875743
-0.778889379635
0.601086194773
0.312190818222
-0.735684905018
0.669961811031
0.283097180667
-0.686299612457
0.733337118788
0.251667339303
-0.631569648206
0.792132235154
0.214954107864
-0.571245353192
0.846711152636
0.167696371423
-0.504933808547
0.833992071839
0.253408145101
-0.490144403320
0.814355037744
0.338020458052
-0.471771175932
0.787571547830
0.420645145492
-0.450320684205
0.753717505954
0.500338397078
-0.426111968417
0.575834438182
0.399588878764
-0.713262523740
0.646848546842
0.370496596461
-0.666572748812
0.713800270982
0.337789803854
-0.613504051786
0.776423172146
0.299902728237
-0.554279181776
0.753618646952
0.383154301333
-0.534089614518
0.723653452636
0.464010021626
-0.510901536813
0.686636372422
0.541984626023
-0.484544277875
0.616736401883
0.454806043321
-0.642485543457
0.687574263357
0.421193618116
-0.591470682644
0.654144260055
0.502027694361
-0.565741532090
0.579875199090
0.535961357365
-0.613587953673
-0.969896118192
0.017818806019
-0.242866239046
-0.944937856339
0.039426483592
-0.324866126348
-0.912498066618
0.059641435795
-0.404709991913
-0.868409974986
0.069679044699
-0.490926619847
-0.849715160578
0.364603850964
-0.380851910519
-0.841867701934
0.432682524183
-0.322559460732
-0.998705561198
0.048294379326
-0.015964177303
-0.992196956370
0.070471074190
-0.102854399389
-0.977690795112
0.092910209181
-0.188383656891
-0.955388622698
0.114431962633
-0.272282767627
-0.924637788607
0.133061172131
-0.356846864006
-0.883676637132
0.144850445594
-0.445122398222
-0.891838611252
0.217657017612
-0.396546736418
-0.893302483641
0.289228253162
-0.344031525145
-0.888089358914
0.358521721768
-0.287679449397
-0.876203644568
0.424637800263
-0.227925232988
-0.988438476549
0.144585559158
-0.045655165767
-0.977182699862
0.166338862250
-0.132080861582
-0.957618129421
0.187102080274
-0.218998469767
-0.929307903443
0.205414767935
-0.306906490177
-0.927298088720
0.275814503174
-0.253070374590
-0.918541734295
0.343562439552
-0.195565673081
-0.902805201670
0.408384942239
-0.134775764844
-0.968692720769
0.237285075694
-0.073008256944
-0.952452951532
0.257489585928
-0.162887962281
-0.939901733117
0.325419863470
-0.103376228137
-0.951961849364
0.305999160735
-0.011539106769
0.017818806019
-0.242866239046
-0.969896118192
0.039426483592
-0.324866126348
-0.944937856339
0.059641435795
-0.404709991913
-0.912498066618
0.069679044699
-0.490926619847
-0.868409974986
0.364603850964
-0.380851910519
-0.849715160578
0.432682524183
-0.322559460732
-0.841867701934
0.048294379326
-0.015964177303
-0.998705561198
0.070471074190
-0.102854399389
-0.992196956370
0.092910209181
-0.188383656891
-0.977690795112
0.114431962633
-0.272282767627
-0.955388622698
0.133061172131
-0.356846864006
-0.924637788607
0.144850445594
-0.445122398222
-0.883676637132
0.217657017612
-0.396546736418
-0.891838611252
0.289228253162
-0.344031525145
-0.893302483641
0.358521721768
-0.287679449397
-0.888089358914
0.424637800263
-0.227925232988
-0.876203644568
0.144585559158
-0.045655165767
-0.988438476549
0.166338862250
-0.132080861582
-0.977182699862
0.187102080274
-0.218998469767
-0.957618129421
0.205414767935
-0.306906490177
-0.929307903443
0.275814503174
-0.253070374590
-0.927298088720
0.343562439552
-0.195565673081
-0.918541734295
0.408384942239
-0.134775764844
-0.902805201670
0.237285075694
-0.073008256944
-0.968692720769
0.257489585928
-0.162887962281
-0.952452951532
0.325419863470
-0.103376228137
-0.939901733117
0.305999160735
-0.011539106769
-0.951961849364
0.435563219711
-0.850802834611
-0.293971458227
0.486331614666
-0.845146696549
-0.221830164516
0.532583341002
-0.833467990626
-0.147261989288
0.570188281592
-0.819423574023
-0.058569018010
0.747973091900
-0.622821792495
-0.229410698502
0.771478672512
-0.564420370851
-0.293684018680
0.355670053046
-0.788755783811
-0.501361273804
0.415045217611
-0.799252419733
-0.434664280670
0.471480837557
-0.802727115341
-0.365150651257
0.523950106930
-0.799849653151
-0.292774346216
0.571800971869
-0.791788843926
-0.214741880413
0.612818769645
-0.780034579802
-0.126487983158
0.649954881519
-0.735223764554
-0.192365974187
0.682051983196
-0.684394351672
-0.257700336858
0.708324594889
-0.628116361797
-0.322096420841
0.728263630066
-0.566977509297
-0.384926732085
0.445244044531
-0.741478967946
-0.501962828209
0.502577458043
-0.748203210533
-0.433137223540
0.556788273621
-0.748852549586
-0.359453303415
0.606809218414
-0.743957824074
-0.279838039671
0.636224675924
-0.690495707560
-0.344142179319
0.659575694706
-0.631767769810
-0.407221546559
0.676760390867
-0.567840281408
-0.468564604046
0.527814300265
-0.687607127707
-0.498606560688
0.584081580397
-0.692140979692
-0.424016004028
0.605403922498
-0.629631554708
-0.486878009300
0.547500464134
-0.620719513856
-0.561204532138
-0.435563219711
-0.850802834611
0.293971458227
-0.486331614666
-0.845146696549
0.221830164516
-0.532583341002
-0.833467990626
0.147261989288
-0.570188281592
-0.819423574023
0.058569018010
-0.747973091900
-0.622821792495
0.229410698502
-0.771478672512
-0.564420370851
0.293684018680
-0.355670053046
-0.788755783811
0.501361273804
-0.415045217611
-0.799252419733
0.434664280670
-0.471480837557
-0.802727115341
0.365150651257
-0.523950106930
-0.799849653151
0.292774346216
-0.571800971869
-0.791788843926
0.214741880413
-0.612818769645
-0.780034579802
0.126487983158
-0.649954881519
-0.735223764554
0.192365974187
-0.682051983196
-0.684394351672
0.257700336858
-0.708324594889
-0.628116361797
0.322096420841
-0.728263630066
-0.566977509297
0.384926732085
-0.445244044531
-0.741478967946
0.501962828209
-0.502577458043
-0.748203210533
0.433137223540
-0.556788273621
-0.748852549586
0.359453303415
-0.606809218414
-0.743957824074
0.279838039671
-0.636224675924
-0.690495707560
0.344142179319
-0.659575694706
-0.631767769810
0.407221546559
-0.676760390867
-0.567840281408
0.468564604046
-0.527814300265
-0.687607127707
0.498606560688
-0.584081580397
-0.692140979692
0.424016004028
-0.605403922498
-0.629631554708
0.486878009300
-0.547500464134
-0.620719513856
0.561204532138
-0.242866239046
-0.969896118192
0.017818806019
-0.324866126348
-0.944937856339
0.039426483592
-0.404709991913
-0.912498066618
0.059641435795
-0.490926619847
-0.868409974986
0.069679044699
-0.380851910519
-0.849715160578
0.364603850964
-0.322559460732
-0.841867701934
0.432682524183
-0.015964177303
-0.998705561198
0.048294379326
-0.102854399389
-0.992196956370
0.070471074190
-0.188383656891
-0.977690795112
0.092910209181
-0.272282767627
-0.955388622698
0.114431962633
-0.356846864006
-0.924637788607
0.133061172131
-0.445122398222
-0.883676637132
0.144850445594
-0.396546736418
-0.891838611252
0.217657017612
-0.344031525145
-0.893302483641
0.289228253162
-0.287679449397
-0.888089358914
0.358521721768
-0.227925232988
-0.876203644568
0.424637800263
-0.045655165767
-0.988438476549
0.144585559158
-0.132080861582
-0.977182699862
0.166338862250
-0.218998469767
-0.957618129421
0.187102080274
-0.306906490177
-0.929307903443
0.205414767935
-0.253070374590
-0.927298088720
0.275814503174
-0.195565673081
-0.918541734295
0.343562439552
-0.134775764844
-0.902805201670
0.408384942239
-0.073008256944
-0.968692720769
0.237285075694
-0.162887962281
-0.952452951532
0.257489585928
-0.103376228137
-0.939901733117
0.325419863470
-0.011539106769
-0.951961849364
0.305999160735
0.242866239046
0.969896118192
0.017818806019
0.324866126348
0.944937856339
0.039426483592
0.404709991913
0.912498066618
0.059641435795
0.490926619847
0.868409974986
0.069679044699
0.380851910519
0.849715160578
0.364603850964
0.322559460732
0.841867701934
0.432682524183
0.015964177303
0.998705561198
0.048294379326
0.102854399389
0.992196956370
0.070471074190
0.188383656891
0.977690795112
0.092910209181
0.272282767627
0.955388622698
0.114431962633
0.356846864006
0.924637788607
0.133061172131
0.445122398222
0.883676637132
0.144850445594
0.396546736418
0.891838611252
0.217657017612
0.344031525145
0.893302483641
0.289228253162
0.287679449397
0.888089358914
0.358521721768
0.227925232988
0.876203644568
0.424637800263
0.045655165767
0.988438476549
0.144585559158
0.132080861582
0.977182699862
0.166338862250
0.218998469767
0.957618129421
0.187102080274
0.306906490177
0.929307903443
0.205414767935
0.253070374590
0.927298088720
0.275814503174
0.195565673081
0.918541734295
0.343562439552
0.134775764844
0.902805201670
0.408384942239
0.073008256944
0.968692720769
0.237285075694
0.162887962281
0.952452951532
0.257489585928
0.103376228137
0.939901733117
0.325419863470
0.011539106769
0.951961849364
0.305999160735
-0.282958830468
-0.406731785934
-0.868621640630
-0.197463257599
-0.422538224156
-0.884573180141
-0.110401554829
-0.436081470749
-0.893109426420
-0.015505000082
-0.457445218966
-0.889102618722
-0.004073126177
-0.158031668612
-0.987425643458
-0.026271512397
-0.071383642046
-0.997102895034
-0.471513705915
-0.277528105831
-0.837050163137
-0.391110761597
-0.301020624348
-0.869723493922
-0.307728984081
-0.321148961200
-0.895637324522
-0.222051503910
-0.338795301990
-0.914281615784
-0.132505553453
-0.356503472778
-0.924850016057
-0.036965484496
-0.378445825389
-0.924885025396
-0.057846539413
-0.297778429132
-0.952880782166
-0.078947445897
-0.214070839073
-0.973622604835
-0.100517811084
-0.128224263364
-0.986638083564
-0.122486138614
-0.041185236332
-0.991615309561
-0.412604038367
-0.211299695531
-0.886064527104
-0.330334153019
-0.233435525272
-0.914542072783
-0.243817858439
-0.254050748371
-0.935954629861
-0.152884731297
-0.274441142105
-0.949372592008
-0.173679441768
-0.189947435198
-0.966310210734
-0.194888281659
-0.103679990254
-0.975330209361
-0.216168829248
-0.015979673830
-0.976225223648
-0.351956318886
-0.143878982768
-0.924892203402
-0.264878688175
-0.167454678617
-0.949630565620
-0.285757473061
-0.078863522790
-0.955051418177
-0.372086650274
-0.052383421535
-0.926718674591
0.718522050180
-0.675924659965
-0.163865546888
0.683794872265
-0.723107691823
-0.097672097808
0.642984895832
-0.765236077330
-0.031371478836
0.585693281674
-0.809840956976
0.033481400881
0.752046218077
-0.620304462077
0.222820241907
0.797750184909
-0.548183683254
0.251175818686
0.827183758961
-0.497344287394
-0.261563928528
0.806155979208
-0.557532675700
-0.198166224960
0.779209821638
-0.612540143855
-0.132765304310
0.746001610840
-0.662614276482
-0.066512534362
0.704306525323
-0.709895908194
0.000343391228
0.649784254141
-0.757188653973
0.066676572833
0.707801420932
-0.699472637065
0.098768307286
0.760999429094
-0.635602146783
0.129960686071
0.808842405972
-0.565992938072
0.159455186033
0.850749768681
-0.491276912483
0.186739996656
0.857848082898
-0.486475648340
-0.165644529764
0.832911611062
-0.544045476322
-0.101354663690
0.800606132060
-0.598164826007
-0.035052278604
0.759693949711
-0.649469863772
0.032465348073
0.809904117691
-0.583155909401
0.063122939392
0.854463976365
-0.511320187736
0.091885682827
0.892929220114
-0.434240597625
0.118796091014
0.879770619151
-0.470086160081
-0.070870725825
0.848960268572
-0.528436947504
-0.004566716335
0.891161395560
-0.453023723817
0.024512705347
0.919587114408
-0.390757317226
-0.040844314766
