0.495708841365
0.858287975658
0.132719612093
0.548759393394
0.833328020759
0.066539747369
0.456540044863
0.849548227619
0.264270687715
0.515694246627
0.831514191814
0.206503251325
0.571653171442
0.808272247203
0.141097930466
0.407553907484
0.825195564423
0.391090901136
0.471842518542
0.814694044646
0.337102731099
0.533087679185
0.799035680015
0.278135773256
0.590344327968
0.778470528778
0.213253863414
0.642155764159
0.753303040285
0.142022899757
0.784026160836
0.555946477689
0.276091457799
0.348026182968
0.785783315543
0.511294784819
0.417678922415
0.782377904747
0.461983908740
0.483343458269
0.774862293620
0.407391123216
0.546523258556
0.761468673591
0.348536636522
0.605471624527
0.743279534392
0.284498937865
0.658871167805
0.721221477725
0.213841914282
0.720360093750
0.661033933982
0.210036838332
0.730962928385
0.621478579473
0.281882196288
0.735889699776
0.577858038712
0.352911372528
0.423381370958
0.734796118923
0.529927238724
0.491270062048
0.729356315918
0.476122978405
0.555330914445
0.719031294342
0.417853530819
0.616101811640
0.703169885557
0.354923470257
0.671505153179
0.683913031593
0.285208335206
0.679254925344
0.641826251056
0.355909833878
0.681677413173
0.595154596493
0.425566576041
0.494385032915
0.678854287602
0.542899894487
0.560119007714
0.670756131876
0.486161401952
0.621691016015
0.658340514172
0.424367821597
0.622872916050
0.607742511667
0.492623964057
0.559442631435
0.617664788850
0.552733345067
0.525731112119
0.850650808352
0.000000000000
0.000000000000
0.525731112119
-0.850650808352
-0.525731112119
0.850650808352
0.000000000000
0.000000000000
0.525731112119
0.850650808352
0.850650808352
-0.000000000000
0.525731112119
-0.850650808352
-0.000000000000
0.525731112119
-0.000000000000
-0.525731112119
0.850650808352
-0.850650808352
-0.000000000000
-0.525731112119
-0.525731112119
-0.850650808352
0.000000000000
0.850650808352
-0.000000000000
-0.525731112119
0.525731112119
-0.850650808352
0.000000000000
0.000000000000
-0.525731112119
-0.850650808352
0.124743571534
0.474827296085
-0.871193480378
0.036964610029
0.471330678617
-0.881181598196
0.248054294921
0.414084977352
-0.875786902336
0.166169532736
0.410099200470
-0.896775519383
0.078093898364
0.406706473972
-0.910214912572
0.367621684712
0.346110701196
-0.863169554286
0.288554884050
0.344742604887
-0.893246111252
0.205388331952
0.342632405256
-0.916743512640
0.117914458647
0.340742525819
-0.932732926159
0.026604498777
0.339986467465
-0.940053935998
0.003146510512
0.069447011781
-0.997580679457
0.482453476969
0.272518658737
-0.832449531924
0.406681440681
0.272895181375
-0.871859177728
0.327360229934
0.273819859506
-0.904354999101
0.244017193654
0.272887804643
-0.930584684636
0.157114671049
0.271975284371
-0.949391607732
0.066435852187
0.272957087091
-0.959729496343
0.014014044239
0.207165756246
-0.978205477394
0.054613465713
0.135965667161
-0.989207110122
0.096134402294
0.063638864174
-0.993331904080
0.444093944579
0.198666889519
-0.873677306216
0.364940046492
0.200189367329
-0.909254078723
0.282578039809
0.201175081135
-0.937911636642
0.196379657891
0.201028722158
-0.959699162673
0.106326562966
0.203186593487
-0.973349819045
0.146644860413
0.131392112157
-0.980424090778
0.187364770265
0.058056989470
-0.980573214420
0.401800236001
0.124981331195
-0.907158330834
0.320528376162
0.126486116537
-0.938755997264
0.235913678495
0.128311664054
-0.963265723031
0.274907465043
0.052883721719
-0.960015206984
0.358318270381
0.050457357982
-0.932234987617
-0.495708841365
0.858287975658
-0.132719612093
-0.548759393394
0.833328020759
-0.066539747369
-0.456540044863
0.849548227619
-0.264270687715
-0.515694246627
0.831514191814
-0.206503251325
-0.571653171442
0.808272247203
-0.141097930466
-0.407553907484
0.825195564423
-0.391090901136
-0.471842518542
0.814694044646
-0.337102731099
-0.533087679185
0.799035680015
-0.278135773256
-0.590344327968
0.778470528778
-0.213253863414
-0.642155764159
0.753303040285
-0.142022899757
-0.784026160836
0.555946477689
-0.276091457799
-0.348026182968
0.785783315543
-0.511294784819
-0.417678922415
0.782377904747
-0.461983908740
-0.483343458269
0.774862293620
-0.407391123216
-0.546523258556
0.761468673591
-0.348536636522
-0.605471624527
0.743279534392
-0.284498937865
-0.658871167805
0.721221477725
-0.213841914282
-0.720360093750
0.661033933982
-0.210036838332
-0.730962928385
0.621478579473
-0.281882196288
-0.735889699776
0.577858038712
-0.352911372528
-0.423381370958
0.734796118923
-0.529927238724
-0.491270062048
0.729356315918
-0.476122978405
-0.555330914445
0.719031294342
-0.417853530819
-0.616101811640
0.703169885557
-0.354923470257
-0.671505153179
0.683913031593
-0.285208335206
-0.679254925344
0.641826251056
-0.355909833878
-0.681677413173
0.595154596493
-0.425566576041
-0.494385032915
0.678854287602
-0.542899894487
-0.560119007714
0.670756131876
-0.486161401952
-0.621691016015
0.658340514172
-0.424367821597
-0.622872916050
0.607742511667
-0.492623964057
-0.559442631435
0.617664788850
-0.552733345067
-0.124743571534
0.474827296085
0.871193480378
-0.036964610029
0.471330678617
0.881181598196
-0.248054294921
0.414084977352
0.875786902336
-0.166169532736
0.410099200470
0.896775519383
-0.078093898364
0.406706473972
0.910214912572
-0.367621684712
0.346110701196
0.863169554286
-0.288554884050
0.344742604887
0.893246111252
-0.205388331952
0.342632405256
0.916743512640
-0.117914458647
0.340742525819
0.932732926159
-0.026604498777
0.339986467465
0.940053935998
-0.003146510512
0.069447011781
0.997580679457
-0.482453476969
0.272518658737
0.832449531924
-0.406681440681
0.272895181375
0.871859177728
-0.327360229934
0.273819859506
0.904354999101
-0.244017193654
0.272887804643
0.930584684636
-0.157114671049
0.271975284371
0.949391607732
-0.066435852187
0.272957087091
0.959729496343
-0.014014044239
0.207165756246
0.978205477394
-0.054613465713
0.135965667161
0.989207110122
-0.096134402294
0.063638864174
0.993331904080
-0.444093944579
0.198666889519
0.873677306216
-0.364940046492
0.200189367329
0.909254078723
-0.282578039809
0.201175081135
0.937911636642
-0.196379657891
0.201028722158
0.959699162673
-0.106326562966
0.203186593487
0.973349819045
-0.146644860413
0.131392112157
0.980424090778
-0.187364770265
0.058056989470
0.980573214420
-0.401800236001
0.124981331195
0.907158330834
-0.320528376162
0.126486116537
0.938755997264
-0.235913678495
0.128311664054
0.963265723031
-0.274907465043
0.052883721719
0.960015206984
-0.358318270381
0.050457357982
0.932234987617
0.620452412898
0.781192208572
0.069119726526
0.585724003423
0.810482635380
-0.006729751961
0.704594339784
0.696242242303
0.137089592522
0.681863779364
0.728815772688
0.062364700537
0.649747069806
0.760007563700
-0.014739348599
0.775175592196
0.597992868269
0.203733479730
0.760397402592
0.636357318683
0.129788878914
0.738476011137
0.672098709976
0.054189528735
0.708258786614
0.705595385569
-0.022464261559
0.668760262936
0.736860555787
-0.098975916483
0.787172671348
0.554001827246
-0.271000296845
0.830479659937
0.487610668786
0.269331338907
0.824360363096
0.531034951812
0.196040484876
0.810703688203
0.572542544956
0.122288855382
0.790540452210
0.610657754073
0.046291476650
0.762586295576
0.646177327552
-0.030282059976
0.725307019992
0.680161863002
-0.106346447373
0.734374137989
0.652372778323
-0.187361638433
0.785576394098
0.587725601418
-0.193515752520
0.832024102069
0.518443710607
-0.197362642129
0.867475315537
0.460330966975
0.188631857803
0.856210108540
0.503810963330
0.114362420674
0.837908954254
0.544388461266
0.039367342066
0.812481469531
0.581800582282
-0.037174509091
0.777831716146
0.618199601773
-0.113168342420
0.825899785757
0.551194743046
-0.118633465455
0.869042183438
0.479356800174
-0.122404009458
0.896185268915
0.430528085066
0.107226544049
0.880647383876
0.472658701049
0.032464405037
0.857604694509
0.512537842451
-0.042651471381
0.897780381093
0.437840354510
-0.047814341857
0.917760901816
0.396211918964
0.027037795200
-0.405707569558
0.913911820665
-0.012905504721
-0.478060430578
0.877022382749
-0.047853577437
-0.276995384830
0.960512930018
-0.026238674716
-0.347734499933
0.935319024013
-0.065261327569
-0.421445822571
0.901105494165
-0.101942665369
-0.142377221467
0.989083769405
-0.037973989864
-0.214953725973
0.973460049782
-0.078552066606
-0.288442876521
0.950234483232
-0.117707832625
-0.363206787378
0.918849248983
-0.154262397381
-0.438962383948
0.878883455544
-0.186750895713
-0.340447308625
0.830093285046
-0.441634201768
-0.003187319830
0.998905453605
-0.046666216381
-0.076854696499
0.993018860552
-0.089481272981
-0.151531004124
0.979933668172
-0.129492705481
-0.226596327993
0.959194390595
-0.169116011045
-0.302257344347
0.930676265418
-0.206112073340
-0.379303534464
0.894003777284
-0.238508018619
-0.394527394679
0.862409616654
-0.317171543411
-0.329481419681
0.869607797706
-0.367728530649
-0.261001506303
0.871355083135
-0.415473865367
-0.010035031716
0.990258205699
-0.138881187294
-0.085826946655
0.979933941736
-0.179897762805
-0.161807739069
0.962241992085
-0.218880342300
-0.238203231249
0.936724052539
-0.256529277115
-0.316354935907
0.903407936979
-0.289436787452
-0.250025577612
0.907104576924
-0.338597839722
-0.180460998928
0.904923376216
-0.385418617927
-0.017754787146
0.973427979553
-0.228304043232
-0.094021711500
0.958820103001
-0.267999865387
-0.170963135435
0.936905664048
-0.304925208859
-0.100698063576
0.930464318567
-0.352272695317
-0.023419562782
0.948945264031
-0.314570198767
-0.090001271807
0.607546908178
0.789168249131
-0.070698962816
0.537870425985
0.840057772720
-0.179544660033
0.678355665067
0.712458635097
-0.167959746695
0.616602451794
0.769149491277
-0.150207348872
0.547804404437
0.823011595802
-0.265176686017
0.737201602333
0.621462084693
-0.256888792569
0.681845335986
0.684905165732
-0.244644802664
0.620768178512
0.744846151280
-0.227137540590
0.553996389233
0.800934790336
-0.203193380211
0.482009367222
0.852278956767
-0.443578852211
0.345538469580
0.826946774534
-0.344838863139
0.783813443555
0.516451976636
-0.340824225916
0.734879090115
0.586337419871
-0.331812454145
0.681210982722
0.652573438238
-0.319926930563
0.621424441165
0.715177196940
-0.303214280180
0.556474222236
0.773561594368
-0.279567633342
0.486799001373
0.827567925097
-0.325832699071
0.417202594578
0.848395572415
-0.401481508704
0.417847863448
0.814994331993
-0.474888193473
0.416550236702
0.775220680841
-0.413346339241
0.728594128244
0.546164261120
-0.405443115393
0.676312345735
0.614993895244
-0.393523175376
0.619028611954
0.679663952276
-0.377898580391
0.555952192415
0.740344394648
-0.355150217272
0.488394928694
0.797081374013
-0.429229347732
0.487301946035
0.760459716511
-0.501216414245
0.483623565511
0.717558605950
-0.476630245769
0.667881225683
0.571627743553
-0.466097296214
0.612647518489
0.638291726839
-0.450727880580
0.552679485650
0.700991985553
-0.522174852474
0.545507685776
0.655556853524
-0.536023068653
0.603190703049
0.590626993650
0.789168249131
-0.090001271807
0.607546908178
0.840057772720
-0.070698962816
0.537870425985
0.712458635097
-0.179544660033
0.678355665067
0.769149491277
-0.167959746695
0.616602451794
0.823011595802
-0.150207348872
0.547804404437
0.621462084693
-0.265176686017
0.737201602333
0.684905165732
-0.256888792569
0.681845335986
0.744846151280
-0.244644802664
0.620768178512
0.800934790336
-0.227137540590
0.553996389233
0.852278956767
-0.203193380211
0.482009367222
0.826946774534
-0.443578852211
0.345538469580
0.516451976636
-0.344838863139
0.783813443555
0.586337419871
-0.340824225916
0.734879090115
0.652573438238
-0.331812454145
0.681210982722
0.715177196940
-0.319926930563
0.621424441165
0.773561594368
-0.303214280180
0.556474222236
0.827567925097
-0.279567633342
0.486799001373
0.848395572415
-0.325832699071
0.417202594578
0.814994331993
-0.401481508704
0.417847863448
0.775220680841
-0.474888193473
0.416550236702
0.546164261120
-0.413346339241
0.728594128244
0.614993895244
-0.405443115393
0.676312345735
0.679663952276
-0.393523175376
0.619028611954
0.740344394648
-0.377898580391
0.555952192415
0.797081374013
-0.355150217272
0.488394928694
0.760459716511
-0.429229347732
0.487301946035
0.717558605950
-0.501216414245
0.483623565511
0.571627743553
-0.476630245769
0.667881225683
0.638291726839
-0.466097296214
0.612647518489
0.700991985553
-0.450727880580
0.552679485650
0.655556853524
-0.522174852474
0.545507685776
0.590626993650
-0.536023068653
0.603190703049
-0.913911820665
-0.012905504721
0.405707569558
-0.877022382749
-0.047853577437
0.478060430578
-0.960512930018
-0.026238674716
0.276995384830
-0.935319024013
-0.065261327569
0.347734499933
-0.901105494165
-0.101942665369
0.421445822571
-0.989083769405
-0.037973989864
0.142377221467
-0.973460049782
-0.078552066606
0.214953725973
-0.950234483232
-0.117707832625
0.288442876521
-0.918849248983
-0.154262397381
0.363206787378
-0.878883455544
-0.186750895713
0.438962383948
-0.830093285046
-0.441634201768
0.340447308625
-0.998905453605
-0.046666216381
0.003187319830
-0.993018860552
-0.089481272981
0.076854696499
-0.979933668172
-0.129492705481
0.151531004124
-0.959194390595
-0.169116011045
0.226596327993
-0.930676265418
-0.206112073340
0.302257344347
-0.894003777284
-0.238508018619
0.379303534464
-0.862409616654
-0.317171543411
0.394527394679
-0.869607797706
-0.367728530649
0.329481419681
-0.871355083135
-0.415473865367
0.261001506303
-0.990258205699
-0.138881187294
0.010035031716
-0.979933941736
-0.179897762805
0.085826946655
-0.962241992085
-0.218880342300
0.161807739069
-0.936724052539
-0.256529277115
0.238203231249
-0.903407936979
-0.289436787452
0.316354935907
-0.907104576924
-0.338597839722
0.250025577612
-0.904923376216
-0.385418617927
0.180460998928
-0.973427979553
-0.228304043232
0.017754787146
-0.958820103001
-0.267999865387
0.094021711500
-0.936905664048
-0.304925208859
0.170963135435
-0.930464318567
-0.352272695317
0.100698063576
-0.948945264031
-0.314570198767
0.023419562782
0.607546908178
0.789168249131
-0.090001271807
0.537870425985
0.840057772720
-0.070698962816
0.678355665067
0.712458635097
-0.179544660033
0.616602451794
0.769149491277
-0.167959746695
0.547804404437
0.823011595802
-0.150207348872
0.737201602333
0.621462084693
-0.265176686017
0.681845335986
0.684905165732
-0.256888792569
0.620768178512
0.744846151280
-0.244644802664
0.553996389233
0.800934790336
-0.227137540590
0.482009367222
0.852278956767
-0.203193380211
0.345538469580
0.826946774534
-0.443578852211
0.783813443555
0.516451976636
-0.344838863139
0.734879090115
0.586337419871
-0.340824225916
0.681210982722
0.652573438238
-0.331812454145
0.621424441165
0.715177196940
-0.319926930563
0.556474222236
0.773561594368
-0.303214280180
0.486799001373
0.827567925097
-0.279567633342
0.417202594578
0.848395572415
-0.325832699071
0.417847863448
0.814994331993
-0.401481508704
0.416550236702
0.775220680841
-0.474888193473
0.728594128244
0.546164261120
-0.413346339241
0.676312345735
0.614993895244
-0.405443115393
0.619028611954
0.679663952276
-0.393523175376
0.555952192415
0.740344394648
-0.377898580391
0.488394928694
0.797081374013
-0.355150217272
0.487301946035
0.760459716511
-0.429229347732
0.483623565511
0.717558605950
-0.501216414245
0.667881225683
0.571627743553
-0.476630245769
0.612647518489
0.638291726839
-0.466097296214
0.552679485650
0.700991985553
-0.450727880580
0.545507685776
0.655556853524
-0.522174852474
0.603190703049
0.590626993650
-0.536023068653
0.069119726526
0.620452412898
0.781192208572
-0.006729751961
0.585724003423
0.810482635380
0.137089592522
0.704594339784
0.696242242303
0.062364700537
0.681863779364
0.728815772688
-0.014739348599
0.649747069806
0.760007563700
0.203733479730
0.775175592196
0.597992868269
0.129788878914
0.760397402592
0.636357318683
0.054189528735
0.738476011137
0.672098709976
-0.022464261559
0.708258786614
0.705595385569
-0.098975916483
0.668760262936
0.736860555787
-0.271000296845
0.787172671348
0.554001827246
0.269331338907
0.830479659937
0.487610668786
0.196040484876
0.824360363096
0.531034951812
0.122288855382
0.810703688203
0.572542544956
0.046291476650
0.790540452210
0.610657754073
-0.030282059976
0.762586295576
0.646177327552
-0.106346447373
0.725307019992
0.680161863002
-0.187361638433
0.734374137989
0.652372778323
-0.193515752520
0.785576394098
0.587725601418
-0.197362642129
0.832024102069
0.518443710607
0.188631857803
0.867475315537
0.460330966975
0.114362420674
0.856210108540
0.503810963330
0.039367342066
0.837908954254
0.544388461266
-0.037174509091
0.812481469531
0.581800582282
-0.113168342420
0.777831716146
0.618199601773
-0.118633465455
0.825899785757
0.551194743046
-0.122404009458
0.869042183438
0.479356800174
0.107226544049
0.896185268915
0.430528085066
0.032464405037
0.880647383876
0.472658701049
-0.042651471381
0.857604694509
0.512537842451
-0.047814341857
0.897780381093
0.437840354510
0.027037795200
0.917760901816
0.396211918964
-0.132719612093
-0.495708841365
0.858287975658
-0.066539747369
-0.548759393394
0.833328020759
-0.264270687715
-0.456540044863
0.849548227619
-0.206503251325
-0.515694246627
0.831514191814
-0.141097930466
-0.571653171442
0.808272247203
-0.391090901136
-0.407553907484
0.825195564423
-0.337102731099
-0.471842518542
0.814694044646
-0.278135773256
-0.533087679185
0.799035680015
-0.213253863414
-0.590344327968
0.778470528778
-0.142022899757
-0.642155764159
0.753303040285
-0.276091457799
-0.784026160836
0.555946477689
-0.511294784819
-0.348026182968
0.785783315543
-0.461983908740
-0.417678922415
0.782377904747
-0.407391123216
-0.483343458269
0.774862293620
-0.348536636522
-0.546523258556
0.761468673591
-0.284498937865
-0.605471624527
0.743279534392
-0.213841914282
-0.658871167805
0.721221477725
-0.210036838332
-0.720360093750
0.661033933982
-0.281882196288
-0.730962928385
0.621478579473
-0.352911372528
-0.735889699776
0.577858038712
-0.529927238724
-0.423381370958
0.734796118923
-0.476122978405
-0.491270062048
0.729356315918
-0.417853530819
-0.555330914445
0.719031294342
-0.354923470257
-0.616101811640
0.703169885557
-0.285208335206
-0.671505153179
0.683913031593
-0.355909833878
-0.679254925344
0.641826251056
-0.425566576041
-0.681677413173
0.595154596493
-0.542899894487
-0.494385032915
0.678854287602
-0.486161401952
-0.560119007714
0.670756131876
-0.424367821597
-0.621691016015
0.658340514172
-0.492623964057
-0.622872916050
0.607742511667
-0.552733345067
-0.559442631435
0.617664788850
0.871193480378
-0.124743571534
0.474827296085
0.881181598196
-0.036964610029
0.471330678617
0.875786902336
-0.248054294921
0.414084977352
0.896775519383
-0.166169532736
0.410099200470
0.910214912572
-0.078093898364
0.406706473972
0.863169554286
-0.367621684712
0.346110701196
0.893246111252
-0.288554884050
0.344742604887
0.916743512640
-0.205388331952
0.342632405256
0.932732926159
-0.117914458647
0.340742525819
0.940053935998
-0.026604498777
0.339986467465
0.997580679457
-0.003146510512
0.069447011781
0.832449531924
-0.482453476969
0.272518658737
0.871859177728
-0.406681440681
0.272895181375
0.904354999101
-0.327360229934
0.273819859506
0.930584684636
-0.244017193654
0.272887804643
0.949391607732
-0.157114671049
0.271975284371
0.959729496343
-0.066435852187
0.272957087091
0.978205477394
-0.014014044239
0.207165756246
0.989207110122
-0.054613465713
0.135965667161
0.993331904080
-0.096134402294
0.063638864174
0.873677306216
-0.444093944579
0.198666889519
0.909254078723
-0.364940046492
0.200189367329
0.937911636642
-0.282578039809
0.201175081135
0.959699162673
-0.196379657891
0.201028722158
0.973349819045
-0.106326562966
0.203186593487
0.980424090778
-0.146644860413
0.131392112157
0.980573214420
-0.187364770265
0.058056989470
0.907158330834
-0.401800236001
0.124981331195
0.938755997264
-0.320528376162
0.126486116537
0.963265723031
-0.235913678495
0.128311664054
0.960015206984
-0.274907465043
0.052883721719
0.932234987617
-0.358318270381
0.050457357982
0.132719612093
0.495708841365
0.858287975658
0.066539747369
0.548759393394
0.833328020759
0.264270687715
0.456540044863
0.849548227619
0.206503251325
0.515694246627
0.831514191814
0.141097930466
0.571653171442
0.808272247203
0.391090901136
0.407553907484
0.825195564423
0.337102731099
0.471842518542
0.814694044646
0.278135773256
0.533087679185
0.799035680015
0.213253863414
0.590344327968
0.778470528778
0.142022899757
0.642155764159
0.753303040285
0.276091457799
0.784026160836
0.555946477689
0.511294784819
0.348026182968
0.785783315543
0.461983908740
0.417678922415
0.782377904747
0.407391123216
0.483343458269
0.774862293620
0.348536636522
0.546523258556
0.761468673591
0.284498937865
0.605471624527
0.743279534392
0.213841914282
0.658871167805
0.721221477725
0.210036838332
0.720360093750
0.661033933982
0.281882196288
0.730962928385
0.621478579473
0.352911372528
0.735889699776
0.577858038712
0.529927238724
0.423381370958
0.734796118923
0.476122978405
0.491270062048
0.729356315918
0.417853530819
0.555330914445
0.719031294342
0.354923470257
0.616101811640
0.703169885557
0.285208335206
0.671505153179
0.683913031593
0.355909833878
0.679254925344
0.641826251056
0.425566576041
0.681677413173
0.595154596493
0.542899894487
0.494385032915
0.678854287602
0.486161401952
0.560119007714
0.670756131876
0.424367821597
0.621691016015
0.658340514172
0.492623964057
0.622872916050
0.607742511667
0.552733345067
0.559442631435
0.617664788850
-0.012905504721
-0.405707569558
0.913911820665
-0.047853577437
-0.478060430578
0.877022382749
-0.026238674716
-0.276995384830
0.960512930018
-0.065261327569
-0.347734499933
0.935319024013
-0.101942665369
-0.421445822571
0.901105494165
-0.037973989864
-0.142377221467
0.989083769405
-0.078552066606
-0.214953725973
0.973460049782
-0.117707832625
-0.288442876521
0.950234483232
-0.154262397381
-0.363206787378
0.918849248983
-0.186750895713
-0.438962383948
0.878883455544
-0.441634201768
-0.340447308625
0.830093285046
-0.046666216381
-0.003187319830
0.998905453605
-0.089481272981
-0.076854696499
0.993018860552
-0.129492705481
-0.151531004124
0.979933668172
-0.169116011045
-0.226596327993
0.959194390595
-0.206112073340
-0.302257344347
0.930676265418
-0.238508018619
-0.379303534464
0.894003777284
-0.317171543411
-0.394527394679
0.862409616654
-0.367728530649
-0.329481419681
0.869607797706
-0.415473865367
-0.261001506303
0.871355083135
-0.138881187294
-0.010035031716
0.990258205699
-0.179897762805
-0.085826946655
0.979933941736
-0.218880342300
-0.161807739069
0.962241992085
-0.256529277115
-0.238203231249
0.936724052539
-0.289436787452
-0.316354935907
0.903407936979
-0.338597839722
-0.250025577612
0.907104576924
-0.385418617927
-0.180460998928
0.904923376216
-0.228304043232
-0.017754787146
0.973427979553
-0.267999865387
-0.094021711500
0.958820103001
-0.304925208859
-0.170963135435
0.936905664048
-0.352272695317
-0.100698063576
0.930464318567
-0.314570198767
-0.023419562782
0.948945264031
0.012905504721
0.405707569558
0.913911820665
0.047853577437
0.478060430578
0.877022382749
0.026238674716
0.276995384830
0.960512930018
0.065261327569
0.347734499933
0.935319024013
0.101942665369
0.421445822571
0.901105494165
0.037973989864
0.142377221467
0.989083769405
0.078552066606
0.214953725973
0.973460049782
0.117707832625
0.288442876521
0.950234483232
0.154262397381
0.363206787378
0.918849248983
0.186750895713
0.438962383948
0.878883455544
0.441634201768
0.340447308625
0.830093285046
0.046666216381
0.003187319830
0.998905453605
0.089481272981
0.076854696499
0.993018860552
0.129492705481
0.151531004124
0.979933668172
0.169116011045
0.226596327993
0.959194390595
0.206112073340
0.302257344347
0.930676265418
0.238508018619
0.379303534464
0.894003777284
0.317171543411
0.394527394679
0.862409616654
0.367728530649
0.329481419681
0.869607797706
0.415473865367
0.261001506303
0.871355083135
0.138881187294
0.010035031716
0.990258205699
0.179897762805
0.085826946655
0.979933941736
0.218880342300
0.161807739069
0.962241992085
0.256529277115
0.238203231249
0.936724052539
0.289436787452
0.316354935907
0.903407936979
0.338597839722
0.250025577612
0.907104576924
0.385418617927
0.180460998928
0.904923376216
0.228304043232
0.017754787146
0.973427979553
0.267999865387
0.094021711500
0.958820103001
0.304925208859
0.170963135435
0.936905664048
0.352272695317
0.100698063576
0.930464318567
0.314570198767
0.023419562782
0.948945264031
-0.474827296085
0.871193480378
0.124743571534
-0.471330678617
0.881181598196
0.036964610029
-0.414084977352
0.875786902336
0.248054294921
-0.410099200470
0.896775519383
0.166169532736
-0.406706473972
0.910214912572
0.078093898364
-0.346110701196
0.863169554286
0.367621684712
-0.344742604887
0.893246111252
0.288554884050
-0.342632405256
0.916743512640
0.205388331952
-0.340742525819
0.932732926159
0.117914458647
-0.339986467465
0.940053935998
0.026604498777
-0.069447011781
0.997580679457
0.003146510512
-0.272518658737
0.832449531924
0.482453476969
-0.272895181375
0.871859177728
0.406681440681
-0.273819859506
0.904354999101
0.327360229934
-0.272887804643
0.930584684636
0.244017193654
-0.271975284371
0.949391607732
0.157114671049
-0.272957087091
0.959729496343
0.066435852187
-0.207165756246
0.978205477394
0.014014044239
-0.135965667161
0.989207110122
0.054613465713
-0.063638864174
0.993331904080
0.096134402294
-0.198666889519
0.873677306216
0.444093944579
-0.200189367329
0.909254078723
0.364940046492
-0.201175081135
0.937911636642
0.282578039809
-0.201028722158
0.959699162673
0.196379657891
-0.203186593487
0.973349819045
0.106326562966
-0.131392112157
0.980424090778
0.146644860413
-0.058056989470
0.980573214420
0.187364770265
-0.124981331195
0.907158330834
0.401800236001
-0.126486116537
0.938755997264
0.320528376162
-0.128311664054
0.963265723031
0.235913678495
-0.052883721719
0.960015206984
0.274907465043
-0.050457357982
0.932234987617
0.358318270381
-0.781192208572
0.069119726526
-0.620452412898
-0.810482635380
-0.006729751961
-0.585724003423
-0.696242242303
0.137089592522
-0.704594339784
-0.728815772688
0.062364700537
-0.681863779364
-0.760007563700
-0.014739348599
-0.649747069806
-0.597992868269
0.203733479730
-0.775175592196
-0.636357318683
0.129788878914
-0.760397402592
-0.672098709976
0.054189528735
-0.738476011137
-0.705595385569
-0.022464261559
-0.708258786614
-0.736860555787
-0.098975916483
-0.668760262936
-0.554001827246
-0.271000296845
-0.787172671348
-0.487610668786
0.269331338907
-0.830479659937
-0.531034951812
0.196040484876
-0.824360363096
-0.572542544956
0.122288855382
-0.810703688203
-0.610657754073
0.046291476650
-0.790540452210
-0.646177327552
-0.030282059976
-0.762586295576
-0.680161863002
-0.106346447373
-0.725307019992
-0.652372778323
-0.187361638433
-0.734374137989
-0.587725601418
-0.193515752520
-0.785576394098
-0.518443710607
-0.197362642129
-0.832024102069
-0.460330966975
0.188631857803
-0.867475315537
-0.503810963330
0.114362420674
-0.856210108540
-0.544388461266
0.039367342066
-0.837908954254
-0.581800582282
-0.037174509091
-0.812481469531
-0.618199601773
-0.113168342420
-0.777831716146
-0.551194743046
-0.118633465455
-0.825899785757
-0.479356800174
-0.122404009458
-0.869042183438
-0.430528085066
0.107226544049
-0.896185268915
-0.472658701049
0.032464405037
-0.880647383876
-0.512537842451
-0.042651471381
-0.857604694509
-0.437840354510
-0.047814341857
-0.897780381093
-0.396211918964
0.027037795200
-0.917760901816
-0.858287975658
-0.132719612093
0.495708841365
-0.833328020759
-0.066539747369
0.548759393394
-0.849548227619
-0.264270687715
0.456540044863
-0.831514191814
-0.206503251325
0.515694246627
-0.808272247203
-0.141097930466
0.571653171442
-0.825195564423
-0.391090901136
0.407553907484
-0.814694044646
-0.337102731099
0.471842518542
-0.799035680015
-0.278135773256
0.533087679185
-0.778470528778
-0.213253863414
0.590344327968
-0.753303040285
-0.142022899757
0.642155764159
-0.555946477689
-0.276091457799
0.784026160836
-0.785783315543
-0.511294784819
0.348026182968
-0.782377904747
-0.461983908740
0.417678922415
-0.774862293620
-0.407391123216
0.483343458269
-0.761468673591
-0.348536636522
0.546523258556
-0.743279534392
-0.284498937865
0.605471624527
-0.721221477725
-0.213841914282
0.658871167805
-0.661033933982
-0.210036838332
0.720360093750
-0.621478579473
-0.281882196288
0.730962928385
-0.577858038712
-0.352911372528
0.735889699776
-0.734796118923
-0.529927238724
0.423381370958
-0.729356315918
-0.476122978405
0.491270062048
-0.719031294342
-0.417853530819
0.555330914445
-0.703169885557
-0.354923470257
0.616101811640
-0.683913031593
-0.285208335206
0.671505153179
-0.641826251056
-0.355909833878
0.679254925344
-0.595154596493
-0.425566576041
0.681677413173
-0.678854287602
-0.542899894487
0.494385032915
-0.670756131876
-0.486161401952
0.560119007714
-0.658340514172
-0.424367821597
0.621691016015
-0.607742511667
-0.492623964057
0.622872916050
-0.617664788850
-0.552733345067
0.559442631435
-0.607546908178
0.789168249131
0.090001271807
-0.537870425985
0.840057772720
0.070698962816
-0.678355665067
0.712458635097
0.179544660033
-0.616602451794
0.769149491277
0.167959746695
-0.547804404437
0.823011595802
0.150207348872
-0.737201602333
0.621462084693
0.265176686017
-0.681845335986
0.684905165732
0.256888792569
-0.620768178512
0.744846151280
0.244644802664
-0.553996389233
0.800934790336
0.227137540590
-0.482009367222
0.852278956767
0.203193380211
-0.345538469580
0.826946774534
0.443578852211
-0.783813443555
0.516451976636
0.344838863139
-0.734879090115
0.586337419871
0.340824225916
-0.681210982722
0.652573438238
0.331812454145
-0.621424441165
0.715177196940
0.319926930563
-0.556474222236
0.773561594368
0.303214280180
-0.486799001373
0.827567925097
0.279567633342
-0.417202594578
0.848395572415
0.325832699071
-0.417847863448
0.814994331993
0.401481508704
-0.416550236702
0.775220680841
0.474888193473
-0.728594128244
0.546164261120
0.413346339241
-0.676312345735
0.614993895244
0.405443115393
-0.619028611954
0.679663952276
0.393523175376
-0.555952192415
0.740344394648
0.377898580391
-0.488394928694
0.797081374013
0.355150217272
-0.487301946035
0.760459716511
0.429229347732
-0.483623565511
0.717558605950
0.501216414245
-0.667881225683
0.571627743553
0.476630245769
-0.612647518489
0.638291726839
0.466097296214
-0.552679485650
0.700991985553
0.450727880580
-0.545507685776
0.655556853524
0.522174852474
-0.603190703049
0.590626993650
0.536023068653
-0.858287975658
0.132719612093
-0.495708841365
-0.833328020759
0.066539747369
-0.548759393394
-0.849548227619
0.264270687715
-0.456540044863
-0.831514191814
0.206503251325
-0.515694246627
-0.808272247203
0.141097930466
-0.571653171442
-0.825195564423
0.391090901136
-0.407553907484
-0.814694044646
0.337102731099
-0.471842518542
-0.799035680015
0.278135773256
-0.533087679185
-0.778470528778
0.213253863414
-0.590344327968
-0.753303040285
0.142022899757
-0.642155764159
-0.555946477689
0.276091457799
-0.784026160836
-0.785783315543
0.511294784819
-0.348026182968
-0.782377904747
0.461983908740
-0.417678922415
-0.774862293620
0.407391123216
-0.483343458269
-0.761468673591
0.348536636522
-0.546523258556
-0.743279534392
0.284498937865
-0.605471624527
-0.721221477725
0.213841914282
-0.658871167805
-0.661033933982
0.210036838332
-0.720360093750
-0.621478579473
0.281882196288
-0.730962928385
-0.577858038712
0.352911372528
-0.735889699776
-0.734796118923
0.529927238724
-0.423381370958
-0.729356315918
0.476122978405
-0.491270062048
-0.719031294342
0.417853530819
-0.555330914445
-0.703169885557
0.354923470257
-0.616101811640
-0.683913031593
0.285208335206
-0.671505153179
-0.641826251056
0.355909833878
-0.679254925344
-0.595154596493
0.425566576041
-0.681677413173
-0.678854287602
0.542899894487
-0.494385032915
-0.670756131876
0.486161401952
-0.560119007714
-0.658340514172
0.424367821597
-0.621691016015
-0.607742511667
0.492623964057
-0.622872916050
-0.617664788850
0.552733345067
-0.559442631435
-0.474827296085
-0.871193480378
-0.124743571534
-0.471330678617
-0.881181598196
-0.036964610029
-0.414084977352
-0.875786902336
-0.248054294921
-0.410099200470
-0.896775519383
-0.166169532736
-0.406706473972
-0.910214912572
-0.078093898364
-0.346110701196
-0.863169554286
-0.367621684712
-0.344742604887
-0.893246111252
-0.288554884050
-0.342632405256
-0.916743512640
-0.205388331952
-0.340742525819
-0.932732926159
-0.117914458647
-0.339986467465
-0.940053935998
-0.026604498777
-0.069447011781
-0.997580679457
-0.003146510512
-0.272518658737
-0.832449531924
-0.482453476969
-0.272895181375
-0.871859177728
-0.406681440681
-0.273819859506
-0.904354999101
-0.327360229934
-0.272887804643
-0.930584684636
-0.244017193654
-0.271975284371
-0.949391607732
-0.157114671049
-0.272957087091
-0.959729496343
-0.066435852187
-0.207165756246
-0.978205477394
-0.014014044239
-0.135965667161
-0.989207110122
-0.054613465713
-0.063638864174
-0.993331904080
-0.096134402294
-0.198666889519
-0.873677306216
-0.444093944579
-0.200189367329
-0.909254078723
-0.364940046492
-0.201175081135
-0.937911636642
-0.282578039809
-0.201028722158
-0.959699162673
-0.196379657891
-0.203186593487
-0.973349819045
-0.106326562966
-0.131392112157
-0.980424090778
-0.146644860413
-0.058056989470
-0.980573214420
-0.187364770265
-0.124981331195
-0.907158330834
-0.401800236001
-0.126486116537
-0.938755997264
-0.320528376162
-0.128311664054
-0.963265723031
-0.235913678495
-0.052883721719
-0.960015206984
-0.274907465043
-0.050457357982
-0.932234987617
-0.358318270381
0.781192208572
0.069119726526
0.620452412898
0.810482635380
-0.006729751961
0.585724003423
0.696242242303
0.137089592522
0.704594339784
0.728815772688
0.062364700537
0.681863779364
0.760007563700
-0.014739348599
0.649747069806
0.597992868269
0.203733479730
0.775175592196
0.636357318683
0.129788878914
0.760397402592
0.672098709976
0.054189528735
0.738476011137
0.705595385569
-0.022464261559
0.708258786614
0.736860555787
-0.098975916483
0.668760262936
0.554001827246
-0.271000296845
0.787172671348
0.487610668786
0.269331338907
0.830479659937
0.531034951812
0.196040484876
0.824360363096
0.572542544956
0.122288855382
0.810703688203
0.610657754073
0.046291476650
0.790540452210
0.646177327552
-0.030282059976
0.762586295576
0.680161863002
-0.106346447373
0.725307019992
0.652372778323
-0.187361638433
0.734374137989
0.587725601418
-0.193515752520
0.785576394098
0.518443710607
-0.197362642129
0.832024102069
0.460330966975
0.188631857803
0.867475315537
0.503810963330
0.114362420674
0.856210108540
0.544388461266
0.039367342066
0.837908954254
0.581800582282
-0.037174509091
0.812481469531
0.618199601773
-0.113168342420
0.777831716146
0.551194743046
-0.118633465455
0.825899785757
0.479356800174
-0.122404009458
0.869042183438
0.430528085066
0.107226544049
0.896185268915
0.472658701049
0.032464405037
0.880647383876
0.512537842451
-0.042651471381
0.857604694509
0.437840354510
-0.047814341857
0.897780381093
0.396211918964
0.027037795200
0.917760901816
0.858287975658
-0.132719612093
-0.495708841365
0.833328020759
-0.066539747369
-0.548759393394
0.849548227619
-0.264270687715
-0.456540044863
0.831514191814
-0.206503251325
-0.515694246627
0.808272247203
-0.141097930466
-0.571653171442
0.825195564423
-0.391090901136
-0.407553907484
0.814694044646
-0.337102731099
-0.471842518542
0.799035680015
-0.278135773256
-0.533087679185
0.778470528778
-0.213253863414
-0.590344327968
0.753303040285
-0.142022899757
-0.642155764159
0.555946477689
-0.276091457799
-0.784026160836
0.785783315543
-0.511294784819
-0.348026182968
0.782377904747
-0.461983908740
-0.417678922415
0.774862293620
-0.407391123216
-0.483343458269
0.761468673591
-0.348536636522
-0.546523258556
0.743279534392
-0.284498937865
-0.605471624527
0.721221477725
-0.213841914282
-0.658871167805
0.661033933982
-0.210036838332
-0.720360093750
0.621478579473
-0.281882196288
-0.730962928385
0.577858038712
-0.352911372528
-0.735889699776
0.734796118923
-0.529927238724
-0.423381370958
0.729356315918
-0.476122978405
-0.491270062048
0.719031294342
-0.417853530819
-0.555330914445
0.703169885557
-0.354923470257
-0.616101811640
0.683913031593
-0.285208335206
-0.671505153179
0.641826251056
-0.355909833878
-0.679254925344
0.595154596493
-0.425566576041
-0.681677413173
0.678854287602
-0.542899894487
-0.494385032915
0.670756131876
-0.486161401952
-0.560119007714
0.658340514172
-0.424367821597
-0.621691016015
0.607742511667
-0.492623964057
-0.622872916050
0.617664788850
-0.552733345067
-0.559442631435
0.474827296085
0.871193480378
-0.124743571534
0.471330678617
0.881181598196
-0.036964610029
0.414084977352
0.875786902336
-0.248054294921
0.410099200470
0.896775519383
-0.166169532736
0.406706473972
0.910214912572
-0.078093898364
0.346110701196
0.863169554286
-0.367621684712
0.344742604887
0.893246111252
-0.288554884050
0.342632405256
0.916743512640
-0.205388331952
0.340742525819
0.932732926159
-0.117914458647
0.339986467465
0.940053935998
-0.026604498777
0.069447011781
0.997580679457
-0.003146510512
0.272518658737
0.832449531924
-0.482453476969
0.272895181375
0.871859177728
-0.406681440681
0.273819859506
0.904354999101
-0.327360229934
0.272887804643
0.930584684636
-0.244017193654
0.271975284371
0.949391607732
-0.157114671049
0.272957087091
0.959729496343
-0.066435852187
0.207165756246
0.978205477394
-0.014014044239
0.135965667161
0.989207110122
-0.054613465713
0.063638864174
0.993331904080
-0.096134402294
0.198666889519
0.873677306216
-0.444093944579
0.200189367329
0.909254078723
-0.364940046492
0.201175081135
0.937911636642
-0.282578039809
0.201028722158
0.959699162673
-0.196379657891
0.203186593487
0.973349819045
-0.106326562966
0.131392112157
0.980424090778
-0.146644860413
0.058056989470
0.980573214420
-0.187364770265
0.124981331195
0.907158330834
-0.401800236001
0.126486116537
0.938755997264
-0.320528376162
0.128311664054
0.963265723031
-0.235913678495
0.052883721719
0.960015206984
-0.274907465043
0.050457357982
0.932234987617
-0.358318270381
0.858287975658
0.132719612093
0.495708841365
0.833328020759
0.066539747369
0.548759393394
0.849548227619
0.264270687715
0.456540044863
0.831514191814
0.206503251325
0.515694246627
0.808272247203
0.141097930466
0.571653171442
0.825195564423
0.391090901136
0.407553907484
0.814694044646
0.337102731099
0.471842518542
0.799035680015
0.278135773256
0.533087679185
0.778470528778
0.213253863414
0.590344327968
0.753303040285
0.142022899757
0.642155764159
0.555946477689
0.276091457799
0.784026160836
0.785783315543
0.511294784819
0.348026182968
0.782377904747
0.461983908740
0.417678922415
0.774862293620
0.407391123216
0.483343458269
0.761468673591
0.348536636522
0.546523258556
0.743279534392
0.284498937865
0.605471624527
0.721221477725
0.213841914282
0.658871167805
0.661033933982
0.210036838332
0.720360093750
0.621478579473
0.281882196288
0.730962928385
0.577858038712
0.352911372528
0.735889699776
0.734796118923
0.529927238724
0.423381370958
0.729356315918
0.476122978405
0.491270062048
0.719031294342
0.417853530819
0.555330914445
0.703169885557
0.354923470257
0.616101811640
0.683913031593
0.285208335206
0.671505153179
0.641826251056
0.355909833878
0.679254925344
0.595154596493
0.425566576041
0.681677413173
0.678854287602
0.542899894487
0.494385032915
0.670756131876
0.486161401952
0.560119007714
0.658340514172
0.424367821597
0.621691016015
0.607742511667
0.492623964057
0.622872916050
0.617664788850
0.552733345067
0.559442631435
0.913911820665
-0.012905504721
-0.405707569558
0.877022382749
-0.047853577437
-0.478060430578
0.960512930018
-0.026238674716
-0.276995384830
0.935319024013
-0.065261327569
-0.347734499933
0.901105494165
-0.101942665369
-0.421445822571
0.989083769405
-0.037973989864
-0.142377221467
0.973460049782
-0.078552066606
-0.214953725973
0.950234483232
-0.117707832625
-0.288442876521
0.918849248983
-0.154262397381
-0.363206787378
0.878883455544
-0.186750895713
-0.438962383948
0.830093285046
-0.441634201768
-0.340447308625
0.998905453605
-0.046666216381
-0.003187319830
0.993018860552
-0.089481272981
-0.076854696499
0.979933668172
-0.129492705481
-0.151531004124
0.959194390595
-0.169116011045
-0.226596327993
0.930676265418
-0.206112073340
-0.302257344347
0.894003777284
-0.238508018619
-0.379303534464
0.862409616654
-0.317171543411
-0.394527394679
0.869607797706
-0.367728530649
-0.329481419681
0.871355083135
-0.415473865367
-0.261001506303
0.990258205699
-0.138881187294
-0.010035031716
0.979933941736
-0.179897762805
-0.085826946655
0.962241992085
-0.218880342300
-0.161807739069
0.936724052539
-0.256529277115
-0.238203231249
0.903407936979
-0.289436787452
-0.316354935907
0.907104576924
-0.338597839722
-0.250025577612
0.904923376216
-0.385418617927
-0.180460998928
0.973427979553
-0.228304043232
-0.017754787146
0.958820103001
-0.267999865387
-0.094021711500
0.936905664048
-0.304925208859
-0.170963135435
0.930464318567
-0.352272695317
-0.100698063576
0.948945264031
-0.314570198767
-0.023419562782
-0.012905504721
0.405707569558
-0.913911820665
-0.047853577437
0.478060430578
-0.877022382749
-0.026238674716
0.276995384830
-0.960512930018
-0.065261327569
0.347734499933
-0.935319024013
-0.101942665369
0.421445822571
-0.901105494165
-0.037973989864
0.142377221467
-0.989083769405
-0.078552066606
0.214953725973
-0.973460049782
-0.117707832625
0.288442876521
-0.950234483232
-0.154262397381
0.363206787378
-0.918849248983
-0.186750895713
0.438962383948
-0.878883455544
-0.441634201768
0.340447308625
-0.830093285046
-0.046666216381
0.003187319830
-0.998905453605
-0.089481272981
0.076854696499
-0.993018860552
-0.129492705481
0.151531004124
-0.979933668172
-0.169116011045
0.226596327993
-0.959194390595
-0.206112073340
0.302257344347
-0.930676265418
-0.238508018619
0.379303534464
-0.894003777284
-0.317171543411
0.394527394679
-0.862409616654
-0.367728530649
0.329481419681
-0.869607797706
-0.415473865367
0.261001506303
-0.871355083135
-0.138881187294
0.010035031716
-0.990258205699
-0.179897762805
0.085826946655
-0.979933941736
-0.218880342300
0.161807739069
-0.962241992085
-0.256529277115
0.238203231249
-0.936724052539
-0.289436787452
0.316354935907
-0.903407936979
-0.338597839722
0.250025577612
-0.907104576924
-0.385418617927
0.180460998928
-0.904923376216
-0.228304043232
0.017754787146
-0.973427979553
-0.267999865387
0.094021711500
-0.958820103001
-0.304925208859
0.170963135435
-0.936905664048
-0.352272695317
0.100698063576
-0.930464318567
-0.314570198767
0.023419562782
-0.948945264031
0.474827296085
-0.871193480378
0.124743571534
0.471330678617
-0.881181598196
0.036964610029
0.414084977352
-0.875786902336
0.248054294921
0.410099200470
-0.896775519383
0.166169532736
0.406706473972
-0.910214912572
0.078093898364
0.346110701196
-0.863169554286
0.367621684712
0.344742604887
-0.893246111252
0.288554884050
0.342632405256
-0.916743512640
0.205388331952
0.340742525819
-0.932732926159
0.117914458647
0.339986467465
-0.940053935998
0.026604498777
0.069447011781
-0.997580679457
0.003146510512
0.272518658737
-0.832449531924
0.482453476969
0.272895181375
-0.871859177728
0.406681440681
0.273819859506
-0.904354999101
0.327360229934
0.272887804643
-0.930584684636
0.244017193654
0.271975284371
-0.949391607732
0.157114671049
0.272957087091
-0.959729496343
0.066435852187
0.207165756246
-0.978205477394
0.014014044239
0.135965667161
-0.989207110122
0.054613465713
0.063638864174
-0.993331904080
0.096134402294
0.198666889519
-0.873677306216
0.444093944579
0.200189367329
-0.909254078723
0.364940046492
0.201175081135
-0.937911636642
0.282578039809
0.201028722158
-0.959699162673
0.196379657891
0.203186593487
-0.973349819045
0.106326562966
0.131392112157
-0.980424090778
0.146644860413
0.058056989470
-0.980573214420
0.187364770265
0.124981331195
-0.907158330834
0.401800236001
0.126486116537
-0.938755997264
0.320528376162
0.128311664054
-0.963265723031
0.235913678495
0.052883721719
-0.960015206984
0.274907465043
0.050457357982
-0.932234987617
0.358318270381
-0.871193480378
0.124743571534
0.474827296085
-0.881181598196
0.036964610029
0.471330678617
-0.875786902336
0.248054294921
0.414084977352
-0.896775519383
0.166169532736
0.410099200470
-0.910214912572
0.078093898364
0.406706473972
-0.863169554286
0.367621684712
0.346110701196
-0.893246111252
0.288554884050
0.344742604887
-0.916743512640
0.205388331952
0.342632405256
-0.932732926159
0.117914458647
0.340742525819
-0.940053935998
0.026604498777
0.339986467465
-0.997580679457
0.003146510512
0.069447011781
-0.832449531924
0.482453476969
0.272518658737
-0.871859177728
0.406681440681
0.272895181375
-0.904354999101
0.327360229934
0.273819859506
-0.930584684636
0.244017193654
0.272887804643
-0.949391607732
0.157114671049
0.271975284371
-0.959729496343
0.066435852187
0.272957087091
-0.978205477394
0.014014044239
0.207165756246
-0.989207110122
0.054613465713
0.135965667161
-0.993331904080
0.096134402294
0.063638864174
-0.873677306216
0.444093944579
0.198666889519
-0.909254078723
0.364940046492
0.200189367329
-0.937911636642
0.282578039809
0.201175081135
-0.959699162673
0.196379657891
0.201028722158
-0.973349819045
0.106326562966
0.203186593487
-0.980424090778
0.146644860413
0.131392112157
-0.980573214420
0.187364770265
0.058056989470
-0.907158330834
0.401800236001
0.124981331195
-0.938755997264
0.320528376162
0.126486116537
-0.963265723031
0.235913678495
0.128311664054
-0.960015206984
0.274907465043
0.052883721719
-0.932234987617
0.358318270381
0.050457357982
-0.069119726526
-0.620452412898
0.781192208572
0.006729751961
-0.585724003423
0.810482635380
-0.137089592522
-0.704594339784
0.696242242303
-0.062364700537
-0.681863779364
0.728815772688
0.014739348599
-0.649747069806
0.760007563700
-0.203733479730
-0.775175592196
0.597992868269
-0.129788878914
-0.760397402592
0.636357318683
-0.054189528735
-0.738476011137
0.672098709976
0.022464261559
-0.708258786614
0.705595385569
0.098975916483
-0.668760262936
0.736860555787
0.271000296845
-0.787172671348
0.554001827246
-0.269331338907
-0.830479659937
0.487610668786
-0.196040484876
-0.824360363096
0.531034951812
-0.122288855382
-0.810703688203
0.572542544956
-0.046291476650
-0.790540452210
0.610657754073
0.030282059976
-0.762586295576
0.646177327552
0.106346447373
-0.725307019992
0.680161863002
0.187361638433
-0.734374137989
0.652372778323
0.193515752520
-0.785576394098
0.587725601418
0.197362642129
-0.832024102069
0.518443710607
-0.188631857803
-0.867475315537
0.460330966975
-0.114362420674
-0.856210108540
0.503810963330
-0.039367342066
-0.837908954254
0.544388461266
0.037174509091
-0.812481469531
0.581800582282
0.113168342420
-0.777831716146
0.618199601773
0.118633465455
-0.825899785757
0.551194743046
0.122404009458
-0.869042183438
0.479356800174
-0.107226544049
-0.896185268915
0.430528085066
-0.032464405037
-0.880647383876
0.472658701049
0.042651471381
-0.857604694509
0.512537842451
0.047814341857
-0.897780381093
0.437840354510
-0.027037795200
-0.917760901816
0.396211918964
-0.789168249131
0.090001271807
0.607546908178
-0.840057772720
0.070698962816
0.537870425985
-0.712458635097
0.179544660033
0.678355665067
-0.769149491277
0.167959746695
0.616602451794
-0.823011595802
0.150207348872
0.547804404437
-0.621462084693
0.265176686017
0.737201602333
-0.684905165732
0.256888792569
0.681845335986
-0.744846151280
0.244644802664
0.620768178512
-0.800934790336
0.227137540590
0.553996389233
-0.852278956767
0.203193380211
0.482009367222
-0.826946774534
0.443578852211
0.345538469580
-0.516451976636
0.344838863139
0.783813443555
-0.586337419871
0.340824225916
0.734879090115
-0.652573438238
0.331812454145
0.681210982722
-0.715177196940
0.319926930563
0.621424441165
-0.773561594368
0.303214280180
0.556474222236
-0.827567925097
0.279567633342
0.486799001373
-0.848395572415
0.325832699071
0.417202594578
-0.814994331993
0.401481508704
0.417847863448
-0.775220680841
0.474888193473
0.416550236702
-0.546164261120
0.413346339241
0.728594128244
-0.614993895244
0.405443115393
0.676312345735
-0.679663952276
0.393523175376
0.619028611954
-0.740344394648
0.377898580391
0.555952192415
-0.797081374013
0.355150217272
0.488394928694
-0.760459716511
0.429229347732
0.487301946035
-0.717558605950
0.501216414245
0.483623565511
-0.571627743553
0.476630245769
0.667881225683
-0.638291726839
0.466097296214
0.612647518489
-0.700991985553
0.450727880580
0.552679485650
-0.655556853524
0.522174852474
0.545507685776
-0.590626993650
0.536023068653
0.603190703049
-0.607546908178
-0.789168249131
-0.090001271807
-0.537870425985
-0.840057772720
-0.070698962816
-0.678355665067
-0.712458635097
-0.179544660033
-0.616602451794
-0.769149491277
-0.167959746695
-0.547804404437
-0.823011595802
-0.150207348872
-0.737201602333
-0.621462084693
-0.265176686017
-0.681845335986
-0.684905165732
-0.256888792569
-0.620768178512
-0.744846151280
-0.244644802664
-0.553996389233
-0.800934790336
-0.227137540590
-0.482009367222
-0.852278956767
-0.203193380211
-0.345538469580
-0.826946774534
-0.443578852211
-0.783813443555
-0.516451976636
-0.344838863139
-0.734879090115
-0.586337419871
-0.340824225916
-0.681210982722
-0.652573438238
-0.331812454145
-0.621424441165
-0.715177196940
-0.319926930563
-0.556474222236
-0.773561594368
-0.303214280180
-0.486799001373
-0.827567925097
-0.279567633342
-0.417202594578
-0.848395572415
-0.325832699071
-0.417847863448
-0.814994331993
-0.401481508704
-0.416550236702
-0.775220680841
-0.474888193473
-0.728594128244
-0.546164261120
-0.413346339241
-0.676312345735
-0.614993895244
-0.405443115393
-0.619028611954
-0.679663952276
-0.393523175376
-0.555952192415
-0.740344394648
-0.377898580391
-0.488394928694
-0.797081374013
-0.355150217272
-0.487301946035
-0.760459716511
-0.429229347732
-0.483623565511
-0.717558605950
-0.501216414245
-0.667881225683
-0.571627743553
-0.476630245769
-0.612647518489
-0.638291726839
-0.466097296214
-0.552679485650
-0.700991985553
-0.450727880580
-0.545507685776
-0.655556853524
-0.522174852474
-0.603190703049
-0.590626993650
-0.536023068653
0.090001271807
-0.607546908178
0.789168249131
0.070698962816
-0.537870425985
0.840057772720
0.179544660033
-0.678355665067
0.712458635097
0.167959746695
-0.616602451794
0.769149491277
0.150207348872
-0.547804404437
0.823011595802
0.265176686017
-0.737201602333
0.621462084693
0.256888792569
-0.681845335986
0.684905165732
0.244644802664
-0.620768178512
0.744846151280
0.227137540590
-0.553996389233
0.800934790336
0.203193380211
-0.482009367222
0.852278956767
0.443578852211
-0.345538469580
0.826946774534
0.344838863139
-0.783813443555
0.516451976636
0.340824225916
-0.734879090115
0.586337419871
0.331812454145
-0.681210982722
0.652573438238
0.319926930563
-0.621424441165
0.715177196940
0.303214280180
-0.556474222236
0.773561594368
0.279567633342
-0.486799001373
0.827567925097
0.325832699071
-0.417202594578
0.848395572415
0.401481508704
-0.417847863448
0.814994331993
0.474888193473
-0.416550236702
0.775220680841
0.413346339241
-0.728594128244
0.546164261120
0.405443115393
-0.676312345735
0.614993895244
0.393523175376
-0.619028611954
0.679663952276
0.377898580391
-0.555952192415
0.740344394648
0.355150217272
-0.488394928694
0.797081374013
0.429229347732
-0.487301946035
0.760459716511
0.501216414245
-0.483623565511
0.717558605950
0.476630245769
-0.667881225683
0.571627743553
0.466097296214
-0.612647518489
0.638291726839
0.450727880580
-0.552679485650
0.700991985553
0.522174852474
-0.545507685776
0.655556853524
0.536023068653
-0.603190703049
0.590626993650
-0.781192208572
-0.069119726526
0.620452412898
-0.810482635380
0.006729751961
0.585724003423
-0.696242242303
-0.137089592522
0.704594339784
-0.728815772688
-0.062364700537
0.681863779364
-0.760007563700
0.014739348599
0.649747069806
-0.597992868269
-0.203733479730
0.775175592196
-0.636357318683
-0.129788878914
0.760397402592
-0.672098709976
-0.054189528735
0.738476011137
-0.705595385569
0.022464261559
0.708258786614
-0.736860555787
0.098975916483
0.668760262936
-0.554001827246
0.271000296845
0.787172671348
-0.487610668786
-0.269331338907
0.830479659937
-0.531034951812
-0.196040484876
0.824360363096
-0.572542544956
-0.122288855382
0.810703688203
-0.610657754073
-0.046291476650
0.790540452210
-0.646177327552
0.030282059976
0.762586295576
-0.680161863002
0.106346447373
0.725307019992
-0.652372778323
0.187361638433
0.734374137989
-0.587725601418
0.193515752520
0.785576394098
-0.518443710607
0.197362642129
0.832024102069
-0.460330966975
-0.188631857803
0.867475315537
-0.503810963330
-0.114362420674
0.856210108540
-0.544388461266
-0.039367342066
0.837908954254
-0.581800582282
0.037174509091
0.812481469531
-0.618199601773
0.113168342420
0.777831716146
-0.551194743046
0.118633465455
0.825899785757
-0.479356800174
0.122404009458
0.869042183438
-0.430528085066
-0.107226544049
0.896185268915
-0.472658701049
-0.032464405037
0.880647383876
-0.512537842451
0.042651471381
0.857604694509
-0.437840354510
0.047814341857
0.897780381093
-0.396211918964
-0.027037795200
0.917760901816
0.405707569558
-0.913911820665
-0.012905504721
0.478060430578
-0.877022382749
-0.047853577437
0.276995384830
-0.960512930018
-0.026238674716
0.347734499933
-0.935319024013
-0.065261327569
0.421445822571
-0.901105494165
-0.101942665369
0.142377221467
-0.989083769405
-0.037973989864
0.214953725973
-0.973460049782
-0.078552066606
0.288442876521
-0.950234483232
-0.117707832625
0.363206787378
-0.918849248983
-0.154262397381
0.438962383948
-0.878883455544
-0.186750895713
0.340447308625
-0.830093285046
-0.441634201768
0.003187319830
-0.998905453605
-0.046666216381
0.076854696499
-0.993018860552
-0.089481272981
0.151531004124
-0.979933668172
-0.129492705481
0.226596327993
-0.959194390595
-0.169116011045
0.302257344347
-0.930676265418
-0.206112073340
0.379303534464
-0.894003777284
-0.238508018619
0.394527394679
-0.862409616654
-0.317171543411
0.329481419681
-0.869607797706
-0.367728530649
0.261001506303
-0.871355083135
-0.415473865367
0.010035031716
-0.990258205699
-0.138881187294
0.085826946655
-0.979933941736
-0.179897762805
0.161807739069
-0.962241992085
-0.218880342300
0.238203231249
-0.936724052539
-0.256529277115
0.316354935907
-0.903407936979
-0.289436787452
0.250025577612
-0.907104576924
-0.338597839722
0.180460998928
-0.904923376216
-0.385418617927
0.017754787146
-0.973427979553
-0.228304043232
0.094021711500
-0.958820103001
-0.267999865387
0.170963135435
-0.936905664048
-0.304925208859
0.100698063576
-0.930464318567
-0.352272695317
0.023419562782
-0.948945264031
-0.314570198767
0.913911820665
0.012905504721
0.405707569558
0.877022382749
0.047853577437
0.478060430578
0.960512930018
0.026238674716
0.276995384830
0.935319024013
0.065261327569
0.347734499933
0.901105494165
0.101942665369
0.421445822571
0.989083769405
0.037973989864
0.142377221467
0.973460049782
0.078552066606
0.214953725973
0.950234483232
0.117707832625
0.288442876521
0.918849248983
0.154262397381
0.363206787378
0.878883455544
0.186750895713
0.438962383948
0.830093285046
0.441634201768
0.340447308625
0.998905453605
0.046666216381
0.003187319830
0.993018860552
0.089481272981
0.076854696499
0.979933668172
0.129492705481
0.151531004124
0.959194390595
0.169116011045
0.226596327993
0.930676265418
0.206112073340
0.302257344347
0.894003777284
0.238508018619
0.379303534464
0.862409616654
0.317171543411
0.394527394679
0.869607797706
0.367728530649
0.329481419681
0.871355083135
0.415473865367
0.261001506303
0.990258205699
0.138881187294
0.010035031716
0.979933941736
0.179897762805
0.085826946655
0.962241992085
0.218880342300
0.161807739069
0.936724052539
0.256529277115
0.238203231249
0.903407936979
0.289436787452
0.316354935907
0.907104576924
0.338597839722
0.250025577612
0.904923376216
0.385418617927
0.180460998928
0.973427979553
0.228304043232
0.017754787146
0.958820103001
0.267999865387
0.094021711500
0.936905664048
0.304925208859
0.170963135435
0.930464318567
0.352272695317
0.100698063576
0.948945264031
0.314570198767
0.023419562782
0.124743571534
-0.474827296085
0.871193480378
0.036964610029
-0.471330678617
0.881181598196
0.248054294921
-0.414084977352
0.875786902336
0.166169532736
-0.410099200470
0.896775519383
0.078093898364
-0.406706473972
0.910214912572
0.367621684712
-0.346110701196
0.863169554286
0.288554884050
-0.344742604887
0.893246111252
0.205388331952
-0.342632405256
0.916743512640
0.117914458647
-0.340742525819
0.932732926159
0.026604498777
-0.339986467465
0.940053935998
0.003146510512
-0.069447011781
0.997580679457
0.482453476969
-0.272518658737
0.832449531924
0.406681440681
-0.272895181375
0.871859177728
0.327360229934
-0.273819859506
0.904354999101
0.244017193654
-0.272887804643
0.930584684636
0.157114671049
-0.271975284371
0.949391607732
0.066435852187
-0.272957087091
0.959729496343
0.014014044239
-0.207165756246
0.978205477394
0.054613465713
-0.135965667161
0.989207110122
0.096134402294
-0.063638864174
0.993331904080
0.444093944579
-0.198666889519
0.873677306216
0.364940046492
-0.200189367329
0.909254078723
0.282578039809
-0.201175081135
0.937911636642
0.196379657891
-0.201028722158
0.959699162673
0.106326562966
-0.203186593487
0.973349819045
0.146644860413
-0.131392112157
0.980424090778
0.187364770265
-0.058056989470
0.980573214420
0.401800236001
-0.124981331195
0.907158330834
0.320528376162
-0.126486116537
0.938755997264
0.235913678495
-0.128311664054
0.963265723031
0.274907465043
-0.052883721719
0.960015206984
0.358318270381
-0.050457357982
0.932234987617
0.781192208572
-0.069119726526
-0.620452412898
0.810482635380
0.006729751961
-0.585724003423
0.696242242303
-0.137089592522
-0.704594339784
0.728815772688
-0.062364700537
-0.681863779364
0.760007563700
0.014739348599
-0.649747069806
0.597992868269
-0.203733479730
-0.775175592196
0.636357318683
-0.129788878914
-0.760397402592
0.672098709976
-0.054189528735
-0.738476011137
0.705595385569
0.022464261559
-0.708258786614
0.736860555787
0.098975916483
-0.668760262936
0.554001827246
0.271000296845
-0.787172671348
0.487610668786
-0.269331338907
-0.830479659937
0.531034951812
-0.196040484876
-0.824360363096
0.572542544956
-0.122288855382
-0.810703688203
0.610657754073
-0.046291476650
-0.790540452210
0.646177327552
0.030282059976
-0.762586295576
0.680161863002
0.106346447373
-0.725307019992
0.652372778323
0.187361638433
-0.734374137989
0.587725601418
0.193515752520
-0.785576394098
0.518443710607
0.197362642129
-0.832024102069
0.460330966975
-0.188631857803
-0.867475315537
0.503810963330
-0.114362420674
-0.856210108540
0.544388461266
-0.039367342066
-0.837908954254
0.581800582282
0.037174509091
-0.812481469531
0.618199601773
0.113168342420
-0.777831716146
0.551194743046
0.118633465455
-0.825899785757
0.479356800174
0.122404009458
-0.869042183438
0.430528085066
-0.107226544049
-0.896185268915
0.472658701049
-0.032464405037
-0.880647383876
0.512537842451
0.042651471381
-0.857604694509
0.437840354510
0.047814341857
-0.897780381093
0.396211918964
-0.027037795200
-0.917760901816
-0.620452412898
-0.781192208572
0.069119726526
-0.585724003423
-0.810482635380
-0.006729751961
-0.704594339784
-0.696242242303
0.137089592522
-0.681863779364
-0.728815772688
0.062364700537
-0.649747069806
-0.760007563700
-0.014739348599
-0.775175592196
-0.597992868269
0.203733479730
-0.760397402592
-0.636357318683
0.129788878914
-0.738476011137
-0.672098709976
0.054189528735
-0.708258786614
-0.705595385569
-0.022464261559
-0.668760262936
-0.736860555787
-0.098975916483
-0.787172671348
-0.554001827246
-0.271000296845
-0.830479659937
-0.487610668786
0.269331338907
-0.824360363096
-0.531034951812
0.196040484876
-0.810703688203
-0.572542544956
0.122288855382
-0.790540452210
-0.610657754073
0.046291476650
-0.762586295576
-0.646177327552
-0.030282059976
-0.725307019992
-0.680161863002
-0.106346447373
-0.734374137989
-0.652372778323
-0.187361638433
-0.785576394098
-0.587725601418
-0.193515752520
-0.832024102069
-0.518443710607
-0.197362642129
-0.867475315537
-0.460330966975
0.188631857803
-0.856210108540
-0.503810963330
0.114362420674
-0.837908954254
-0.544388461266
0.039367342066
-0.812481469531
-0.581800582282
-0.037174509091
-0.777831716146
-0.618199601773
-0.113168342420
-0.825899785757
-0.551194743046
-0.118633465455
-0.869042183438
-0.479356800174
-0.122404009458
-0.896185268915
-0.430528085066
0.107226544049
-0.880647383876
-0.472658701049
0.032464405037
-0.857604694509
-0.512537842451
-0.042651471381
-0.897780381093
-0.437840354510
-0.047814341857
-0.917760901816
-0.396211918964
0.027037795200
0.607546908178
-0.789168249131
0.090001271807
0.537870425985
-0.840057772720
0.070698962816
0.678355665067
-0.712458635097
0.179544660033
0.616602451794
-0.769149491277
0.167959746695
0.547804404437
-0.823011595802
0.150207348872
0.737201602333
-0.621462084693
0.265176686017
0.681845335986
-0.684905165732
0.256888792569
0.620768178512
-0.744846151280
0.244644802664
0.553996389233
-0.800934790336
0.227137540590
0.482009367222
-0.852278956767
0.203193380211
0.345538469580
-0.826946774534
0.443578852211
0.783813443555
-0.516451976636
0.344838863139
0.734879090115
-0.586337419871
0.340824225916
0.681210982722
-0.652573438238
0.331812454145
0.621424441165
-0.715177196940
0.319926930563
0.556474222236
-0.773561594368
0.303214280180
0.486799001373
-0.827567925097
0.279567633342
0.417202594578
-0.848395572415
0.325832699071
0.417847863448
-0.814994331993
0.401481508704
0.416550236702
-0.775220680841
0.474888193473
0.728594128244
-0.546164261120
0.413346339241
0.676312345735
-0.614993895244
0.405443115393
0.619028611954
-0.679663952276
0.393523175376
0.555952192415
-0.740344394648
0.377898580391
0.488394928694
-0.797081374013
0.355150217272
0.487301946035
-0.760459716511
0.429229347732
0.483623565511
-0.717558605950
0.501216414245
0.667881225683
-0.571627743553
0.476630245769
0.612647518489
-0.638291726839
0.466097296214
0.552679485650
-0.700991985553
0.450727880580
0.545507685776
-0.655556853524
0.522174852474
0.603190703049
-0.590626993650
0.536023068653
-0.090001271807
-0.607546908178
-0.789168249131
-0.070698962816
-0.537870425985
-0.840057772720
-0.179544660033
-0.678355665067
-0.712458635097
-0.167959746695
-0.616602451794
-0.769149491277
-0.150207348872
-0.547804404437
-0.823011595802
-0.265176686017
-0.737201602333
-0.621462084693
-0.256888792569
-0.681845335986
-0.684905165732
-0.244644802664
-0.620768178512
-0.744846151280
-0.227137540590
-0.553996389233
-0.800934790336
-0.203193380211
-0.482009367222
-0.852278956767
-0.443578852211
-0.345538469580
-0.826946774534
-0.344838863139
-0.783813443555
-0.516451976636
-0.340824225916
-0.734879090115
-0.586337419871
-0.331812454145
-0.681210982722
-0.652573438238
-0.319926930563
-0.621424441165
-0.715177196940
-0.303214280180
-0.556474222236
-0.773561594368
-0.279567633342
-0.486799001373
-0.827567925097
-0.325832699071
-0.417202594578
-0.848395572415
-0.401481508704
-0.417847863448
-0.814994331993
-0.474888193473
-0.416550236702
-0.775220680841
-0.413346339241
-0.728594128244
-0.546164261120
-0.405443115393
-0.676312345735
-0.614993895244
-0.393523175376
-0.619028611954
-0.679663952276
-0.377898580391
-0.555952192415
-0.740344394648
-0.355150217272
-0.488394928694
-0.797081374013
-0.429229347732
-0.487301946035
-0.760459716511
-0.501216414245
-0.483623565511
-0.717558605950
-0.476630245769
-0.667881225683
-0.571627743553
-0.466097296214
-0.612647518489
-0.638291726839
-0.450727880580
-0.552679485650
-0.700991985553
-0.522174852474
-0.545507685776
-0.655556853524
-0.536023068653
-0.603190703049
-0.590626993650
0.090001271807
0.607546908178
-0.789168249131
0.070698962816
0.537870425985
-0.840057772720
0.179544660033
0.678355665067
-0.712458635097
0.167959746695
0.616602451794
-0.769149491277
0.150207348872
0.547804404437
-0.823011595802
0.265176686017
0.737201602333
-0.621462084693
0.256888792569
0.681845335986
-0.684905165732
0.244644802664
0.620768178512
-0.744846151280
0.227137540590
0.553996389233
-0.800934790336
0.203193380211
0.482009367222
-0.852278956767
0.443578852211
0.345538469580
-0.826946774534
0.344838863139
0.783813443555
-0.516451976636
0.340824225916
0.734879090115
-0.586337419871
0.331812454145
0.681210982722
-0.652573438238
0.319926930563
0.621424441165
-0.715177196940
0.303214280180
0.556474222236
-0.773561594368
0.279567633342
0.486799001373
-0.827567925097
0.325832699071
0.417202594578
-0.848395572415
0.401481508704
0.417847863448
-0.814994331993
0.474888193473
0.416550236702
-0.775220680841
0.413346339241
0.728594128244
-0.546164261120
0.405443115393
0.676312345735
-0.614993895244
0.393523175376
0.619028611954
-0.679663952276
0.377898580391
0.555952192415
-0.740344394648
0.355150217272
0.488394928694
-0.797081374013
0.429229347732
0.487301946035
-0.760459716511
0.501216414245
0.483623565511
-0.717558605950
0.476630245769
0.667881225683
-0.571627743553
0.466097296214
0.612647518489
-0.638291726839
0.450727880580
0.552679485650
-0.700991985553
0.522174852474
0.545507685776
-0.655556853524
0.536023068653
0.603190703049
-0.590626993650
-0.789168249131
-0.090001271807
-0.607546908178
-0.840057772720
-0.070698962816
-0.537870425985
-0.712458635097
-0.179544660033
-0.678355665067
-0.769149491277
-0.167959746695
-0.616602451794
-0.823011595802
-0.150207348872
-0.547804404437
-0.621462084693
-0.265176686017
-0.737201602333
-0.684905165732
-0.256888792569
-0.681845335986
-0.744846151280
-0.244644802664
-0.620768178512
-0.800934790336
-0.227137540590
-0.553996389233
-0.852278956767
-0.203193380211
-0.482009367222
-0.826946774534
-0.443578852211
-0.345538469580
-0.516451976636
-0.344838863139
-0.783813443555
-0.586337419871
-0.340824225916
-0.734879090115
-0.652573438238
-0.331812454145
-0.681210982722
-0.715177196940
-0.319926930563
-0.621424441165
-0.773561594368
-0.303214280180
-0.556474222236
-0.827567925097
-0.279567633342
-0.486799001373
-0.848395572415
-0.325832699071
-0.417202594578
-0.814994331993
-0.401481508704
-0.417847863448
-0.775220680841
-0.474888193473
-0.416550236702
-0.546164261120
-0.413346339241
-0.728594128244
-0.614993895244
-0.405443115393
-0.676312345735
-0.679663952276
-0.393523175376
-0.619028611954
-0.740344394648
-0.377898580391
-0.555952192415
-0.797081374013
-0.355150217272
-0.488394928694
-0.760459716511
-0.429229347732
-0.487301946035
-0.717558605950
-0.501216414245
-0.483623565511
-0.571627743553
-0.476630245769
-0.667881225683
-0.638291726839
-0.466097296214
-0.612647518489
-0.700991985553
-0.450727880580
-0.552679485650
-0.655556853524
-0.522174852474
-0.545507685776
-0.590626993650
-0.536023068653
-0.603190703049
-0.620452412898
0.781192208572
-0.069119726526
-0.585724003423
0.810482635380
0.006729751961
-0.704594339784
0.696242242303
-0.137089592522
-0.681863779364
0.728815772688
-0.062364700537
-0.649747069806
0.760007563700
0.014739348599
-0.775175592196
0.597992868269
-0.203733479730
-0.760397402592
0.636357318683
-0.129788878914
-0.738476011137
0.672098709976
-0.054189528735
-0.708258786614
0.705595385569
0.022464261559
-0.668760262936
0.736860555787
0.098975916483
-0.787172671348
0.554001827246
0.271000296845
-0.830479659937
0.487610668786
-0.269331338907
-0.824360363096
0.531034951812
-0.196040484876
-0.810703688203
0.572542544956
-0.122288855382
-0.790540452210
0.610657754073
-0.046291476650
-0.762586295576
0.646177327552
0.030282059976
-0.725307019992
0.680161863002
0.106346447373
-0.734374137989
0.652372778323
0.187361638433
-0.785576394098
0.587725601418
0.193515752520
-0.832024102069
0.518443710607
0.197362642129
-0.867475315537
0.460330966975
-0.188631857803
-0.856210108540
0.503810963330
-0.114362420674
-0.837908954254
0.544388461266
-0.039367342066
-0.812481469531
0.581800582282
0.037174509091
-0.777831716146
0.618199601773
0.113168342420
-0.825899785757
0.551194743046
0.118633465455
-0.869042183438
0.479356800174
0.122404009458
-0.896185268915
0.430528085066
-0.107226544049
-0.880647383876
0.472658701049
-0.032464405037
-0.857604694509
0.512537842451
0.042651471381
-0.897780381093
0.437840354510
0.047814341857
-0.917760901816
0.396211918964
-0.027037795200
-0.069119726526
0.620452412898
-0.781192208572
0.006729751961
0.585724003423
-0.810482635380
-0.137089592522
0.704594339784
-0.696242242303
-0.062364700537
0.681863779364
-0.728815772688
0.014739348599
0.649747069806
-0.760007563700
-0.203733479730
0.775175592196
-0.597992868269
-0.129788878914
0.760397402592
-0.636357318683
-0.054189528735
0.738476011137
-0.672098709976
0.022464261559
0.708258786614
-0.705595385569
0.098975916483
0.668760262936
-0.736860555787
0.271000296845
0.787172671348
-0.554001827246
-0.269331338907
0.830479659937
-0.487610668786
-0.196040484876
0.824360363096
-0.531034951812
-0.122288855382
0.810703688203
-0.572542544956
-0.046291476650
0.790540452210
-0.610657754073
0.030282059976
0.762586295576
-0.646177327552
0.106346447373
0.725307019992
-0.680161863002
0.187361638433
0.734374137989
-0.652372778323
0.193515752520
0.785576394098
-0.587725601418
0.197362642129
0.832024102069
-0.518443710607
-0.188631857803
0.867475315537
-0.460330966975
-0.114362420674
0.856210108540
-0.503810963330
-0.039367342066
0.837908954254
-0.544388461266
0.037174509091
0.812481469531
-0.581800582282
0.113168342420
0.777831716146
-0.618199601773
0.118633465455
0.825899785757
-0.551194743046
0.122404009458
0.869042183438
-0.479356800174
-0.107226544049
0.896185268915
-0.430528085066
-0.032464405037
0.880647383876
-0.472658701049
0.042651471381
0.857604694509
-0.512537842451
0.047814341857
0.897780381093
-0.437840354510
-0.027037795200
0.917760901816
-0.396211918964
0.132719612093
-0.495708841365
-0.858287975658
0.066539747369
-0.548759393394
-0.833328020759
0.264270687715
-0.456540044863
-0.849548227619
0.206503251325
-0.515694246627
-0.831514191814
0.141097930466
-0.571653171442
-0.808272247203
0.391090901136
-0.407553907484
-0.825195564423
0.337102731099
-0.471842518542
-0.814694044646
0.278135773256
-0.533087679185
-0.799035680015
0.213253863414
-0.590344327968
-0.778470528778
0.142022899757
-0.642155764159
-0.753303040285
0.276091457799
-0.784026160836
-0.555946477689
0.511294784819
-0.348026182968
-0.785783315543
0.461983908740
-0.417678922415
-0.782377904747
0.407391123216
-0.483343458269
-0.774862293620
0.348536636522
-0.546523258556
-0.761468673591
0.284498937865
-0.605471624527
-0.743279534392
0.213841914282
-0.658871167805
-0.721221477725
0.210036838332
-0.720360093750
-0.661033933982
0.281882196288
-0.730962928385
-0.621478579473
0.352911372528
-0.735889699776
-0.577858038712
0.529927238724
-0.423381370958
-0.734796118923
0.476122978405
-0.491270062048
-0.729356315918
0.417853530819
-0.555330914445
-0.719031294342
0.354923470257
-0.616101811640
-0.703169885557
0.285208335206
-0.671505153179
-0.683913031593
0.355909833878
-0.679254925344
-0.641826251056
0.425566576041
-0.681677413173
-0.595154596493
0.542899894487
-0.494385032915
-0.678854287602
0.486161401952
-0.560119007714
-0.670756131876
0.424367821597
-0.621691016015
-0.658340514172
0.492623964057
-0.622872916050
-0.607742511667
0.552733345067
-0.559442631435
-0.617664788850
-0.871193480378
-0.124743571534
-0.474827296085
-0.881181598196
-0.036964610029
-0.471330678617
-0.875786902336
-0.248054294921
-0.414084977352
-0.896775519383
-0.166169532736
-0.410099200470
-0.910214912572
-0.078093898364
-0.406706473972
-0.863169554286
-0.367621684712
-0.346110701196
-0.893246111252
-0.288554884050
-0.344742604887
-0.916743512640
-0.205388331952
-0.342632405256
-0.932732926159
-0.117914458647
-0.340742525819
-0.940053935998
-0.026604498777
-0.339986467465
-0.997580679457
-0.003146510512
-0.069447011781
-0.832449531924
-0.482453476969
-0.272518658737
-0.871859177728
-0.406681440681
-0.272895181375
-0.904354999101
-0.327360229934
-0.273819859506
-0.930584684636
-0.244017193654
-0.272887804643
-0.949391607732
-0.157114671049
-0.271975284371
-0.959729496343
-0.066435852187
-0.272957087091
-0.978205477394
-0.014014044239
-0.207165756246
-0.989207110122
-0.054613465713
-0.135965667161
-0.993331904080
-0.096134402294
-0.063638864174
-0.873677306216
-0.444093944579
-0.198666889519
-0.909254078723
-0.364940046492
-0.200189367329
-0.937911636642
-0.282578039809
-0.201175081135
-0.959699162673
-0.196379657891
-0.201028722158
-0.973349819045
-0.106326562966
-0.203186593487
-0.980424090778
-0.146644860413
-0.131392112157
-0.980573214420
-0.187364770265
-0.058056989470
-0.907158330834
-0.401800236001
-0.124981331195
-0.938755997264
-0.320528376162
-0.126486116537
-0.963265723031
-0.235913678495
-0.128311664054
-0.960015206984
-0.274907465043
-0.052883721719
-0.932234987617
-0.358318270381
-0.050457357982
-0.132719612093
0.495708841365
-0.858287975658
-0.066539747369
0.548759393394
-0.833328020759
-0.264270687715
0.456540044863
-0.849548227619
-0.206503251325
0.515694246627
-0.831514191814
-0.141097930466
0.571653171442
-0.808272247203
-0.391090901136
0.407553907484
-0.825195564423
-0.337102731099
0.471842518542
-0.814694044646
-0.278135773256
0.533087679185
-0.799035680015
-0.213253863414
0.590344327968
-0.778470528778
-0.142022899757
0.642155764159
-0.753303040285
-0.276091457799
0.784026160836
-0.555946477689
-0.511294784819
0.348026182968
-0.785783315543
-0.461983908740
0.417678922415
-0.782377904747
-0.407391123216
0.483343458269
-0.774862293620
-0.348536636522
0.546523258556
-0.761468673591
-0.284498937865
0.605471624527
-0.743279534392
-0.213841914282
0.658871167805
-0.721221477725
-0.210036838332
0.720360093750
-0.661033933982
-0.281882196288
0.730962928385
-0.621478579473
-0.352911372528
0.735889699776
-0.577858038712
-0.529927238724
0.423381370958
-0.734796118923
-0.476122978405
0.491270062048
-0.729356315918
-0.417853530819
0.555330914445
-0.719031294342
-0.354923470257
0.616101811640
-0.703169885557
-0.285208335206
0.671505153179
-0.683913031593
-0.355909833878
0.679254925344
-0.641826251056
-0.425566576041
0.681677413173
-0.595154596493
-0.542899894487
0.494385032915
-0.678854287602
-0.486161401952
0.560119007714
-0.670756131876
-0.424367821597
0.621691016015
-0.658340514172
-0.492623964057
0.622872916050
-0.607742511667
-0.552733345067
0.559442631435
-0.617664788850
0.871193480378
0.124743571534
-0.474827296085
0.881181598196
0.036964610029
-0.471330678617
0.875786902336
0.248054294921
-0.414084977352
0.896775519383
0.166169532736
-0.410099200470
0.910214912572
0.078093898364
-0.406706473972
0.863169554286
0.367621684712
-0.346110701196
0.893246111252
0.288554884050
-0.344742604887
0.916743512640
0.205388331952
-0.342632405256
0.932732926159
0.117914458647
-0.340742525819
0.940053935998
0.026604498777
-0.339986467465
0.997580679457
0.003146510512
-0.069447011781
0.832449531924
0.482453476969
-0.272518658737
0.871859177728
0.406681440681
-0.272895181375
0.904354999101
0.327360229934
-0.273819859506
0.930584684636
0.244017193654
-0.272887804643
0.949391607732
0.157114671049
-0.271975284371
0.959729496343
0.066435852187
-0.272957087091
0.978205477394
0.014014044239
-0.207165756246
0.989207110122
0.054613465713
-0.135965667161
0.993331904080
0.096134402294
-0.063638864174
0.873677306216
0.444093944579
-0.198666889519
0.909254078723
0.364940046492
-0.200189367329
0.937911636642
0.282578039809
-0.201175081135
0.959699162673
0.196379657891
-0.201028722158
0.973349819045
0.106326562966
-0.203186593487
0.980424090778
0.146644860413
-0.131392112157
0.980573214420
0.187364770265
-0.058056989470
0.907158330834
0.401800236001
-0.124981331195
0.938755997264
0.320528376162
-0.126486116537
0.963265723031
0.235913678495
-0.128311664054
0.960015206984
0.274907465043
-0.052883721719
0.932234987617
0.358318270381
-0.050457357982
0.069119726526
-0.620452412898
-0.781192208572
-0.006729751961
-0.585724003423
-0.810482635380
0.137089592522
-0.704594339784
-0.696242242303
0.062364700537
-0.681863779364
-0.728815772688
-0.014739348599
-0.649747069806
-0.760007563700
0.203733479730
-0.775175592196
-0.597992868269
0.129788878914
-0.760397402592
-0.636357318683
0.054189528735
-0.738476011137
-0.672098709976
-0.022464261559
-0.708258786614
-0.705595385569
-0.098975916483
-0.668760262936
-0.736860555787
-0.271000296845
-0.787172671348
-0.554001827246
0.269331338907
-0.830479659937
-0.487610668786
0.196040484876
-0.824360363096
-0.531034951812
0.122288855382
-0.810703688203
-0.572542544956
0.046291476650
-0.790540452210
-0.610657754073
-0.030282059976
-0.762586295576
-0.646177327552
-0.106346447373
-0.725307019992
-0.680161863002
-0.187361638433
-0.734374137989
-0.652372778323
-0.193515752520
-0.785576394098
-0.587725601418
-0.197362642129
-0.832024102069
-0.518443710607
0.188631857803
-0.867475315537
-0.460330966975
0.114362420674
-0.856210108540
-0.503810963330
0.039367342066
-0.837908954254
-0.544388461266
-0.037174509091
-0.812481469531
-0.581800582282
-0.113168342420
-0.777831716146
-0.618199601773
-0.118633465455
-0.825899785757
-0.551194743046
-0.122404009458
-0.869042183438
-0.479356800174
0.107226544049
-0.896185268915
-0.430528085066
0.032464405037
-0.880647383876
-0.472658701049
-0.042651471381
-0.857604694509
-0.512537842451
-0.047814341857
-0.897780381093
-0.437840354510
0.027037795200
-0.917760901816
-0.396211918964
0.789168249131
0.090001271807
-0.607546908178
0.840057772720
0.070698962816
-0.537870425985
0.712458635097
0.179544660033
-0.678355665067
0.769149491277
0.167959746695
-0.616602451794
0.823011595802
0.150207348872
-0.547804404437
0.621462084693
0.265176686017
-0.737201602333
0.684905165732
0.256888792569
-0.681845335986
0.744846151280
0.244644802664
-0.620768178512
0.800934790336
0.227137540590
-0.553996389233
0.852278956767
0.203193380211
-0.482009367222
0.826946774534
0.443578852211
-0.345538469580
0.516451976636
0.344838863139
-0.783813443555
0.586337419871
0.340824225916
-0.734879090115
0.652573438238
0.331812454145
-0.681210982722
0.715177196940
0.319926930563
-0.621424441165
0.773561594368
0.303214280180
-0.556474222236
0.827567925097
0.279567633342
-0.486799001373
0.848395572415
0.325832699071
-0.417202594578
0.814994331993
0.401481508704
-0.417847863448
0.775220680841
0.474888193473
-0.416550236702
0.546164261120
0.413346339241
-0.728594128244
0.614993895244
0.405443115393
-0.676312345735
0.679663952276
0.393523175376
-0.619028611954
0.740344394648
0.377898580391
-0.555952192415
0.797081374013
0.355150217272
-0.488394928694
0.760459716511
0.429229347732
-0.487301946035
0.717558605950
0.501216414245
-0.483623565511
0.571627743553
0.476630245769
-0.667881225683
0.638291726839
0.466097296214
-0.612647518489
0.700991985553
0.450727880580
-0.552679485650
0.655556853524
0.522174852474
-0.545507685776
0.590626993650
0.536023068653
-0.603190703049
-0.913911820665
0.012905504721
-0.405707569558
-0.877022382749
0.047853577437
-0.478060430578
-0.960512930018
0.026238674716
-0.276995384830
-0.935319024013
0.065261327569
-0.347734499933
-0.901105494165
0.101942665369
-0.421445822571
-0.989083769405
0.037973989864
-0.142377221467
-0.973460049782
0.078552066606
-0.214953725973
-0.950234483232
0.117707832625
-0.288442876521
-0.918849248983
0.154262397381
-0.363206787378
-0.878883455544
0.186750895713
-0.438962383948
-0.830093285046
0.441634201768
-0.340447308625
-0.998905453605
0.046666216381
-0.003187319830
-0.993018860552
0.089481272981
-0.076854696499
-0.979933668172
0.129492705481
-0.151531004124
-0.959194390595
0.169116011045
-0.226596327993
-0.930676265418
0.206112073340
-0.302257344347
-0.894003777284
0.238508018619
-0.379303534464
-0.862409616654
0.317171543411
-0.394527394679
-0.869607797706
0.367728530649
-0.329481419681
-0.871355083135
0.415473865367
-0.261001506303
-0.990258205699
0.138881187294
-0.010035031716
-0.979933941736
0.179897762805
-0.085826946655
-0.962241992085
0.218880342300
-0.161807739069
-0.936724052539
0.256529277115
-0.238203231249
-0.903407936979
0.289436787452
-0.316354935907
-0.907104576924
0.338597839722
-0.250025577612
-0.904923376216
0.385418617927
-0.180460998928
-0.973427979553
0.228304043232
-0.017754787146
-0.958820103001
0.267999865387
-0.094021711500
-0.936905664048
0.304925208859
-0.170963135435
-0.930464318567
0.352272695317
-0.100698063576
-0.948945264031
0.314570198767
-0.023419562782
0.012905504721
-0.405707569558
-0.913911820665
0.047853577437
-0.478060430578
-0.877022382749
0.026238674716
-0.276995384830
-0.960512930018
0.065261327569
-0.347734499933
-0.935319024013
0.101942665369
-0.421445822571
-0.901105494165
0.037973989864
-0.142377221467
-0.989083769405
0.078552066606
-0.214953725973
-0.973460049782
0.117707832625
-0.288442876521
-0.950234483232
0.154262397381
-0.363206787378
-0.918849248983
0.186750895713
-0.438962383948
-0.878883455544
0.441634201768
-0.340447308625
-0.830093285046
0.046666216381
-0.003187319830
-0.998905453605
0.089481272981
-0.076854696499
-0.993018860552
0.129492705481
-0.151531004124
-0.979933668172
0.169116011045
-0.226596327993
-0.959194390595
0.206112073340
-0.302257344347
-0.930676265418
0.238508018619
-0.379303534464
-0.894003777284
0.317171543411
-0.394527394679
-0.862409616654
0.367728530649
-0.329481419681
-0.869607797706
0.415473865367
-0.261001506303
-0.871355083135
0.138881187294
-0.010035031716
-0.990258205699
0.179897762805
-0.085826946655
-0.979933941736
0.218880342300
-0.161807739069
-0.962241992085
0.256529277115
-0.238203231249
-0.936724052539
0.289436787452
-0.316354935907
-0.903407936979
0.338597839722
-0.250025577612
-0.907104576924
0.385418617927
-0.180460998928
-0.904923376216
0.228304043232
-0.017754787146
-0.973427979553
0.267999865387
-0.094021711500
-0.958820103001
0.304925208859
-0.170963135435
-0.936905664048
0.352272695317
-0.100698063576
-0.930464318567
0.314570198767
-0.023419562782
-0.948945264031
0.495708841365
-0.858287975658
-0.132719612093
0.548759393394
-0.833328020759
-0.066539747369
0.456540044863
-0.849548227619
-0.264270687715
0.515694246627
-0.831514191814
-0.206503251325
0.571653171442
-0.808272247203
-0.141097930466
0.407553907484
-0.825195564423
-0.391090901136
0.471842518542
-0.814694044646
-0.337102731099
0.533087679185
-0.799035680015
-0.278135773256
0.590344327968
-0.778470528778
-0.213253863414
0.642155764159
-0.753303040285
-0.142022899757
0.784026160836
-0.555946477689
-0.276091457799
0.348026182968
-0.785783315543
-0.511294784819
0.417678922415
-0.782377904747
-0.461983908740
0.483343458269
-0.774862293620
-0.407391123216
0.546523258556
-0.761468673591
-0.348536636522
0.605471624527
-0.743279534392
-0.284498937865
0.658871167805
-0.721221477725
-0.213841914282
0.720360093750
-0.661033933982
-0.210036838332
0.730962928385
-0.621478579473
-0.281882196288
0.735889699776
-0.577858038712
-0.352911372528
0.423381370958
-0.734796118923
-0.529927238724
0.491270062048
-0.729356315918
-0.476122978405
0.555330914445
-0.719031294342
-0.417853530819
0.616101811640
-0.703169885557
-0.354923470257
0.671505153179
-0.683913031593
-0.285208335206
0.679254925344
-0.641826251056
-0.355909833878
0.681677413173
-0.595154596493
-0.425566576041
0.494385032915
-0.678854287602
-0.542899894487
0.560119007714
-0.670756131876
-0.486161401952
0.621691016015
-0.658340514172
-0.424367821597
0.622872916050
-0.607742511667
-0.492623964057
0.559442631435
-0.617664788850
-0.552733345067
-0.495708841365
-0.858287975658
0.132719612093
-0.548759393394
-0.833328020759
0.066539747369
-0.456540044863
-0.849548227619
0.264270687715
-0.515694246627
-0.831514191814
0.206503251325
-0.571653171442
-0.808272247203
0.141097930466
-0.407553907484
-0.825195564423
0.391090901136
-0.471842518542
-0.814694044646
0.337102731099
-0.533087679185
-0.799035680015
0.278135773256
-0.590344327968
-0.778470528778
0.213253863414
-0.642155764159
-0.753303040285
0.142022899757
-0.784026160836
-0.555946477689
0.276091457799
-0.348026182968
-0.785783315543
0.511294784819
-0.417678922415
-0.782377904747
0.461983908740
-0.483343458269
-0.774862293620
0.407391123216
-0.546523258556
-0.761468673591
0.348536636522
-0.605471624527
-0.743279534392
0.284498937865
-0.658871167805
-0.721221477725
0.213841914282
-0.720360093750
-0.661033933982
0.210036838332
-0.730962928385
-0.621478579473
0.281882196288
-0.735889699776
-0.577858038712
0.352911372528
-0.423381370958
-0.734796118923
0.529927238724
-0.491270062048
-0.729356315918
0.476122978405
-0.555330914445
-0.719031294342
0.417853530819
-0.616101811640
-0.703169885557
0.354923470257
-0.671505153179
-0.683913031593
0.285208335206
-0.679254925344
-0.641826251056
0.355909833878
-0.681677413173
-0.595154596493
0.425566576041
-0.494385032915
-0.678854287602
0.542899894487
-0.560119007714
-0.670756131876
0.486161401952
-0.621691016015
-0.658340514172
0.424367821597
-0.622872916050
-0.607742511667
0.492623964057
-0.559442631435
-0.617664788850
0.552733345067
-0.405707569558
-0.913911820665
0.012905504721
-0.478060430578
-0.877022382749
0.047853577437
-0.276995384830
-0.960512930018
0.026238674716
-0.347734499933
-0.935319024013
0.065261327569
-0.421445822571
-0.901105494165
0.101942665369
-0.142377221467
-0.989083769405
0.037973989864
-0.214953725973
-0.973460049782
0.078552066606
-0.288442876521
-0.950234483232
0.117707832625
-0.363206787378
-0.918849248983
0.154262397381
-0.438962383948
-0.878883455544
0.186750895713
-0.340447308625
-0.830093285046
0.441634201768
-0.003187319830
-0.998905453605
0.046666216381
-0.076854696499
-0.993018860552
0.089481272981
-0.151531004124
-0.979933668172
0.129492705481
-0.226596327993
-0.959194390595
0.169116011045
-0.302257344347
-0.930676265418
0.206112073340
-0.379303534464
-0.894003777284
0.238508018619
-0.394527394679
-0.862409616654
0.317171543411
-0.329481419681
-0.869607797706
0.367728530649
-0.261001506303
-0.871355083135
0.415473865367
-0.010035031716
-0.990258205699
0.138881187294
-0.085826946655
-0.979933941736
0.179897762805
-0.161807739069
-0.962241992085
0.218880342300
-0.238203231249
-0.936724052539
0.256529277115
-0.316354935907
-0.903407936979
0.289436787452
-0.250025577612
-0.907104576924
0.338597839722
-0.180460998928
-0.904923376216
0.385418617927
-0.017754787146
-0.973427979553
0.228304043232
-0.094021711500
-0.958820103001
0.267999865387
-0.170963135435
-0.936905664048
0.304925208859
-0.100698063576
-0.930464318567
0.352272695317
-0.023419562782
-0.948945264031
0.314570198767
0.405707569558
0.913911820665
0.012905504721
0.478060430578
0.877022382749
0.047853577437
0.276995384830
0.960512930018
0.026238674716
0.347734499933
0.935319024013
0.065261327569
0.421445822571
0.901105494165
0.101942665369
0.142377221467
0.989083769405
0.037973989864
0.214953725973
0.973460049782
0.078552066606
0.288442876521
0.950234483232
0.117707832625
0.363206787378
0.918849248983
0.154262397381
0.438962383948
0.878883455544
0.186750895713
0.340447308625
0.830093285046
0.441634201768
0.003187319830
0.998905453605
0.046666216381
0.076854696499
0.993018860552
0.089481272981
0.151531004124
0.979933668172
0.129492705481
0.226596327993
0.959194390595
0.169116011045
0.302257344347
0.930676265418
0.206112073340
0.379303534464
0.894003777284
0.238508018619
0.394527394679
0.862409616654
0.317171543411
0.329481419681
0.869607797706
0.367728530649
0.261001506303
0.871355083135
0.415473865367
0.010035031716
0.990258205699
0.138881187294
0.085826946655
0.979933941736
0.179897762805
0.161807739069
0.962241992085
0.218880342300
0.238203231249
0.936724052539
0.256529277115
0.316354935907
0.903407936979
0.289436787452
0.250025577612
0.907104576924
0.338597839722
0.180460998928
0.904923376216
0.385418617927
0.017754787146
0.973427979553
0.228304043232
0.094021711500
0.958820103001
0.267999865387
0.170963135435
0.936905664048
0.304925208859
0.100698063576
0.930464318567
0.352272695317
0.023419562782
0.948945264031
0.314570198767
-0.124743571534
-0.474827296085
-0.871193480378
-0.036964610029
-0.471330678617
-0.881181598196
-0.248054294921
-0.414084977352
-0.875786902336
-0.166169532736
-0.410099200470
-0.896775519383
-0.078093898364
-0.406706473972
-0.910214912572
-0.367621684712
-0.346110701196
-0.863169554286
-0.288554884050
-0.344742604887
-0.893246111252
-0.205388331952
-0.342632405256
-0.916743512640
-0.117914458647
-0.340742525819
-0.932732926159
-0.026604498777
-0.339986467465
-0.940053935998
-0.003146510512
-0.069447011781
-0.997580679457
-0.482453476969
-0.272518658737
-0.832449531924
-0.406681440681
-0.272895181375
-0.871859177728
-0.327360229934
-0.273819859506
-0.904354999101
-0.244017193654
-0.272887804643
-0.930584684636
-0.157114671049
-0.271975284371
-0.949391607732
-0.066435852187
-0.272957087091
-0.959729496343
-0.014014044239
-0.207165756246
-0.978205477394
-0.054613465713
-0.135965667161
-0.989207110122
-0.096134402294
-0.063638864174
-0.993331904080
-0.444093944579
-0.198666889519
-0.873677306216
-0.364940046492
-0.200189367329
-0.909254078723
-0.282578039809
-0.201175081135
-0.937911636642
-0.196379657891
-0.201028722158
-0.959699162673
-0.106326562966
-0.203186593487
-0.973349819045
-0.146644860413
-0.131392112157
-0.980424090778
-0.187364770265
-0.058056989470
-0.980573214420
-0.401800236001
-0.124981331195
-0.907158330834
-0.320528376162
-0.126486116537
-0.938755997264
-0.235913678495
-0.128311664054
-0.963265723031
-0.274907465043
-0.052883721719
-0.960015206984
-0.358318270381
-0.050457357982
-0.932234987617
0.620452412898
-0.781192208572
-0.069119726526
0.585724003423
-0.810482635380
0.006729751961
0.704594339784
-0.696242242303
-0.137089592522
0.681863779364
-0.728815772688
-0.062364700537
0.649747069806
-0.760007563700
0.014739348599
0.775175592196
-0.597992868269
-0.203733479730
0.760397402592
-0.636357318683
-0.129788878914
0.738476011137
-0.672098709976
-0.054189528735
0.708258786614
-0.705595385569
0.022464261559
0.668760262936
-0.736860555787
0.098975916483
0.787172671348
-0.554001827246
0.271000296845
0.830479659937
-0.487610668786
-0.269331338907
0.824360363096
-0.531034951812
-0.196040484876
0.810703688203
-0.572542544956
-0.122288855382
0.790540452210
-0.610657754073
-0.046291476650
0.762586295576
-0.646177327552
0.030282059976
0.725307019992
-0.680161863002
0.106346447373
0.734374137989
-0.652372778323
0.187361638433
0.785576394098
-0.587725601418
0.193515752520
0.832024102069
-0.518443710607
0.197362642129
0.867475315537
-0.460330966975
-0.188631857803
0.856210108540
-0.503810963330
-0.114362420674
0.837908954254
-0.544388461266
-0.039367342066
0.812481469531
-0.581800582282
0.037174509091
0.777831716146
-0.618199601773
0.113168342420
0.825899785757
-0.551194743046
0.118633465455
0.869042183438
-0.479356800174
0.122404009458
0.896185268915
-0.430528085066
-0.107226544049
0.880647383876
-0.472658701049
-0.032464405037
0.857604694509
-0.512537842451
0.042651471381
0.897780381093
-0.437840354510
0.047814341857
0.917760901816
-0.396211918964
-0.027037795200
