0.787766606081
0.550352895167
0.276650438505
0.736091949046
0.643800700083
0.209019858201
0.448951767292
0.864975129254
0.224188171894
0.493558051996
0.863373632077
0.104816128262
0.569260368124
0.797449381556
0.200042788271
0.637375271413
0.720508708153
0.273166551515
0.695089628454
0.632517011836
0.341720116694
0.740784484893
0.534454578534
0.406935683402
0.467782562599
0.773000504822
0.428543689341
0.522527274676
0.791488673538
0.317034583100
0.587408146821
0.706578606740
0.394586291635
0.640804045368
0.611429796554
0.464245386973
0.528760449495
0.680676546879
0.507042232539
0.525731112119
0.850650808352
0.000000000000
0.000000000000
0.525731112119
-0.850650808352
-0.525731112119
0.850650808352
0.000000000000
0.000000000000
0.525731112119
0.850650808352
0.850650808352
-0.000000000000
0.525731112119
-0.850650808352
-0.000000000000
0.525731112119
-0.000000000000
-0.525731112119
0.850650808352
-0.850650808352
-0.000000000000
-0.525731112119
-0.525731112119
-0.850650808352
0.000000000000
0.850650808352
-0.000000000000
-0.525731112119
0.525731112119
-0.850650808352
0.000000000000
0.000000000000
-0.525731112119
-0.850650808352
0.577350269190
0.577350269190
0.577350269190
0.356822089773
0.000000000000
-0.934172358963
-0.577350269190
0.577350269190
-0.577350269190
-0.356822089773
0.000000000000
0.934172358963
0.934172358963
0.356822089773
-0.000000000000
0.000000000000
0.934172358963
-0.356822089773
-0.577350269190
0.577350269190
0.577350269190
0.577350269190
-0.577350269190
0.577350269190
-0.934172358963
-0.356822089773
-0.000000000000
0.577350269190
0.577350269190
-0.577350269190
-0.000000000000
0.934172358963
0.356822089773
-0.577350269190
-0.577350269190
0.577350269190
0.934172358963
-0.356822089773
0.000000000000
0.356822089773
-0.000000000000
0.934172358963
-0.356822089773
-0.000000000000
-0.934172358963
-0.000000000000
-0.934172358963
-0.356822089773
0.577350269190
-0.577350269190
-0.577350269190
0.000000000000
-0.934172358963
0.356822089773
-0.934172358963
0.356822089773
0.000000000000
-0.577350269190
-0.577350269190
-0.577350269190
0.000000000721
0.063486356961
-0.997982706503
0.000000000240
0.188870856580
-0.982001934588
0.224188172005
0.448951767583
-0.864975129074
0.104816127858
0.493558050937
-0.863373632732
0.123633242306
0.369217579723
-0.921082623992
0.124958182178
0.249360723072
-0.960314887157
0.124371073386
0.126062445654
-0.984195151330
0.123981188532
0.000000000053
-0.992284568504
0.351678138860
0.266545938875
-0.897371578064
0.239806179173
0.320340688299
-0.916446855988
0.243867739614
0.192821854895
-0.950446346645
0.244122582940
0.064515062710
-0.967595975179
0.356166178901
0.133761812981
-0.924799129755
-0.787766606081
0.550352895167
-0.276650438505
-0.736091949046
0.643800700083
-0.209019858201
-0.448951767292
0.864975129254
-0.224188171894
-0.493558051996
0.863373632077
-0.104816128262
-0.569260368124
0.797449381556
-0.200042788271
-0.637375271413
0.720508708153
-0.273166551515
-0.695089628454
0.632517011836
-0.341720116694
-0.740784484893
0.534454578534
-0.406935683402
-0.467782562599
0.773000504822
-0.428543689341
-0.522527274676
0.791488673538
-0.317034583100
-0.587408146821
0.706578606740
-0.394586291635
-0.640804045368
0.611429796554
-0.464245386973
-0.528760449495
0.680676546879
-0.507042232539
-0.000000000721
0.063486356961
0.997982706503
-0.000000000240
0.188870856580
0.982001934588
-0.224188172005
0.448951767583
0.864975129074
-0.104816127858
0.493558050937
0.863373632732
-0.123633242306
0.369217579723
0.921082623992
-0.124958182178
0.249360723072
0.960314887157
-0.124371073386
0.126062445654
0.984195151330
-0.123981188532
0.000000000053
0.992284568504
-0.351678138860
0.266545938875
0.897371578064
-0.239806179173
0.320340688299
0.916446855988
-0.243867739614
0.192821854895
0.950446346645
-0.244122582940
0.064515062710
0.967595975179
-0.356166178901
0.133761812981
0.924799129755
0.787766606802
0.550352894721
-0.276650437338
0.736091949285
0.643800699935
-0.209019857813
0.673139939297
0.726419219079
0.138555910286
0.598374179854
0.798593702492
0.064779929181
0.692893610430
0.721039835672
-0.000000000080
0.762333453591
0.643280304395
-0.070979965579
0.819460701841
0.555651461266
-0.140483492737
0.864765673425
0.457829990055
-0.206329906392
0.819460701459
0.555651461906
0.140483492435
0.762333453848
0.643280304097
0.070979965514
0.831275886435
0.555860054899
-0.000000000180
0.884926628308
0.460553742876
-0.069246750355
0.884926628396
0.460553742675
0.069246750565
-0.340136794299
0.827003333226
-0.447629811337
-0.397890714393
0.852820558136
-0.338201234505
-0.310395857297
0.950607390973
0.000000000180
-0.428778121756
0.903409830754
-0.000000000654
-0.369217579803
0.921082623943
-0.123633242436
-0.320340688651
0.916446855909
-0.239806179004
-0.266545938391
0.897371577960
-0.351678139493
-0.206329906445
0.864765673458
-0.457829989970
-0.126062446440
0.984195151247
-0.124371073242
-0.249360722784
0.960314887197
-0.124958182450
-0.192821855075
0.950446346534
-0.243867739905
-0.133761813065
0.924799129849
-0.356166178625
-0.064515062416
0.967595975215
-0.244122582876
-0.447629811782
0.340136795465
0.827003332505
-0.338201234653
0.397890714781
0.852820557896
-0.138555909995
0.673139939478
0.726419218968
-0.064779930240
0.598374179200
0.798593702896
-0.200042788320
0.569260367994
0.797449381637
-0.317034582763
0.522527274587
0.791488673731
-0.428543690063
0.467782562347
0.773000504573
-0.534454578448
0.406935683455
0.740784484926
-0.341720116158
0.695089628217
0.632517012387
-0.273166551891
0.637375271398
0.720508708024
-0.394586291746
0.587408146530
0.706578606920
-0.507042232303
0.528760449683
0.680676546909
-0.464245387080
0.640804045520
0.611429796314
0.827003332505
-0.447629811782
0.340136795465
0.852820557896
-0.338201234653
0.397890714781
0.726419218968
-0.138555909995
0.673139939478
0.798593702896
-0.064779930240
0.598374179200
0.797449381637
-0.200042788320
0.569260367994
0.791488673731
-0.317034582763
0.522527274587
0.773000504573
-0.428543690063
0.467782562347
0.740784484926
-0.534454578448
0.406935683455
0.632517012387
-0.341720116158
0.695089628217
0.720508708024
-0.273166551891
0.637375271398
0.706578606920
-0.394586291746
0.587408146530
0.680676546909
-0.507042232303
0.528760449683
0.611429796314
-0.464245387080
0.640804045520
-0.827003333226
-0.447629811337
0.340136794299
-0.852820558136
-0.338201234505
0.397890714393
-0.950607390973
0.000000000180
0.310395857297
-0.903409830754
-0.000000000654
0.428778121756
-0.921082623943
-0.123633242436
0.369217579803
-0.916446855909
-0.239806179004
0.320340688651
-0.897371577960
-0.351678139493
0.266545938391
-0.864765673458
-0.457829989970
0.206329906445
-0.984195151247
-0.124371073242
0.126062446440
-0.960314887197
-0.124958182450
0.249360722784
-0.950446346534
-0.243867739905
0.192821855075
-0.924799129849
-0.356166178625
0.133761813065
-0.967595975215
-0.244122582876
0.064515062416
0.340136795465
0.827003332505
-0.447629811782
0.397890714781
0.852820557896
-0.338201234653
0.673139939478
0.726419218968
-0.138555909995
0.598374179200
0.798593702896
-0.064779930240
0.569260367994
0.797449381637
-0.200042788320
0.522527274587
0.791488673731
-0.317034582763
0.467782562347
0.773000504573
-0.428543690063
0.406935683455
0.740784484926
-0.534454578448
0.695089628217
0.632517012387
-0.341720116158
0.637375271398
0.720508708024
-0.273166551891
0.587408146530
0.706578606920
-0.394586291746
0.528760449683
0.680676546909
-0.507042232303
0.640804045520
0.611429796314
-0.464245387080
-0.276650437338
0.787766606802
0.550352894721
-0.209019857813
0.736091949285
0.643800699935
0.138555910286
0.673139939297
0.726419219079
0.064779929181
0.598374179854
0.798593702492
-0.000000000080
0.692893610430
0.721039835672
-0.070979965579
0.762333453591
0.643280304395
-0.140483492737
0.819460701841
0.555651461266
-0.206329906392
0.864765673425
0.457829990055
0.140483492435
0.819460701459
0.555651461906
0.070979965514
0.762333453848
0.643280304097
-0.000000000180
0.831275886435
0.555860054899
-0.069246750355
0.884926628308
0.460553742876
0.069246750565
0.884926628396
0.460553742675
-0.276650438505
-0.787766606081
0.550352895167
-0.209019858201
-0.736091949046
0.643800700083
-0.224188171894
-0.448951767292
0.864975129254
-0.104816128262
-0.493558051996
0.863373632077
-0.200042788271
-0.569260368124
0.797449381556
-0.273166551515
-0.637375271413
0.720508708153
-0.341720116694
-0.695089628454
0.632517011836
-0.406935683402
-0.740784484893
0.534454578534
-0.428543689341
-0.467782562599
0.773000504822
-0.317034583100
-0.522527274676
0.791488673538
-0.394586291635
-0.587408146821
0.706578606740
-0.464245386973
-0.640804045368
0.611429796554
-0.507042232539
-0.528760449495
0.680676546879
0.997982706503
-0.000000000721
0.063486356961
0.982001934588
-0.000000000240
0.188870856580
0.864975129074
-0.224188172005
0.448951767583
0.863373632732
-0.104816127858
0.493558050937
0.921082623992
-0.123633242306
0.369217579723
0.960314887157
-0.124958182178
0.249360723072
0.984195151330
-0.124371073386
0.126062445654
0.992284568504
-0.123981188532
0.000000000053
0.897371578064
-0.351678138860
0.266545938875
0.916446855988
-0.239806179173
0.320340688299
0.950446346645
-0.243867739614
0.192821854895
0.967595975179
-0.244122582940
0.064515062710
0.924799129755
-0.356166178901
0.133761812981
0.276650438505
0.787766606081
0.550352895167
0.209019858201
0.736091949046
0.643800700083
0.224188171894
0.448951767292
0.864975129254
0.104816128262
0.493558051996
0.863373632077
0.200042788271
0.569260368124
0.797449381556
0.273166551515
0.637375271413
0.720508708153
0.341720116694
0.695089628454
0.632517011836
0.406935683402
0.740784484893
0.534454578534
0.428543689341
0.467782562599
0.773000504822
0.317034583100
0.522527274676
0.791488673538
0.394586291635
0.587408146821
0.706578606740
0.464245386973
0.640804045368
0.611429796554
0.507042232539
0.528760449495
0.680676546879
-0.447629811337
-0.340136794299
0.827003333226
-0.338201234505
-0.397890714393
0.852820558136
0.000000000180
-0.310395857297
0.950607390973
-0.000000000654
-0.428778121756
0.903409830754
-0.123633242436
-0.369217579803
0.921082623943
-0.239806179004
-0.320340688651
0.916446855909
-0.351678139493
-0.266545938391
0.897371577960
-0.457829989970
-0.206329906445
0.864765673458
-0.124371073242
-0.126062446440
0.984195151247
-0.124958182450
-0.249360722784
0.960314887197
-0.243867739905
-0.192821855075
0.950446346534
-0.356166178625
-0.133761813065
0.924799129849
-0.244122582876
-0.064515062416
0.967595975215
0.447629811337
0.340136794299
0.827003333226
0.338201234505
0.397890714393
0.852820558136
-0.000000000180
0.310395857297
0.950607390973
0.000000000654
0.428778121756
0.903409830754
0.123633242436
0.369217579803
0.921082623943
0.239806179004
0.320340688651
0.916446855909
0.351678139493
0.266545938391
0.897371577960
0.457829989970
0.206329906445
0.864765673458
0.124371073242
0.126062446440
0.984195151247
0.124958182450
0.249360722784
0.960314887197
0.243867739905
0.192821855075
0.950446346534
0.356166178625
0.133761813065
0.924799129849
0.244122582876
0.064515062416
0.967595975215
-0.063486356961
0.997982706503
0.000000000721
-0.188870856580
0.982001934588
0.000000000240
-0.448951767583
0.864975129074
0.224188172005
-0.493558050937
0.863373632732
0.104816127858
-0.369217579723
0.921082623992
0.123633242306
-0.249360723072
0.960314887157
0.124958182178
-0.126062445654
0.984195151330
0.124371073386
-0.000000000053
0.992284568504
0.123981188532
-0.266545938875
0.897371578064
0.351678138860
-0.320340688299
0.916446855988
0.239806179173
-0.192821854895
0.950446346645
0.243867739614
-0.064515062710
0.967595975179
0.244122582940
-0.133761812981
0.924799129755
0.356166178901
-0.550352894721
-0.276650437338
-0.787766606802
-0.643800699935
-0.209019857813
-0.736091949285
-0.726419219079
0.138555910286
-0.673139939297
-0.798593702492
0.064779929181
-0.598374179854
-0.721039835672
-0.000000000080
-0.692893610430
-0.643280304395
-0.070979965579
-0.762333453591
-0.555651461266
-0.140483492737
-0.819460701841
-0.457829990055
-0.206329906392
-0.864765673425
-0.555651461906
0.140483492435
-0.819460701459
-0.643280304097
0.070979965514
-0.762333453848
-0.555860054899
-0.000000000180
-0.831275886435
-0.460553742876
-0.069246750355
-0.884926628308
-0.460553742675
0.069246750565
-0.884926628396
-0.550352895167
-0.276650438505
0.787766606081
-0.643800700083
-0.209019858201
0.736091949046
-0.864975129254
-0.224188171894
0.448951767292
-0.863373632077
-0.104816128262
0.493558051996
-0.797449381556
-0.200042788271
0.569260368124
-0.720508708153
-0.273166551515
0.637375271413
-0.632517011836
-0.341720116694
0.695089628454
-0.534454578534
-0.406935683402
0.740784484893
-0.773000504822
-0.428543689341
0.467782562599
-0.791488673538
-0.317034583100
0.522527274676
-0.706578606740
-0.394586291635
0.587408146821
-0.611429796554
-0.464245386973
0.640804045368
-0.680676546879
-0.507042232539
0.528760449495
-0.340136795465
0.827003332505
0.447629811782
-0.397890714781
0.852820557896
0.338201234653
-0.673139939478
0.726419218968
0.138555909995
-0.598374179200
0.798593702896
0.064779930240
-0.569260367994
0.797449381637
0.200042788320
-0.522527274587
0.791488673731
0.317034582763
-0.467782562347
0.773000504573
0.428543690063
-0.406935683455
0.740784484926
0.534454578448
-0.695089628217
0.632517012387
0.341720116158
-0.637375271398
0.720508708024
0.273166551891
-0.587408146530
0.706578606920
0.394586291746
-0.528760449683
0.680676546909
0.507042232303
-0.640804045520
0.611429796314
0.464245387080
-0.550352895167
0.276650438505
-0.787766606081
-0.643800700083
0.209019858201
-0.736091949046
-0.864975129254
0.224188171894
-0.448951767292
-0.863373632077
0.104816128262
-0.493558051996
-0.797449381556
0.200042788271
-0.569260368124
-0.720508708153
0.273166551515
-0.637375271413
-0.632517011836
0.341720116694
-0.695089628454
-0.534454578534
0.406935683402
-0.740784484893
-0.773000504822
0.428543689341
-0.467782562599
-0.791488673538
0.317034583100
-0.522527274676
-0.706578606740
0.394586291635
-0.587408146821
-0.611429796554
0.464245386973
-0.640804045368
-0.680676546879
0.507042232539
-0.528760449495
-0.063486356961
-0.997982706503
-0.000000000721
-0.188870856580
-0.982001934588
-0.000000000240
-0.448951767583
-0.864975129074
-0.224188172005
-0.493558050937
-0.863373632732
-0.104816127858
-0.369217579723
-0.921082623992
-0.123633242306
-0.249360723072
-0.960314887157
-0.124958182178
-0.126062445654
-0.984195151330
-0.124371073386
-0.000000000053
-0.992284568504
-0.123981188532
-0.266545938875
-0.897371578064
-0.351678138860
-0.320340688299
-0.916446855988
-0.239806179173
-0.192821854895
-0.950446346645
-0.243867739614
-0.064515062710
-0.967595975179
-0.244122582940
-0.133761812981
-0.924799129755
-0.356166178901
0.550352894721
-0.276650437338
0.787766606802
0.643800699935
-0.209019857813
0.736091949285
0.726419219079
0.138555910286
0.673139939297
0.798593702492
0.064779929181
0.598374179854
0.721039835672
-0.000000000080
0.692893610430
0.643280304395
-0.070979965579
0.762333453591
0.555651461266
-0.140483492737
0.819460701841
0.457829990055
-0.206329906392
0.864765673425
0.555651461906
0.140483492435
0.819460701459
0.643280304097
0.070979965514
0.762333453848
0.555860054899
-0.000000000180
0.831275886435
0.460553742876
-0.069246750355
0.884926628308
0.460553742675
0.069246750565
0.884926628396
0.550352895167
-0.276650438505
-0.787766606081
0.643800700083
-0.209019858201
-0.736091949046
0.864975129254
-0.224188171894
-0.448951767292
0.863373632077
-0.104816128262
-0.493558051996
0.797449381556
-0.200042788271
-0.569260368124
0.720508708153
-0.273166551515
-0.637375271413
0.632517011836
-0.341720116694
-0.695089628454
0.534454578534
-0.406935683402
-0.740784484893
0.773000504822
-0.428543689341
-0.467782562599
0.791488673538
-0.317034583100
-0.522527274676
0.706578606740
-0.394586291635
-0.587408146821
0.611429796554
-0.464245386973
-0.640804045368
0.680676546879
-0.507042232539
-0.528760449495
0.063486356961
0.997982706503
-0.000000000721
0.188870856580
0.982001934588
-0.000000000240
0.448951767583
0.864975129074
-0.224188172005
0.493558050937
0.863373632732
-0.104816127858
0.369217579723
0.921082623992
-0.123633242306
0.249360723072
0.960314887157
-0.124958182178
0.126062445654
0.984195151330
-0.124371073386
0.000000000053
0.992284568504
-0.123981188532
0.266545938875
0.897371578064
-0.351678138860
0.320340688299
0.916446855988
-0.239806179173
0.192821854895
0.950446346645
-0.243867739614
0.064515062710
0.967595975179
-0.244122582940
0.133761812981
0.924799129755
-0.356166178901
0.550352895167
0.276650438505
0.787766606081
0.643800700083
0.209019858201
0.736091949046
0.864975129254
0.224188171894
0.448951767292
0.863373632077
0.104816128262
0.493558051996
0.797449381556
0.200042788271
0.569260368124
0.720508708153
0.273166551515
0.637375271413
0.632517011836
0.341720116694
0.695089628454
0.534454578534
0.406935683402
0.740784484893
0.773000504822
0.428543689341
0.467782562599
0.791488673538
0.317034583100
0.522527274676
0.706578606740
0.394586291635
0.587408146821
0.611429796554
0.464245386973
0.640804045368
0.680676546879
0.507042232539
0.528760449495
0.827003333226
-0.447629811337
-0.340136794299
0.852820558136
-0.338201234505
-0.397890714393
0.950607390973
0.000000000180
-0.310395857297
0.903409830754
-0.000000000654
-0.428778121756
0.921082623943
-0.123633242436
-0.369217579803
0.916446855909
-0.239806179004
-0.320340688651
0.897371577960
-0.351678139493
-0.266545938391
0.864765673458
-0.457829989970
-0.206329906445
0.984195151247
-0.124371073242
-0.126062446440
0.960314887197
-0.124958182450
-0.249360722784
0.950446346534
-0.243867739905
-0.192821855075
0.924799129849
-0.356166178625
-0.133761813065
0.967595975215
-0.244122582876
-0.064515062416
-0.447629811337
0.340136794299
-0.827003333226
-0.338201234505
0.397890714393
-0.852820558136
0.000000000180
0.310395857297
-0.950607390973
-0.000000000654
0.428778121756
-0.903409830754
-0.123633242436
0.369217579803
-0.921082623943
-0.239806179004
0.320340688651
-0.916446855909
-0.351678139493
0.266545938391
-0.897371577960
-0.457829989970
0.206329906445
-0.864765673458
-0.124371073242
0.126062446440
-0.984195151247
-0.124958182450
0.249360722784
-0.960314887197
-0.243867739905
0.192821855075
-0.950446346534
-0.356166178625
0.133761813065
-0.924799129849
-0.244122582876
0.064515062416
-0.967595975215
0.063486356961
-0.997982706503
0.000000000721
0.188870856580
-0.982001934588
0.000000000240
0.448951767583
-0.864975129074
0.224188172005
0.493558050937
-0.863373632732
0.104816127858
0.369217579723
-0.921082623992
0.123633242306
0.249360723072
-0.960314887157
0.124958182178
0.126062445654
-0.984195151330
0.124371073386
0.000000000053
-0.992284568504
0.123981188532
0.266545938875
-0.897371578064
0.351678138860
0.320340688299
-0.916446855988
0.239806179173
0.192821854895
-0.950446346645
0.243867739614
0.064515062710
-0.967595975179
0.244122582940
0.133761812981
-0.924799129755
0.356166178901
-0.997982706503
0.000000000721
0.063486356961
-0.982001934588
0.000000000240
0.188870856580
-0.864975129074
0.224188172005
0.448951767583
-0.863373632732
0.104816127858
0.493558050937
-0.921082623992
0.123633242306
0.369217579723
-0.960314887157
0.124958182178
0.249360723072
-0.984195151330
0.124371073386
0.126062445654
-0.992284568504
0.123981188532
0.000000000053
-0.897371578064
0.351678138860
0.266545938875
-0.916446855988
0.239806179173
0.320340688299
-0.950446346645
0.243867739614
0.192821854895
-0.967595975179
0.244122582940
0.064515062710
-0.924799129755
0.356166178901
0.133761812981
0.276650437338
-0.787766606802
0.550352894721
0.209019857813
-0.736091949285
0.643800699935
-0.138555910286
-0.673139939297
0.726419219079
-0.064779929181
-0.598374179854
0.798593702492
0.000000000080
-0.692893610430
0.721039835672
0.070979965579
-0.762333453591
0.643280304395
0.140483492737
-0.819460701841
0.555651461266
0.206329906392
-0.864765673425
0.457829990055
-0.140483492435
-0.819460701459
0.555651461906
-0.070979965514
-0.762333453848
0.643280304097
0.000000000180
-0.831275886435
0.555860054899
0.069246750355
-0.884926628308
0.460553742876
-0.069246750565
-0.884926628396
0.460553742675
-0.827003332505
0.447629811782
0.340136795465
-0.852820557896
0.338201234653
0.397890714781
-0.726419218968
0.138555909995
0.673139939478
-0.798593702896
0.064779930240
0.598374179200
-0.797449381637
0.200042788320
0.569260367994
-0.791488673731
0.317034582763
0.522527274587
-0.773000504573
0.428543690063
0.467782562347
-0.740784484926
0.534454578448
0.406935683455
-0.632517012387
0.341720116158
0.695089628217
-0.720508708024
0.273166551891
0.637375271398
-0.706578606920
0.394586291746
0.587408146530
-0.680676546909
0.507042232303
0.528760449683
-0.611429796314
0.464245387080
0.640804045520
-0.340136795465
-0.827003332505
-0.447629811782
-0.397890714781
-0.852820557896
-0.338201234653
-0.673139939478
-0.726419218968
-0.138555909995
-0.598374179200
-0.798593702896
-0.064779930240
-0.569260367994
-0.797449381637
-0.200042788320
-0.522527274587
-0.791488673731
-0.317034582763
-0.467782562347
-0.773000504573
-0.428543690063
-0.406935683455
-0.740784484926
-0.534454578448
-0.695089628217
-0.632517012387
-0.341720116158
-0.637375271398
-0.720508708024
-0.273166551891
-0.587408146530
-0.706578606920
-0.394586291746
-0.528760449683
-0.680676546909
-0.507042232303
-0.640804045520
-0.611429796314
-0.464245387080
0.447629811782
-0.340136795465
0.827003332505
0.338201234653
-0.397890714781
0.852820557896
0.138555909995
-0.673139939478
0.726419218968
0.064779930240
-0.598374179200
0.798593702896
0.200042788320
-0.569260367994
0.797449381637
0.317034582763
-0.522527274587
0.791488673731
0.428543690063
-0.467782562347
0.773000504573
0.534454578448
-0.406935683455
0.740784484926
0.341720116158
-0.695089628217
0.632517012387
0.273166551891
-0.637375271398
0.720508708024
0.394586291746
-0.587408146530
0.706578606920
0.507042232303
-0.528760449683
0.680676546909
0.464245387080
-0.640804045520
0.611429796314
-0.550352894721
0.276650437338
0.787766606802
-0.643800699935
0.209019857813
0.736091949285
-0.726419219079
-0.138555910286
0.673139939297
-0.798593702492
-0.064779929181
0.598374179854
-0.721039835672
0.000000000080
0.692893610430
-0.643280304395
0.070979965579
0.762333453591
-0.555651461266
0.140483492737
0.819460701841
-0.457829990055
0.206329906392
0.864765673425
-0.555651461906
-0.140483492435
0.819460701459
-0.643280304097
-0.070979965514
0.762333453848
-0.555860054899
0.000000000180
0.831275886435
-0.460553742876
0.069246750355
0.884926628308
-0.460553742675
-0.069246750565
0.884926628396
0.340136794299
-0.827003333226
-0.447629811337
0.397890714393
-0.852820558136
-0.338201234505
0.310395857297
-0.950607390973
0.000000000180
0.428778121756
-0.903409830754
-0.000000000654
0.369217579803
-0.921082623943
-0.123633242436
0.320340688651
-0.916446855909
-0.239806179004
0.266545938391
-0.897371577960
-0.351678139493
0.206329906445
-0.864765673458
-0.457829989970
0.126062446440
-0.984195151247
-0.124371073242
0.249360722784
-0.960314887197
-0.124958182450
0.192821855075
-0.950446346534
-0.243867739905
0.133761813065
-0.924799129849
-0.356166178625
0.064515062416
-0.967595975215
-0.244122582876
0.827003333226
0.447629811337
0.340136794299
0.852820558136
0.338201234505
0.397890714393
0.950607390973
-0.000000000180
0.310395857297
0.903409830754
0.000000000654
0.428778121756
0.921082623943
0.123633242436
0.369217579803
0.916446855909
0.239806179004
0.320340688651
0.897371577960
0.351678139493
0.266545938391
0.864765673458
0.457829989970
0.206329906445
0.984195151247
0.124371073242
0.126062446440
0.960314887197
0.124958182450
0.249360722784
0.950446346534
0.243867739905
0.192821855075
0.924799129849
0.356166178625
0.133761813065
0.967595975215
0.244122582876
0.064515062416
0.000000000721
-0.063486356961
0.997982706503
0.000000000240
-0.188870856580
0.982001934588
0.224188172005
-0.448951767583
0.864975129074
0.104816127858
-0.493558050937
0.863373632732
0.123633242306
-0.369217579723
0.921082623992
0.124958182178
-0.249360723072
0.960314887157
0.124371073386
-0.126062445654
0.984195151330
0.123981188532
-0.000000000053
0.992284568504
0.351678138860
-0.266545938875
0.897371578064
0.239806179173
-0.320340688299
0.916446855988
0.243867739614
-0.192821854895
0.950446346645
0.244122582940
-0.064515062710
0.967595975179
0.356166178901
-0.133761812981
0.924799129755
0.550352894721
0.276650437338
-0.787766606802
0.643800699935
0.209019857813
-0.736091949285
0.726419219079
-0.138555910286
-0.673139939297
0.798593702492
-0.064779929181
-0.598374179854
0.721039835672
0.000000000080
-0.692893610430
0.643280304395
0.070979965579
-0.762333453591
0.555651461266
0.140483492737
-0.819460701841
0.457829990055
0.206329906392
-0.864765673425
0.555651461906
-0.140483492435
-0.819460701459
0.643280304097
-0.070979965514
-0.762333453848
0.555860054899
0.000000000180
-0.831275886435
0.460553742876
0.069246750355
-0.884926628308
0.460553742675
-0.069246750565
-0.884926628396
-0.787766606802
-0.550352894721
-0.276650437338
-0.736091949285
-0.643800699935
-0.209019857813
-0.673139939297
-0.726419219079
0.138555910286
-0.598374179854
-0.798593702492
0.064779929181
-0.692893610430
-0.721039835672
-0.000000000080
-0.762333453591
-0.643280304395
-0.070979965579
-0.819460701841
-0.555651461266
-0.140483492737
-0.864765673425
-0.457829990055
-0.206329906392
-0.819460701459
-0.555651461906
0.140483492435
-0.762333453848
-0.643280304097
0.070979965514
-0.831275886435
-0.555860054899
-0.000000000180
-0.884926628308
-0.460553742876
-0.069246750355
-0.884926628396
-0.460553742675
0.069246750565
0.340136795465
-0.827003332505
0.447629811782
0.397890714781
-0.852820557896
0.338201234653
0.673139939478
-0.726419218968
0.138555909995
0.598374179200
-0.798593702896
0.064779930240
0.569260367994
-0.797449381637
0.200042788320
0.522527274587
-0.791488673731
0.317034582763
0.467782562347
-0.773000504573
0.428543690063
0.406935683455
-0.740784484926
0.534454578448
0.695089628217
-0.632517012387
0.341720116158
0.637375271398
-0.720508708024
0.273166551891
0.587408146530
-0.706578606920
0.394586291746
0.528760449683
-0.680676546909
0.507042232303
0.640804045520
-0.611429796314
0.464245387080
-0.447629811782
-0.340136795465
-0.827003332505
-0.338201234653
-0.397890714781
-0.852820557896
-0.138555909995
-0.673139939478
-0.726419218968
-0.064779930240
-0.598374179200
-0.798593702896
-0.200042788320
-0.569260367994
-0.797449381637
-0.317034582763
-0.522527274587
-0.791488673731
-0.428543690063
-0.467782562347
-0.773000504573
-0.534454578448
-0.406935683455
-0.740784484926
-0.341720116158
-0.695089628217
-0.632517012387
-0.273166551891
-0.637375271398
-0.720508708024
-0.394586291746
-0.587408146530
-0.706578606920
-0.507042232303
-0.528760449683
-0.680676546909
-0.464245387080
-0.640804045520
-0.611429796314
0.447629811782
0.340136795465
-0.827003332505
0.338201234653
0.397890714781
-0.852820557896
0.138555909995
0.673139939478
-0.726419218968
0.064779930240
0.598374179200
-0.798593702896
0.200042788320
0.569260367994
-0.797449381637
0.317034582763
0.522527274587
-0.791488673731
0.428543690063
0.467782562347
-0.773000504573
0.534454578448
0.406935683455
-0.740784484926
0.341720116158
0.695089628217
-0.632517012387
0.273166551891
0.637375271398
-0.720508708024
0.394586291746
0.587408146530
-0.706578606920
0.507042232303
0.528760449683
-0.680676546909
0.464245387080
0.640804045520
-0.611429796314
-0.827003332505
-0.447629811782
-0.340136795465
-0.852820557896
-0.338201234653
-0.397890714781
-0.726419218968
-0.138555909995
-0.673139939478
-0.798593702896
-0.064779930240
-0.598374179200
-0.797449381637
-0.200042788320
-0.569260367994
-0.791488673731
-0.317034582763
-0.522527274587
-0.773000504573
-0.428543690063
-0.467782562347
-0.740784484926
-0.534454578448
-0.406935683455
-0.632517012387
-0.341720116158
-0.695089628217
-0.720508708024
-0.273166551891
-0.637375271398
-0.706578606920
-0.394586291746
-0.587408146530
-0.680676546909
-0.507042232303
-0.528760449683
-0.611429796314
-0.464245387080
-0.640804045520
-0.787766606802
0.550352894721
0.276650437338
-0.736091949285
0.643800699935
0.209019857813
-0.673139939297
0.726419219079
-0.138555910286
-0.598374179854
0.798593702492
-0.064779929181
-0.692893610430
0.721039835672
0.000000000080
-0.762333453591
0.643280304395
0.070979965579
-0.819460701841
0.555651461266
0.140483492737
-0.864765673425
0.457829990055
0.206329906392
-0.819460701459
0.555651461906
-0.140483492435
-0.762333453848
0.643280304097
-0.070979965514
-0.831275886435
0.555860054899
0.000000000180
-0.884926628308
0.460553742876
0.069246750355
-0.884926628396
0.460553742675
-0.069246750565
0.276650437338
0.787766606802
-0.550352894721
0.209019857813
0.736091949285
-0.643800699935
-0.138555910286
0.673139939297
-0.726419219079
-0.064779929181
0.598374179854
-0.798593702492
0.000000000080
0.692893610430
-0.721039835672
0.070979965579
0.762333453591
-0.643280304395
0.140483492737
0.819460701841
-0.555651461266
0.206329906392
0.864765673425
-0.457829990055
-0.140483492435
0.819460701459
-0.555651461906
-0.070979965514
0.762333453848
-0.643280304097
0.000000000180
0.831275886435
-0.555860054899
0.069246750355
0.884926628308
-0.460553742876
-0.069246750565
0.884926628396
-0.460553742675
0.276650438505
-0.787766606081
-0.550352895167
0.209019858201
-0.736091949046
-0.643800700083
0.224188171894
-0.448951767292
-0.864975129254
0.104816128262
-0.493558051996
-0.863373632077
0.200042788271
-0.569260368124
-0.797449381556
0.273166551515
-0.637375271413
-0.720508708153
0.341720116694
-0.695089628454
-0.632517011836
0.406935683402
-0.740784484893
-0.534454578534
0.428543689341
-0.467782562599
-0.773000504822
0.317034583100
-0.522527274676
-0.791488673538
0.394586291635
-0.587408146821
-0.706578606740
0.464245386973
-0.640804045368
-0.611429796554
0.507042232539
-0.528760449495
-0.680676546879
-0.997982706503
-0.000000000721
-0.063486356961
-0.982001934588
-0.000000000240
-0.188870856580
-0.864975129074
-0.224188172005
-0.448951767583
-0.863373632732
-0.104816127858
-0.493558050937
-0.921082623992
-0.123633242306
-0.369217579723
-0.960314887157
-0.124958182178
-0.249360723072
-0.984195151330
-0.124371073386
-0.126062445654
-0.992284568504
-0.123981188532
-0.000000000053
-0.897371578064
-0.351678138860
-0.266545938875
-0.916446855988
-0.239806179173
-0.320340688299
-0.950446346645
-0.243867739614
-0.192821854895
-0.967595975179
-0.244122582940
-0.064515062710
-0.924799129755
-0.356166178901
-0.133761812981
-0.276650438505
0.787766606081
-0.550352895167
-0.209019858201
0.736091949046
-0.643800700083
-0.224188171894
0.448951767292
-0.864975129254
-0.104816128262
0.493558051996
-0.863373632077
-0.200042788271
0.569260368124
-0.797449381556
-0.273166551515
0.637375271413
-0.720508708153
-0.341720116694
0.695089628454
-0.632517011836
-0.406935683402
0.740784484893
-0.534454578534
-0.428543689341
0.467782562599
-0.773000504822
-0.317034583100
0.522527274676
-0.791488673538
-0.394586291635
0.587408146821
-0.706578606740
-0.464245386973
0.640804045368
-0.611429796554
-0.507042232539
0.528760449495
-0.680676546879
0.997982706503
0.000000000721
-0.063486356961
0.982001934588
0.000000000240
-0.188870856580
0.864975129074
0.224188172005
-0.448951767583
0.863373632732
0.104816127858
-0.493558050937
0.921082623992
0.123633242306
-0.369217579723
0.960314887157
0.124958182178
-0.249360723072
0.984195151330
0.124371073386
-0.126062445654
0.992284568504
0.123981188532
-0.000000000053
0.897371578064
0.351678138860
-0.266545938875
0.916446855988
0.239806179173
-0.320340688299
0.950446346645
0.243867739614
-0.192821854895
0.967595975179
0.244122582940
-0.064515062710
0.924799129755
0.356166178901
-0.133761812981
-0.276650437338
-0.787766606802
-0.550352894721
-0.209019857813
-0.736091949285
-0.643800699935
0.138555910286
-0.673139939297
-0.726419219079
0.064779929181
-0.598374179854
-0.798593702492
-0.000000000080
-0.692893610430
-0.721039835672
-0.070979965579
-0.762333453591
-0.643280304395
-0.140483492737
-0.819460701841
-0.555651461266
-0.206329906392
-0.864765673425
-0.457829990055
0.140483492435
-0.819460701459
-0.555651461906
0.070979965514
-0.762333453848
-0.643280304097
-0.000000000180
-0.831275886435
-0.555860054899
-0.069246750355
-0.884926628308
-0.460553742876
0.069246750565
-0.884926628396
-0.460553742675
0.827003332505
0.447629811782
-0.340136795465
0.852820557896
0.338201234653
-0.397890714781
0.726419218968
0.138555909995
-0.673139939478
0.798593702896
0.064779930240
-0.598374179200
0.797449381637
0.200042788320
-0.569260367994
0.791488673731
0.317034582763
-0.522527274587
0.773000504573
0.428543690063
-0.467782562347
0.740784484926
0.534454578448
-0.406935683455
0.632517012387
0.341720116158
-0.695089628217
0.720508708024
0.273166551891
-0.637375271398
0.706578606920
0.394586291746
-0.587408146530
0.680676546909
0.507042232303
-0.528760449683
0.611429796314
0.464245387080
-0.640804045520
-0.827003333226
0.447629811337
-0.340136794299
-0.852820558136
0.338201234505
-0.397890714393
-0.950607390973
-0.000000000180
-0.310395857297
-0.903409830754
0.000000000654
-0.428778121756
-0.921082623943
0.123633242436
-0.369217579803
-0.916446855909
0.239806179004
-0.320340688651
-0.897371577960
0.351678139493
-0.266545938391
-0.864765673458
0.457829989970
-0.206329906445
-0.984195151247
0.124371073242
-0.126062446440
-0.960314887197
0.124958182450
-0.249360722784
-0.950446346534
0.243867739905
-0.192821855075
-0.924799129849
0.356166178625
-0.133761813065
-0.967595975215
0.244122582876
-0.064515062416
0.447629811337
-0.340136794299
-0.827003333226
0.338201234505
-0.397890714393
-0.852820558136
-0.000000000180
-0.310395857297
-0.950607390973
0.000000000654
-0.428778121756
-0.903409830754
0.123633242436
-0.369217579803
-0.921082623943
0.239806179004
-0.320340688651
-0.916446855909
0.351678139493
-0.266545938391
-0.897371577960
0.457829989970
-0.206329906445
-0.864765673458
0.124371073242
-0.126062446440
-0.984195151247
0.124958182450
-0.249360722784
-0.960314887196
0.243867739905
-0.192821855075
-0.950446346534
0.356166178625
-0.133761813065
-0.924799129849
0.244122582876
-0.064515062416
-0.967595975215
0.787766606081
-0.550352895167
-0.276650438505
0.736091949046
-0.643800700083
-0.209019858201
0.448951767292
-0.864975129254
-0.224188171894
0.493558051996
-0.863373632077
-0.104816128262
0.569260368124
-0.797449381556
-0.200042788271
0.637375271413
-0.720508708153
-0.273166551515
0.695089628454
-0.632517011836
-0.341720116694
0.740784484893
-0.534454578534
-0.406935683402
0.467782562599
-0.773000504822
-0.428543689341
0.522527274676
-0.791488673538
-0.317034583100
0.587408146821
-0.706578606740
-0.394586291635
0.640804045368
-0.611429796554
-0.464245386973
0.528760449495
-0.680676546879
-0.507042232539
-0.787766606081
-0.550352895167
0.276650438505
-0.736091949046
-0.643800700083
0.209019858201
-0.448951767292
-0.864975129254
0.224188171894
-0.493558051996
-0.863373632077
0.104816128262
-0.569260368124
-0.797449381556
0.200042788271
-0.637375271413
-0.720508708153
0.273166551515
-0.695089628454
-0.632517011836
0.341720116694
-0.740784484893
-0.534454578534
0.406935683402
-0.467782562599
-0.773000504822
0.428543689341
-0.522527274676
-0.791488673538
0.317034583100
-0.587408146821
-0.706578606740
0.394586291635
-0.640804045368
-0.611429796554
0.464245386973
-0.528760449495
-0.680676546879
0.507042232539
-0.340136794299
-0.827003333226
0.447629811337
-0.397890714393
-0.852820558136
0.338201234505
-0.310395857297
-0.950607390973
-0.000000000180
-0.428778121756
-0.903409830754
0.000000000654
-0.369217579803
-0.921082623943
0.123633242436
-0.320340688651
-0.916446855909
0.239806179004
-0.266545938391
-0.897371577960
0.351678139493
-0.206329906445
-0.864765673458
0.457829989970
-0.126062446440
-0.984195151247
0.124371073242
-0.249360722784
-0.960314887197
0.124958182450
-0.192821855075
-0.950446346534
0.243867739905
-0.133761813065
-0.924799129849
0.356166178625
-0.064515062416
-0.967595975215
0.244122582876
0.340136794299
0.827003333226
0.447629811337
0.397890714393
0.852820558136
0.338201234505
0.310395857297
0.950607390973
-0.000000000180
0.428778121756
0.903409830754
0.000000000654
0.369217579803
0.921082623943
0.123633242436
0.320340688651
0.916446855909
0.239806179004
0.266545938391
0.897371577960
0.351678139493
0.206329906445
0.864765673458
0.457829989970
0.126062446440
0.984195151247
0.124371073242
0.249360722784
0.960314887197
0.124958182450
0.192821855075
0.950446346534
0.243867739905
0.133761813065
0.924799129849
0.356166178625
0.064515062416
0.967595975215
0.244122582876
-0.000000000721
-0.063486356961
-0.997982706503
-0.000000000240
-0.188870856580
-0.982001934588
-0.224188172005
-0.448951767583
-0.864975129074
-0.104816127858
-0.493558050937
-0.863373632732
-0.123633242306
-0.369217579723
-0.921082623992
-0.124958182178
-0.249360723072
-0.960314887157
-0.124371073386
-0.126062445654
-0.984195151330
-0.123981188532
-0.000000000053
-0.992284568504
-0.351678138860
-0.266545938875
-0.897371578064
-0.239806179173
-0.320340688299
-0.916446855988
-0.243867739614
-0.192821854895
-0.950446346645
-0.244122582940
-0.064515062710
-0.967595975179
-0.356166178901
-0.133761812981
-0.924799129755
0.787766606802
-0.550352894721
0.276650437338
0.736091949285
-0.643800699935
0.209019857813
0.673139939297
-0.726419219079
-0.138555910286
0.598374179854
-0.798593702492
-0.064779929181
0.692893610430
-0.721039835672
0.000000000080
0.762333453591
-0.643280304395
0.070979965579
0.819460701841
-0.555651461266
0.140483492737
0.864765673425
-0.457829990055
0.206329906392
0.819460701459
-0.555651461906
-0.140483492435
0.762333453848
-0.643280304097
-0.070979965514
0.831275886435
-0.555860054899
0.000000000180
0.884926628308
-0.460553742876
0.069246750355
0.884926628396
-0.460553742675
-0.069246750565
