0.507344213314
0.848072166089
0.152890321216
0.560282323044
0.825229331385
0.071276006524
0.409397908952
0.834424222820
0.368957407457
0.475695117842
0.825656910427
0.303322965047
0.536910931114
0.811217432842
0.231631018441
0.593277047854
0.790750465356
0.150784767232
0.776651578490
0.564955418464
0.278635426279
0.355321683455
0.784650260117
0.508006368626
0.428940631449
0.785330700688
0.446391784477
0.498493393417
0.779279571027
0.379773204557
0.563216482755
0.766793994699
0.307919085552
0.620704144705
0.750216333661
0.227819703831
0.670593450777
0.728754999582
0.138638286052
0.695368520916
0.685555043165
0.215585024784
0.714693278540
0.635197978467
0.292808889485
0.725771170110
0.580087925773
0.369802929964
0.444406975992
0.729322596919
0.520183611154
0.515445638914
0.726883010007
0.453824727276
0.582740796264
0.716947798617
0.382621246701
0.643746333662
0.702322207857
0.303865388367
0.658995028120
0.649360580370
0.379547611737
0.665970048402
0.591515744571
0.454525047227
0.526719606016
0.666856586933
0.527132572606
0.594805253670
0.661596488673
0.456614494275
0.600191688165
0.599137269426
0.529909869546
0.525731112119
0.850650808352
0.000000000000
0.000000000000
0.525731112119
-0.850650808352
-0.525731112119
0.850650808352
0.000000000000
0.000000000000
0.525731112119
0.850650808352
0.850650808352
-0.000000000000
0.525731112119
-0.850650808352
-0.000000000000
0.525731112119
-0.000000000000
-0.525731112119
0.850650808352
-0.850650808352
-0.000000000000
-0.525731112119
-0.525731112119
-0.850650808352
0.000000000000
0.850650808352
-0.000000000000
-0.525731112119
0.525731112119
-0.850650808352
0.000000000000
0.000000000000
-0.525731112119
-0.850650808352
0.132087473260
0.452881650302
-0.881731881145
0.032532226702
0.458849790617
-0.887918083990
0.351645123727
0.364073761723
-0.862436086318
0.262687891431
0.369311113980
-0.891405840673
0.169617937667
0.374558577902
-0.911556705280
0.069704247362
0.381005491007
-0.921941502332
0.011675831220
0.077742285000
-0.996905116893
0.475795208759
0.270991772105
-0.836769011600
0.389348756784
0.279600046127
-0.877628258317
0.298806910603
0.286520883901
-0.910285786588
0.204455907273
0.292346365436
-0.934200933738
0.105787536260
0.301219782281
-0.947668528513
0.002061683705
0.313031263765
-0.949740584247
0.038575847243
0.231952477791
-0.971961908747
0.075827698567
0.146629145795
-0.986280920293
0.115548297152
0.060123899609
-0.991480563461
0.424006970453
0.192613261712
-0.884939670498
0.334048300392
0.201866882280
-0.920685339757
0.239725746711
0.208635520449
-0.948157574442
0.140988594114
0.217329350332
-0.965862396936
0.178226408822
0.131929276230
-0.975105129343
0.217521880888
0.045487703483
-0.974994923149
0.369169424692
0.113166715807
-0.922446329228
0.276450817331
0.123130623890
-0.953107441508
0.313753844083
0.034287866631
-0.948885065498
-0.507344213314
0.848072166089
-0.152890321216
-0.560282323044
0.825229331385
-0.071276006524
-0.409397908952
0.834424222820
-0.368957407457
-0.475695117842
0.825656910427
-0.303322965047
-0.536910931114
0.811217432842
-0.231631018441
-0.593277047854
0.790750465356
-0.150784767232
-0.776651578490
0.564955418464
-0.278635426279
-0.355321683455
0.784650260117
-0.508006368626
-0.428940631449
0.785330700688
-0.446391784477
-0.498493393417
0.779279571027
-0.379773204557
-0.563216482755
0.766793994699
-0.307919085552
-0.620704144705
0.750216333661
-0.227819703831
-0.670593450777
0.728754999582
-0.138638286052
-0.695368520916
0.685555043165
-0.215585024784
-0.714693278540
0.635197978467
-0.292808889485
-0.725771170110
0.580087925773
-0.369802929964
-0.444406975992
0.729322596919
-0.520183611154
-0.515445638914
0.726883010007
-0.453824727276
-0.582740796264
0.716947798617
-0.382621246701
-0.643746333662
0.702322207857
-0.303865388367
-0.658995028120
0.649360580370
-0.379547611737
-0.665970048402
0.591515744571
-0.454525047227
-0.526719606016
0.666856586933
-0.527132572606
-0.594805253670
0.661596488673
-0.456614494275
-0.600191688165
0.599137269426
-0.529909869546
-0.132087473260
0.452881650302
0.881731881145
-0.032532226702
0.458849790617
0.887918083990
-0.351645123727
0.364073761723
0.862436086318
-0.262687891431
0.369311113980
0.891405840673
-0.169617937667
0.374558577902
0.911556705280
-0.069704247362
0.381005491007
0.921941502332
-0.011675831220
0.077742285000
0.996905116893
-0.475795208759
0.270991772105
0.836769011600
-0.389348756784
0.279600046127
0.877628258317
-0.298806910603
0.286520883901
0.910285786588
-0.204455907273
0.292346365436
0.934200933738
-0.105787536260
0.301219782281
0.947668528513
-0.002061683705
0.313031263765
0.949740584247
-0.038575847243
0.231952477791
0.971961908747
-0.075827698567
0.146629145795
0.986280920293
-0.115548297152
0.060123899609
0.991480563461
-0.424006970453
0.192613261712
0.884939670498
-0.334048300392
0.201866882280
0.920685339757
-0.239725746711
0.208635520449
0.948157574442
-0.140988594114
0.217329350332
0.965862396936
-0.178226408822
0.131929276230
0.975105129343
-0.217521880888
0.045487703483
0.974994923149
-0.369169424692
0.113166715807
0.922446329228
-0.276450817331
0.123130623890
0.953107441508
-0.313753844083
0.034287866631
0.948885065498
0.639431686574
0.766437618126
0.060831700007
0.592814549745
0.805123309554
-0.018637757991
0.761043032679
0.617095584378
0.200016354711
0.738383009274
0.663306865089
0.121714971722
0.706528868781
0.706387782262
0.042816569806
0.662981295216
0.747670871326
-0.038000925841
0.788327409709
0.557739357923
-0.259743534519
0.831116892214
0.490592649420
0.261846450829
0.818289388233
0.544699935518
0.183587737477
0.797300304020
0.594606744201
0.103706532871
0.767672390028
0.640433294803
0.022897521617
0.726491680965
0.684836040667
-0.056651874577
0.672655134482
0.727480808978
-0.135302411744
0.733944368158
0.661713858424
-0.153167992801
0.790520977106
0.588333883464
-0.170117095916
0.841319467261
0.508675150791
-0.182841857831
0.868413946445
0.467271877712
0.165874078505
0.849493939306
0.520429806481
0.086676776642
0.822466542975
0.568789139172
0.005263159455
0.784734927777
0.615186464668
-0.075741051063
0.837221436941
0.539210602025
-0.091171224571
0.883491929290
0.457079828885
-0.102567250654
0.895889030708
0.438697334866
0.070196104153
0.871256071000
0.490740487345
-0.009307675617
0.913945532248
0.405226729682
-0.022245485718
-0.392049950296
0.919327939342
-0.033659715056
-0.477487548608
0.876399316078
-0.062688752605
-0.164057407012
0.986052991836
-0.028011863499
-0.247596142259
0.966629830137
-0.065748930246
-0.331742008095
0.938018800703
-0.100339272439
-0.419006416848
0.898455638558
-0.131191036976
-0.337485819519
0.836374784203
-0.431949698430
-0.009145321275
0.998599018046
-0.052118751483
-0.096012308650
0.991091719995
-0.092297557629
-0.182814351030
0.974379948758
-0.131006215562
-0.269448843820
0.948352380355
-0.167406939039
-0.357871656858
0.912655744498
-0.197452194852
-0.448333675508
0.866119095030
-0.220985584665
-0.385120470592
0.877298883208
-0.286406865583
-0.316746241711
0.881142772949
-0.351082941826
-0.242965757440
0.878478080755
-0.411392637688
-0.026739183207
0.987455488866
-0.155617073579
-0.115190105637
0.974254533757
-0.193802329750
-0.203372360994
0.951410385873
-0.231209775824
-0.293070401395
0.919051853035
-0.263540189079
-0.223100500801
0.918758213763
-0.325744548974
-0.148054954137
0.911604876113
-0.383479178579
-0.042970611654
0.965829907472
-0.255589742295
-0.132438299507
0.947354981620
-0.291510952835
-0.056533352349
0.935136599228
-0.349747796072
-0.115294263019
0.605771971519
0.787240466082
-0.082794774436
0.530125797141
0.843867089376
-0.245340501940
0.733031169180
0.634407868109
-0.228098975584
0.672634079028
0.703941938705
-0.205168923019
0.606189596343
0.768400863035
-0.174270631006
0.531790258239
0.828751391197
-0.439165758970
0.356377711280
0.824698952983
-0.346176362180
0.778998140731
0.522803809287
-0.332928322799
0.725991830604
0.601742963212
-0.315679042387
0.666294088459
0.675573038155
-0.293767638935
0.600265450989
0.743896473082
-0.262832487847
0.529039486112
0.806868208239
-0.222259775269
0.451669549816
0.864057411325
-0.310248050324
0.447537502576
0.838723035965
-0.397947036829
0.439438035280
0.805315074383
-0.482805412670
0.429926829573
0.762929783604
-0.417667792785
0.712796872866
0.563448518414
-0.400255533276
0.655691609556
0.640206233365
-0.379368435270
0.591256767150
0.711684639162
-0.350675932267
0.521194738698
0.778063258920
-0.435894527318
0.511476887967
0.740531804941
-0.517915094264
0.500012750711
0.694082995224
-0.483748994362
0.640299288414
0.596660482780
-0.462366954163
0.579745118166
0.670904164290
-0.543658335816
0.564197736177
0.621382755145
0.787240466082
-0.115294263019
0.605771971519
0.843867089376
-0.082794774436
0.530125797141
0.634407868109
-0.245340501940
0.733031169180
0.703941938705
-0.228098975584
0.672634079028
0.768400863035
-0.205168923019
0.606189596343
0.828751391197
-0.174270631006
0.531790258239
0.824698952983
-0.439165758970
0.356377711280
0.522803809287
-0.346176362180
0.778998140731
0.601742963212
-0.332928322799
0.725991830604
0.675573038155
-0.315679042387
0.666294088459
0.743896473082
-0.293767638935
0.600265450989
0.806868208239
-0.262832487847
0.529039486112
0.864057411325
-0.222259775269
0.451669549816
0.838723035965
-0.310248050324
0.447537502576
0.805315074383
-0.397947036829
0.439438035280
0.762929783604
-0.482805412670
0.429926829573
0.563448518414
-0.417667792785
0.712796872866
0.640206233365
-0.400255533276
0.655691609556
0.711684639162
-0.379368435270
0.591256767150
0.778063258920
-0.350675932267
0.521194738698
0.740531804941
-0.435894527318
0.511476887967
0.694082995224
-0.517915094264
0.500012750711
0.596660482780
-0.483748994362
0.640299288414
0.670904164290
-0.462366954163
0.579745118166
0.621382755145
-0.543658335816
0.564197736177
-0.919327939342
-0.033659715056
0.392049950296
-0.876399316078
-0.062688752605
0.477487548608
-0.986052991836
-0.028011863499
0.164057407012
-0.966629830137
-0.065748930246
0.247596142259
-0.938018800703
-0.100339272439
0.331742008095
-0.898455638558
-0.131191036976
0.419006416848
-0.836374784203
-0.431949698430
0.337485819519
-0.998599018046
-0.052118751483
0.009145321275
-0.991091719995
-0.092297557629
0.096012308650
-0.974379948758
-0.131006215562
0.182814351030
-0.948352380355
-0.167406939039
0.269448843820
-0.912655744498
-0.197452194852
0.357871656858
-0.866119095030
-0.220985584665
0.448333675508
-0.877298883208
-0.286406865583
0.385120470592
-0.881142772949
-0.351082941826
0.316746241711
-0.878478080755
-0.411392637688
0.242965757440
-0.987455488866
-0.155617073579
0.026739183207
-0.974254533757
-0.193802329750
0.115190105637
-0.951410385873
-0.231209775824
0.203372360994
-0.919051853035
-0.263540189079
0.293070401395
-0.918758213763
-0.325744548974
0.223100500801
-0.911604876113
-0.383479178579
0.148054954137
-0.965829907472
-0.255589742295
0.042970611654
-0.947354981620
-0.291510952835
0.132438299507
-0.935136599228
-0.349747796072
0.056533352349
0.605771971519
0.787240466082
-0.115294263019
0.530125797141
0.843867089376
-0.082794774436
0.733031169180
0.634407868109
-0.245340501940
0.672634079028
0.703941938705
-0.228098975584
0.606189596343
0.768400863035
-0.205168923019
0.531790258239
0.828751391197
-0.174270631006
0.356377711280
0.824698952983
-0.439165758970
0.778998140731
0.522803809287
-0.346176362180
0.725991830604
0.601742963212
-0.332928322799
0.666294088459
0.675573038155
-0.315679042387
0.600265450989
0.743896473082
-0.293767638935
0.529039486112
0.806868208239
-0.262832487847
0.451669549816
0.864057411325
-0.222259775269
0.447537502576
0.838723035965
-0.310248050324
0.439438035280
0.805315074383
-0.397947036829
0.429926829573
0.762929783604
-0.482805412670
0.712796872866
0.563448518414
-0.417667792785
0.655691609556
0.640206233365
-0.400255533276
0.591256767150
0.711684639162
-0.379368435270
0.521194738698
0.778063258920
-0.350675932267
0.511476887967
0.740531804941
-0.435894527318
0.500012750711
0.694082995224
-0.517915094264
0.640299288414
0.596660482780
-0.483748994362
0.579745118166
0.670904164290
-0.462366954163
0.564197736177
0.621382755145
-0.543658335816
0.060831700007
0.639431686574
0.766437618126
-0.018637757991
0.592814549745
0.805123309554
0.200016354711
0.761043032679
0.617095584378
0.121714971722
0.738383009274
0.663306865089
0.042816569806
0.706528868781
0.706387782262
-0.038000925841
0.662981295216
0.747670871326
-0.259743534519
0.788327409709
0.557739357923
0.261846450829
0.831116892214
0.490592649420
0.183587737477
0.818289388233
0.544699935518
0.103706532871
0.797300304020
0.594606744201
0.022897521617
0.767672390028
0.640433294803
-0.056651874577
0.726491680965
0.684836040667
-0.135302411744
0.672655134482
0.727480808978
-0.153167992801
0.733944368158
0.661713858424
-0.170117095916
0.790520977106
0.588333883464
-0.182841857831
0.841319467261
0.508675150791
0.165874078505
0.868413946445
0.467271877712
0.086676776642
0.849493939306
0.520429806481
0.005263159455
0.822466542975
0.568789139172
-0.075741051063
0.784734927777
0.615186464668
-0.091171224571
0.837221436941
0.539210602025
-0.102567250654
0.883491929290
0.457079828885
0.070196104153
0.895889030708
0.438697334866
-0.009307675617
0.871256071000
0.490740487345
-0.022245485718
0.913945532248
0.405226729682
-0.152890321216
-0.507344213314
0.848072166089
-0.071276006524
-0.560282323044
0.825229331385
-0.368957407457
-0.409397908952
0.834424222820
-0.303322965047
-0.475695117842
0.825656910427
-0.231631018441
-0.536910931114
0.811217432842
-0.150784767232
-0.593277047854
0.790750465356
-0.278635426279
-0.776651578490
0.564955418464
-0.508006368626
-0.355321683455
0.784650260117
-0.446391784477
-0.428940631449
0.785330700688
-0.379773204557
-0.498493393417
0.779279571027
-0.307919085552
-0.563216482755
0.766793994699
-0.227819703831
-0.620704144705
0.750216333661
-0.138638286052
-0.670593450777
0.728754999582
-0.215585024784
-0.695368520916
0.685555043165
-0.292808889485
-0.714693278540
0.635197978467
-0.369802929964
-0.725771170110
0.580087925773
-0.520183611154
-0.444406975992
0.729322596919
-0.453824727276
-0.515445638914
0.726883010007
-0.382621246701
-0.582740796264
0.716947798617
-0.303865388367
-0.643746333662
0.702322207857
-0.379547611737
-0.658995028120
0.649360580370
-0.454525047227
-0.665970048402
0.591515744571
-0.527132572606
-0.526719606016
0.666856586933
-0.456614494275
-0.594805253670
0.661596488673
-0.529909869546
-0.600191688165
0.599137269426
0.881731881145
-0.132087473260
0.452881650302
0.887918083990
-0.032532226702
0.458849790617
0.862436086318
-0.351645123727
0.364073761723
0.891405840673
-0.262687891431
0.369311113980
0.911556705280
-0.169617937667
0.374558577902
0.921941502332
-0.069704247362
0.381005491007
0.996905116893
-0.011675831220
0.077742285000
0.836769011600
-0.475795208759
0.270991772105
0.877628258317
-0.389348756784
0.279600046127
0.910285786588
-0.298806910603
0.286520883901
0.934200933738
-0.204455907273
0.292346365436
0.947668528513
-0.105787536260
0.301219782281
0.949740584247
-0.002061683705
0.313031263765
0.971961908747
-0.038575847243
0.231952477791
0.986280920293
-0.075827698567
0.146629145795
0.991480563461
-0.115548297152
0.060123899609
0.884939670498
-0.424006970453
0.192613261712
0.920685339757
-0.334048300392
0.201866882280
0.948157574442
-0.239725746711
0.208635520449
0.965862396936
-0.140988594114
0.217329350332
0.975105129343
-0.178226408822
0.131929276230
0.974994923149
-0.217521880888
0.045487703483
0.922446329228
-0.369169424692
0.113166715807
0.953107441508
-0.276450817331
0.123130623890
0.948885065498
-0.313753844083
0.034287866631
0.152890321216
0.507344213314
0.848072166089
0.071276006524
0.560282323044
0.825229331385
0.368957407457
0.409397908952
0.834424222820
0.303322965047
0.475695117842
0.825656910427
0.231631018441
0.536910931114
0.811217432842
0.150784767232
0.593277047854
0.790750465356
0.278635426279
0.776651578490
0.564955418464
0.508006368626
0.355321683455
0.784650260117
0.446391784477
0.428940631449
0.785330700688
0.379773204557
0.498493393417
0.779279571027
0.307919085552
0.563216482755
0.766793994699
0.227819703831
0.620704144705
0.750216333661
0.138638286052
0.670593450777
0.728754999582
0.215585024784
0.695368520916
0.685555043165
0.292808889485
0.714693278540
0.635197978467
0.369802929964
0.725771170110
0.580087925773
0.520183611154
0.444406975992
0.729322596919
0.453824727276
0.515445638914
0.726883010007
0.382621246701
0.582740796264
0.716947798617
0.303865388367
0.643746333662
0.702322207857
0.379547611737
0.658995028120
0.649360580370
0.454525047227
0.665970048402
0.591515744571
0.527132572606
0.526719606016
0.666856586933
0.456614494275
0.594805253670
0.661596488673
0.529909869546
0.600191688165
0.599137269426
-0.033659715056
-0.392049950296
0.919327939342
-0.062688752605
-0.477487548608
0.876399316078
-0.028011863499
-0.164057407012
0.986052991836
-0.065748930246
-0.247596142259
0.966629830137
-0.100339272439
-0.331742008095
0.938018800703
-0.131191036976
-0.419006416848
0.898455638558
-0.431949698430
-0.337485819519
0.836374784203
-0.052118751483
-0.009145321275
0.998599018046
-0.092297557629
-0.096012308650
0.991091719995
-0.131006215562
-0.182814351030
0.974379948758
-0.167406939039
-0.269448843820
0.948352380355
-0.197452194852
-0.357871656858
0.912655744498
-0.220985584665
-0.448333675508
0.866119095030
-0.286406865583
-0.385120470592
0.877298883208
-0.351082941826
-0.316746241711
0.881142772949
-0.411392637688
-0.242965757440
0.878478080755
-0.155617073579
-0.026739183207
0.987455488866
-0.193802329750
-0.115190105637
0.974254533757
-0.231209775824
-0.203372360994
0.951410385873
-0.263540189079
-0.293070401395
0.919051853035
-0.325744548974
-0.223100500801
0.918758213763
-0.383479178579
-0.148054954137
0.911604876113
-0.255589742295
-0.042970611654
0.965829907472
-0.291510952835
-0.132438299507
0.947354981620
-0.349747796072
-0.056533352349
0.935136599228
0.033659715056
0.392049950296
0.919327939342
0.062688752605
0.477487548608
0.876399316078
0.028011863499
0.164057407012
0.986052991836
0.065748930246
0.247596142259
0.966629830137
0.100339272439
0.331742008095
0.938018800703
0.131191036976
0.419006416848
0.898455638558
0.431949698430
0.337485819519
0.836374784203
0.052118751483
0.009145321275
0.998599018046
0.092297557629
0.096012308650
0.991091719995
0.131006215562
0.182814351030
0.974379948758
0.167406939039
0.269448843820
0.948352380355
0.197452194852
0.357871656858
0.912655744498
0.220985584665
0.448333675508
0.866119095030
0.286406865583
0.385120470592
0.877298883208
0.351082941826
0.316746241711
0.881142772949
0.411392637688
0.242965757440
0.878478080755
0.155617073579
0.026739183207
0.987455488866
0.193802329750
0.115190105637
0.974254533757
0.231209775824
0.203372360994
0.951410385873
0.263540189079
0.293070401395
0.919051853035
0.325744548974
0.223100500801
0.918758213763
0.383479178579
0.148054954137
0.911604876113
0.255589742295
0.042970611654
0.965829907472
0.291510952835
0.132438299507
0.947354981620
0.349747796072
0.056533352349
0.935136599228
-0.452881650302
0.881731881145
0.132087473260
-0.458849790617
0.887918083990
0.032532226702
-0.364073761723
0.862436086318
0.351645123727
-0.369311113980
0.891405840673
0.262687891431
-0.374558577902
0.911556705280
0.169617937667
-0.381005491007
0.921941502332
0.069704247362
-0.077742285000
0.996905116893
0.011675831220
-0.270991772105
0.836769011600
0.475795208759
-0.279600046127
0.877628258317
0.389348756784
-0.286520883901
0.910285786588
0.298806910603
-0.292346365436
0.934200933738
0.204455907273
-0.301219782281
0.947668528513
0.105787536260
-0.313031263765
0.949740584247
0.002061683705
-0.231952477791
0.971961908747
0.038575847243
-0.146629145795
0.986280920293
0.075827698567
-0.060123899609
0.991480563461
0.115548297152
-0.192613261712
0.884939670498
0.424006970453
-0.201866882280
0.920685339757
0.334048300392
-0.208635520449
0.948157574442
0.239725746711
-0.217329350332
0.965862396936
0.140988594114
-0.131929276230
0.975105129343
0.178226408822
-0.045487703483
0.974994923149
0.217521880888
-0.113166715807
0.922446329228
0.369169424692
-0.123130623890
0.953107441508
0.276450817331
-0.034287866631
0.948885065498
0.313753844083
-0.766437618126
0.060831700007
-0.639431686574
-0.805123309554
-0.018637757991
-0.592814549745
-0.617095584378
0.200016354711
-0.761043032679
-0.663306865089
0.121714971722
-0.738383009274
-0.706387782262
0.042816569806
-0.706528868781
-0.747670871326
-0.038000925841
-0.662981295216
-0.557739357923
-0.259743534519
-0.788327409709
-0.490592649420
0.261846450829
-0.831116892214
-0.544699935518
0.183587737477
-0.818289388233
-0.594606744201
0.103706532871
-0.797300304020
-0.640433294803
0.022897521617
-0.767672390028
-0.684836040667
-0.056651874577
-0.726491680965
-0.727480808978
-0.135302411744
-0.672655134482
-0.661713858424
-0.153167992801
-0.733944368158
-0.588333883464
-0.170117095916
-0.790520977106
-0.508675150791
-0.182841857831
-0.841319467261
-0.467271877712
0.165874078505
-0.868413946445
-0.520429806481
0.086676776642
-0.849493939306
-0.568789139172
0.005263159455
-0.822466542975
-0.615186464668
-0.075741051063
-0.784734927777
-0.539210602025
-0.091171224571
-0.837221436941
-0.457079828885
-0.102567250654
-0.883491929290
-0.438697334866
0.070196104153
-0.895889030708
-0.490740487345
-0.009307675617
-0.871256071000
-0.405226729682
-0.022245485718
-0.913945532248
-0.848072166089
-0.152890321216
0.507344213314
-0.825229331385
-0.071276006524
0.560282323044
-0.834424222820
-0.368957407457
0.409397908952
-0.825656910427
-0.303322965047
0.475695117842
-0.811217432842
-0.231631018441
0.536910931114
-0.790750465356
-0.150784767232
0.593277047854
-0.564955418464
-0.278635426279
0.776651578490
-0.784650260117
-0.508006368626
0.355321683455
-0.785330700688
-0.446391784477
0.428940631449
-0.779279571027
-0.379773204557
0.498493393417
-0.766793994699
-0.307919085552
0.563216482755
-0.750216333661
-0.227819703831
0.620704144705
-0.728754999582
-0.138638286052
0.670593450777
-0.685555043165
-0.215585024784
0.695368520916
-0.635197978467
-0.292808889485
0.714693278540
-0.580087925773
-0.369802929964
0.725771170110
-0.729322596919
-0.520183611154
0.444406975992
-0.726883010007
-0.453824727276
0.515445638914
-0.716947798617
-0.382621246701
0.582740796264
-0.702322207857
-0.303865388367
0.643746333662
-0.649360580370
-0.379547611737
0.658995028120
-0.591515744571
-0.454525047227
0.665970048402
-0.666856586933
-0.527132572606
0.526719606016
-0.661596488673
-0.456614494275
0.594805253670
-0.599137269426
-0.529909869546
0.600191688165
-0.605771971519
0.787240466082
0.115294263019
-0.530125797141
0.843867089376
0.082794774436
-0.733031169180
0.634407868109
0.245340501940
-0.672634079028
0.703941938705
0.228098975584
-0.606189596343
0.768400863035
0.205168923019
-0.531790258239
0.828751391197
0.174270631006
-0.356377711280
0.824698952983
0.439165758970
-0.778998140731
0.522803809287
0.346176362180
-0.725991830604
0.601742963212
0.332928322799
-0.666294088459
0.675573038155
0.315679042387
-0.600265450989
0.743896473082
0.293767638935
-0.529039486112
0.806868208239
0.262832487847
-0.451669549816
0.864057411325
0.222259775269
-0.447537502576
0.838723035965
0.310248050324
-0.439438035280
0.805315074383
0.397947036829
-0.429926829573
0.762929783604
0.482805412670
-0.712796872866
0.563448518414
0.417667792785
-0.655691609556
0.640206233365
0.400255533276
-0.591256767150
0.711684639162
0.379368435270
-0.521194738698
0.778063258920
0.350675932267
-0.511476887967
0.740531804941
0.435894527318
-0.500012750711
0.694082995224
0.517915094264
-0.640299288414
0.596660482780
0.483748994362
-0.579745118166
0.670904164290
0.462366954163
-0.564197736177
0.621382755145
0.543658335816
-0.848072166089
0.152890321216
-0.507344213314
-0.825229331385
0.071276006524
-0.560282323044
-0.834424222820
0.368957407457
-0.409397908952
-0.825656910427
0.303322965047
-0.475695117842
-0.811217432842
0.231631018441
-0.536910931114
-0.790750465356
0.150784767232
-0.593277047854
-0.564955418464
0.278635426279
-0.776651578490
-0.784650260117
0.508006368626
-0.355321683455
-0.785330700688
0.446391784477
-0.428940631449
-0.779279571027
0.379773204557
-0.498493393417
-0.766793994699
0.307919085552
-0.563216482755
-0.750216333661
0.227819703831
-0.620704144705
-0.728754999582
0.138638286052
-0.670593450777
-0.685555043165
0.215585024784
-0.695368520916
-0.635197978467
0.292808889485
-0.714693278540
-0.580087925773
0.369802929964
-0.725771170110
-0.729322596919
0.520183611154
-0.444406975992
-0.726883010007
0.453824727276
-0.515445638914
-0.716947798617
0.382621246701
-0.582740796264
-0.702322207857
0.303865388367
-0.643746333662
-0.649360580370
0.379547611737
-0.658995028120
-0.591515744571
0.454525047227
-0.665970048402
-0.666856586933
0.527132572606
-0.526719606016
-0.661596488673
0.456614494275
-0.594805253670
-0.599137269426
0.529909869546
-0.600191688165
-0.452881650302
-0.881731881145
-0.132087473260
-0.458849790617
-0.887918083990
-0.032532226702
-0.364073761723
-0.862436086318
-0.351645123727
-0.369311113980
-0.891405840673
-0.262687891431
-0.374558577902
-0.911556705280
-0.169617937667
-0.381005491007
-0.921941502332
-0.069704247362
-0.077742285000
-0.996905116893
-0.011675831220
-0.270991772105
-0.836769011600
-0.475795208759
-0.279600046127
-0.877628258317
-0.389348756784
-0.286520883901
-0.910285786588
-0.298806910603
-0.292346365436
-0.934200933738
-0.204455907273
-0.301219782281
-0.947668528513
-0.105787536260
-0.313031263765
-0.949740584247
-0.002061683705
-0.231952477791
-0.971961908747
-0.038575847243
-0.146629145795
-0.986280920293
-0.075827698567
-0.060123899609
-0.991480563461
-0.115548297152
-0.192613261712
-0.884939670498
-0.424006970453
-0.201866882280
-0.920685339757
-0.334048300392
-0.208635520449
-0.948157574442
-0.239725746711
-0.217329350332
-0.965862396936
-0.140988594114
-0.131929276230
-0.975105129343
-0.178226408822
-0.045487703483
-0.974994923149
-0.217521880888
-0.113166715807
-0.922446329228
-0.369169424692
-0.123130623890
-0.953107441508
-0.276450817331
-0.034287866631
-0.948885065498
-0.313753844083
0.766437618126
0.060831700007
0.639431686574
0.805123309554
-0.018637757991
0.592814549745
0.617095584378
0.200016354711
0.761043032679
0.663306865089
0.121714971722
0.738383009274
0.706387782262
0.042816569806
0.706528868781
0.747670871326
-0.038000925841
0.662981295216
0.557739357923
-0.259743534519
0.788327409709
0.490592649420
0.261846450829
0.831116892214
0.544699935518
0.183587737477
0.818289388233
0.594606744201
0.103706532871
0.797300304020
0.640433294803
0.022897521617
0.767672390028
0.684836040667
-0.056651874577
0.726491680965
0.727480808978
-0.135302411744
0.672655134482
0.661713858424
-0.153167992801
0.733944368158
0.588333883464
-0.170117095916
0.790520977106
0.508675150791
-0.182841857831
0.841319467261
0.467271877712
0.165874078505
0.868413946445
0.520429806481
0.086676776642
0.849493939306
0.568789139172
0.005263159455
0.822466542975
0.615186464668
-0.075741051063
0.784734927777
0.539210602025
-0.091171224571
0.837221436941
0.457079828885
-0.102567250654
0.883491929290
0.438697334866
0.070196104153
0.895889030708
0.490740487345
-0.009307675617
0.871256071000
0.405226729682
-0.022245485718
0.913945532248
0.848072166089
-0.152890321216
-0.507344213314
0.825229331385
-0.071276006524
-0.560282323044
0.834424222820
-0.368957407457
-0.409397908952
0.825656910427
-0.303322965047
-0.475695117842
0.811217432842
-0.231631018441
-0.536910931114
0.790750465356
-0.150784767232
-0.593277047854
0.564955418464
-0.278635426279
-0.776651578490
0.784650260117
-0.508006368626
-0.355321683455
0.785330700688
-0.446391784477
-0.428940631449
0.779279571027
-0.379773204557
-0.498493393417
0.766793994699
-0.307919085552
-0.563216482755
0.750216333661
-0.227819703831
-0.620704144705
0.728754999582
-0.138638286052
-0.670593450777
0.685555043165
-0.215585024784
-0.695368520916
0.635197978467
-0.292808889485
-0.714693278540
0.580087925773
-0.369802929964
-0.725771170110
0.729322596919
-0.520183611154
-0.444406975992
0.726883010007
-0.453824727276
-0.515445638914
0.716947798617
-0.382621246701
-0.582740796264
0.702322207857
-0.303865388367
-0.643746333662
0.649360580370
-0.379547611737
-0.658995028120
0.591515744571
-0.454525047227
-0.665970048402
0.666856586933
-0.527132572606
-0.526719606016
0.661596488673
-0.456614494275
-0.594805253670
0.599137269426
-0.529909869546
-0.600191688165
0.452881650302
0.881731881145
-0.132087473260
0.458849790617
0.887918083990
-0.032532226702
0.364073761723
0.862436086318
-0.351645123727
0.369311113980
0.891405840673
-0.262687891431
0.374558577902
0.911556705280
-0.169617937667
0.381005491007
0.921941502332
-0.069704247362
0.077742285000
0.996905116893
-0.011675831220
0.270991772105
0.836769011600
-0.475795208759
0.279600046127
0.877628258317
-0.389348756784
0.286520883901
0.910285786588
-0.298806910603
0.292346365436
0.934200933738
-0.204455907273
0.301219782281
0.947668528513
-0.105787536260
0.313031263765
0.949740584247
-0.002061683705
0.231952477791
0.971961908747
-0.038575847243
0.146629145795
0.986280920293
-0.075827698567
0.060123899609
0.991480563461
-0.115548297152
0.192613261712
0.884939670498
-0.424006970453
0.201866882280
0.920685339757
-0.334048300392
0.208635520449
0.948157574442
-0.239725746711
0.217329350332
0.965862396936
-0.140988594114
0.131929276230
0.975105129343
-0.178226408822
0.045487703483
0.974994923149
-0.217521880888
0.113166715807
0.922446329228
-0.369169424692
0.123130623890
0.953107441508
-0.276450817331
0.034287866631
0.948885065498
-0.313753844083
0.848072166089
0.152890321216
0.507344213314
0.825229331385
0.071276006524
0.560282323044
0.834424222820
0.368957407457
0.409397908952
0.825656910427
0.303322965047
0.475695117842
0.811217432842
0.231631018441
0.536910931114
0.790750465356
0.150784767232
0.593277047854
0.564955418464
0.278635426279
0.776651578490
0.784650260117
0.508006368626
0.355321683455
0.785330700688
0.446391784477
0.428940631449
0.779279571027
0.379773204557
0.498493393417
0.766793994699
0.307919085552
0.563216482755
0.750216333661
0.227819703831
0.620704144705
0.728754999582
0.138638286052
0.670593450777
0.685555043165
0.215585024784
0.695368520916
0.635197978467
0.292808889485
0.714693278540
0.580087925773
0.369802929964
0.725771170110
0.729322596919
0.520183611154
0.444406975992
0.726883010007
0.453824727276
0.515445638914
0.716947798617
0.382621246701
0.582740796264
0.702322207857
0.303865388367
0.643746333662
0.649360580370
0.379547611737
0.658995028120
0.591515744571
0.454525047227
0.665970048402
0.666856586933
0.527132572606
0.526719606016
0.661596488673
0.456614494275
0.594805253670
0.599137269426
0.529909869546
0.600191688165
0.919327939342
-0.033659715056
-0.392049950296
0.876399316078
-0.062688752605
-0.477487548608
0.986052991836
-0.028011863499
-0.164057407012
0.966629830137
-0.065748930246
-0.247596142259
0.938018800703
-0.100339272439
-0.331742008095
0.898455638558
-0.131191036976
-0.419006416848
0.836374784203
-0.431949698430
-0.337485819519
0.998599018046
-0.052118751483
-0.009145321275
0.991091719995
-0.092297557629
-0.096012308650
0.974379948758
-0.131006215562
-0.182814351030
0.948352380355
-0.167406939039
-0.269448843820
0.912655744498
-0.197452194852
-0.357871656858
0.866119095030
-0.220985584665
-0.448333675508
0.877298883208
-0.286406865583
-0.385120470592
0.881142772949
-0.351082941826
-0.316746241711
0.878478080755
-0.411392637688
-0.242965757440
0.987455488866
-0.155617073579
-0.026739183207
0.974254533757
-0.193802329750
-0.115190105637
0.951410385873
-0.231209775824
-0.203372360994
0.919051853035
-0.263540189079
-0.293070401395
0.918758213763
-0.325744548974
-0.223100500801
0.911604876113
-0.383479178579
-0.148054954137
0.965829907472
-0.255589742295
-0.042970611654
0.947354981620
-0.291510952835
-0.132438299507
0.935136599228
-0.349747796072
-0.056533352349
-0.033659715056
0.392049950296
-0.919327939342
-0.062688752605
0.477487548608
-0.876399316078
-0.028011863499
0.164057407012
-0.986052991836
-0.065748930246
0.247596142259
-0.966629830137
-0.100339272439
0.331742008095
-0.938018800703
-0.131191036976
0.419006416848
-0.898455638558
-0.431949698430
0.337485819519
-0.836374784203
-0.052118751483
0.009145321275
-0.998599018046
-0.092297557629
0.096012308650
-0.991091719995
-0.131006215562
0.182814351030
-0.974379948758
-0.167406939039
0.269448843820
-0.948352380355
-0.197452194852
0.357871656858
-0.912655744498
-0.220985584665
0.448333675508
-0.866119095030
-0.286406865583
0.385120470592
-0.877298883208
-0.351082941826
0.316746241711
-0.881142772949
-0.411392637688
0.242965757440
-0.878478080755
-0.155617073579
0.026739183207
-0.987455488866
-0.193802329750
0.115190105637
-0.974254533757
-0.231209775824
0.203372360994
-0.951410385873
-0.263540189079
0.293070401395
-0.919051853035
-0.325744548974
0.223100500801
-0.918758213763
-0.383479178579
0.148054954137
-0.911604876113
-0.255589742295
0.042970611654
-0.965829907472
-0.291510952835
0.132438299507
-0.947354981620
-0.349747796072
0.056533352349
-0.935136599228
0.452881650302
-0.881731881145
0.132087473260
0.458849790617
-0.887918083990
0.032532226702
0.364073761723
-0.862436086318
0.351645123727
0.369311113980
-0.891405840673
0.262687891431
0.374558577902
-0.911556705280
0.169617937667
0.381005491007
-0.921941502332
0.069704247362
0.077742285000
-0.996905116893
0.011675831220
0.270991772105
-0.836769011600
0.475795208759
0.279600046127
-0.877628258317
0.389348756784
0.286520883901
-0.910285786588
0.298806910603
0.292346365436
-0.934200933738
0.204455907273
0.301219782281
-0.947668528513
0.105787536260
0.313031263765
-0.949740584247
0.002061683705
0.231952477791
-0.971961908747
0.038575847243
0.146629145795
-0.986280920293
0.075827698567
0.060123899609
-0.991480563461
0.115548297152
0.192613261712
-0.884939670498
0.424006970453
0.201866882280
-0.920685339757
0.334048300392
0.208635520449
-0.948157574442
0.239725746711
0.217329350332
-0.965862396936
0.140988594114
0.131929276230
-0.975105129343
0.178226408822
0.045487703483
-0.974994923149
0.217521880888
0.113166715807
-0.922446329228
0.369169424692
0.123130623890
-0.953107441508
0.276450817331
0.034287866631
-0.948885065498
0.313753844083
-0.881731881145
0.132087473260
0.452881650302
-0.887918083990
0.032532226702
0.458849790617
-0.862436086318
0.351645123727
0.364073761723
-0.891405840673
0.262687891431
0.369311113980
-0.911556705280
0.169617937667
0.374558577902
-0.921941502332
0.069704247362
0.381005491007
-0.996905116893
0.011675831220
0.077742285000
-0.836769011600
0.475795208759
0.270991772105
-0.877628258317
0.389348756784
0.279600046127
-0.910285786588
0.298806910603
0.286520883901
-0.934200933738
0.204455907273
0.292346365436
-0.947668528513
0.105787536260
0.301219782281
-0.949740584247
0.002061683705
0.313031263765
-0.971961908747
0.038575847243
0.231952477791
-0.986280920293
0.075827698567
0.146629145795
-0.991480563461
0.115548297152
0.060123899609
-0.884939670498
0.424006970453
0.192613261712
-0.920685339757
0.334048300392
0.201866882280
-0.948157574442
0.239725746711
0.208635520449
-0.965862396936
0.140988594114
0.217329350332
-0.975105129343
0.178226408822
0.131929276230
-0.974994923149
0.217521880888
0.045487703483
-0.922446329228
0.369169424692
0.113166715807
-0.953107441508
0.276450817331
0.123130623890
-0.948885065498
0.313753844083
0.034287866631
-0.060831700007
-0.639431686574
0.766437618126
0.018637757991
-0.592814549745
0.805123309554
-0.200016354711
-0.761043032679
0.617095584378
-0.121714971722
-0.738383009274
0.663306865089
-0.042816569806
-0.706528868781
0.706387782262
0.038000925841
-0.662981295216
0.747670871326
0.259743534519
-0.788327409709
0.557739357923
-0.261846450829
-0.831116892214
0.490592649420
-0.183587737477
-0.818289388233
0.544699935518
-0.103706532871
-0.797300304020
0.594606744201
-0.022897521617
-0.767672390028
0.640433294803
0.056651874577
-0.726491680965
0.684836040667
0.135302411744
-0.672655134482
0.727480808978
0.153167992801
-0.733944368158
0.661713858424
0.170117095916
-0.790520977106
0.588333883464
0.182841857831
-0.841319467261
0.508675150791
-0.165874078505
-0.868413946445
0.467271877712
-0.086676776642
-0.849493939306
0.520429806481
-0.005263159455
-0.822466542975
0.568789139172
0.075741051063
-0.784734927777
0.615186464668
0.091171224571
-0.837221436941
0.539210602025
0.102567250654
-0.883491929290
0.457079828885
-0.070196104153
-0.895889030708
0.438697334866
0.009307675617
-0.871256071000
0.490740487345
0.022245485718
-0.913945532248
0.405226729682
-0.787240466082
0.115294263019
0.605771971519
-0.843867089376
0.082794774436
0.530125797141
-0.634407868109
0.245340501940
0.733031169180
-0.703941938705
0.228098975584
0.672634079028
-0.768400863035
0.205168923019
0.606189596343
-0.828751391197
0.174270631006
0.531790258239
-0.824698952983
0.439165758970
0.356377711280
-0.522803809287
0.346176362180
0.778998140731
-0.601742963212
0.332928322799
0.725991830604
-0.675573038155
0.315679042387
0.666294088459
-0.743896473082
0.293767638935
0.600265450989
-0.806868208239
0.262832487847
0.529039486112
-0.864057411325
0.222259775269
0.451669549816
-0.838723035965
0.310248050324
0.447537502576
-0.805315074383
0.397947036829
0.439438035280
-0.762929783604
0.482805412670
0.429926829573
-0.563448518414
0.417667792785
0.712796872866
-0.640206233365
0.400255533276
0.655691609556
-0.711684639162
0.379368435270
0.591256767150
-0.778063258920
0.350675932267
0.521194738698
-0.740531804941
0.435894527318
0.511476887967
-0.694082995224
0.517915094264
0.500012750711
-0.596660482780
0.483748994362
0.640299288414
-0.670904164290
0.462366954163
0.579745118166
-0.621382755145
0.543658335816
0.564197736177
-0.605771971519
-0.787240466082
-0.115294263019
-0.530125797141
-0.843867089376
-0.082794774436
-0.733031169180
-0.634407868109
-0.245340501940
-0.672634079028
-0.703941938705
-0.228098975584
-0.606189596343
-0.768400863035
-0.205168923019
-0.531790258239
-0.828751391197
-0.174270631006
-0.356377711280
-0.824698952983
-0.439165758970
-0.778998140731
-0.522803809287
-0.346176362180
-0.725991830604
-0.601742963212
-0.332928322799
-0.666294088459
-0.675573038155
-0.315679042387
-0.600265450989
-0.743896473082
-0.293767638935
-0.529039486112
-0.806868208239
-0.262832487847
-0.451669549816
-0.864057411325
-0.222259775269
-0.447537502576
-0.838723035965
-0.310248050324
-0.439438035280
-0.805315074383
-0.397947036829
-0.429926829573
-0.762929783604
-0.482805412670
-0.712796872866
-0.563448518414
-0.417667792785
-0.655691609556
-0.640206233365
-0.400255533276
-0.591256767150
-0.711684639162
-0.379368435270
-0.521194738698
-0.778063258920
-0.350675932267
-0.511476887967
-0.740531804941
-0.435894527318
-0.500012750711
-0.694082995224
-0.517915094264
-0.640299288414
-0.596660482780
-0.483748994362
-0.579745118166
-0.670904164290
-0.462366954163
-0.564197736177
-0.621382755145
-0.543658335816
0.115294263019
-0.605771971519
0.787240466082
0.082794774436
-0.530125797141
0.843867089376
0.245340501940
-0.733031169180
0.634407868109
0.228098975584
-0.672634079028
0.703941938705
0.205168923019
-0.606189596343
0.768400863035
0.174270631006
-0.531790258239
0.828751391197
0.439165758970
-0.356377711280
0.824698952983
0.346176362180
-0.778998140731
0.522803809287
0.332928322799
-0.725991830604
0.601742963212
0.315679042387
-0.666294088459
0.675573038155
0.293767638935
-0.600265450989
0.743896473082
0.262832487847
-0.529039486112
0.806868208239
0.222259775269
-0.451669549816
0.864057411325
0.310248050324
-0.447537502576
0.838723035965
0.397947036829
-0.439438035280
0.805315074383
0.482805412670
-0.429926829573
0.762929783604
0.417667792785
-0.712796872866
0.563448518414
0.400255533276
-0.655691609556
0.640206233365
0.379368435270
-0.591256767150
0.711684639162
0.350675932267
-0.521194738698
0.778063258920
0.435894527318
-0.511476887967
0.740531804941
0.517915094264
-0.500012750711
0.694082995224
0.483748994362
-0.640299288414
0.596660482780
0.462366954163
-0.579745118166
0.670904164290
0.543658335816
-0.564197736177
0.621382755145
-0.766437618126
-0.060831700007
0.639431686574
-0.805123309554
0.018637757991
0.592814549745
-0.617095584378
-0.200016354711
0.761043032679
-0.663306865089
-0.121714971722
0.738383009274
-0.706387782262
-0.042816569806
0.706528868781
-0.747670871326
0.038000925841
0.662981295216
-0.557739357923
0.259743534519
0.788327409709
-0.490592649420
-0.261846450829
0.831116892214
-0.544699935518
-0.183587737477
0.818289388233
-0.594606744201
-0.103706532871
0.797300304020
-0.640433294803
-0.022897521617
0.767672390028
-0.684836040667
0.056651874577
0.726491680965
-0.727480808978
0.135302411744
0.672655134482
-0.661713858424
0.153167992801
0.733944368158
-0.588333883464
0.170117095916
0.790520977106
-0.508675150791
0.182841857831
0.841319467261
-0.467271877712
-0.165874078505
0.868413946445
-0.520429806481
-0.086676776642
0.849493939306
-0.568789139172
-0.005263159455
0.822466542975
-0.615186464668
0.075741051063
0.784734927777
-0.539210602025
0.091171224571
0.837221436941
-0.457079828885
0.102567250654
0.883491929290
-0.438697334866
-0.070196104153
0.895889030708
-0.490740487345
0.009307675617
0.871256071000
-0.405226729682
0.022245485718
0.913945532248
0.392049950296
-0.919327939342
-0.033659715056
0.477487548608
-0.876399316078
-0.062688752605
0.164057407012
-0.986052991836
-0.028011863499
0.247596142259
-0.966629830137
-0.065748930246
0.331742008095
-0.938018800703
-0.100339272439
0.419006416848
-0.898455638558
-0.131191036976
0.337485819519
-0.836374784203
-0.431949698430
0.009145321275
-0.998599018046
-0.052118751483
0.096012308650
-0.991091719995
-0.092297557629
0.182814351030
-0.974379948758
-0.131006215562
0.269448843820
-0.948352380355
-0.167406939039
0.357871656858
-0.912655744498
-0.197452194852
0.448333675508
-0.866119095030
-0.220985584665
0.385120470592
-0.877298883208
-0.286406865583
0.316746241711
-0.881142772949
-0.351082941826
0.242965757440
-0.878478080755
-0.411392637688
0.026739183207
-0.987455488866
-0.155617073579
0.115190105637
-0.974254533757
-0.193802329750
0.203372360994
-0.951410385873
-0.231209775824
0.293070401395
-0.919051853035
-0.263540189079
0.223100500801
-0.918758213763
-0.325744548974
0.148054954137
-0.911604876113
-0.383479178579
0.042970611654
-0.965829907472
-0.255589742295
0.132438299507
-0.947354981620
-0.291510952835
0.056533352349
-0.935136599228
-0.349747796072
0.919327939342
0.033659715056
0.392049950296
0.876399316078
0.062688752605
0.477487548608
0.986052991836
0.028011863499
0.164057407012
0.966629830137
0.065748930246
0.247596142259
0.938018800703
0.100339272439
0.331742008095
0.898455638558
0.131191036976
0.419006416848
0.836374784203
0.431949698430
0.337485819519
0.998599018046
0.052118751483
0.009145321275
0.991091719995
0.092297557629
0.096012308650
0.974379948758
0.131006215562
0.182814351030
0.948352380355
0.167406939039
0.269448843820
0.912655744498
0.197452194852
0.357871656858
0.866119095030
0.220985584665
0.448333675508
0.877298883208
0.286406865583
0.385120470592
0.881142772949
0.351082941826
0.316746241711
0.878478080755
0.411392637688
0.242965757440
0.987455488866
0.155617073579
0.026739183207
0.974254533757
0.193802329750
0.115190105637
0.951410385873
0.231209775824
0.203372360994
0.919051853035
0.263540189079
0.293070401395
0.918758213763
0.325744548974
0.223100500801
0.911604876113
0.383479178579
0.148054954137
0.965829907472
0.255589742295
0.042970611654
0.947354981620
0.291510952835
0.132438299507
0.935136599228
0.349747796072
0.056533352349
0.132087473260
-0.452881650302
0.881731881145
0.032532226702
-0.458849790617
0.887918083990
0.351645123727
-0.364073761723
0.862436086318
0.262687891431
-0.369311113980
0.891405840673
0.169617937667
-0.374558577902
0.911556705280
0.069704247362
-0.381005491007
0.921941502332
0.011675831220
-0.077742285000
0.996905116893
0.475795208759
-0.270991772105
0.836769011600
0.389348756784
-0.279600046127
0.877628258317
0.298806910603
-0.286520883901
0.910285786588
0.204455907273
-0.292346365436
0.934200933738
0.105787536260
-0.301219782281
0.947668528513
0.002061683705
-0.313031263765
0.949740584247
0.038575847243
-0.231952477791
0.971961908747
0.075827698567
-0.146629145795
0.986280920293
0.115548297152
-0.060123899609
0.991480563461
0.424006970453
-0.192613261712
0.884939670498
0.334048300392
-0.201866882280
0.920685339757
0.239725746711
-0.208635520449
0.948157574442
0.140988594114
-0.217329350332
0.965862396936
0.178226408822
-0.131929276230
0.975105129343
0.217521880888
-0.045487703483
0.974994923149
0.369169424692
-0.113166715807
0.922446329228
0.276450817331
-0.123130623890
0.953107441508
0.313753844083
-0.034287866631
0.948885065498
0.766437618126
-0.060831700007
-0.639431686574
0.805123309554
0.018637757991
-0.592814549745
0.617095584378
-0.200016354711
-0.761043032679
0.663306865089
-0.121714971722
-0.738383009274
0.706387782262
-0.042816569806
-0.706528868781
0.747670871326
0.038000925841
-0.662981295216
0.557739357923
0.259743534519
-0.788327409709
0.490592649420
-0.261846450829
-0.831116892214
0.544699935518
-0.183587737477
-0.818289388233
0.594606744201
-0.103706532871
-0.797300304020
0.640433294803
-0.022897521617
-0.767672390028
0.684836040667
0.056651874577
-0.726491680965
0.727480808978
0.135302411744
-0.672655134482
0.661713858424
0.153167992801
-0.733944368158
0.588333883464
0.170117095916
-0.790520977106
0.508675150791
0.182841857831
-0.841319467261
0.467271877712
-0.165874078505
-0.868413946445
0.520429806481
-0.086676776642
-0.849493939306
0.568789139172
-0.005263159455
-0.822466542975
0.615186464668
0.075741051063
-0.784734927777
0.539210602025
0.091171224571
-0.837221436941
0.457079828885
0.102567250654
-0.883491929290
0.438697334866
-0.070196104153
-0.895889030708
0.490740487345
0.009307675617
-0.871256071000
0.405226729682
0.022245485718
-0.913945532248
-0.639431686574
-0.766437618126
0.060831700007
-0.592814549745
-0.805123309554
-0.018637757991
-0.761043032679
-0.617095584378
0.200016354711
-0.738383009274
-0.663306865089
0.121714971722
-0.706528868781
-0.706387782262
0.042816569806
-0.662981295216
-0.747670871326
-0.038000925841
-0.788327409709
-0.557739357923
-0.259743534519
-0.831116892214
-0.490592649420
0.261846450829
-0.818289388233
-0.544699935518
0.183587737477
-0.797300304020
-0.594606744201
0.103706532871
-0.767672390028
-0.640433294803
0.022897521617
-0.726491680965
-0.684836040667
-0.056651874577
-0.672655134482
-0.727480808978
-0.135302411744
-0.733944368158
-0.661713858424
-0.153167992801
-0.790520977106
-0.588333883464
-0.170117095916
-0.841319467261
-0.508675150791
-0.182841857831
-0.868413946445
-0.467271877712
0.165874078505
-0.849493939306
-0.520429806481
0.086676776642
-0.822466542975
-0.568789139172
0.005263159455
-0.784734927777
-0.615186464668
-0.075741051063
-0.837221436941
-0.539210602025
-0.091171224571
-0.883491929290
-0.457079828885
-0.102567250654
-0.895889030708
-0.438697334866
0.070196104153
-0.871256071000
-0.490740487345
-0.009307675617
-0.913945532248
-0.405226729682
-0.022245485718
0.605771971519
-0.787240466082
0.115294263019
0.530125797141
-0.843867089376
0.082794774436
0.733031169180
-0.634407868109
0.245340501940
0.672634079028
-0.703941938705
0.228098975584
0.606189596343
-0.768400863035
0.205168923019
0.531790258239
-0.828751391197
0.174270631006
0.356377711280
-0.824698952983
0.439165758970
0.778998140731
-0.522803809287
0.346176362180
0.725991830604
-0.601742963212
0.332928322799
0.666294088459
-0.675573038155
0.315679042387
0.600265450989
-0.743896473082
0.293767638935
0.529039486112
-0.806868208239
0.262832487847
0.451669549816
-0.864057411325
0.222259775269
0.447537502576
-0.838723035965
0.310248050324
0.439438035280
-0.805315074383
0.397947036829
0.429926829573
-0.762929783604
0.482805412670
0.712796872866
-0.563448518414
0.417667792785
0.655691609556
-0.640206233365
0.400255533276
0.591256767150
-0.711684639162
0.379368435270
0.521194738698
-0.778063258920
0.350675932267
0.511476887967
-0.740531804941
0.435894527318
0.500012750711
-0.694082995224
0.517915094264
0.640299288414
-0.596660482780
0.483748994362
0.579745118166
-0.670904164290
0.462366954163
0.564197736177
-0.621382755145
0.543658335816
-0.115294263019
-0.605771971519
-0.787240466082
-0.082794774436
-0.530125797141
-0.843867089376
-0.245340501940
-0.733031169180
-0.634407868109
-0.228098975584
-0.672634079028
-0.703941938705
-0.205168923019
-0.606189596343
-0.768400863035
-0.174270631006
-0.531790258239
-0.828751391197
-0.439165758970
-0.356377711280
-0.824698952983
-0.346176362180
-0.778998140731
-0.522803809287
-0.332928322799
-0.725991830604
-0.601742963212
-0.315679042387
-0.666294088459
-0.675573038155
-0.293767638935
-0.600265450989
-0.743896473082
-0.262832487847
-0.529039486112
-0.806868208239
-0.222259775269
-0.451669549816
-0.864057411325
-0.310248050324
-0.447537502576
-0.838723035965
-0.397947036829
-0.439438035280
-0.805315074383
-0.482805412670
-0.429926829573
-0.762929783604
-0.417667792785
-0.712796872866
-0.563448518414
-0.400255533276
-0.655691609556
-0.640206233365
-0.379368435270
-0.591256767150
-0.711684639162
-0.350675932267
-0.521194738698
-0.778063258920
-0.435894527318
-0.511476887967
-0.740531804941
-0.517915094264
-0.500012750711
-0.694082995224
-0.483748994362
-0.640299288414
-0.596660482780
-0.462366954163
-0.579745118166
-0.670904164290
-0.543658335816
-0.564197736177
-0.621382755145
0.115294263019
0.605771971519
-0.787240466082
0.082794774436
0.530125797141
-0.843867089376
0.245340501940
0.733031169180
-0.634407868109
0.228098975584
0.672634079028
-0.703941938705
0.205168923019
0.606189596343
-0.768400863035
0.174270631006
0.531790258239
-0.828751391197
0.439165758970
0.356377711280
-0.824698952983
0.346176362180
0.778998140731
-0.522803809287
0.332928322799
0.725991830604
-0.601742963212
0.315679042387
0.666294088459
-0.675573038155
0.293767638935
0.600265450989
-0.743896473082
0.262832487847
0.529039486112
-0.806868208239
0.222259775269
0.451669549816
-0.864057411325
0.310248050324
0.447537502576
-0.838723035965
0.397947036829
0.439438035280
-0.805315074383
0.482805412670
0.429926829573
-0.762929783604
0.417667792785
0.712796872866
-0.563448518414
0.400255533276
0.655691609556
-0.640206233365
0.379368435270
0.591256767150
-0.711684639162
0.350675932267
0.521194738698
-0.778063258920
0.435894527318
0.511476887967
-0.740531804941
0.517915094264
0.500012750711
-0.694082995224
0.483748994362
0.640299288414
-0.596660482780
0.462366954163
0.579745118166
-0.670904164290
0.543658335816
0.564197736177
-0.621382755145
-0.787240466082
-0.115294263019
-0.605771971519
-0.843867089376
-0.082794774436
-0.530125797141
-0.634407868109
-0.245340501940
-0.733031169180
-0.703941938705
-0.228098975584
-0.672634079028
-0.768400863035
-0.205168923019
-0.606189596343
-0.828751391197
-0.174270631006
-0.531790258239
-0.824698952983
-0.439165758970
-0.356377711280
-0.522803809287
-0.346176362180
-0.778998140731
-0.601742963212
-0.332928322799
-0.725991830604
-0.675573038155
-0.315679042387
-0.666294088459
-0.743896473082
-0.293767638935
-0.600265450989
-0.806868208239
-0.262832487847
-0.529039486112
-0.864057411325
-0.222259775269
-0.451669549816
-0.838723035965
-0.310248050324
-0.447537502576
-0.805315074383
-0.397947036829
-0.439438035280
-0.762929783604
-0.482805412670
-0.429926829573
-0.563448518414
-0.417667792785
-0.712796872866
-0.640206233365
-0.400255533276
-0.655691609556
-0.711684639162
-0.379368435270
-0.591256767150
-0.778063258920
-0.350675932267
-0.521194738698
-0.740531804941
-0.435894527318
-0.511476887967
-0.694082995224
-0.517915094264
-0.500012750711
-0.596660482780
-0.483748994362
-0.640299288414
-0.670904164290
-0.462366954163
-0.579745118166
-0.621382755145
-0.543658335816
-0.564197736177
-0.639431686574
0.766437618126
-0.060831700007
-0.592814549745
0.805123309554
0.018637757991
-0.761043032679
0.617095584378
-0.200016354711
-0.738383009274
0.663306865089
-0.121714971722
-0.706528868781
0.706387782262
-0.042816569806
-0.662981295216
0.747670871326
0.038000925841
-0.788327409709
0.557739357923
0.259743534519
-0.831116892214
0.490592649420
-0.261846450829
-0.818289388233
0.544699935518
-0.183587737477
-0.797300304020
0.594606744201
-0.103706532871
-0.767672390028
0.640433294803
-0.022897521617
-0.726491680965
0.684836040667
0.056651874577
-0.672655134482
0.727480808978
0.135302411744
-0.733944368158
0.661713858424
0.153167992801
-0.790520977106
0.588333883464
0.170117095916
-0.841319467261
0.508675150791
0.182841857831
-0.868413946445
0.467271877712
-0.165874078505
-0.849493939306
0.520429806481
-0.086676776642
-0.822466542975
0.568789139172
-0.005263159455
-0.784734927777
0.615186464668
0.075741051063
-0.837221436941
0.539210602025
0.091171224571
-0.883491929290
0.457079828885
0.102567250654
-0.895889030708
0.438697334866
-0.070196104153
-0.871256071000
0.490740487345
0.009307675617
-0.913945532248
0.405226729682
0.022245485718
-0.060831700007
0.639431686574
-0.766437618126
0.018637757991
0.592814549745
-0.805123309554
-0.200016354711
0.761043032679
-0.617095584378
-0.121714971722
0.738383009274
-0.663306865089
-0.042816569806
0.706528868781
-0.706387782262
0.038000925841
0.662981295216
-0.747670871326
0.259743534519
0.788327409709
-0.557739357923
-0.261846450829
0.831116892214
-0.490592649420
-0.183587737477
0.818289388233
-0.544699935518
-0.103706532871
0.797300304020
-0.594606744201
-0.022897521617
0.767672390028
-0.640433294803
0.056651874577
0.726491680965
-0.684836040667
0.135302411744
0.672655134482
-0.727480808978
0.153167992801
0.733944368158
-0.661713858424
0.170117095916
0.790520977106
-0.588333883464
0.182841857831
0.841319467261
-0.508675150791
-0.165874078505
0.868413946445
-0.467271877712
-0.086676776642
0.849493939306
-0.520429806481
-0.005263159455
0.822466542975
-0.568789139172
0.075741051063
0.784734927777
-0.615186464668
0.091171224571
0.837221436941
-0.539210602025
0.102567250654
0.883491929290
-0.457079828885
-0.070196104153
0.895889030708
-0.438697334866
0.009307675617
0.871256071000
-0.490740487345
0.022245485718
0.913945532248
-0.405226729682
0.152890321216
-0.507344213314
-0.848072166089
0.071276006524
-0.560282323044
-0.825229331385
0.368957407457
-0.409397908952
-0.834424222820
0.303322965047
-0.475695117842
-0.825656910427
0.231631018441
-0.536910931114
-0.811217432842
0.150784767232
-0.593277047854
-0.790750465356
0.278635426279
-0.776651578490
-0.564955418464
0.508006368626
-0.355321683455
-0.784650260117
0.446391784477
-0.428940631449
-0.785330700688
0.379773204557
-0.498493393417
-0.779279571027
0.307919085552
-0.563216482755
-0.766793994699
0.227819703831
-0.620704144705
-0.750216333661
0.138638286052
-0.670593450777
-0.728754999582
0.215585024784
-0.695368520916
-0.685555043165
0.292808889485
-0.714693278540
-0.635197978467
0.369802929964
-0.725771170110
-0.580087925773
0.520183611154
-0.444406975992
-0.729322596919
0.453824727276
-0.515445638914
-0.726883010007
0.382621246701
-0.582740796264
-0.716947798617
0.303865388367
-0.643746333662
-0.702322207857
0.379547611737
-0.658995028120
-0.649360580370
0.454525047227
-0.665970048402
-0.591515744571
0.527132572606
-0.526719606016
-0.666856586933
0.456614494275
-0.594805253670
-0.661596488673
0.529909869546
-0.600191688165
-0.599137269426
-0.881731881145
-0.132087473260
-0.452881650302
-0.887918083990
-0.032532226702
-0.458849790617
-0.862436086318
-0.351645123727
-0.364073761723
-0.891405840673
-0.262687891431
-0.369311113980
-0.911556705280
-0.169617937667
-0.374558577902
-0.921941502332
-0.069704247362
-0.381005491007
-0.996905116893
-0.011675831220
-0.077742285000
-0.836769011600
-0.475795208759
-0.270991772105
-0.877628258317
-0.389348756784
-0.279600046127
-0.910285786588
-0.298806910603
-0.286520883901
-0.934200933738
-0.204455907273
-0.292346365436
-0.947668528513
-0.105787536260
-0.301219782281
-0.949740584247
-0.002061683705
-0.313031263765
-0.971961908747
-0.038575847243
-0.231952477791
-0.986280920293
-0.075827698567
-0.146629145795
-0.991480563461
-0.115548297152
-0.060123899609
-0.884939670498
-0.424006970453
-0.192613261712
-0.920685339757
-0.334048300392
-0.201866882280
-0.948157574442
-0.239725746711
-0.208635520449
-0.965862396936
-0.140988594114
-0.217329350332
-0.975105129343
-0.178226408822
-0.131929276230
-0.974994923149
-0.217521880888
-0.045487703483
-0.922446329228
-0.369169424692
-0.113166715807
-0.953107441508
-0.276450817331
-0.123130623890
-0.948885065498
-0.313753844083
-0.034287866631
-0.152890321216
0.507344213314
-0.848072166089
-0.071276006524
0.560282323044
-0.825229331385
-0.368957407457
0.409397908952
-0.834424222820
-0.303322965047
0.475695117842
-0.825656910427
-0.231631018441
0.536910931114
-0.811217432842
-0.150784767232
0.593277047854
-0.790750465356
-0.278635426279
0.776651578490
-0.564955418464
-0.508006368626
0.355321683455
-0.784650260117
-0.446391784477
0.428940631449
-0.785330700688
-0.379773204557
0.498493393417
-0.779279571027
-0.307919085552
0.563216482755
-0.766793994699
-0.227819703831
0.620704144705
-0.750216333661
-0.138638286052
0.670593450777
-0.728754999582
-0.215585024784
0.695368520916
-0.685555043165
-0.292808889485
0.714693278540
-0.635197978467
-0.369802929964
0.725771170110
-0.580087925773
-0.520183611154
0.444406975992
-0.729322596919
-0.453824727276
0.515445638914
-0.726883010007
-0.382621246701
0.582740796264
-0.716947798617
-0.303865388367
0.643746333662
-0.702322207857
-0.379547611737
0.658995028120
-0.649360580370
-0.454525047227
0.665970048402
-0.591515744571
-0.527132572606
0.526719606016
-0.666856586933
-0.456614494275
0.594805253670
-0.661596488673
-0.529909869546
0.600191688165
-0.599137269426
0.881731881145
0.132087473260
-0.452881650302
0.887918083990
0.032532226702
-0.458849790617
0.862436086318
0.351645123727
-0.364073761723
0.891405840673
0.262687891431
-0.369311113980
0.911556705280
0.169617937667
-0.374558577902
0.921941502332
0.069704247362
-0.381005491007
0.996905116893
0.011675831220
-0.077742285000
0.836769011600
0.475795208759
-0.270991772105
0.877628258317
0.389348756784
-0.279600046127
0.910285786588
0.298806910603
-0.286520883901
0.934200933738
0.204455907273
-0.292346365436
0.947668528513
0.105787536260
-0.301219782281
0.949740584247
0.002061683705
-0.313031263765
0.971961908747
0.038575847243
-0.231952477791
0.986280920293
0.075827698567
-0.146629145795
0.991480563461
0.115548297152
-0.060123899609
0.884939670498
0.424006970453
-0.192613261712
0.920685339757
0.334048300392
-0.201866882280
0.948157574442
0.239725746711
-0.208635520449
0.965862396936
0.140988594114
-0.217329350332
0.975105129343
0.178226408822
-0.131929276230
0.974994923149
0.217521880888
-0.045487703483
0.922446329228
0.369169424692
-0.113166715807
0.953107441508
0.276450817331
-0.123130623890
0.948885065498
0.313753844083
-0.034287866631
0.060831700007
-0.639431686574
-0.766437618126
-0.018637757991
-0.592814549745
-0.805123309554
0.200016354711
-0.761043032679
-0.617095584378
0.121714971722
-0.738383009274
-0.663306865089
0.042816569806
-0.706528868781
-0.706387782262
-0.038000925841
-0.662981295216
-0.747670871326
-0.259743534519
-0.788327409709
-0.557739357923
0.261846450829
-0.831116892214
-0.490592649420
0.183587737477
-0.818289388233
-0.544699935518
0.103706532871
-0.797300304020
-0.594606744201
0.022897521617
-0.767672390028
-0.640433294803
-0.056651874577
-0.726491680965
-0.684836040667
-0.135302411744
-0.672655134482
-0.727480808978
-0.153167992801
-0.733944368158
-0.661713858424
-0.170117095916
-0.790520977106
-0.588333883464
-0.182841857831
-0.841319467261
-0.508675150791
0.165874078505
-0.868413946445
-0.467271877712
0.086676776642
-0.849493939306
-0.520429806481
0.005263159455
-0.822466542975
-0.568789139172
-0.075741051063
-0.784734927777
-0.615186464668
-0.091171224571
-0.837221436941
-0.539210602025
-0.102567250654
-0.883491929290
-0.457079828885
0.070196104153
-0.895889030708
-0.438697334866
-0.009307675617
-0.871256071000
-0.490740487345
-0.022245485718
-0.913945532248
-0.405226729682
0.787240466082
0.115294263019
-0.605771971519
0.843867089376
0.082794774436
-0.530125797141
0.634407868109
0.245340501940
-0.733031169180
0.703941938705
0.228098975584
-0.672634079028
0.768400863035
0.205168923019
-0.606189596343
0.828751391197
0.174270631006
-0.531790258239
0.824698952983
0.439165758970
-0.356377711280
0.522803809287
0.346176362180
-0.778998140731
0.601742963212
0.332928322799
-0.725991830604
0.675573038155
0.315679042387
-0.666294088459
0.743896473082
0.293767638935
-0.600265450989
0.806868208239
0.262832487847
-0.529039486112
0.864057411325
0.222259775269
-0.451669549816
0.838723035965
0.310248050324
-0.447537502576
0.805315074383
0.397947036829
-0.439438035280
0.762929783604
0.482805412670
-0.429926829573
0.563448518414
0.417667792785
-0.712796872866
0.640206233365
0.400255533276
-0.655691609556
0.711684639162
0.379368435270
-0.591256767150
0.778063258920
0.350675932267
-0.521194738698
0.740531804941
0.435894527318
-0.511476887967
0.694082995224
0.517915094264
-0.500012750711
0.596660482780
0.483748994362
-0.640299288414
0.670904164290
0.462366954163
-0.579745118166
0.621382755145
0.543658335816
-0.564197736177
-0.919327939342
0.033659715056
-0.392049950296
-0.876399316078
0.062688752605
-0.477487548608
-0.986052991836
0.028011863499
-0.164057407012
-0.966629830137
0.065748930246
-0.247596142259
-0.938018800703
0.100339272439
-0.331742008095
-0.898455638558
0.131191036976
-0.419006416848
-0.836374784203
0.431949698430
-0.337485819519
-0.998599018046
0.052118751483
-0.009145321275
-0.991091719995
0.092297557629
-0.096012308650
-0.974379948758
0.131006215562
-0.182814351030
-0.948352380355
0.167406939039
-0.269448843820
-0.912655744498
0.197452194852
-0.357871656858
-0.866119095030
0.220985584665
-0.448333675508
-0.877298883208
0.286406865583
-0.385120470592
-0.881142772949
0.351082941826
-0.316746241711
-0.878478080755
0.411392637688
-0.242965757440
-0.987455488866
0.155617073579
-0.026739183207
-0.974254533757
0.193802329750
-0.115190105637
-0.951410385873
0.231209775824
-0.203372360994
-0.919051853035
0.263540189079
-0.293070401395
-0.918758213763
0.325744548974
-0.223100500801
-0.911604876113
0.383479178579
-0.148054954137
-0.965829907472
0.255589742295
-0.042970611654
-0.947354981620
0.291510952835
-0.132438299507
-0.935136599228
0.349747796072
-0.056533352349
0.033659715056
-0.392049950296
-0.919327939342
0.062688752605
-0.477487548608
-0.876399316078
0.028011863499
-0.164057407012
-0.986052991836
0.065748930246
-0.247596142259
-0.966629830137
0.100339272439
-0.331742008095
-0.938018800703
0.131191036976
-0.419006416848
-0.898455638558
0.431949698430
-0.337485819519
-0.836374784203
0.052118751483
-0.009145321275
-0.998599018046
0.092297557629
-0.096012308650
-0.991091719995
0.131006215562
-0.182814351030
-0.974379948758
0.167406939039
-0.269448843820
-0.948352380355
0.197452194852
-0.357871656858
-0.912655744498
0.220985584665
-0.448333675508
-0.866119095030
0.286406865583
-0.385120470592
-0.877298883208
0.351082941826
-0.316746241711
-0.881142772949
0.411392637688
-0.242965757440
-0.878478080755
0.155617073579
-0.026739183207
-0.987455488866
0.193802329750
-0.115190105637
-0.974254533757
0.231209775824
-0.203372360994
-0.951410385873
0.263540189079
-0.293070401395
-0.919051853035
0.325744548974
-0.223100500801
-0.918758213763
0.383479178579
-0.148054954137
-0.911604876113
0.255589742295
-0.042970611654
-0.965829907472
0.291510952835
-0.132438299507
-0.947354981620
0.349747796072
-0.056533352349
-0.935136599228
0.507344213314
-0.848072166089
-0.152890321216
0.560282323044
-0.825229331385
-0.071276006524
0.409397908952
-0.834424222820
-0.368957407457
0.475695117842
-0.825656910427
-0.303322965047
0.536910931114
-0.811217432842
-0.231631018441
0.593277047854
-0.790750465356
-0.150784767232
0.776651578490
-0.564955418464
-0.278635426279
0.355321683455
-0.784650260117
-0.508006368626
0.428940631449
-0.785330700688
-0.446391784477
0.498493393417
-0.779279571027
-0.379773204557
0.563216482755
-0.766793994699
-0.307919085552
0.620704144705
-0.750216333661
-0.227819703831
0.670593450777
-0.728754999582
-0.138638286052
0.695368520916
-0.685555043165
-0.215585024784
0.714693278540
-0.635197978467
-0.292808889485
0.725771170110
-0.580087925773
-0.369802929964
0.444406975992
-0.729322596919
-0.520183611154
0.515445638914
-0.726883010007
-0.453824727276
0.582740796264
-0.716947798617
-0.382621246701
0.643746333662
-0.702322207857
-0.303865388367
0.658995028120
-0.649360580370
-0.379547611737
0.665970048402
-0.591515744571
-0.454525047227
0.526719606016
-0.666856586933
-0.527132572606
0.594805253670
-0.661596488673
-0.456614494275
0.600191688165
-0.599137269426
-0.529909869546
-0.507344213314
-0.848072166089
0.152890321216
-0.560282323044
-0.825229331385
0.071276006524
-0.409397908952
-0.834424222820
0.368957407457
-0.475695117842
-0.825656910427
0.303322965047
-0.536910931114
-0.811217432842
0.231631018441
-0.593277047854
-0.790750465356
0.150784767232
-0.776651578490
-0.564955418464
0.278635426279
-0.355321683455
-0.784650260117
0.508006368626
-0.428940631449
-0.785330700688
0.446391784477
-0.498493393417
-0.779279571027
0.379773204557
-0.563216482755
-0.766793994699
0.307919085552
-0.620704144705
-0.750216333661
0.227819703831
-0.670593450777
-0.728754999582
0.138638286052
-0.695368520916
-0.685555043165
0.215585024784
-0.714693278540
-0.635197978467
0.292808889485
-0.725771170110
-0.580087925773
0.369802929964
-0.444406975992
-0.729322596919
0.520183611154
-0.515445638914
-0.726883010007
0.453824727276
-0.582740796264
-0.716947798617
0.382621246701
-0.643746333662
-0.702322207857
0.303865388367
-0.658995028120
-0.649360580370
0.379547611737
-0.665970048402
-0.591515744571
0.454525047227
-0.526719606016
-0.666856586933
0.527132572606
-0.594805253670
-0.661596488673
0.456614494275
-0.600191688165
-0.599137269426
0.529909869546
-0.392049950296
-0.919327939342
0.033659715056
-0.477487548608
-0.876399316078
0.062688752605
-0.164057407012
-0.986052991836
0.028011863499
-0.247596142259
-0.966629830137
0.065748930246
-0.331742008095
-0.938018800703
0.100339272439
-0.419006416848
-0.898455638558
0.131191036976
-0.337485819519
-0.836374784203
0.431949698430
-0.009145321275
-0.998599018046
0.052118751483
-0.096012308650
-0.991091719995
0.092297557629
-0.182814351030
-0.974379948758
0.131006215562
-0.269448843820
-0.948352380355
0.167406939039
-0.357871656858
-0.912655744498
0.197452194852
-0.448333675508
-0.866119095030
0.220985584665
-0.385120470592
-0.877298883208
0.286406865583
-0.316746241711
-0.881142772949
0.351082941826
-0.242965757440
-0.878478080755
0.411392637688
-0.026739183207
-0.987455488866
0.155617073579
-0.115190105637
-0.974254533757
0.193802329750
-0.203372360994
-0.951410385873
0.231209775824
-0.293070401395
-0.919051853035
0.263540189079
-0.223100500801
-0.918758213763
0.325744548974
-0.148054954137
-0.911604876113
0.383479178579
-0.042970611654
-0.965829907472
0.255589742295
-0.132438299507
-0.947354981620
0.291510952835
-0.056533352349
-0.935136599228
0.349747796072
0.392049950296
0.919327939342
0.033659715056
0.477487548608
0.876399316078
0.062688752605
0.164057407012
0.986052991836
0.028011863499
0.247596142259
0.966629830137
0.065748930246
0.331742008095
0.938018800703
0.100339272439
0.419006416848
0.898455638558
0.131191036976
0.337485819519
0.836374784203
0.431949698430
0.009145321275
0.998599018046
0.052118751483
0.096012308650
0.991091719995
0.092297557629
0.182814351030
0.974379948758
0.131006215562
0.269448843820
0.948352380355
0.167406939039
0.357871656858
0.912655744498
0.197452194852
0.448333675508
0.866119095030
0.220985584665
0.385120470592
0.877298883208
0.286406865583
0.316746241711
0.881142772949
0.351082941826
0.242965757440
0.878478080755
0.411392637688
0.026739183207
0.987455488866
0.155617073579
0.115190105637
0.974254533757
0.193802329750
0.203372360994
0.951410385873
0.231209775824
0.293070401395
0.919051853035
0.263540189079
0.223100500801
0.918758213763
0.325744548974
0.148054954137
0.911604876113
0.383479178579
0.042970611654
0.965829907472
0.255589742295
0.132438299507
0.947354981620
0.291510952835
0.056533352349
0.935136599228
0.349747796072
-0.132087473260
-0.452881650302
-0.881731881145
-0.032532226702
-0.458849790617
-0.887918083990
-0.351645123727
-0.364073761723
-0.862436086318
-0.262687891431
-0.369311113980
-0.891405840673
-0.169617937667
-0.374558577902
-0.911556705280
-0.069704247362
-0.381005491007
-0.921941502332
-0.011675831220
-0.077742285000
-0.996905116893
-0.475795208759
-0.270991772105
-0.836769011600
-0.389348756784
-0.279600046127
-0.877628258317
-0.298806910603
-0.286520883901
-0.910285786588
-0.204455907273
-0.292346365436
-0.934200933738
-0.105787536260
-0.301219782281
-0.947668528513
-0.002061683705
-0.313031263765
-0.949740584247
-0.038575847243
-0.231952477791
-0.971961908747
-0.075827698567
-0.146629145795
-0.986280920293
-0.115548297152
-0.060123899609
-0.991480563461
-0.424006970453
-0.192613261712
-0.884939670498
-0.334048300392
-0.201866882280
-0.920685339757
-0.239725746711
-0.208635520449
-0.948157574442
-0.140988594114
-0.217329350332
-0.965862396936
-0.178226408822
-0.131929276230
-0.975105129343
-0.217521880888
-0.045487703483
-0.974994923149
-0.369169424692
-0.113166715807
-0.922446329228
-0.276450817331
-0.123130623890
-0.953107441508
-0.313753844083
-0.034287866631
-0.948885065498
0.639431686574
-0.766437618126
-0.060831700007
0.592814549745
-0.805123309554
0.018637757991
0.761043032679
-0.617095584378
-0.200016354711
0.738383009274
-0.663306865089
-0.121714971722
0.706528868781
-0.706387782262
-0.042816569806
0.662981295216
-0.747670871326
0.038000925841
0.788327409709
-0.557739357923
0.259743534519
0.831116892214
-0.490592649420
-0.261846450829
0.818289388233
-0.544699935518
-0.183587737477
0.797300304020
-0.594606744201
-0.103706532871
0.767672390028
-0.640433294803
-0.022897521617
0.726491680965
-0.684836040667
0.056651874577
0.672655134482
-0.727480808978
0.135302411744
0.733944368158
-0.661713858424
0.153167992801
0.790520977106
-0.588333883464
0.170117095916
0.841319467261
-0.508675150791
0.182841857831
0.868413946445
-0.467271877712
-0.165874078505
0.849493939306
-0.520429806481
-0.086676776642
0.822466542975
-0.568789139172
-0.005263159455
0.784734927777
-0.615186464668
0.075741051063
0.837221436941
-0.539210602025
0.091171224571
0.883491929290
-0.457079828885
0.102567250654
0.895889030708
-0.438697334866
-0.070196104153
0.871256071000
-0.490740487345
0.009307675617
0.913945532248
-0.405226729682
0.022245485718
