0.460518043954
0.863063971046
0.207469788342
0.513165466953
0.846380447969
0.142482773776
0.559916450176
0.826029473450
0.064566847637
0.366328269709
0.836806207430
0.406889383026
0.429623630829
0.834038360976
0.346126491697
0.488423676230
0.825422017369
0.283056188309
0.542970712297
0.811893258709
0.214504410328
0.592853271868
0.793538346421
0.137192896299
0.783230260480
0.534235285129
0.318029902982
0.386162912007
0.789074223489
0.477744780417
0.451219908427
0.788762382697
0.417438016813
0.512831901200
0.782324318308
0.353513934796
0.569862542208
0.770996335428
0.284290931519
0.620891062077
0.755904671270
0.207611215941
0.690589357167
0.696874612011
0.193525489023
0.711800568271
0.650856193621
0.264057126838
0.726853230502
0.599986712448
0.334215987340
0.735264940653
0.545033149887
0.402894939868
0.469092150684
0.737428518943
0.485954456318
0.531909701414
0.734291245230
0.421768226305
0.591556034051
0.724878737703
0.353004637652
0.645034164656
0.712055420969
0.277322923495
0.663307251874
0.663190919440
0.346700582611
0.674760038033
0.610084366519
0.415326325680
0.482124800328
0.679760268424
0.552703948223
0.546037899330
0.680014243349
0.489308942629
0.606702773366
0.674268322997
0.421039158978
0.616064569447
0.618266334757
0.488068832828
0.553782448173
0.619848633651
0.555979020699
0.525731112119
0.850650808352
0.000000000000
0.000000000000
0.525731112119
-0.850650808352
-0.525731112119
0.850650808352
0.000000000000
0.000000000000
0.525731112119
0.850650808352
0.850650808352
-0.000000000000
0.525731112119
-0.850650808352
-0.000000000000
0.525731112119
-0.000000000000
-0.525731112119
0.850650808352
-0.850650808352
-0.000000000000
-0.525731112119
-0.525731112119
-0.850650808352
0.000000000000
0.850650808352
-0.000000000000
-0.525731112119
0.525731112119
-0.850650808352
0.000000000000
0.000000000000
-0.525731112119
-0.850650808352
0.204288996897
0.452190623840
-0.868210599715
0.120234194043
0.454917929011
-0.882379406178
0.027534597074
0.462964759523
-0.885948913541
0.404603629939
0.360344090436
-0.840504633615
0.322942426073
0.368926959030
-0.871550967151
0.239854859488
0.375321129019
-0.895323235760
0.152941171735
0.381796061203
-0.911504671210
0.059781583411
0.390187823615
-0.918792481786
0.030764248092
0.031159012176
-0.999040878543
0.437259535209
0.280171164009
-0.854580726278
0.355845476263
0.289968543815
-0.888421206760
0.271334339868
0.297682928498
-0.915293696083
0.183315894090
0.305506462202
-0.934377378005
0.091102860430
0.315868227378
-0.944419150460
0.026616828940
0.253616812055
-0.966938497041
0.058852043685
0.174566685913
-0.982884992827
0.092365888844
0.093681452458
-0.991308391997
0.126740888787
0.012284248793
-0.991859790667
0.386477282801
0.208657529314
-0.898385966798
0.302171285658
0.218800845849
-0.927803160148
0.213808582740
0.227136031190
-0.950102685651
0.121879101725
0.238076955922
-0.963568807933
0.153770301977
0.158209219715
-0.975358670965
0.187152473927
0.077393138799
-0.979277414000
0.416141961850
0.124600878433
-0.900722203946
0.332976258034
0.136753617506
-0.932965840578
0.245636818802
0.147493485080
-0.958075271108
0.277878499949
0.065779133863
-0.958361437462
0.364449013913
0.052350380542
-0.929750694495
-0.460518043954
0.863063971046
-0.207469788342
-0.513165466953
0.846380447969
-0.142482773776
-0.559916450176
0.826029473450
-0.064566847637
-0.366328269709
0.836806207430
-0.406889383026
-0.429623630829
0.834038360976
-0.346126491697
-0.488423676230
0.825422017369
-0.283056188309
-0.542970712297
0.811893258709
-0.214504410328
-0.592853271868
0.793538346421
-0.137192896299
-0.783230260480
0.534235285129
-0.318029902982
-0.386162912007
0.789074223489
-0.477744780417
-0.451219908427
0.788762382697
-0.417438016813
-0.512831901200
0.782324318308
-0.353513934796
-0.569862542208
0.770996335428
-0.284290931519
-0.620891062077
0.755904671270
-0.207611215941
-0.690589357167
0.696874612011
-0.193525489023
-0.711800568271
0.650856193621
-0.264057126838
-0.726853230502
0.599986712448
-0.334215987340
-0.735264940653
0.545033149887
-0.402894939868
-0.469092150684
0.737428518943
-0.485954456318
-0.531909701414
0.734291245230
-0.421768226305
-0.591556034051
0.724878737703
-0.353004637652
-0.645034164656
0.712055420969
-0.277322923495
-0.663307251874
0.663190919440
-0.346700582611
-0.674760038033
0.610084366519
-0.415326325680
-0.482124800328
0.679760268424
-0.552703948223
-0.546037899330
0.680014243349
-0.489308942629
-0.606702773366
0.674268322997
-0.421039158978
-0.616064569447
0.618266334757
-0.488068832828
-0.553782448173
0.619848633651
-0.555979020699
-0.204288996897
0.452190623840
0.868210599715
-0.120234194043
0.454917929011
0.882379406178
-0.027534597074
0.462964759523
0.885948913541
-0.404603629939
0.360344090436
0.840504633615
-0.322942426073
0.368926959030
0.871550967151
-0.239854859488
0.375321129019
0.895323235760
-0.152941171735
0.381796061203
0.911504671210
-0.059781583411
0.390187823615
0.918792481786
-0.030764248092
0.031159012176
0.999040878543
-0.437259535209
0.280171164009
0.854580726278
-0.355845476263
0.289968543815
0.888421206760
-0.271334339868
0.297682928498
0.915293696083
-0.183315894090
0.305506462202
0.934377378005
-0.091102860430
0.315868227378
0.944419150460
-0.026616828940
0.253616812055
0.966938497041
-0.058852043685
0.174566685913
0.982884992827
-0.092365888844
0.093681452458
0.991308391997
-0.126740888787
0.012284248793
0.991859790667
-0.386477282801
0.208657529314
0.898385966798
-0.302171285658
0.218800845849
0.927803160148
-0.213808582740
0.227136031190
0.950102685651
-0.121879101725
0.238076955922
0.963568807933
-0.153770301977
0.158209219715
0.975358670965
-0.187152473927
0.077393138799
0.979277414000
-0.416141961850
0.124600878433
0.900722203946
-0.332976258034
0.136753617506
0.932965840578
-0.245636818802
0.147493485080
0.958075271108
-0.277878499949
0.065779133863
0.958361437462
-0.364449013913
0.052350380542
0.929750694495
0.664807040851
0.736806427436
0.123076752165
0.633399660996
0.772071629440
0.052060238795
0.587451047250
0.809012156592
-0.020014933705
0.770931899647
0.586747412156
0.247773042186
0.752566056903
0.634448965253
0.176405330100
0.728278535718
0.677183561839
0.105037126710
0.695911884032
0.717370416298
0.032959603819
0.652634855279
0.756591295972
-0.040464262438
0.813994508572
0.515221934170
-0.268252303932
0.823422447216
0.518832968824
0.229756009456
0.807065384690
0.568837783624
0.158332058524
0.784166241068
0.614630473955
0.085514249426
0.753178436298
0.657700882203
0.012320415796
0.711993922507
0.699600007052
-0.060203691292
0.717206186108
0.680424507053
-0.150458555125
0.770652611957
0.614483630316
-0.168832519848
0.819219119347
0.542901453741
-0.184764839789
0.862005829440
0.466702972852
-0.197823874046
0.855569433486
0.498572422293
0.139378923135
0.834080987072
0.547539120269
0.067155184313
0.805364616791
0.592737766483
-0.007055083693
0.766913266381
0.636729993584
-0.080118394385
0.817077553851
0.568155646358
-0.097895007552
0.861912511960
0.494417776554
-0.112507261788
0.898266762178
0.422570391855
0.120627890196
0.879014157364
0.474223598438
0.049457960316
0.852339592168
0.522456420089
-0.023590437268
0.893943069396
0.446527977046
-0.038451975168
0.918231462086
0.394606755886
0.033711870979
-0.329113871675
0.944276215778
-0.005146628669
-0.402857690215
0.914554403216
-0.035998958209
-0.482979693228
0.873579004229
-0.059919440091
-0.112571048250
0.993636795182
-0.003698426185
-0.192521628931
0.980575456950
-0.037512606176
-0.270284002309
0.960239750148
-0.069901218391
-0.348836457384
0.931874826626
-0.099611412501
-0.430652086053
0.893784192270
-0.125254135365
-0.299411316108
0.833251837153
-0.464805593413
-0.050415154553
0.996577749242
-0.065506502790
-0.131636485291
0.986275800436
-0.099658824063
-0.212168679072
0.968144408751
-0.132969377775
-0.293186046406
0.941991813722
-0.163381042576
-0.376071918670
0.907211222993
-0.188514479189
-0.404075367179
0.873949996076
-0.270063885030
-0.343399205761
0.878540757154
-0.332028799206
-0.278446292247
0.877117441081
-0.391321679549
-0.210108122839
0.869597912720
-0.446826640780
-0.069278606179
0.984526878610
-0.160957447854
-0.151645661536
0.969307346574
-0.193511914918
-0.234191114883
0.945742404136
-0.225223947949
-0.318195350307
0.914052917079
-0.251513386964
-0.256104227267
0.914856228969
-0.312167751525
-0.189900400587
0.909744102234
-0.369193047481
-0.003972988238
0.975274340078
-0.220961935522
-0.087295657190
0.963532541067
-0.252951597228
-0.171083922347
0.943495579067
-0.283806948111
-0.104231109031
0.934596809874
-0.340095102705
-0.018638509563
0.950585776585
-0.309902060845
-0.131404172279
0.659660412182
0.739987218881
-0.110307776738
0.597400702787
0.794320209173
-0.076936756949
0.527531607159
0.846044407155
-0.253757221459
0.767233473462
0.589033165243
-0.237102001898
0.715053450727
0.657633030876
-0.218139673921
0.658377317327
0.720384890660
-0.194134254912
0.596300471531
0.778933654891
-0.162201185815
0.527380719914
0.834002608859
-0.483818944372
0.349188915158
0.802487589061
-0.335747757454
0.757915944426
0.559318214033
-0.319583423136
0.707406560628
0.630430324174
-0.300663222128
0.651196863294
0.696810068882
-0.276676495802
0.589797393722
0.758675919632
-0.244819143407
0.523479443318
0.816108362563
-0.286513989988
0.447142301078
0.847333167136
-0.368401362511
0.438623812751
0.819688713469
-0.448406938255
0.427897439798
0.784751552237
-0.525156817814
0.415179188660
0.742857023933
-0.399813544505
0.694611985632
0.598049595809
-0.380264039879
0.640569072154
0.667136060916
-0.357364919168
0.580140668842
0.731933821396
-0.326838814349
0.515399879417
0.792173815354
-0.407203024607
0.504909802327
0.761085926992
-0.484859637446
0.492719464479
0.722591628307
-0.478151812091
0.677304826656
0.559132378228
-0.458742242140
0.626062560135
0.630556283034
-0.435618851019
0.568532644058
0.697858760264
-0.511833460416
0.553847966691
0.656718309925
-0.535143938610
0.608329401241
0.586136762672
0.739987218881
-0.131404172279
0.659660412182
0.794320209173
-0.110307776738
0.597400702787
0.846044407155
-0.076936756949
0.527531607159
0.589033165243
-0.253757221459
0.767233473462
0.657633030876
-0.237102001898
0.715053450727
0.720384890660
-0.218139673921
0.658377317327
0.778933654891
-0.194134254912
0.596300471531
0.834002608859
-0.162201185815
0.527380719914
0.802487589061
-0.483818944372
0.349188915158
0.559318214033
-0.335747757454
0.757915944426
0.630430324174
-0.319583423136
0.707406560628
0.696810068882
-0.300663222128
0.651196863294
0.758675919632
-0.276676495802
0.589797393722
0.816108362563
-0.244819143407
0.523479443318
0.847333167136
-0.286513989988
0.447142301078
0.819688713469
-0.368401362511
0.438623812751
0.784751552237
-0.448406938255
0.427897439798
0.742857023933
-0.525156817814
0.415179188660
0.598049595809
-0.399813544505
0.694611985632
0.667136060916
-0.380264039879
0.640569072154
0.731933821396
-0.357364919168
0.580140668842
0.792173815354
-0.326838814349
0.515399879417
0.761085926992
-0.407203024607
0.504909802327
0.722591628307
-0.484859637446
0.492719464479
0.559132378228
-0.478151812091
0.677304826656
0.630556283034
-0.458742242140
0.626062560135
0.697858760264
-0.435618851019
0.568532644058
0.656718309925
-0.511833460416
0.553847966691
0.586136762672
-0.535143938610
0.608329401241
-0.944276215778
-0.005146628669
0.329113871675
-0.914554403216
-0.035998958209
0.402857690215
-0.873579004229
-0.059919440091
0.482979693228
-0.993636795182
-0.003698426185
0.112571048250
-0.980575456950
-0.037512606176
0.192521628931
-0.960239750148
-0.069901218391
0.270284002309
-0.931874826626
-0.099611412501
0.348836457384
-0.893784192270
-0.125254135365
0.430652086053
-0.833251837153
-0.464805593413
0.299411316108
-0.996577749242
-0.065506502790
0.050415154553
-0.986275800436
-0.099658824063
0.131636485291
-0.968144408751
-0.132969377775
0.212168679072
-0.941991813722
-0.163381042576
0.293186046406
-0.907211222993
-0.188514479189
0.376071918670
-0.873949996076
-0.270063885030
0.404075367179
-0.878540757154
-0.332028799206
0.343399205761
-0.877117441081
-0.391321679549
0.278446292247
-0.869597912720
-0.446826640780
0.210108122839
-0.984526878610
-0.160957447854
0.069278606179
-0.969307346574
-0.193511914918
0.151645661536
-0.945742404136
-0.225223947949
0.234191114883
-0.914052917079
-0.251513386964
0.318195350307
-0.914856228969
-0.312167751525
0.256104227267
-0.909744102234
-0.369193047481
0.189900400587
-0.975274340078
-0.220961935522
0.003972988238
-0.963532541067
-0.252951597228
0.087295657190
-0.943495579067
-0.283806948111
0.171083922347
-0.934596809874
-0.340095102705
0.104231109031
-0.950585776585
-0.309902060845
0.018638509563
0.659660412182
0.739987218881
-0.131404172279
0.597400702787
0.794320209173
-0.110307776738
0.527531607159
0.846044407155
-0.076936756949
0.767233473462
0.589033165243
-0.253757221459
0.715053450727
0.657633030876
-0.237102001898
0.658377317327
0.720384890660
-0.218139673921
0.596300471531
0.778933654891
-0.194134254912
0.527380719914
0.834002608859
-0.162201185815
0.349188915158
0.802487589061
-0.483818944372
0.757915944426
0.559318214033
-0.335747757454
0.707406560628
0.630430324174
-0.319583423136
0.651196863294
0.696810068882
-0.300663222128
0.589797393722
0.758675919632
-0.276676495802
0.523479443318
0.816108362563
-0.244819143407
0.447142301078
0.847333167136
-0.286513989988
0.438623812751
0.819688713469
-0.368401362511
0.427897439798
0.784751552237
-0.448406938255
0.415179188660
0.742857023933
-0.525156817814
0.694611985632
0.598049595809
-0.399813544505
0.640569072154
0.667136060916
-0.380264039879
0.580140668842
0.731933821396
-0.357364919168
0.515399879417
0.792173815354
-0.326838814349
0.504909802327
0.761085926992
-0.407203024607
0.492719464479
0.722591628307
-0.484859637446
0.677304826656
0.559132378228
-0.478151812091
0.626062560135
0.630556283034
-0.458742242140
0.568532644058
0.697858760264
-0.435618851019
0.553847966691
0.656718309925
-0.511833460416
0.608329401241
0.586136762672
-0.535143938610
0.123076752165
0.664807040851
0.736806427436
0.052060238795
0.633399660996
0.772071629440
-0.020014933705
0.587451047250
0.809012156592
0.247773042186
0.770931899647
0.586747412156
0.176405330100
0.752566056903
0.634448965253
0.105037126710
0.728278535718
0.677183561839
0.032959603819
0.695911884032
0.717370416298
-0.040464262438
0.652634855279
0.756591295972
-0.268252303932
0.813994508572
0.515221934170
0.229756009456
0.823422447216
0.518832968824
0.158332058524
0.807065384690
0.568837783624
0.085514249426
0.784166241068
0.614630473955
0.012320415796
0.753178436298
0.657700882203
-0.060203691292
0.711993922507
0.699600007052
-0.150458555125
0.717206186108
0.680424507053
-0.168832519848
0.770652611957
0.614483630316
-0.184764839789
0.819219119347
0.542901453741
-0.197823874046
0.862005829440
0.466702972852
0.139378923135
0.855569433486
0.498572422293
0.067155184313
0.834080987072
0.547539120269
-0.007055083693
0.805364616791
0.592737766483
-0.080118394385
0.766913266381
0.636729993584
-0.097895007552
0.817077553851
0.568155646358
-0.112507261788
0.861912511960
0.494417776554
0.120627890196
0.898266762178
0.422570391855
0.049457960316
0.879014157364
0.474223598438
-0.023590437268
0.852339592168
0.522456420089
-0.038451975168
0.893943069396
0.446527977046
0.033711870979
0.918231462086
0.394606755886
-0.207469788342
-0.460518043954
0.863063971046
-0.142482773776
-0.513165466953
0.846380447969
-0.064566847637
-0.559916450176
0.826029473450
-0.406889383026
-0.366328269709
0.836806207430
-0.346126491697
-0.429623630829
0.834038360976
-0.283056188309
-0.488423676230
0.825422017369
-0.214504410328
-0.542970712297
0.811893258709
-0.137192896299
-0.592853271868
0.793538346421
-0.318029902982
-0.783230260480
0.534235285129
-0.477744780417
-0.386162912007
0.789074223489
-0.417438016813
-0.451219908427
0.788762382697
-0.353513934796
-0.512831901200
0.782324318308
-0.284290931519
-0.569862542208
0.770996335428
-0.207611215941
-0.620891062077
0.755904671270
-0.193525489023
-0.690589357167
0.696874612011
-0.264057126838
-0.711800568271
0.650856193621
-0.334215987340
-0.726853230502
0.599986712448
-0.402894939868
-0.735264940653
0.545033149887
-0.485954456318
-0.469092150684
0.737428518943
-0.421768226305
-0.531909701414
0.734291245230
-0.353004637652
-0.591556034051
0.724878737703
-0.277322923495
-0.645034164656
0.712055420969
-0.346700582611
-0.663307251874
0.663190919440
-0.415326325680
-0.674760038033
0.610084366519
-0.552703948223
-0.482124800328
0.679760268424
-0.489308942629
-0.546037899330
0.680014243349
-0.421039158978
-0.606702773366
0.674268322997
-0.488068832828
-0.616064569447
0.618266334757
-0.555979020699
-0.553782448173
0.619848633651
0.868210599715
-0.204288996897
0.452190623840
0.882379406178
-0.120234194043
0.454917929011
0.885948913541
-0.027534597074
0.462964759523
0.840504633615
-0.404603629939
0.360344090436
0.871550967151
-0.322942426073
0.368926959030
0.895323235760
-0.239854859488
0.375321129019
0.911504671210
-0.152941171735
0.381796061203
0.918792481786
-0.059781583411
0.390187823615
0.999040878543
-0.030764248092
0.031159012176
0.854580726278
-0.437259535209
0.280171164009
0.888421206760
-0.355845476263
0.289968543815
0.915293696083
-0.271334339868
0.297682928498
0.934377378005
-0.183315894090
0.305506462202
0.944419150460
-0.091102860430
0.315868227378
0.966938497041
-0.026616828940
0.253616812055
0.982884992827
-0.058852043685
0.174566685913
0.991308391997
-0.092365888844
0.093681452458
0.991859790667
-0.126740888787
0.012284248793
0.898385966798
-0.386477282801
0.208657529314
0.927803160148
-0.302171285658
0.218800845849
0.950102685651
-0.213808582740
0.227136031190
0.963568807933
-0.121879101725
0.238076955922
0.975358670965
-0.153770301977
0.158209219715
0.979277414000
-0.187152473927
0.077393138799
0.900722203946
-0.416141961850
0.124600878433
0.932965840578
-0.332976258034
0.136753617506
0.958075271108
-0.245636818802
0.147493485080
0.958361437462
-0.277878499949
0.065779133863
0.929750694495
-0.364449013913
0.052350380542
0.207469788342
0.460518043954
0.863063971046
0.142482773776
0.513165466953
0.846380447969
0.064566847637
0.559916450176
0.826029473450
0.406889383026
0.366328269709
0.836806207430
0.346126491697
0.429623630829
0.834038360976
0.283056188309
0.488423676230
0.825422017369
0.214504410328
0.542970712297
0.811893258709
0.137192896299
0.592853271868
0.793538346421
0.318029902982
0.783230260480
0.534235285129
0.477744780417
0.386162912007
0.789074223489
0.417438016813
0.451219908427
0.788762382697
0.353513934796
0.512831901200
0.782324318308
0.284290931519
0.569862542208
0.770996335428
0.207611215941
0.620891062077
0.755904671270
0.193525489023
0.690589357167
0.696874612011
0.264057126838
0.711800568271
0.650856193621
0.334215987340
0.726853230502
0.599986712448
0.402894939868
0.735264940653
0.545033149887
0.485954456318
0.469092150684
0.737428518943
0.421768226305
0.531909701414
0.734291245230
0.353004637652
0.591556034051
0.724878737703
0.277322923495
0.645034164656
0.712055420969
0.346700582611
0.663307251874
0.663190919440
0.415326325680
0.674760038033
0.610084366519
0.552703948223
0.482124800328
0.679760268424
0.489308942629
0.546037899330
0.680014243349
0.421039158978
0.606702773366
0.674268322997
0.488068832828
0.616064569447
0.618266334757
0.555979020699
0.553782448173
0.619848633651
-0.005146628669
-0.329113871675
0.944276215778
-0.035998958209
-0.402857690215
0.914554403216
-0.059919440091
-0.482979693228
0.873579004229
-0.003698426185
-0.112571048250
0.993636795182
-0.037512606176
-0.192521628931
0.980575456950
-0.069901218391
-0.270284002309
0.960239750148
-0.099611412501
-0.348836457384
0.931874826626
-0.125254135365
-0.430652086053
0.893784192270
-0.464805593413
-0.299411316108
0.833251837153
-0.065506502790
-0.050415154553
0.996577749242
-0.099658824063
-0.131636485291
0.986275800436
-0.132969377775
-0.212168679072
0.968144408751
-0.163381042576
-0.293186046406
0.941991813722
-0.188514479189
-0.376071918670
0.907211222993
-0.270063885030
-0.404075367179
0.873949996076
-0.332028799206
-0.343399205761
0.878540757154
-0.391321679549
-0.278446292247
0.877117441081
-0.446826640780
-0.210108122839
0.869597912720
-0.160957447854
-0.069278606179
0.984526878610
-0.193511914918
-0.151645661536
0.969307346574
-0.225223947949
-0.234191114883
0.945742404136
-0.251513386964
-0.318195350307
0.914052917079
-0.312167751525
-0.256104227267
0.914856228969
-0.369193047481
-0.189900400587
0.909744102234
-0.220961935522
-0.003972988238
0.975274340078
-0.252951597228
-0.087295657190
0.963532541067
-0.283806948111
-0.171083922347
0.943495579067
-0.340095102705
-0.104231109031
0.934596809874
-0.309902060845
-0.018638509563
0.950585776585
0.005146628669
0.329113871675
0.944276215778
0.035998958209
0.402857690215
0.914554403216
0.059919440091
0.482979693228
0.873579004229
0.003698426185
0.112571048250
0.993636795182
0.037512606176
0.192521628931
0.980575456950
0.069901218391
0.270284002309
0.960239750148
0.099611412501
0.348836457384
0.931874826626
0.125254135365
0.430652086053
0.893784192270
0.464805593413
0.299411316108
0.833251837153
0.065506502790
0.050415154553
0.996577749242
0.099658824063
0.131636485291
0.986275800436
0.132969377775
0.212168679072
0.968144408751
0.163381042576
0.293186046406
0.941991813722
0.188514479189
0.376071918670
0.907211222993
0.270063885030
0.404075367179
0.873949996076
0.332028799206
0.343399205761
0.878540757154
0.391321679549
0.278446292247
0.877117441081
0.446826640780
0.210108122839
0.869597912720
0.160957447854
0.069278606179
0.984526878610
0.193511914918
0.151645661536
0.969307346574
0.225223947949
0.234191114883
0.945742404136
0.251513386964
0.318195350307
0.914052917079
0.312167751525
0.256104227267
0.914856228969
0.369193047481
0.189900400587
0.909744102234
0.220961935522
0.003972988238
0.975274340078
0.252951597228
0.087295657190
0.963532541067
0.283806948111
0.171083922347
0.943495579067
0.340095102705
0.104231109031
0.934596809874
0.309902060845
0.018638509563
0.950585776585
-0.452190623840
0.868210599715
0.204288996897
-0.454917929011
0.882379406178
0.120234194043
-0.462964759523
0.885948913541
0.027534597074
-0.360344090436
0.840504633615
0.404603629939
-0.368926959030
0.871550967151
0.322942426073
-0.375321129019
0.895323235760
0.239854859488
-0.381796061203
0.911504671210
0.152941171735
-0.390187823615
0.918792481786
0.059781583411
-0.031159012176
0.999040878543
0.030764248092
-0.280171164009
0.854580726278
0.437259535209
-0.289968543815
0.888421206760
0.355845476263
-0.297682928498
0.915293696083
0.271334339868
-0.305506462202
0.934377378005
0.183315894090
-0.315868227378
0.944419150460
0.091102860430
-0.253616812055
0.966938497041
0.026616828940
-0.174566685913
0.982884992827
0.058852043685
-0.093681452458
0.991308391997
0.092365888844
-0.012284248793
0.991859790667
0.126740888787
-0.208657529314
0.898385966798
0.386477282801
-0.218800845849
0.927803160148
0.302171285658
-0.227136031190
0.950102685651
0.213808582740
-0.238076955922
0.963568807933
0.121879101725
-0.158209219715
0.975358670965
0.153770301977
-0.077393138799
0.979277414000
0.187152473927
-0.124600878433
0.900722203946
0.416141961850
-0.136753617506
0.932965840578
0.332976258034
-0.147493485080
0.958075271108
0.245636818802
-0.065779133863
0.958361437462
0.277878499949
-0.052350380542
0.929750694495
0.364449013913
-0.736806427436
0.123076752165
-0.664807040851
-0.772071629440
0.052060238795
-0.633399660996
-0.809012156592
-0.020014933705
-0.587451047250
-0.586747412156
0.247773042186
-0.770931899647
-0.634448965253
0.176405330100
-0.752566056903
-0.677183561839
0.105037126710
-0.728278535718
-0.717370416298
0.032959603819
-0.695911884032
-0.756591295972
-0.040464262438
-0.652634855279
-0.515221934170
-0.268252303932
-0.813994508572
-0.518832968824
0.229756009456
-0.823422447216
-0.568837783624
0.158332058524
-0.807065384690
-0.614630473955
0.085514249426
-0.784166241068
-0.657700882203
0.012320415796
-0.753178436298
-0.699600007052
-0.060203691292
-0.711993922507
-0.680424507053
-0.150458555125
-0.717206186108
-0.614483630316
-0.168832519848
-0.770652611957
-0.542901453741
-0.184764839789
-0.819219119347
-0.466702972852
-0.197823874046
-0.862005829440
-0.498572422293
0.139378923135
-0.855569433486
-0.547539120269
0.067155184313
-0.834080987072
-0.592737766483
-0.007055083693
-0.805364616791
-0.636729993584
-0.080118394385
-0.766913266381
-0.568155646358
-0.097895007552
-0.817077553851
-0.494417776554
-0.112507261788
-0.861912511960
-0.422570391855
0.120627890196
-0.898266762178
-0.474223598438
0.049457960316
-0.879014157364
-0.522456420089
-0.023590437268
-0.852339592168
-0.446527977046
-0.038451975168
-0.893943069396
-0.394606755886
0.033711870979
-0.918231462086
-0.863063971046
-0.207469788342
0.460518043954
-0.846380447969
-0.142482773776
0.513165466953
-0.826029473450
-0.064566847637
0.559916450176
-0.836806207430
-0.406889383026
0.366328269709
-0.834038360976
-0.346126491697
0.429623630829
-0.825422017369
-0.283056188309
0.488423676230
-0.811893258709
-0.214504410328
0.542970712297
-0.793538346421
-0.137192896299
0.592853271868
-0.534235285129
-0.318029902982
0.783230260480
-0.789074223489
-0.477744780417
0.386162912007
-0.788762382697
-0.417438016813
0.451219908427
-0.782324318308
-0.353513934796
0.512831901200
-0.770996335428
-0.284290931519
0.569862542208
-0.755904671270
-0.207611215941
0.620891062077
-0.696874612011
-0.193525489023
0.690589357167
-0.650856193621
-0.264057126838
0.711800568271
-0.599986712448
-0.334215987340
0.726853230502
-0.545033149887
-0.402894939868
0.735264940653
-0.737428518943
-0.485954456318
0.469092150684
-0.734291245230
-0.421768226305
0.531909701414
-0.724878737703
-0.353004637652
0.591556034051
-0.712055420969
-0.277322923495
0.645034164656
-0.663190919440
-0.346700582611
0.663307251874
-0.610084366519
-0.415326325680
0.674760038033
-0.679760268424
-0.552703948223
0.482124800328
-0.680014243349
-0.489308942629
0.546037899330
-0.674268322997
-0.421039158978
0.606702773366
-0.618266334757
-0.488068832828
0.616064569447
-0.619848633651
-0.555979020699
0.553782448173
-0.659660412182
0.739987218881
0.131404172279
-0.597400702787
0.794320209173
0.110307776738
-0.527531607159
0.846044407155
0.076936756949
-0.767233473462
0.589033165243
0.253757221459
-0.715053450727
0.657633030876
0.237102001898
-0.658377317327
0.720384890660
0.218139673921
-0.596300471531
0.778933654891
0.194134254912
-0.527380719914
0.834002608859
0.162201185815
-0.349188915158
0.802487589061
0.483818944372
-0.757915944426
0.559318214033
0.335747757454
-0.707406560628
0.630430324174
0.319583423136
-0.651196863294
0.696810068882
0.300663222128
-0.589797393722
0.758675919632
0.276676495802
-0.523479443318
0.816108362563
0.244819143407
-0.447142301078
0.847333167136
0.286513989988
-0.438623812751
0.819688713469
0.368401362511
-0.427897439798
0.784751552237
0.448406938255
-0.415179188660
0.742857023933
0.525156817814
-0.694611985632
0.598049595809
0.399813544505
-0.640569072154
0.667136060916
0.380264039879
-0.580140668842
0.731933821396
0.357364919168
-0.515399879417
0.792173815354
0.326838814349
-0.504909802327
0.761085926992
0.407203024607
-0.492719464479
0.722591628307
0.484859637446
-0.677304826656
0.559132378228
0.478151812091
-0.626062560135
0.630556283034
0.458742242140
-0.568532644058
0.697858760264
0.435618851019
-0.553847966691
0.656718309925
0.511833460416
-0.608329401241
0.586136762672
0.535143938610
-0.863063971046
0.207469788342
-0.460518043954
-0.846380447969
0.142482773776
-0.513165466953
-0.826029473450
0.064566847637
-0.559916450176
-0.836806207430
0.406889383026
-0.366328269709
-0.834038360976
0.346126491697
-0.429623630829
-0.825422017369
0.283056188309
-0.488423676230
-0.811893258709
0.214504410328
-0.542970712297
-0.793538346421
0.137192896299
-0.592853271868
-0.534235285129
0.318029902982
-0.783230260480
-0.789074223489
0.477744780417
-0.386162912007
-0.788762382697
0.417438016813
-0.451219908427
-0.782324318308
0.353513934796
-0.512831901200
-0.770996335428
0.284290931519
-0.569862542208
-0.755904671270
0.207611215941
-0.620891062077
-0.696874612011
0.193525489023
-0.690589357167
-0.650856193621
0.264057126838
-0.711800568271
-0.599986712448
0.334215987340
-0.726853230502
-0.545033149887
0.402894939868
-0.735264940653
-0.737428518943
0.485954456318
-0.469092150684
-0.734291245230
0.421768226305
-0.531909701414
-0.724878737703
0.353004637652
-0.591556034051
-0.712055420969
0.277322923495
-0.645034164656
-0.663190919440
0.346700582611
-0.663307251874
-0.610084366519
0.415326325680
-0.674760038033
-0.679760268424
0.552703948223
-0.482124800328
-0.680014243349
0.489308942629
-0.546037899330
-0.674268322997
0.421039158978
-0.606702773366
-0.618266334757
0.488068832828
-0.616064569447
-0.619848633651
0.555979020699
-0.553782448173
-0.452190623840
-0.868210599715
-0.204288996897
-0.454917929011
-0.882379406178
-0.120234194043
-0.462964759523
-0.885948913541
-0.027534597074
-0.360344090436
-0.840504633615
-0.404603629939
-0.368926959030
-0.871550967151
-0.322942426073
-0.375321129019
-0.895323235760
-0.239854859488
-0.381796061203
-0.911504671210
-0.152941171735
-0.390187823615
-0.918792481786
-0.059781583411
-0.031159012176
-0.999040878543
-0.030764248092
-0.280171164009
-0.854580726278
-0.437259535209
-0.289968543815
-0.888421206760
-0.355845476263
-0.297682928498
-0.915293696083
-0.271334339868
-0.305506462202
-0.934377378005
-0.183315894090
-0.315868227378
-0.944419150460
-0.091102860430
-0.253616812055
-0.966938497041
-0.026616828940
-0.174566685913
-0.982884992827
-0.058852043685
-0.093681452458
-0.991308391997
-0.092365888844
-0.012284248793
-0.991859790667
-0.126740888787
-0.208657529314
-0.898385966798
-0.386477282801
-0.218800845849
-0.927803160148
-0.302171285658
-0.227136031190
-0.950102685651
-0.213808582740
-0.238076955922
-0.963568807933
-0.121879101725
-0.158209219715
-0.975358670965
-0.153770301977
-0.077393138799
-0.979277414000
-0.187152473927
-0.124600878433
-0.900722203946
-0.416141961850
-0.136753617506
-0.932965840578
-0.332976258034
-0.147493485080
-0.958075271108
-0.245636818802
-0.065779133863
-0.958361437462
-0.277878499949
-0.052350380542
-0.929750694495
-0.364449013913
0.736806427436
0.123076752165
0.664807040851
0.772071629440
0.052060238795
0.633399660996
0.809012156592
-0.020014933705
0.587451047250
0.586747412156
0.247773042186
0.770931899647
0.634448965253
0.176405330100
0.752566056903
0.677183561839
0.105037126710
0.728278535718
0.717370416298
0.032959603819
0.695911884032
0.756591295972
-0.040464262438
0.652634855279
0.515221934170
-0.268252303932
0.813994508572
0.518832968824
0.229756009456
0.823422447216
0.568837783624
0.158332058524
0.807065384690
0.614630473955
0.085514249426
0.784166241068
0.657700882203
0.012320415796
0.753178436298
0.699600007052
-0.060203691292
0.711993922507
0.680424507053
-0.150458555125
0.717206186108
0.614483630316
-0.168832519848
0.770652611957
0.542901453741
-0.184764839789
0.819219119347
0.466702972852
-0.197823874046
0.862005829440
0.498572422293
0.139378923135
0.855569433486
0.547539120269
0.067155184313
0.834080987072
0.592737766483
-0.007055083693
0.805364616791
0.636729993584
-0.080118394385
0.766913266381
0.568155646358
-0.097895007552
0.817077553851
0.494417776554
-0.112507261788
0.861912511960
0.422570391855
0.120627890196
0.898266762178
0.474223598438
0.049457960316
0.879014157364
0.522456420089
-0.023590437268
0.852339592168
0.446527977046
-0.038451975168
0.893943069396
0.394606755886
0.033711870979
0.918231462086
0.863063971046
-0.207469788342
-0.460518043954
0.846380447969
-0.142482773776
-0.513165466953
0.826029473450
-0.064566847637
-0.559916450176
0.836806207430
-0.406889383026
-0.366328269709
0.834038360976
-0.346126491697
-0.429623630829
0.825422017369
-0.283056188309
-0.488423676230
0.811893258709
-0.214504410328
-0.542970712297
0.793538346421
-0.137192896299
-0.592853271868
0.534235285129
-0.318029902982
-0.783230260480
0.789074223489
-0.477744780417
-0.386162912007
0.788762382697
-0.417438016813
-0.451219908427
0.782324318308
-0.353513934796
-0.512831901200
0.770996335428
-0.284290931519
-0.569862542208
0.755904671270
-0.207611215941
-0.620891062077
0.696874612011
-0.193525489023
-0.690589357167
0.650856193621
-0.264057126838
-0.711800568271
0.599986712448
-0.334215987340
-0.726853230502
0.545033149887
-0.402894939868
-0.735264940653
0.737428518943
-0.485954456318
-0.469092150684
0.734291245230
-0.421768226305
-0.531909701414
0.724878737703
-0.353004637652
-0.591556034051
0.712055420969
-0.277322923495
-0.645034164656
0.663190919440
-0.346700582611
-0.663307251874
0.610084366519
-0.415326325680
-0.674760038033
0.679760268424
-0.552703948223
-0.482124800328
0.680014243349
-0.489308942629
-0.546037899330
0.674268322997
-0.421039158978
-0.606702773366
0.618266334757
-0.488068832828
-0.616064569447
0.619848633651
-0.555979020699
-0.553782448173
0.452190623840
0.868210599715
-0.204288996897
0.454917929011
0.882379406178
-0.120234194043
0.462964759523
0.885948913541
-0.027534597074
0.360344090436
0.840504633615
-0.404603629939
0.368926959030
0.871550967151
-0.322942426073
0.375321129019
0.895323235760
-0.239854859488
0.381796061203
0.911504671210
-0.152941171735
0.390187823615
0.918792481786
-0.059781583411
0.031159012176
0.999040878543
-0.030764248092
0.280171164009
0.854580726278
-0.437259535209
0.289968543815
0.888421206760
-0.355845476263
0.297682928498
0.915293696083
-0.271334339868
0.305506462202
0.934377378005
-0.183315894090
0.315868227378
0.944419150460
-0.091102860430
0.253616812055
0.966938497041
-0.026616828940
0.174566685913
0.982884992827
-0.058852043685
0.093681452458
0.991308391997
-0.092365888844
0.012284248793
0.991859790667
-0.126740888787
0.208657529314
0.898385966798
-0.386477282801
0.218800845849
0.927803160148
-0.302171285658
0.227136031190
0.950102685651
-0.213808582740
0.238076955922
0.963568807933
-0.121879101725
0.158209219715
0.975358670965
-0.153770301977
0.077393138799
0.979277414000
-0.187152473927
0.124600878433
0.900722203946
-0.416141961850
0.136753617506
0.932965840578
-0.332976258034
0.147493485080
0.958075271108
-0.245636818802
0.065779133863
0.958361437462
-0.277878499949
0.052350380542
0.929750694495
-0.364449013913
0.863063971046
0.207469788342
0.460518043954
0.846380447969
0.142482773776
0.513165466953
0.826029473450
0.064566847637
0.559916450176
0.836806207430
0.406889383026
0.366328269709
0.834038360976
0.346126491697
0.429623630829
0.825422017369
0.283056188309
0.488423676230
0.811893258709
0.214504410328
0.542970712297
0.793538346421
0.137192896299
0.592853271868
0.534235285129
0.318029902982
0.783230260480
0.789074223489
0.477744780417
0.386162912007
0.788762382697
0.417438016813
0.451219908427
0.782324318308
0.353513934796
0.512831901200
0.770996335428
0.284290931519
0.569862542208
0.755904671270
0.207611215941
0.620891062077
0.696874612011
0.193525489023
0.690589357167
0.650856193621
0.264057126838
0.711800568271
0.599986712448
0.334215987340
0.726853230502
0.545033149887
0.402894939868
0.735264940653
0.737428518943
0.485954456318
0.469092150684
0.734291245230
0.421768226305
0.531909701414
0.724878737703
0.353004637652
0.591556034051
0.712055420969
0.277322923495
0.645034164656
0.663190919440
0.346700582611
0.663307251874
0.610084366519
0.415326325680
0.674760038033
0.679760268424
0.552703948223
0.482124800328
0.680014243349
0.489308942629
0.546037899330
0.674268322997
0.421039158978
0.606702773366
0.618266334757
0.488068832828
0.616064569447
0.619848633651
0.555979020699
0.553782448173
0.944276215778
-0.005146628669
-0.329113871675
0.914554403216
-0.035998958209
-0.402857690215
0.873579004229
-0.059919440091
-0.482979693228
0.993636795182
-0.003698426185
-0.112571048250
0.980575456950
-0.037512606176
-0.192521628931
0.960239750148
-0.069901218391
-0.270284002309
0.931874826626
-0.099611412501
-0.348836457384
0.893784192270
-0.125254135365
-0.430652086053
0.833251837153
-0.464805593413
-0.299411316108
0.996577749242
-0.065506502790
-0.050415154553
0.986275800436
-0.099658824063
-0.131636485291
0.968144408751
-0.132969377775
-0.212168679072
0.941991813722
-0.163381042576
-0.293186046406
0.907211222993
-0.188514479189
-0.376071918670
0.873949996076
-0.270063885030
-0.404075367179
0.878540757154
-0.332028799206
-0.343399205761
0.877117441081
-0.391321679549
-0.278446292247
0.869597912720
-0.446826640780
-0.210108122839
0.984526878610
-0.160957447854
-0.069278606179
0.969307346574
-0.193511914918
-0.151645661536
0.945742404136
-0.225223947949
-0.234191114883
0.914052917079
-0.251513386964
-0.318195350307
0.914856228969
-0.312167751525
-0.256104227267
0.909744102234
-0.369193047481
-0.189900400587
0.975274340078
-0.220961935522
-0.003972988238
0.963532541067
-0.252951597228
-0.087295657190
0.943495579067
-0.283806948111
-0.171083922347
0.934596809874
-0.340095102705
-0.104231109031
0.950585776585
-0.309902060845
-0.018638509563
-0.005146628669
0.329113871675
-0.944276215778
-0.035998958209
0.402857690215
-0.914554403216
-0.059919440091
0.482979693228
-0.873579004229
-0.003698426185
0.112571048250
-0.993636795182
-0.037512606176
0.192521628931
-0.980575456950
-0.069901218391
0.270284002309
-0.960239750148
-0.099611412501
0.348836457384
-0.931874826626
-0.125254135365
0.430652086053
-0.893784192270
-0.464805593413
0.299411316108
-0.833251837153
-0.065506502790
0.050415154553
-0.996577749242
-0.099658824063
0.131636485291
-0.986275800436
-0.132969377775
0.212168679072
-0.968144408751
-0.163381042576
0.293186046406
-0.941991813722
-0.188514479189
0.376071918670
-0.907211222993
-0.270063885030
0.404075367179
-0.873949996076
-0.332028799206
0.343399205761
-0.878540757154
-0.391321679549
0.278446292247
-0.877117441081
-0.446826640780
0.210108122839
-0.869597912720
-0.160957447854
0.069278606179
-0.984526878610
-0.193511914918
0.151645661536
-0.969307346574
-0.225223947949
0.234191114883
-0.945742404136
-0.251513386964
0.318195350307
-0.914052917079
-0.312167751525
0.256104227267
-0.914856228969
-0.369193047481
0.189900400587
-0.909744102234
-0.220961935522
0.003972988238
-0.975274340078
-0.252951597228
0.087295657190
-0.963532541067
-0.283806948111
0.171083922347
-0.943495579067
-0.340095102705
0.104231109031
-0.934596809874
-0.309902060845
0.018638509563
-0.950585776585
0.452190623840
-0.868210599715
0.204288996897
0.454917929011
-0.882379406178
0.120234194043
0.462964759523
-0.885948913541
0.027534597074
0.360344090436
-0.840504633615
0.404603629939
0.368926959030
-0.871550967151
0.322942426073
0.375321129019
-0.895323235760
0.239854859488
0.381796061203
-0.911504671210
0.152941171735
0.390187823615
-0.918792481786
0.059781583411
0.031159012176
-0.999040878543
0.030764248092
0.280171164009
-0.854580726278
0.437259535209
0.289968543815
-0.888421206760
0.355845476263
0.297682928498
-0.915293696083
0.271334339868
0.305506462202
-0.934377378005
0.183315894090
0.315868227378
-0.944419150460
0.091102860430
0.253616812055
-0.966938497041
0.026616828940
0.174566685913
-0.982884992827
0.058852043685
0.093681452458
-0.991308391997
0.092365888844
0.012284248793
-0.991859790667
0.126740888787
0.208657529314
-0.898385966798
0.386477282801
0.218800845849
-0.927803160148
0.302171285658
0.227136031190
-0.950102685651
0.213808582740
0.238076955922
-0.963568807933
0.121879101725
0.158209219715
-0.975358670965
0.153770301977
0.077393138799
-0.979277414000
0.187152473927
0.124600878433
-0.900722203946
0.416141961850
0.136753617506
-0.932965840578
0.332976258034
0.147493485080
-0.958075271108
0.245636818802
0.065779133863
-0.958361437462
0.277878499949
0.052350380542
-0.929750694495
0.364449013913
-0.868210599715
0.204288996897
0.452190623840
-0.882379406178
0.120234194043
0.454917929011
-0.885948913541
0.027534597074
0.462964759523
-0.840504633615
0.404603629939
0.360344090436
-0.871550967151
0.322942426073
0.368926959030
-0.895323235760
0.239854859488
0.375321129019
-0.911504671210
0.152941171735
0.381796061203
-0.918792481786
0.059781583411
0.390187823615
-0.999040878543
0.030764248092
0.031159012176
-0.854580726278
0.437259535209
0.280171164009
-0.888421206760
0.355845476263
0.289968543815
-0.915293696083
0.271334339868
0.297682928498
-0.934377378005
0.183315894090
0.305506462202
-0.944419150460
0.091102860430
0.315868227378
-0.966938497041
0.026616828940
0.253616812055
-0.982884992827
0.058852043685
0.174566685913
-0.991308391997
0.092365888844
0.093681452458
-0.991859790667
0.126740888787
0.012284248793
-0.898385966798
0.386477282801
0.208657529314
-0.927803160148
0.302171285658
0.218800845849
-0.950102685651
0.213808582740
0.227136031190
-0.963568807933
0.121879101725
0.238076955922
-0.975358670965
0.153770301977
0.158209219715
-0.979277414000
0.187152473927
0.077393138799
-0.900722203946
0.416141961850
0.124600878433
-0.932965840578
0.332976258034
0.136753617506
-0.958075271108
0.245636818802
0.147493485080
-0.958361437462
0.277878499949
0.065779133863
-0.929750694495
0.364449013913
0.052350380542
-0.123076752165
-0.664807040851
0.736806427436
-0.052060238795
-0.633399660996
0.772071629440
0.020014933705
-0.587451047250
0.809012156592
-0.247773042186
-0.770931899647
0.586747412156
-0.176405330100
-0.752566056903
0.634448965253
-0.105037126710
-0.728278535718
0.677183561839
-0.032959603819
-0.695911884032
0.717370416298
0.040464262438
-0.652634855279
0.756591295972
0.268252303932
-0.813994508572
0.515221934170
-0.229756009456
-0.823422447216
0.518832968824
-0.158332058524
-0.807065384690
0.568837783624
-0.085514249426
-0.784166241068
0.614630473955
-0.012320415796
-0.753178436298
0.657700882203
0.060203691292
-0.711993922507
0.699600007052
0.150458555125
-0.717206186108
0.680424507053
0.168832519848
-0.770652611957
0.614483630316
0.184764839789
-0.819219119347
0.542901453741
0.197823874046
-0.862005829440
0.466702972852
-0.139378923135
-0.855569433486
0.498572422293
-0.067155184313
-0.834080987072
0.547539120269
0.007055083693
-0.805364616791
0.592737766483
0.080118394385
-0.766913266381
0.636729993584
0.097895007552
-0.817077553851
0.568155646358
0.112507261788
-0.861912511960
0.494417776554
-0.120627890196
-0.898266762178
0.422570391855
-0.049457960316
-0.879014157364
0.474223598438
0.023590437268
-0.852339592168
0.522456420089
0.038451975168
-0.893943069396
0.446527977046
-0.033711870979
-0.918231462086
0.394606755886
-0.739987218881
0.131404172279
0.659660412182
-0.794320209173
0.110307776738
0.597400702787
-0.846044407155
0.076936756949
0.527531607159
-0.589033165243
0.253757221459
0.767233473462
-0.657633030876
0.237102001898
0.715053450727
-0.720384890660
0.218139673921
0.658377317327
-0.778933654891
0.194134254912
0.596300471531
-0.834002608859
0.162201185815
0.527380719914
-0.802487589061
0.483818944372
0.349188915158
-0.559318214033
0.335747757454
0.757915944426
-0.630430324174
0.319583423136
0.707406560628
-0.696810068882
0.300663222128
0.651196863294
-0.758675919632
0.276676495802
0.589797393722
-0.816108362563
0.244819143407
0.523479443318
-0.847333167136
0.286513989988
0.447142301078
-0.819688713469
0.368401362511
0.438623812751
-0.784751552237
0.448406938255
0.427897439798
-0.742857023933
0.525156817814
0.415179188660
-0.598049595809
0.399813544505
0.694611985632
-0.667136060916
0.380264039879
0.640569072154
-0.731933821396
0.357364919168
0.580140668842
-0.792173815354
0.326838814349
0.515399879417
-0.761085926992
0.407203024607
0.504909802327
-0.722591628307
0.484859637446
0.492719464479
-0.559132378228
0.478151812091
0.677304826656
-0.630556283034
0.458742242140
0.626062560135
-0.697858760264
0.435618851019
0.568532644058
-0.656718309925
0.511833460416
0.553847966691
-0.586136762672
0.535143938610
0.608329401241
-0.659660412182
-0.739987218881
-0.131404172279
-0.597400702787
-0.794320209173
-0.110307776738
-0.527531607159
-0.846044407155
-0.076936756949
-0.767233473462
-0.589033165243
-0.253757221459
-0.715053450727
-0.657633030876
-0.237102001898
-0.658377317327
-0.720384890660
-0.218139673921
-0.596300471531
-0.778933654891
-0.194134254912
-0.527380719914
-0.834002608859
-0.162201185815
-0.349188915158
-0.802487589061
-0.483818944372
-0.757915944426
-0.559318214033
-0.335747757454
-0.707406560628
-0.630430324174
-0.319583423136
-0.651196863294
-0.696810068882
-0.300663222128
-0.589797393722
-0.758675919632
-0.276676495802
-0.523479443318
-0.816108362563
-0.244819143407
-0.447142301078
-0.847333167136
-0.286513989988
-0.438623812751
-0.819688713469
-0.368401362511
-0.427897439798
-0.784751552237
-0.448406938255
-0.415179188660
-0.742857023933
-0.525156817814
-0.694611985632
-0.598049595809
-0.399813544505
-0.640569072154
-0.667136060916
-0.380264039879
-0.580140668842
-0.731933821396
-0.357364919168
-0.515399879417
-0.792173815354
-0.326838814349
-0.504909802327
-0.761085926992
-0.407203024607
-0.492719464479
-0.722591628307
-0.484859637446
-0.677304826656
-0.559132378228
-0.478151812091
-0.626062560135
-0.630556283034
-0.458742242140
-0.568532644058
-0.697858760264
-0.435618851019
-0.553847966691
-0.656718309925
-0.511833460416
-0.608329401241
-0.586136762672
-0.535143938610
0.131404172279
-0.659660412182
0.739987218881
0.110307776738
-0.597400702787
0.794320209173
0.076936756949
-0.527531607159
0.846044407155
0.253757221459
-0.767233473462
0.589033165243
0.237102001898
-0.715053450727
0.657633030876
0.218139673921
-0.658377317327
0.720384890660
0.194134254912
-0.596300471531
0.778933654891
0.162201185815
-0.527380719914
0.834002608859
0.483818944372
-0.349188915158
0.802487589061
0.335747757454
-0.757915944426
0.559318214033
0.319583423136
-0.707406560628
0.630430324174
0.300663222128
-0.651196863294
0.696810068882
0.276676495802
-0.589797393722
0.758675919632
0.244819143407
-0.523479443318
0.816108362563
0.286513989988
-0.447142301078
0.847333167136
0.368401362511
-0.438623812751
0.819688713469
0.448406938255
-0.427897439798
0.784751552237
0.525156817814
-0.415179188660
0.742857023933
0.399813544505
-0.694611985632
0.598049595809
0.380264039879
-0.640569072154
0.667136060916
0.357364919168
-0.580140668842
0.731933821396
0.326838814349
-0.515399879417
0.792173815354
0.407203024607
-0.504909802327
0.761085926992
0.484859637446
-0.492719464479
0.722591628307
0.478151812091
-0.677304826656
0.559132378228
0.458742242140
-0.626062560135
0.630556283034
0.435618851019
-0.568532644058
0.697858760264
0.511833460416
-0.553847966691
0.656718309925
0.535143938610
-0.608329401241
0.586136762672
-0.736806427436
-0.123076752165
0.664807040851
-0.772071629440
-0.052060238795
0.633399660996
-0.809012156592
0.020014933705
0.587451047250
-0.586747412156
-0.247773042186
0.770931899647
-0.634448965253
-0.176405330100
0.752566056903
-0.677183561839
-0.105037126710
0.728278535718
-0.717370416298
-0.032959603819
0.695911884032
-0.756591295972
0.040464262438
0.652634855279
-0.515221934170
0.268252303932
0.813994508572
-0.518832968824
-0.229756009456
0.823422447216
-0.568837783624
-0.158332058524
0.807065384690
-0.614630473955
-0.085514249426
0.784166241068
-0.657700882203
-0.012320415796
0.753178436298
-0.699600007052
0.060203691292
0.711993922507
-0.680424507053
0.150458555125
0.717206186108
-0.614483630316
0.168832519848
0.770652611957
-0.542901453741
0.184764839789
0.819219119347
-0.466702972852
0.197823874046
0.862005829440
-0.498572422293
-0.139378923135
0.855569433486
-0.547539120269
-0.067155184313
0.834080987072
-0.592737766483
0.007055083693
0.805364616791
-0.636729993584
0.080118394385
0.766913266381
-0.568155646358
0.097895007552
0.817077553851
-0.494417776554
0.112507261788
0.861912511960
-0.422570391855
-0.120627890196
0.898266762178
-0.474223598438
-0.049457960316
0.879014157364
-0.522456420089
0.023590437268
0.852339592168
-0.446527977046
0.038451975168
0.893943069396
-0.394606755886
-0.033711870979
0.918231462086
0.329113871675
-0.944276215778
-0.005146628669
0.402857690215
-0.914554403216
-0.035998958209
0.482979693228
-0.873579004229
-0.059919440091
0.112571048250
-0.993636795182
-0.003698426185
0.192521628931
-0.980575456950
-0.037512606176
0.270284002309
-0.960239750148
-0.069901218391
0.348836457384
-0.931874826626
-0.099611412501
0.430652086053
-0.893784192270
-0.125254135365
0.299411316108
-0.833251837153
-0.464805593413
0.050415154553
-0.996577749242
-0.065506502790
0.131636485291
-0.986275800436
-0.099658824063
0.212168679072
-0.968144408751
-0.132969377775
0.293186046406
-0.941991813722
-0.163381042576
0.376071918670
-0.907211222993
-0.188514479189
0.404075367179
-0.873949996076
-0.270063885030
0.343399205761
-0.878540757154
-0.332028799206
0.278446292247
-0.877117441081
-0.391321679549
0.210108122839
-0.869597912720
-0.446826640780
0.069278606179
-0.984526878610
-0.160957447854
0.151645661536
-0.969307346574
-0.193511914918
0.234191114883
-0.945742404136
-0.225223947949
0.318195350307
-0.914052917079
-0.251513386964
0.256104227267
-0.914856228969
-0.312167751525
0.189900400587
-0.909744102234
-0.369193047481
0.003972988238
-0.975274340078
-0.220961935522
0.087295657190
-0.963532541067
-0.252951597228
0.171083922347
-0.943495579067
-0.283806948111
0.104231109031
-0.934596809874
-0.340095102705
0.018638509563
-0.950585776585
-0.309902060845
0.944276215778
0.005146628669
0.329113871675
0.914554403216
0.035998958209
0.402857690215
0.873579004229
0.059919440091
0.482979693228
0.993636795182
0.003698426185
0.112571048250
0.980575456950
0.037512606176
0.192521628931
0.960239750148
0.069901218391
0.270284002309
0.931874826626
0.099611412501
0.348836457384
0.893784192270
0.125254135365
0.430652086053
0.833251837153
0.464805593413
0.299411316108
0.996577749242
0.065506502790
0.050415154553
0.986275800436
0.099658824063
0.131636485291
0.968144408751
0.132969377775
0.212168679072
0.941991813722
0.163381042576
0.293186046406
0.907211222993
0.188514479189
0.376071918670
0.873949996076
0.270063885030
0.404075367179
0.878540757154
0.332028799206
0.343399205761
0.877117441081
0.391321679549
0.278446292247
0.869597912720
0.446826640780
0.210108122839
0.984526878610
0.160957447854
0.069278606179
0.969307346574
0.193511914918
0.151645661536
0.945742404136
0.225223947949
0.234191114883
0.914052917079
0.251513386964
0.318195350307
0.914856228969
0.312167751525
0.256104227267
0.909744102234
0.369193047481
0.189900400587
0.975274340078
0.220961935522
0.003972988238
0.963532541067
0.252951597228
0.087295657190
0.943495579067
0.283806948111
0.171083922347
0.934596809874
0.340095102705
0.104231109031
0.950585776585
0.309902060845
0.018638509563
0.204288996897
-0.452190623840
0.868210599715
0.120234194043
-0.454917929011
0.882379406178
0.027534597074
-0.462964759523
0.885948913541
0.404603629939
-0.360344090436
0.840504633615
0.322942426073
-0.368926959030
0.871550967151
0.239854859488
-0.375321129019
0.895323235760
0.152941171735
-0.381796061203
0.911504671210
0.059781583411
-0.390187823615
0.918792481786
0.030764248092
-0.031159012176
0.999040878543
0.437259535209
-0.280171164009
0.854580726278
0.355845476263
-0.289968543815
0.888421206760
0.271334339868
-0.297682928498
0.915293696083
0.183315894090
-0.305506462202
0.934377378005
0.091102860430
-0.315868227378
0.944419150460
0.026616828940
-0.253616812055
0.966938497041
0.058852043685
-0.174566685913
0.982884992827
0.092365888844
-0.093681452458
0.991308391997
0.126740888787
-0.012284248793
0.991859790667
0.386477282801
-0.208657529314
0.898385966798
0.302171285658
-0.218800845849
0.927803160148
0.213808582740
-0.227136031190
0.950102685651
0.121879101725
-0.238076955922
0.963568807933
0.153770301977
-0.158209219715
0.975358670965
0.187152473927
-0.077393138799
0.979277414000
0.416141961850
-0.124600878433
0.900722203946
0.332976258034
-0.136753617506
0.932965840578
0.245636818802
-0.147493485080
0.958075271108
0.277878499949
-0.065779133863
0.958361437462
0.364449013913
-0.052350380542
0.929750694495
0.736806427436
-0.123076752165
-0.664807040851
0.772071629440
-0.052060238795
-0.633399660996
0.809012156592
0.020014933705
-0.587451047250
0.586747412156
-0.247773042186
-0.770931899647
0.634448965253
-0.176405330100
-0.752566056903
0.677183561839
-0.105037126710
-0.728278535718
0.717370416298
-0.032959603819
-0.695911884032
0.756591295972
0.040464262438
-0.652634855279
0.515221934170
0.268252303932
-0.813994508572
0.518832968824
-0.229756009456
-0.823422447216
0.568837783624
-0.158332058524
-0.807065384690
0.614630473955
-0.085514249426
-0.784166241068
0.657700882203
-0.012320415796
-0.753178436298
0.699600007052
0.060203691292
-0.711993922507
0.680424507053
0.150458555125
-0.717206186108
0.614483630316
0.168832519848
-0.770652611957
0.542901453741
0.184764839789
-0.819219119347
0.466702972852
0.197823874046
-0.862005829440
0.498572422293
-0.139378923135
-0.855569433486
0.547539120269
-0.067155184313
-0.834080987072
0.592737766483
0.007055083693
-0.805364616791
0.636729993584
0.080118394385
-0.766913266381
0.568155646358
0.097895007552
-0.817077553851
0.494417776554
0.112507261788
-0.861912511960
0.422570391855
-0.120627890196
-0.898266762178
0.474223598438
-0.049457960316
-0.879014157364
0.522456420089
0.023590437268
-0.852339592168
0.446527977046
0.038451975168
-0.893943069396
0.394606755886
-0.033711870979
-0.918231462086
-0.664807040851
-0.736806427436
0.123076752165
-0.633399660996
-0.772071629440
0.052060238795
-0.587451047250
-0.809012156592
-0.020014933705
-0.770931899647
-0.586747412156
0.247773042186
-0.752566056903
-0.634448965253
0.176405330100
-0.728278535718
-0.677183561839
0.105037126710
-0.695911884032
-0.717370416298
0.032959603819
-0.652634855279
-0.756591295972
-0.040464262438
-0.813994508572
-0.515221934170
-0.268252303932
-0.823422447216
-0.518832968824
0.229756009456
-0.807065384690
-0.568837783624
0.158332058524
-0.784166241068
-0.614630473955
0.085514249426
-0.753178436298
-0.657700882203
0.012320415796
-0.711993922507
-0.699600007052
-0.060203691292
-0.717206186108
-0.680424507053
-0.150458555125
-0.770652611957
-0.614483630316
-0.168832519848
-0.819219119347
-0.542901453741
-0.184764839789
-0.862005829440
-0.466702972852
-0.197823874046
-0.855569433486
-0.498572422293
0.139378923135
-0.834080987072
-0.547539120269
0.067155184313
-0.805364616791
-0.592737766483
-0.007055083693
-0.766913266381
-0.636729993584
-0.080118394385
-0.817077553851
-0.568155646358
-0.097895007552
-0.861912511960
-0.494417776554
-0.112507261788
-0.898266762178
-0.422570391855
0.120627890196
-0.879014157364
-0.474223598438
0.049457960316
-0.852339592168
-0.522456420089
-0.023590437268
-0.893943069396
-0.446527977046
-0.038451975168
-0.918231462086
-0.394606755886
0.033711870979
0.659660412182
-0.739987218881
0.131404172279
0.597400702787
-0.794320209173
0.110307776738
0.527531607159
-0.846044407155
0.076936756949
0.767233473462
-0.589033165243
0.253757221459
0.715053450727
-0.657633030876
0.237102001898
0.658377317327
-0.720384890660
0.218139673921
0.596300471531
-0.778933654891
0.194134254912
0.527380719914
-0.834002608859
0.162201185815
0.349188915158
-0.802487589061
0.483818944372
0.757915944426
-0.559318214033
0.335747757454
0.707406560628
-0.630430324174
0.319583423136
0.651196863294
-0.696810068882
0.300663222128
0.589797393722
-0.758675919632
0.276676495802
0.523479443318
-0.816108362563
0.244819143407
0.447142301078
-0.847333167136
0.286513989988
0.438623812751
-0.819688713469
0.368401362511
0.427897439798
-0.784751552237
0.448406938255
0.415179188660
-0.742857023933
0.525156817814
0.694611985632
-0.598049595809
0.399813544505
0.640569072154
-0.667136060916
0.380264039879
0.580140668842
-0.731933821396
0.357364919168
0.515399879417
-0.792173815354
0.326838814349
0.504909802327
-0.761085926992
0.407203024607
0.492719464479
-0.722591628307
0.484859637446
0.677304826656
-0.559132378228
0.478151812091
0.626062560135
-0.630556283034
0.458742242140
0.568532644058
-0.697858760264
0.435618851019
0.553847966691
-0.656718309925
0.511833460416
0.608329401241
-0.586136762672
0.535143938610
-0.131404172279
-0.659660412182
-0.739987218881
-0.110307776738
-0.597400702787
-0.794320209173
-0.076936756949
-0.527531607159
-0.846044407155
-0.253757221459
-0.767233473462
-0.589033165243
-0.237102001898
-0.715053450727
-0.657633030876
-0.218139673921
-0.658377317327
-0.720384890660
-0.194134254912
-0.596300471531
-0.778933654891
-0.162201185815
-0.527380719914
-0.834002608859
-0.483818944372
-0.349188915158
-0.802487589061
-0.335747757454
-0.757915944426
-0.559318214033
-0.319583423136
-0.707406560628
-0.630430324174
-0.300663222128
-0.651196863294
-0.696810068882
-0.276676495802
-0.589797393722
-0.758675919632
-0.244819143407
-0.523479443318
-0.816108362563
-0.286513989988
-0.447142301078
-0.847333167136
-0.368401362511
-0.438623812751
-0.819688713469
-0.448406938255
-0.427897439798
-0.784751552237
-0.525156817814
-0.415179188660
-0.742857023933
-0.399813544505
-0.694611985632
-0.598049595809
-0.380264039879
-0.640569072154
-0.667136060916
-0.357364919168
-0.580140668842
-0.731933821396
-0.326838814349
-0.515399879417
-0.792173815354
-0.407203024607
-0.504909802327
-0.761085926992
-0.484859637446
-0.492719464479
-0.722591628307
-0.478151812091
-0.677304826656
-0.559132378228
-0.458742242140
-0.626062560135
-0.630556283034
-0.435618851019
-0.568532644058
-0.697858760264
-0.511833460416
-0.553847966691
-0.656718309925
-0.535143938610
-0.608329401241
-0.586136762672
0.131404172279
0.659660412182
-0.739987218881
0.110307776738
0.597400702787
-0.794320209173
0.076936756949
0.527531607159
-0.846044407155
0.253757221459
0.767233473462
-0.589033165243
0.237102001898
0.715053450727
-0.657633030876
0.218139673921
0.658377317327
-0.720384890660
0.194134254912
0.596300471531
-0.778933654891
0.162201185815
0.527380719914
-0.834002608859
0.483818944372
0.349188915158
-0.802487589061
0.335747757454
0.757915944426
-0.559318214033
0.319583423136
0.707406560628
-0.630430324174
0.300663222128
0.651196863294
-0.696810068882
0.276676495802
0.589797393722
-0.758675919632
0.244819143407
0.523479443318
-0.816108362563
0.286513989988
0.447142301078
-0.847333167136
0.368401362511
0.438623812751
-0.819688713469
0.448406938255
0.427897439798
-0.784751552237
0.525156817814
0.415179188660
-0.742857023933
0.399813544505
0.694611985632
-0.598049595809
0.380264039879
0.640569072154
-0.667136060916
0.357364919168
0.580140668842
-0.731933821396
0.326838814349
0.515399879417
-0.792173815354
0.407203024607
0.504909802327
-0.761085926992
0.484859637446
0.492719464479
-0.722591628307
0.478151812091
0.677304826656
-0.559132378228
0.458742242140
0.626062560135
-0.630556283034
0.435618851019
0.568532644058
-0.697858760264
0.511833460416
0.553847966691
-0.656718309925
0.535143938610
0.608329401241
-0.586136762672
-0.739987218881
-0.131404172279
-0.659660412182
-0.794320209173
-0.110307776738
-0.597400702787
-0.846044407155
-0.076936756949
-0.527531607159
-0.589033165243
-0.253757221459
-0.767233473462
-0.657633030876
-0.237102001898
-0.715053450727
-0.720384890660
-0.218139673921
-0.658377317327
-0.778933654891
-0.194134254912
-0.596300471531
-0.834002608859
-0.162201185815
-0.527380719914
-0.802487589061
-0.483818944372
-0.349188915158
-0.559318214033
-0.335747757454
-0.757915944426
-0.630430324174
-0.319583423136
-0.707406560628
-0.696810068882
-0.300663222128
-0.651196863294
-0.758675919632
-0.276676495802
-0.589797393722
-0.816108362563
-0.244819143407
-0.523479443318
-0.847333167136
-0.286513989988
-0.447142301078
-0.819688713469
-0.368401362511
-0.438623812751
-0.784751552237
-0.448406938255
-0.427897439798
-0.742857023933
-0.525156817814
-0.415179188660
-0.598049595809
-0.399813544505
-0.694611985632
-0.667136060916
-0.380264039879
-0.640569072154
-0.731933821396
-0.357364919168
-0.580140668842
-0.792173815354
-0.326838814349
-0.515399879417
-0.761085926992
-0.407203024607
-0.504909802327
-0.722591628307
-0.484859637446
-0.492719464479
-0.559132378228
-0.478151812091
-0.677304826656
-0.630556283034
-0.458742242140
-0.626062560135
-0.697858760264
-0.435618851019
-0.568532644058
-0.656718309925
-0.511833460416
-0.553847966691
-0.586136762672
-0.535143938610
-0.608329401241
-0.664807040851
0.736806427436
-0.123076752165
-0.633399660996
0.772071629440
-0.052060238795
-0.587451047250
0.809012156592
0.020014933705
-0.770931899647
0.586747412156
-0.247773042186
-0.752566056903
0.634448965253
-0.176405330100
-0.728278535718
0.677183561839
-0.105037126710
-0.695911884032
0.717370416298
-0.032959603819
-0.652634855279
0.756591295972
0.040464262438
-0.813994508572
0.515221934170
0.268252303932
-0.823422447216
0.518832968824
-0.229756009456
-0.807065384690
0.568837783624
-0.158332058524
-0.784166241068
0.614630473955
-0.085514249426
-0.753178436298
0.657700882203
-0.012320415796
-0.711993922507
0.699600007052
0.060203691292
-0.717206186108
0.680424507053
0.150458555125
-0.770652611957
0.614483630316
0.168832519848
-0.819219119347
0.542901453741
0.184764839789
-0.862005829440
0.466702972852
0.197823874046
-0.855569433486
0.498572422293
-0.139378923135
-0.834080987072
0.547539120269
-0.067155184313
-0.805364616791
0.592737766483
0.007055083693
-0.766913266381
0.636729993584
0.080118394385
-0.817077553851
0.568155646358
0.097895007552
-0.861912511960
0.494417776554
0.112507261788
-0.898266762178
0.422570391855
-0.120627890196
-0.879014157364
0.474223598438
-0.049457960316
-0.852339592168
0.522456420089
0.023590437268
-0.893943069396
0.446527977046
0.038451975168
-0.918231462086
0.394606755886
-0.033711870979
-0.123076752165
0.664807040851
-0.736806427436
-0.052060238795
0.633399660996
-0.772071629440
0.020014933705
0.587451047250
-0.809012156592
-0.247773042186
0.770931899647
-0.586747412156
-0.176405330100
0.752566056903
-0.634448965253
-0.105037126710
0.728278535718
-0.677183561839
-0.032959603819
0.695911884032
-0.717370416298
0.040464262438
0.652634855279
-0.756591295972
0.268252303932
0.813994508572
-0.515221934170
-0.229756009456
0.823422447216
-0.518832968824
-0.158332058524
0.807065384690
-0.568837783624
-0.085514249426
0.784166241068
-0.614630473955
-0.012320415796
0.753178436298
-0.657700882203
0.060203691292
0.711993922507
-0.699600007052
0.150458555125
0.717206186108
-0.680424507053
0.168832519848
0.770652611957
-0.614483630316
0.184764839789
0.819219119347
-0.542901453741
0.197823874046
0.862005829440
-0.466702972852
-0.139378923135
0.855569433486
-0.498572422293
-0.067155184313
0.834080987072
-0.547539120269
0.007055083693
0.805364616791
-0.592737766483
0.080118394385
0.766913266381
-0.636729993584
0.097895007552
0.817077553851
-0.568155646358
0.112507261788
0.861912511960
-0.494417776554
-0.120627890196
0.898266762178
-0.422570391855
-0.049457960316
0.879014157364
-0.474223598438
0.023590437268
0.852339592168
-0.522456420089
0.038451975168
0.893943069396
-0.446527977046
-0.033711870979
0.918231462086
-0.394606755886
0.207469788342
-0.460518043954
-0.863063971046
0.142482773776
-0.513165466953
-0.846380447969
0.064566847637
-0.559916450176
-0.826029473450
0.406889383026
-0.366328269709
-0.836806207430
0.346126491697
-0.429623630829
-0.834038360976
0.283056188309
-0.488423676230
-0.825422017369
0.214504410328
-0.542970712297
-0.811893258709
0.137192896299
-0.592853271868
-0.793538346421
0.318029902982
-0.783230260480
-0.534235285129
0.477744780417
-0.386162912007
-0.789074223489
0.417438016813
-0.451219908427
-0.788762382697
0.353513934796
-0.512831901200
-0.782324318308
0.284290931519
-0.569862542208
-0.770996335428
0.207611215941
-0.620891062077
-0.755904671270
0.193525489023
-0.690589357167
-0.696874612011
0.264057126838
-0.711800568271
-0.650856193621
0.334215987340
-0.726853230502
-0.599986712448
0.402894939868
-0.735264940653
-0.545033149887
0.485954456318
-0.469092150684
-0.737428518943
0.421768226305
-0.531909701414
-0.734291245230
0.353004637652
-0.591556034051
-0.724878737703
0.277322923495
-0.645034164656
-0.712055420969
0.346700582611
-0.663307251874
-0.663190919440
0.415326325680
-0.674760038033
-0.610084366519
0.552703948223
-0.482124800328
-0.679760268424
0.489308942629
-0.546037899330
-0.680014243349
0.421039158978
-0.606702773366
-0.674268322997
0.488068832828
-0.616064569447
-0.618266334757
0.555979020699
-0.553782448173
-0.619848633651
-0.868210599715
-0.204288996897
-0.452190623840
-0.882379406178
-0.120234194043
-0.454917929011
-0.885948913541
-0.027534597074
-0.462964759523
-0.840504633615
-0.404603629939
-0.360344090436
-0.871550967151
-0.322942426073
-0.368926959030
-0.895323235760
-0.239854859488
-0.375321129019
-0.911504671210
-0.152941171735
-0.381796061203
-0.918792481786
-0.059781583411
-0.390187823615
-0.999040878543
-0.030764248092
-0.031159012176
-0.854580726278
-0.437259535209
-0.280171164009
-0.888421206760
-0.355845476263
-0.289968543815
-0.915293696083
-0.271334339868
-0.297682928498
-0.934377378005
-0.183315894090
-0.305506462202
-0.944419150460
-0.091102860430
-0.315868227378
-0.966938497041
-0.026616828940
-0.253616812055
-0.982884992827
-0.058852043685
-0.174566685913
-0.991308391997
-0.092365888844
-0.093681452458
-0.991859790667
-0.126740888787
-0.012284248793
-0.898385966798
-0.386477282801
-0.208657529314
-0.927803160148
-0.302171285658
-0.218800845849
-0.950102685651
-0.213808582740
-0.227136031190
-0.963568807933
-0.121879101725
-0.238076955922
-0.975358670965
-0.153770301977
-0.158209219715
-0.979277414000
-0.187152473927
-0.077393138799
-0.900722203946
-0.416141961850
-0.124600878433
-0.932965840578
-0.332976258034
-0.136753617506
-0.958075271108
-0.245636818802
-0.147493485080
-0.958361437462
-0.277878499949
-0.065779133863
-0.929750694495
-0.364449013913
-0.052350380542
-0.207469788342
0.460518043954
-0.863063971046
-0.142482773776
0.513165466953
-0.846380447969
-0.064566847637
0.559916450176
-0.826029473450
-0.406889383026
0.366328269709
-0.836806207430
-0.346126491697
0.429623630829
-0.834038360976
-0.283056188309
0.488423676230
-0.825422017369
-0.214504410328
0.542970712297
-0.811893258709
-0.137192896299
0.592853271868
-0.793538346421
-0.318029902982
0.783230260480
-0.534235285129
-0.477744780417
0.386162912007
-0.789074223489
-0.417438016813
0.451219908427
-0.788762382697
-0.353513934796
0.512831901200
-0.782324318308
-0.284290931519
0.569862542208
-0.770996335428
-0.207611215941
0.620891062077
-0.755904671270
-0.193525489023
0.690589357167
-0.696874612011
-0.264057126838
0.711800568271
-0.650856193621
-0.334215987340
0.726853230502
-0.599986712448
-0.402894939868
0.735264940653
-0.545033149887
-0.485954456318
0.469092150684
-0.737428518943
-0.421768226305
0.531909701414
-0.734291245230
-0.353004637652
0.591556034051
-0.724878737703
-0.277322923495
0.645034164656
-0.712055420969
-0.346700582611
0.663307251874
-0.663190919440
-0.415326325680
0.674760038033
-0.610084366519
-0.552703948223
0.482124800328
-0.679760268424
-0.489308942629
0.546037899330
-0.680014243349
-0.421039158978
0.606702773366
-0.674268322997
-0.488068832828
0.616064569447
-0.618266334757
-0.555979020699
0.553782448173
-0.619848633651
0.868210599715
0.204288996897
-0.452190623840
0.882379406178
0.120234194043
-0.454917929011
0.885948913541
0.027534597074
-0.462964759523
0.840504633615
0.404603629939
-0.360344090436
0.871550967151
0.322942426073
-0.368926959030
0.895323235760
0.239854859488
-0.375321129019
0.911504671210
0.152941171735
-0.381796061203
0.918792481786
0.059781583411
-0.390187823615
0.999040878543
0.030764248092
-0.031159012176
0.854580726278
0.437259535209
-0.280171164009
0.888421206760
0.355845476263
-0.289968543815
0.915293696083
0.271334339868
-0.297682928498
0.934377378005
0.183315894090
-0.305506462202
0.944419150460
0.091102860430
-0.315868227378
0.966938497041
0.026616828940
-0.253616812055
0.982884992827
0.058852043685
-0.174566685913
0.991308391997
0.092365888844
-0.093681452458
0.991859790667
0.126740888787
-0.012284248793
0.898385966798
0.386477282801
-0.208657529314
0.927803160148
0.302171285658
-0.218800845849
0.950102685651
0.213808582740
-0.227136031190
0.963568807933
0.121879101725
-0.238076955922
0.975358670965
0.153770301977
-0.158209219715
0.979277414000
0.187152473927
-0.077393138799
0.900722203946
0.416141961850
-0.124600878433
0.932965840578
0.332976258034
-0.136753617506
0.958075271108
0.245636818802
-0.147493485080
0.958361437462
0.277878499949
-0.065779133863
0.929750694495
0.364449013913
-0.052350380542
0.123076752165
-0.664807040851
-0.736806427436
0.052060238795
-0.633399660996
-0.772071629440
-0.020014933705
-0.587451047250
-0.809012156592
0.247773042186
-0.770931899647
-0.586747412156
0.176405330100
-0.752566056903
-0.634448965253
0.105037126710
-0.728278535718
-0.677183561839
0.032959603819
-0.695911884032
-0.717370416298
-0.040464262438
-0.652634855279
-0.756591295972
-0.268252303932
-0.813994508572
-0.515221934170
0.229756009456
-0.823422447216
-0.518832968824
0.158332058524
-0.807065384690
-0.568837783624
0.085514249426
-0.784166241068
-0.614630473955
0.012320415796
-0.753178436298
-0.657700882203
-0.060203691292
-0.711993922507
-0.699600007052
-0.150458555125
-0.717206186108
-0.680424507053
-0.168832519848
-0.770652611957
-0.614483630316
-0.184764839789
-0.819219119347
-0.542901453741
-0.197823874046
-0.862005829440
-0.466702972852
0.139378923135
-0.855569433486
-0.498572422293
0.067155184313
-0.834080987072
-0.547539120269
-0.007055083693
-0.805364616791
-0.592737766483
-0.080118394385
-0.766913266381
-0.636729993584
-0.097895007552
-0.817077553851
-0.568155646358
-0.112507261788
-0.861912511960
-0.494417776554
0.120627890196
-0.898266762178
-0.422570391855
0.049457960316
-0.879014157364
-0.474223598438
-0.023590437268
-0.852339592168
-0.522456420089
-0.038451975168
-0.893943069396
-0.446527977046
0.033711870979
-0.918231462086
-0.394606755886
0.739987218881
0.131404172279
-0.659660412182
0.794320209173
0.110307776738
-0.597400702787
0.846044407155
0.076936756949
-0.527531607159
0.589033165243
0.253757221459
-0.767233473462
0.657633030876
0.237102001898
-0.715053450727
0.720384890660
0.218139673921
-0.658377317327
0.778933654891
0.194134254912
-0.596300471531
0.834002608859
0.162201185815
-0.527380719914
0.802487589061
0.483818944372
-0.349188915158
0.559318214033
0.335747757454
-0.757915944426
0.630430324174
0.319583423136
-0.707406560628
0.696810068882
0.300663222128
-0.651196863294
0.758675919632
0.276676495802
-0.589797393722
0.816108362563
0.244819143407
-0.523479443318
0.847333167136
0.286513989988
-0.447142301078
0.819688713469
0.368401362511
-0.438623812751
0.784751552237
0.448406938255
-0.427897439798
0.742857023933
0.525156817814
-0.415179188660
0.598049595809
0.399813544505
-0.694611985632
0.667136060916
0.380264039879
-0.640569072154
0.731933821396
0.357364919168
-0.580140668842
0.792173815354
0.326838814349
-0.515399879417
0.761085926992
0.407203024607
-0.504909802327
0.722591628307
0.484859637446
-0.492719464479
0.559132378228
0.478151812091
-0.677304826656
0.630556283034
0.458742242140
-0.626062560135
0.697858760264
0.435618851019
-0.568532644058
0.656718309925
0.511833460416
-0.553847966691
0.586136762672
0.535143938610
-0.608329401241
-0.944276215778
0.005146628669
-0.329113871675
-0.914554403216
0.035998958209
-0.402857690215
-0.873579004229
0.059919440091
-0.482979693228
-0.993636795182
0.003698426185
-0.112571048250
-0.980575456950
0.037512606176
-0.192521628931
-0.960239750148
0.069901218391
-0.270284002309
-0.931874826626
0.099611412501
-0.348836457384
-0.893784192270
0.125254135365
-0.430652086053
-0.833251837153
0.464805593413
-0.299411316108
-0.996577749242
0.065506502790
-0.050415154553
-0.986275800436
0.099658824063
-0.131636485291
-0.968144408751
0.132969377775
-0.212168679072
-0.941991813722
0.163381042576
-0.293186046406
-0.907211222993
0.188514479189
-0.376071918670
-0.873949996076
0.270063885030
-0.404075367179
-0.878540757154
0.332028799206
-0.343399205761
-0.877117441081
0.391321679549
-0.278446292247
-0.869597912720
0.446826640780
-0.210108122839
-0.984526878610
0.160957447854
-0.069278606179
-0.969307346574
0.193511914918
-0.151645661536
-0.945742404136
0.225223947949
-0.234191114883
-0.914052917079
0.251513386964
-0.318195350307
-0.914856228969
0.312167751525
-0.256104227267
-0.909744102234
0.369193047481
-0.189900400587
-0.975274340078
0.220961935522
-0.003972988238
-0.963532541067
0.252951597228
-0.087295657190
-0.943495579067
0.283806948111
-0.171083922347
-0.934596809874
0.340095102705
-0.104231109031
-0.950585776585
0.309902060845
-0.018638509563
0.005146628669
-0.329113871675
-0.944276215778
0.035998958209
-0.402857690215
-0.914554403216
0.059919440091
-0.482979693228
-0.873579004229
0.003698426185
-0.112571048250
-0.993636795182
0.037512606176
-0.192521628931
-0.980575456950
0.069901218391
-0.270284002309
-0.960239750148
0.099611412501
-0.348836457384
-0.931874826626
0.125254135365
-0.430652086053
-0.893784192270
0.464805593413
-0.299411316108
-0.833251837153
0.065506502790
-0.050415154553
-0.996577749242
0.099658824063
-0.131636485291
-0.986275800436
0.132969377775
-0.212168679072
-0.968144408751
0.163381042576
-0.293186046406
-0.941991813722
0.188514479189
-0.376071918670
-0.907211222993
0.270063885030
-0.404075367179
-0.873949996076
0.332028799206
-0.343399205761
-0.878540757154
0.391321679549
-0.278446292247
-0.877117441081
0.446826640780
-0.210108122839
-0.869597912720
0.160957447854
-0.069278606179
-0.984526878610
0.193511914918
-0.151645661536
-0.969307346574
0.225223947949
-0.234191114883
-0.945742404136
0.251513386964
-0.318195350307
-0.914052917079
0.312167751525
-0.256104227267
-0.914856228969
0.369193047481
-0.189900400587
-0.909744102234
0.220961935522
-0.003972988238
-0.975274340078
0.252951597228
-0.087295657190
-0.963532541067
0.283806948111
-0.171083922347
-0.943495579067
0.340095102705
-0.104231109031
-0.934596809874
0.309902060845
-0.018638509563
-0.950585776585
0.460518043954
-0.863063971046
-0.207469788342
0.513165466953
-0.846380447969
-0.142482773776
0.559916450176
-0.826029473450
-0.064566847637
0.366328269709
-0.836806207430
-0.406889383026
0.429623630829
-0.834038360976
-0.346126491697
0.488423676230
-0.825422017369
-0.283056188309
0.542970712297
-0.811893258709
-0.214504410328
0.592853271868
-0.793538346421
-0.137192896299
0.783230260480
-0.534235285129
-0.318029902982
0.386162912007
-0.789074223489
-0.477744780417
0.451219908427
-0.788762382697
-0.417438016813
0.512831901200
-0.782324318308
-0.353513934796
0.569862542208
-0.770996335428
-0.284290931519
0.620891062077
-0.755904671270
-0.207611215941
0.690589357167
-0.696874612011
-0.193525489023
0.711800568271
-0.650856193621
-0.264057126838
0.726853230502
-0.599986712448
-0.334215987340
0.735264940653
-0.545033149887
-0.402894939868
0.469092150684
-0.737428518943
-0.485954456318
0.531909701414
-0.734291245230
-0.421768226305
0.591556034051
-0.724878737703
-0.353004637652
0.645034164656
-0.712055420969
-0.277322923495
0.663307251874
-0.663190919440
-0.346700582611
0.674760038033
-0.610084366519
-0.415326325680
0.482124800328
-0.679760268424
-0.552703948223
0.546037899330
-0.680014243349
-0.489308942629
0.606702773366
-0.674268322997
-0.421039158978
0.616064569447
-0.618266334757
-0.488068832828
0.553782448173
-0.619848633651
-0.555979020699
-0.460518043954
-0.863063971046
0.207469788342
-0.513165466953
-0.846380447969
0.142482773776
-0.559916450176
-0.826029473450
0.064566847637
-0.366328269709
-0.836806207430
0.406889383026
-0.429623630829
-0.834038360976
0.346126491697
-0.488423676230
-0.825422017369
0.283056188309
-0.542970712297
-0.811893258709
0.214504410328
-0.592853271868
-0.793538346421
0.137192896299
-0.783230260480
-0.534235285129
0.318029902982
-0.386162912007
-0.789074223489
0.477744780417
-0.451219908427
-0.788762382697
0.417438016813
-0.512831901200
-0.782324318308
0.353513934796
-0.569862542208
-0.770996335428
0.284290931519
-0.620891062077
-0.755904671270
0.207611215941
-0.690589357167
-0.696874612011
0.193525489023
-0.711800568271
-0.650856193621
0.264057126838
-0.726853230502
-0.599986712448
0.334215987340
-0.735264940653
-0.545033149887
0.402894939868
-0.469092150684
-0.737428518943
0.485954456318
-0.531909701414
-0.734291245230
0.421768226305
-0.591556034051
-0.724878737703
0.353004637652
-0.645034164656
-0.712055420969
0.277322923495
-0.663307251874
-0.663190919440
0.346700582611
-0.674760038033
-0.610084366519
0.415326325680
-0.482124800328
-0.679760268424
0.552703948223
-0.546037899330
-0.680014243349
0.489308942629
-0.606702773366
-0.674268322997
0.421039158978
-0.616064569447
-0.618266334757
0.488068832828
-0.553782448173
-0.619848633651
0.555979020699
-0.329113871675
-0.944276215778
0.005146628669
-0.402857690215
-0.914554403216
0.035998958209
-0.482979693228
-0.873579004229
0.059919440091
-0.112571048250
-0.993636795182
0.003698426185
-0.192521628931
-0.980575456950
0.037512606176
-0.270284002309
-0.960239750148
0.069901218391
-0.348836457384
-0.931874826626
0.099611412501
-0.430652086053
-0.893784192270
0.125254135365
-0.299411316108
-0.833251837153
0.464805593413
-0.050415154553
-0.996577749242
0.065506502790
-0.131636485291
-0.986275800436
0.099658824063
-0.212168679072
-0.968144408751
0.132969377775
-0.293186046406
-0.941991813722
0.163381042576
-0.376071918670
-0.907211222993
0.188514479189
-0.404075367179
-0.873949996076
0.270063885030
-0.343399205761
-0.878540757154
0.332028799206
-0.278446292247
-0.877117441081
0.391321679549
-0.210108122839
-0.869597912720
0.446826640780
-0.069278606179
-0.984526878610
0.160957447854
-0.151645661536
-0.969307346574
0.193511914918
-0.234191114883
-0.945742404136
0.225223947949
-0.318195350307
-0.914052917079
0.251513386964
-0.256104227267
-0.914856228969
0.312167751525
-0.189900400587
-0.909744102234
0.369193047481
-0.003972988238
-0.975274340078
0.220961935522
-0.087295657190
-0.963532541067
0.252951597228
-0.171083922347
-0.943495579067
0.283806948111
-0.104231109031
-0.934596809874
0.340095102705
-0.018638509563
-0.950585776585
0.309902060845
0.329113871675
0.944276215778
0.005146628669
0.402857690215
0.914554403216
0.035998958209
0.482979693228
0.873579004229
0.059919440091
0.112571048250
0.993636795182
0.003698426185
0.192521628931
0.980575456950
0.037512606176
0.270284002309
0.960239750148
0.069901218391
0.348836457384
0.931874826626
0.099611412501
0.430652086053
0.893784192270
0.125254135365
0.299411316108
0.833251837153
0.464805593413
0.050415154553
0.996577749242
0.065506502790
0.131636485291
0.986275800436
0.099658824063
0.212168679072
0.968144408751
0.132969377775
0.293186046406
0.941991813722
0.163381042576
0.376071918670
0.907211222993
0.188514479189
0.404075367179
0.873949996076
0.270063885030
0.343399205761
0.878540757154
0.332028799206
0.278446292247
0.877117441081
0.391321679549
0.210108122839
0.869597912720
0.446826640780
0.069278606179
0.984526878610
0.160957447854
0.151645661536
0.969307346574
0.193511914918
0.234191114883
0.945742404136
0.225223947949
0.318195350307
0.914052917079
0.251513386964
0.256104227267
0.914856228969
0.312167751525
0.189900400587
0.909744102234
0.369193047481
0.003972988238
0.975274340078
0.220961935522
0.087295657190
0.963532541067
0.252951597228
0.171083922347
0.943495579067
0.283806948111
0.104231109031
0.934596809874
0.340095102705
0.018638509563
0.950585776585
0.309902060845
-0.204288996897
-0.452190623840
-0.868210599715
-0.120234194043
-0.454917929011
-0.882379406178
-0.027534597074
-0.462964759523
-0.885948913541
-0.404603629939
-0.360344090436
-0.840504633615
-0.322942426073
-0.368926959030
-0.871550967151
-0.239854859488
-0.375321129019
-0.895323235760
-0.152941171735
-0.381796061203
-0.911504671210
-0.059781583411
-0.390187823615
-0.918792481786
-0.030764248092
-0.031159012176
-0.999040878543
-0.437259535209
-0.280171164009
-0.854580726278
-0.355845476263
-0.289968543815
-0.888421206760
-0.271334339868
-0.297682928498
-0.915293696083
-0.183315894090
-0.305506462202
-0.934377378005
-0.091102860430
-0.315868227378
-0.944419150460
-0.026616828940
-0.253616812055
-0.966938497041
-0.058852043685
-0.174566685913
-0.982884992827
-0.092365888844
-0.093681452458
-0.991308391997
-0.126740888787
-0.012284248793
-0.991859790667
-0.386477282801
-0.208657529314
-0.898385966798
-0.302171285658
-0.218800845849
-0.927803160148
-0.213808582740
-0.227136031190
-0.950102685651
-0.121879101725
-0.238076955922
-0.963568807933
-0.153770301977
-0.158209219715
-0.975358670965
-0.187152473927
-0.077393138799
-0.979277414000
-0.416141961850
-0.124600878433
-0.900722203946
-0.332976258034
-0.136753617506
-0.932965840578
-0.245636818802
-0.147493485080
-0.958075271108
-0.277878499949
-0.065779133863
-0.958361437462
-0.364449013913
-0.052350380542
-0.929750694495
0.664807040851
-0.736806427436
-0.123076752165
0.633399660996
-0.772071629440
-0.052060238795
0.587451047250
-0.809012156592
0.020014933705
0.770931899647
-0.586747412156
-0.247773042186
0.752566056903
-0.634448965253
-0.176405330100
0.728278535718
-0.677183561839
-0.105037126710
0.695911884032
-0.717370416298
-0.032959603819
0.652634855279
-0.756591295972
0.040464262438
0.813994508572
-0.515221934170
0.268252303932
0.823422447216
-0.518832968824
-0.229756009456
0.807065384690
-0.568837783624
-0.158332058524
0.784166241068
-0.614630473955
-0.085514249426
0.753178436298
-0.657700882203
-0.012320415796
0.711993922507
-0.699600007052
0.060203691292
0.717206186108
-0.680424507053
0.150458555125
0.770652611957
-0.614483630316
0.168832519848
0.819219119347
-0.542901453741
0.184764839789
0.862005829440
-0.466702972852
0.197823874046
0.855569433486
-0.498572422293
-0.139378923135
0.834080987072
-0.547539120269
-0.067155184313
0.805364616791
-0.592737766483
0.007055083693
0.766913266381
-0.636729993584
0.080118394385
0.817077553851
-0.568155646358
0.097895007552
0.861912511960
-0.494417776554
0.112507261788
0.898266762178
-0.422570391855
-0.120627890196
0.879014157364
-0.474223598438
-0.049457960316
0.852339592168
-0.522456420089
0.023590437268
0.893943069396
-0.446527977046
0.038451975168
0.918231462086
-0.394606755886
-0.033711870979
