0.653799644671
0.738915620372
0.162940880685
0.728851805907
0.586750959512
0.352843246412
0.521302613430
0.753671742976
0.400278014724
0.525731112119
0.850650808352
0.000000000000
0.000000000000
0.525731112119
-0.850650808352
-0.525731112119
0.850650808352
0.000000000000
0.000000000000
0.525731112119
0.850650808352
0.850650808352
-0.000000000000
0.525731112119
-0.850650808352
-0.000000000000
0.525731112119
-0.000000000000
-0.525731112119
0.850650808352
-0.850650808352
-0.000000000000
-0.525731112119
-0.525731112119
-0.850650808352
0.000000000000
0.850650808352
-0.000000000000
-0.525731112119
0.525731112119
-0.850650808352
0.000000000000
0.000000000000
-0.525731112119
-0.850650808352
0.577350269190
0.577350269190
0.577350269190
0.356822089773
0.000000000000
-0.934172358963
-0.577350269190
0.577350269190
-0.577350269190
-0.356822089773
0.000000000000
0.934172358963
0.934172358963
0.356822089773
-0.000000000000
0.000000000000
0.934172358963
-0.356822089773
-0.577350269190
0.577350269190
0.577350269190
0.577350269190
-0.577350269190
0.577350269190
-0.934172358963
-0.356822089773
-0.000000000000
0.577350269190
0.577350269190
-0.577350269190
-0.000000000000
0.934172358963
0.356822089773
-0.577350269190
-0.577350269190
0.577350269190
0.934172358963
-0.356822089773
0.000000000000
0.356822089773
-0.000000000000
0.934172358963
-0.356822089773
-0.000000000000
-0.934172358963
-0.000000000000
-0.934172358963
-0.356822089773
0.577350269190
-0.577350269190
-0.577350269190
0.000000000000
-0.934172358963
0.356822089773
-0.934172358963
0.356822089773
0.000000000000
-0.577350269190
-0.577350269190
-0.577350269190
0.033259603321
0.314289652828
-0.948744334851
0.102346297699
0.073042280099
-0.992063536607
0.296077786431
0.248502874124
-0.922271253989
-0.653799644671
0.738915620372
-0.162940880685
-0.728851805907
0.586750959512
-0.352843246412
-0.521302613430
0.753671742976
-0.400278014724
-0.033259603321
0.314289652828
0.948744334851
-0.102346297699
0.073042280099
0.992063536607
-0.296077786431
0.248502874124
0.922271253989
0.687059247992
0.718360055067
-0.109125712060
0.831198103606
0.523497468911
-0.187243458112
0.817380399861
0.570685607647
0.078785907035
-0.423415364887
0.881300935752
-0.209828714480
-0.260285738211
0.876340715323
-0.405312577095
-0.169716967088
0.970963622371
-0.168599511013
-0.230384279784
0.477230533512
0.848041332431
-0.468566067696
0.425885526511
0.773994417624
-0.351585646341
0.648780888848
0.674885835940
0.848041332431
-0.230384279784
0.477230533512
0.773994417624
-0.468566067696
0.425885526511
0.674885835940
-0.351585646341
0.648780888848
-0.881300935752
-0.209828714480
0.423415364887
-0.876340715323
-0.405312577095
0.260285738211
-0.970963622371
-0.168599511013
0.169716967088
0.477230533512
0.848041332431
-0.230384279784
0.425885526511
0.773994417624
-0.468566067696
0.648780888848
0.674885835940
-0.351585646341
-0.109125712060
0.687059247992
0.718360055067
-0.187243458112
0.831198103606
0.523497468911
0.078785907035
0.817380399861
0.570685607647
-0.162940880685
-0.653799644671
0.738915620372
-0.352843246412
-0.728851805907
0.586750959512
-0.400278014724
-0.521302613430
0.753671742976
0.948744334851
-0.033259603321
0.314289652828
0.992063536607
-0.102346297699
0.073042280099
0.922271253989
-0.296077786431
0.248502874124
0.162940880685
0.653799644671
0.738915620372
0.352843246412
0.728851805907
0.586750959512
0.400278014724
0.521302613430
0.753671742976
-0.209828714480
-0.423415364887
0.881300935752
-0.405312577095
-0.260285738211
0.876340715323
-0.168599511013
-0.169716967088
0.970963622371
0.209828714480
0.423415364887
0.881300935752
0.405312577095
0.260285738211
0.876340715323
0.168599511013
0.169716967088
0.970963622371
-0.314289652828
0.948744334851
0.033259603321
-0.073042280099
0.992063536607
0.102346297699
-0.248502874124
0.922271253989
0.296077786431
-0.718360055067
-0.109125712060
-0.687059247992
-0.523497468911
-0.187243458112
-0.831198103606
-0.570685607647
0.078785907035
-0.817380399861
-0.738915620372
-0.162940880685
0.653799644671
-0.586750959512
-0.352843246412
0.728851805907
-0.753671742976
-0.400278014724
0.521302613430
-0.477230533512
0.848041332431
0.230384279784
-0.425885526511
0.773994417624
0.468566067696
-0.648780888848
0.674885835940
0.351585646341
-0.738915620372
0.162940880685
-0.653799644671
-0.586750959512
0.352843246412
-0.728851805907
-0.753671742976
0.400278014724
-0.521302613430
-0.314289652828
-0.948744334851
-0.033259603321
-0.073042280099
-0.992063536607
-0.102346297699
-0.248502874124
-0.922271253989
-0.296077786431
0.718360055067
-0.109125712060
0.687059247992
0.523497468911
-0.187243458112
0.831198103606
0.570685607647
0.078785907035
0.817380399861
0.738915620372
-0.162940880685
-0.653799644671
0.586750959512
-0.352843246412
-0.728851805907
0.753671742976
-0.400278014724
-0.521302613430
0.314289652828
0.948744334851
-0.033259603321
0.073042280099
0.992063536607
-0.102346297699
0.248502874124
0.922271253989
-0.296077786431
0.738915620372
0.162940880685
0.653799644671
0.586750959512
0.352843246412
0.728851805907
0.753671742976
0.400278014724
0.521302613430
0.881300935752
-0.209828714480
-0.423415364887
0.876340715323
-0.405312577095
-0.260285738211
0.970963622371
-0.168599511013
-0.169716967088
-0.209828714480
0.423415364887
-0.881300935752
-0.405312577095
0.260285738211
-0.876340715323
-0.168599511013
0.169716967088
-0.970963622371
0.314289652828
-0.948744334851
0.033259603321
0.073042280099
-0.992063536607
0.102346297699
0.248502874124
-0.922271253989
0.296077786431
-0.948744334851
0.033259603321
0.314289652828
-0.992063536607
0.102346297699
0.073042280099
-0.922271253989
0.296077786431
0.248502874124
0.109125712060
-0.687059247992
0.718360055067
0.187243458112
-0.831198103606
0.523497468911
-0.078785907035
-0.817380399861
0.570685607647
-0.848041332431
0.230384279784
0.477230533512
-0.773994417624
0.468566067696
0.425885526511
-0.674885835940
0.351585646341
0.648780888848
-0.477230533512
-0.848041332431
-0.230384279784
-0.425885526511
-0.773994417624
-0.468566067696
-0.648780888848
-0.674885835940
-0.351585646341
0.230384279784
-0.477230533512
0.848041332431
0.468566067696
-0.425885526511
0.773994417624
0.351585646341
-0.648780888848
0.674885835940
-0.718360055067
0.109125712060
0.687059247992
-0.523497468911
0.187243458112
0.831198103606
-0.570685607647
-0.078785907035
0.817380399861
0.423415364887
-0.881300935752
-0.209828714480
0.260285738211
-0.876340715323
-0.405312577095
0.169716967088
-0.970963622371
-0.168599511013
0.881300935752
0.209828714480
0.423415364887
0.876340715323
0.405312577095
0.260285738211
0.970963622371
0.168599511013
0.169716967088
0.033259603321
-0.314289652828
0.948744334851
0.102346297699
-0.073042280099
0.992063536607
0.296077786431
-0.248502874124
0.922271253989
0.718360055067
0.109125712060
-0.687059247992
0.523497468911
0.187243458112
-0.831198103606
0.570685607647
-0.078785907035
-0.817380399861
-0.687059247992
-0.718360055067
-0.109125712060
-0.831198103606
-0.523497468911
-0.187243458112
-0.817380399861
-0.570685607647
0.078785907035
0.477230533512
-0.848041332431
0.230384279784
0.425885526511
-0.773994417624
0.468566067696
0.648780888848
-0.674885835940
0.351585646341
-0.230384279784
-0.477230533512
-0.848041332431
-0.468566067696
-0.425885526511
-0.773994417624
-0.351585646341
-0.648780888848
-0.674885835940
0.230384279784
0.477230533512
-0.848041332431
0.468566067696
0.425885526511
-0.773994417624
0.351585646341
0.648780888848
-0.674885835940
-0.848041332431
-0.230384279784
-0.477230533512
-0.773994417624
-0.468566067696
-0.425885526511
-0.674885835940
-0.351585646341
-0.648780888848
-0.687059247992
0.718360055067
0.109125712060
-0.831198103606
0.523497468911
0.187243458112
-0.817380399861
0.570685607647
-0.078785907035
0.109125712060
0.687059247992
-0.718360055067
0.187243458112
0.831198103606
-0.523497468911
-0.078785907035
0.817380399861
-0.570685607647
0.162940880685
-0.653799644671
-0.738915620372
0.352843246412
-0.728851805907
-0.586750959512
0.400278014724
-0.521302613430
-0.753671742976
-0.948744334851
-0.033259603321
-0.314289652828
-0.992063536607
-0.102346297699
-0.073042280099
-0.922271253989
-0.296077786431
-0.248502874124
-0.162940880685
0.653799644671
-0.738915620372
-0.352843246412
0.728851805907
-0.586750959512
-0.400278014724
0.521302613430
-0.753671742976
0.948744334851
0.033259603321
-0.314289652828
0.992063536607
0.102346297699
-0.073042280099
0.922271253989
0.296077786431
-0.248502874124
-0.109125712060
-0.687059247992
-0.718360055067
-0.187243458112
-0.831198103606
-0.523497468911
0.078785907035
-0.817380399861
-0.570685607647
0.848041332431
0.230384279784
-0.477230533512
0.773994417624
0.468566067696
-0.425885526511
0.674885835940
0.351585646341
-0.648780888848
-0.881300935752
0.209828714480
-0.423415364887
-0.876340715323
0.405312577095
-0.260285738211
-0.970963622371
0.168599511013
-0.169716967088
0.209828714480
-0.423415364887
-0.881300935752
0.405312577095
-0.260285738211
-0.876340715323
0.168599511013
-0.169716967088
-0.970963622371
0.653799644671
-0.738915620372
-0.162940880685
0.728851805907
-0.586750959512
-0.352843246412
0.521302613430
-0.753671742976
-0.400278014724
-0.653799644671
-0.738915620372
0.162940880685
-0.728851805907
-0.586750959512
0.352843246412
-0.521302613430
-0.753671742976
0.400278014724
-0.423415364887
-0.881300935752
0.209828714480
-0.260285738211
-0.876340715323
0.405312577095
-0.169716967088
-0.970963622371
0.168599511013
0.423415364887
0.881300935752
0.209828714480
0.260285738211
0.876340715323
0.405312577095
0.169716967088
0.970963622371
0.168599511013
-0.033259603321
-0.314289652828
-0.948744334851
-0.102346297699
-0.073042280099
-0.992063536607
-0.296077786431
-0.248502874124
-0.922271253989
0.687059247992
-0.718360055067
0.109125712060
0.831198103606
-0.523497468911
0.187243458112
0.817380399861
-0.570685607647
-0.078785907035
