0.432328176685
0.846583150327
0.310466290000
0.513188232668
0.831802335102
0.211524734180
0.581472564954
0.808115148917
0.094018946477
0.759937734343
0.589498357847
0.273836312451
0.374998569954
0.776853540912
0.505840536636
0.470209151041
0.779281951953
0.414274056197
0.556671434082
0.768967770040
0.314333394848
0.630140203517
0.750703856815
0.198411298255
0.667869152036
0.681140270550
0.299997879317
0.690848906990
0.601348788012
0.401381891554
0.498411279637
0.698819310870
0.513067020072
0.588055726606
0.695137363393
0.413490638855
0.605337698013
0.609973187558
0.511369711485
0.525731112119
0.850650808352
0.000000000000
0.000000000000
0.525731112119
-0.850650808352
-0.525731112119
0.850650808352
0.000000000000
0.000000000000
0.525731112119
0.850650808352
0.850650808352
-0.000000000000
0.525731112119
-0.850650808352
-0.000000000000
0.525731112119
-0.000000000000
-0.525731112119
0.850650808352
-0.850650808352
-0.000000000000
-0.525731112119
-0.525731112119
-0.850650808352
0.000000000000
0.850650808352
-0.000000000000
-0.525731112119
0.525731112119
-0.850650808352
0.000000000000
0.000000000000
-0.525731112119
-0.850650808352
0.296616997051
0.396070257023
-0.868991777039
0.171574045856
0.408595972761
-0.896443906685
0.035047957443
0.427084511314
-0.903532213524
0.023734374009
0.105162358850
-0.994171794898
0.461795251888
0.259686517438
-0.848120308680
0.340861542835
0.278012695859
-0.898065893773
0.213589450360
0.292920363251
-0.931974896383
0.077428259904
0.313402497053
-0.946458524928
0.119252725779
0.194672196772
-0.973592072276
0.165127313049
0.072326390466
-0.983616726031
0.381821341729
0.154805632859
-0.911179279305
0.255302349259
0.173913407821
-0.951091392582
0.299530019063
0.050734183083
-0.952737010065
-0.432328176685
0.846583150327
-0.310466290000
-0.513188232668
0.831802335102
-0.211524734180
-0.581472564954
0.808115148917
-0.094018946477
-0.759937734343
0.589498357847
-0.273836312451
-0.374998569954
0.776853540912
-0.505840536636
-0.470209151041
0.779281951953
-0.414274056197
-0.556671434082
0.768967770040
-0.314333394848
-0.630140203517
0.750703856815
-0.198411298255
-0.667869152036
0.681140270550
-0.299997879317
-0.690848906990
0.601348788012
-0.401381891554
-0.498411279637
0.698819310870
-0.513067020072
-0.588055726606
0.695137363393
-0.413490638855
-0.605337698013
0.609973187558
-0.511369711485
-0.296616997051
0.396070257023
0.868991777039
-0.171574045856
0.408595972761
0.896443906685
-0.035047957443
0.427084511314
0.903532213524
-0.023734374009
0.105162358850
0.994171794898
-0.461795251888
0.259686517438
0.848120308680
-0.340861542835
0.278012695859
0.898065893773
-0.213589450360
0.292920363251
0.931974896383
-0.077428259904
0.313402497053
0.946458524928
-0.119252725779
0.194672196772
0.973592072276
-0.165127313049
0.072326390466
0.983616726031
-0.381821341729
0.154805632859
0.911179279305
-0.255302349259
0.173913407821
0.951091392582
-0.299530019063
0.050734183083
0.952737010065
0.728945173736
0.663263764509
0.169470092869
0.684762278524
0.725763743176
0.066087903602
0.616520522397
0.786454319981
-0.037310160098
0.783672108352
0.574829708008
-0.235433288602
0.836793821842
0.491448379402
0.241359876761
0.811070693876
0.568617933023
0.137251505567
0.770260884442
0.636962230079
0.031261595472
0.707568463421
0.702850560504
-0.073129742040
0.787121877815
0.607438032767
-0.107042915755
0.855976220039
0.499294496077
-0.134200286570
0.880232621366
0.462840744051
0.104732888476
0.843358075865
0.537351834143
-0.000402760347
0.904867717075
0.424853455127
-0.026719959991
-0.226600164154
0.973730054509
-0.022408626712
-0.342508069159
0.937288477356
-0.064641571583
-0.464394671412
0.880473266458
-0.095417064607
-0.340595647453
0.848666020459
-0.404673437051
-0.018326640677
0.997288916039
-0.071266767767
-0.140761190291
0.982891989220
-0.118783941820
-0.261658767778
0.951295624927
-0.163007126343
-0.386532239093
0.901261858759
-0.195754668114
-0.301715112527
0.907435912084
-0.292451801726
-0.206526677036
0.900676387631
-0.382267938019
-0.050072744383
0.975907764123
-0.212359968435
-0.174316168168
0.950842472998
-0.255954029189
-0.077454143075
0.936223166612
-0.342763822506
-0.205728012531
0.706536547024
0.677113057458
-0.170680163509
0.620120706941
0.765714431500
-0.117077893543
0.521103457790
0.845425309015
-0.419342086890
0.378998671301
0.824931646450
-0.356671929277
0.765527054074
0.535493664151
-0.329447960750
0.692286752056
0.642030446385
-0.295012666304
0.607253758099
0.737706174568
-0.243607964424
0.511813795308
0.823833598855
-0.366154039509
0.494670076089
0.788183186305
-0.484322229954
0.473708282020
0.735549074582
-0.448338535254
0.667872652931
0.594086422394
-0.413739558438
0.587404046676
0.695540123739
-0.527883554938
0.562103894569
0.636693147550
0.677113057458
-0.205728012531
0.706536547024
0.765714431500
-0.170680163509
0.620120706941
0.845425309015
-0.117077893543
0.521103457790
0.824931646450
-0.419342086890
0.378998671301
0.535493664151
-0.356671929277
0.765527054074
0.642030446385
-0.329447960750
0.692286752056
0.737706174568
-0.295012666304
0.607253758099
0.823833598855
-0.243607964424
0.511813795308
0.788183186305
-0.366154039509
0.494670076089
0.735549074582
-0.484322229954
0.473708282020
0.594086422394
-0.448338535254
0.667872652931
0.695540123739
-0.413739558438
0.587404046676
0.636693147550
-0.527883554938
0.562103894569
-0.973730054509
-0.022408626712
0.226600164154
-0.937288477356
-0.064641571583
0.342508069159
-0.880473266458
-0.095417064607
0.464394671412
-0.848666020459
-0.404673437051
0.340595647453
-0.997288916039
-0.071266767767
0.018326640677
-0.982891989220
-0.118783941820
0.140761190291
-0.951295624927
-0.163007126343
0.261658767778
-0.901261858759
-0.195754668114
0.386532239093
-0.907435912084
-0.292451801726
0.301715112527
-0.900676387631
-0.382267938019
0.206526677036
-0.975907764123
-0.212359968435
0.050072744383
-0.950842472998
-0.255954029189
0.174316168168
-0.936223166612
-0.342763822506
0.077454143075
0.706536547024
0.677113057458
-0.205728012531
0.620120706941
0.765714431500
-0.170680163509
0.521103457790
0.845425309015
-0.117077893543
0.378998671301
0.824931646450
-0.419342086890
0.765527054074
0.535493664151
-0.356671929277
0.692286752056
0.642030446385
-0.329447960750
0.607253758099
0.737706174568
-0.295012666304
0.511813795308
0.823833598855
-0.243607964424
0.494670076089
0.788183186305
-0.366154039509
0.473708282020
0.735549074582
-0.484322229954
0.667872652931
0.594086422394
-0.448338535254
0.587404046676
0.695540123739
-0.413739558438
0.562103894569
0.636693147550
-0.527883554938
0.169470092869
0.728945173736
0.663263764509
0.066087903602
0.684762278524
0.725763743176
-0.037310160098
0.616520522397
0.786454319981
-0.235433288602
0.783672108352
0.574829708008
0.241359876761
0.836793821842
0.491448379402
0.137251505567
0.811070693876
0.568617933023
0.031261595472
0.770260884442
0.636962230079
-0.073129742040
0.707568463421
0.702850560504
-0.107042915755
0.787121877815
0.607438032767
-0.134200286570
0.855976220039
0.499294496077
0.104732888476
0.880232621366
0.462840744051
-0.000402760347
0.843358075865
0.537351834143
-0.026719959991
0.904867717075
0.424853455127
-0.310466290000
-0.432328176685
0.846583150327
-0.211524734180
-0.513188232668
0.831802335102
-0.094018946477
-0.581472564954
0.808115148917
-0.273836312451
-0.759937734343
0.589498357847
-0.505840536636
-0.374998569954
0.776853540912
-0.414274056197
-0.470209151041
0.779281951953
-0.314333394848
-0.556671434082
0.768967770040
-0.198411298255
-0.630140203517
0.750703856815
-0.299997879317
-0.667869152036
0.681140270550
-0.401381891554
-0.690848906990
0.601348788012
-0.513067020072
-0.498411279637
0.698819310870
-0.413490638855
-0.588055726606
0.695137363393
-0.511369711485
-0.605337698013
0.609973187558
0.868991777039
-0.296616997051
0.396070257023
0.896443906685
-0.171574045856
0.408595972761
0.903532213524
-0.035047957443
0.427084511314
0.994171794898
-0.023734374009
0.105162358850
0.848120308680
-0.461795251888
0.259686517438
0.898065893773
-0.340861542835
0.278012695859
0.931974896383
-0.213589450360
0.292920363251
0.946458524928
-0.077428259904
0.313402497053
0.973592072276
-0.119252725779
0.194672196772
0.983616726031
-0.165127313049
0.072326390466
0.911179279305
-0.381821341729
0.154805632859
0.951091392582
-0.255302349259
0.173913407821
0.952737010065
-0.299530019063
0.050734183083
0.310466290000
0.432328176685
0.846583150327
0.211524734180
0.513188232668
0.831802335102
0.094018946477
0.581472564954
0.808115148917
0.273836312451
0.759937734343
0.589498357847
0.505840536636
0.374998569954
0.776853540912
0.414274056197
0.470209151041
0.779281951953
0.314333394848
0.556671434082
0.768967770040
0.198411298255
0.630140203517
0.750703856815
0.299997879317
0.667869152036
0.681140270550
0.401381891554
0.690848906990
0.601348788012
0.513067020072
0.498411279637
0.698819310870
0.413490638855
0.588055726606
0.695137363393
0.511369711485
0.605337698013
0.609973187558
-0.022408626712
-0.226600164154
0.973730054509
-0.064641571583
-0.342508069159
0.937288477356
-0.095417064607
-0.464394671412
0.880473266458
-0.404673437051
-0.340595647453
0.848666020459
-0.071266767767
-0.018326640677
0.997288916039
-0.118783941820
-0.140761190291
0.982891989220
-0.163007126343
-0.261658767778
0.951295624927
-0.195754668114
-0.386532239093
0.901261858759
-0.292451801726
-0.301715112527
0.907435912084
-0.382267938019
-0.206526677036
0.900676387631
-0.212359968435
-0.050072744383
0.975907764123
-0.255954029189
-0.174316168168
0.950842472998
-0.342763822506
-0.077454143075
0.936223166612
0.022408626712
0.226600164154
0.973730054509
0.064641571583
0.342508069159
0.937288477356
0.095417064607
0.464394671412
0.880473266458
0.404673437051
0.340595647453
0.848666020459
0.071266767767
0.018326640677
0.997288916039
0.118783941820
0.140761190291
0.982891989220
0.163007126343
0.261658767778
0.951295624927
0.195754668114
0.386532239093
0.901261858759
0.292451801726
0.301715112527
0.907435912084
0.382267938019
0.206526677036
0.900676387631
0.212359968435
0.050072744383
0.975907764123
0.255954029189
0.174316168168
0.950842472998
0.342763822506
0.077454143075
0.936223166612
-0.396070257023
0.868991777039
0.296616997051
-0.408595972761
0.896443906685
0.171574045856
-0.427084511314
0.903532213524
0.035047957443
-0.105162358850
0.994171794898
0.023734374009
-0.259686517438
0.848120308680
0.461795251888
-0.278012695859
0.898065893773
0.340861542835
-0.292920363251
0.931974896383
0.213589450360
-0.313402497053
0.946458524928
0.077428259904
-0.194672196772
0.973592072276
0.119252725779
-0.072326390466
0.983616726031
0.165127313049
-0.154805632859
0.911179279305
0.381821341729
-0.173913407821
0.951091392582
0.255302349259
-0.050734183083
0.952737010065
0.299530019063
-0.663263764509
0.169470092869
-0.728945173736
-0.725763743176
0.066087903602
-0.684762278524
-0.786454319981
-0.037310160098
-0.616520522397
-0.574829708008
-0.235433288602
-0.783672108352
-0.491448379402
0.241359876761
-0.836793821842
-0.568617933023
0.137251505567
-0.811070693876
-0.636962230079
0.031261595472
-0.770260884442
-0.702850560504
-0.073129742040
-0.707568463421
-0.607438032767
-0.107042915755
-0.787121877815
-0.499294496077
-0.134200286570
-0.855976220039
-0.462840744051
0.104732888476
-0.880232621366
-0.537351834143
-0.000402760347
-0.843358075865
-0.424853455127
-0.026719959991
-0.904867717075
-0.846583150327
-0.310466290000
0.432328176685
-0.831802335102
-0.211524734180
0.513188232668
-0.808115148917
-0.094018946477
0.581472564954
-0.589498357847
-0.273836312451
0.759937734343
-0.776853540912
-0.505840536636
0.374998569954
-0.779281951953
-0.414274056197
0.470209151041
-0.768967770040
-0.314333394848
0.556671434082
-0.750703856815
-0.198411298255
0.630140203517
-0.681140270550
-0.299997879317
0.667869152036
-0.601348788012
-0.401381891554
0.690848906990
-0.698819310870
-0.513067020072
0.498411279637
-0.695137363393
-0.413490638855
0.588055726606
-0.609973187558
-0.511369711485
0.605337698013
-0.706536547024
0.677113057458
0.205728012531
-0.620120706941
0.765714431500
0.170680163509
-0.521103457790
0.845425309015
0.117077893543
-0.378998671301
0.824931646450
0.419342086890
-0.765527054074
0.535493664151
0.356671929277
-0.692286752056
0.642030446385
0.329447960750
-0.607253758099
0.737706174568
0.295012666304
-0.511813795308
0.823833598855
0.243607964424
-0.494670076089
0.788183186305
0.366154039509
-0.473708282020
0.735549074582
0.484322229954
-0.667872652931
0.594086422394
0.448338535254
-0.587404046676
0.695540123739
0.413739558438
-0.562103894569
0.636693147550
0.527883554938
-0.846583150327
0.310466290000
-0.432328176685
-0.831802335102
0.211524734180
-0.513188232668
-0.808115148917
0.094018946477
-0.581472564954
-0.589498357847
0.273836312451
-0.759937734343
-0.776853540912
0.505840536636
-0.374998569954
-0.779281951953
0.414274056197
-0.470209151041
-0.768967770040
0.314333394848
-0.556671434082
-0.750703856815
0.198411298255
-0.630140203517
-0.681140270550
0.299997879317
-0.667869152036
-0.601348788012
0.401381891554
-0.690848906990
-0.698819310870
0.513067020072
-0.498411279637
-0.695137363393
0.413490638855
-0.588055726606
-0.609973187558
0.511369711485
-0.605337698013
-0.396070257023
-0.868991777039
-0.296616997051
-0.408595972761
-0.896443906685
-0.171574045856
-0.427084511314
-0.903532213524
-0.035047957443
-0.105162358850
-0.994171794898
-0.023734374009
-0.259686517438
-0.848120308680
-0.461795251888
-0.278012695859
-0.898065893773
-0.340861542835
-0.292920363251
-0.931974896383
-0.213589450360
-0.313402497053
-0.946458524928
-0.077428259904
-0.194672196772
-0.973592072276
-0.119252725779
-0.072326390466
-0.983616726031
-0.165127313049
-0.154805632859
-0.911179279305
-0.381821341729
-0.173913407821
-0.951091392582
-0.255302349259
-0.050734183083
-0.952737010065
-0.299530019063
0.663263764509
0.169470092869
0.728945173736
0.725763743176
0.066087903602
0.684762278524
0.786454319981
-0.037310160098
0.616520522397
0.574829708008
-0.235433288602
0.783672108352
0.491448379402
0.241359876761
0.836793821842
0.568617933023
0.137251505567
0.811070693876
0.636962230079
0.031261595472
0.770260884442
0.702850560504
-0.073129742040
0.707568463421
0.607438032767
-0.107042915755
0.787121877815
0.499294496077
-0.134200286570
0.855976220039
0.462840744051
0.104732888476
0.880232621366
0.537351834143
-0.000402760347
0.843358075865
0.424853455127
-0.026719959991
0.904867717075
0.846583150327
-0.310466290000
-0.432328176685
0.831802335102
-0.211524734180
-0.513188232668
0.808115148917
-0.094018946477
-0.581472564954
0.589498357847
-0.273836312451
-0.759937734343
0.776853540912
-0.505840536636
-0.374998569954
0.779281951953
-0.414274056197
-0.470209151041
0.768967770040
-0.314333394848
-0.556671434082
0.750703856815
-0.198411298255
-0.630140203517
0.681140270550
-0.299997879317
-0.667869152036
0.601348788012
-0.401381891554
-0.690848906990
0.698819310870
-0.513067020072
-0.498411279637
0.695137363393
-0.413490638855
-0.588055726606
0.609973187558
-0.511369711485
-0.605337698013
0.396070257023
0.868991777039
-0.296616997051
0.408595972761
0.896443906685
-0.171574045856
0.427084511314
0.903532213524
-0.035047957443
0.105162358850
0.994171794898
-0.023734374009
0.259686517438
0.848120308680
-0.461795251888
0.278012695859
0.898065893773
-0.340861542835
0.292920363251
0.931974896383
-0.213589450360
0.313402497053
0.946458524928
-0.077428259904
0.194672196772
0.973592072276
-0.119252725779
0.072326390466
0.983616726031
-0.165127313049
0.154805632859
0.911179279305
-0.381821341729
0.173913407821
0.951091392582
-0.255302349259
0.050734183083
0.952737010065
-0.299530019063
0.846583150327
0.310466290000
0.432328176685
0.831802335102
0.211524734180
0.513188232668
0.808115148917
0.094018946477
0.581472564954
0.589498357847
0.273836312451
0.759937734343
0.776853540912
0.505840536636
0.374998569954
0.779281951953
0.414274056197
0.470209151041
0.768967770040
0.314333394848
0.556671434082
0.750703856815
0.198411298255
0.630140203517
0.681140270550
0.299997879317
0.667869152036
0.601348788012
0.401381891554
0.690848906990
0.698819310870
0.513067020072
0.498411279637
0.695137363393
0.413490638855
0.588055726606
0.609973187558
0.511369711485
0.605337698013
0.973730054509
-0.022408626712
-0.226600164154
0.937288477356
-0.064641571583
-0.342508069159
0.880473266458
-0.095417064607
-0.464394671412
0.848666020459
-0.404673437051
-0.340595647453
0.997288916039
-0.071266767767
-0.018326640677
0.982891989220
-0.118783941820
-0.140761190291
0.951295624927
-0.163007126343
-0.261658767778
0.901261858759
-0.195754668114
-0.386532239093
0.907435912084
-0.292451801726
-0.301715112527
0.900676387631
-0.382267938019
-0.206526677036
0.975907764123
-0.212359968435
-0.050072744383
0.950842472998
-0.255954029189
-0.174316168168
0.936223166612
-0.342763822506
-0.077454143075
-0.022408626712
0.226600164154
-0.973730054509
-0.064641571583
0.342508069159
-0.937288477356
-0.095417064607
0.464394671412
-0.880473266458
-0.404673437051
0.340595647453
-0.848666020459
-0.071266767767
0.018326640677
-0.997288916039
-0.118783941820
0.140761190291
-0.982891989220
-0.163007126343
0.261658767778
-0.951295624927
-0.195754668114
0.386532239093
-0.901261858759
-0.292451801726
0.301715112527
-0.907435912084
-0.382267938019
0.206526677036
-0.900676387631
-0.212359968435
0.050072744383
-0.975907764123
-0.255954029189
0.174316168168
-0.950842472998
-0.342763822506
0.077454143075
-0.936223166612
0.396070257023
-0.868991777039
0.296616997051
0.408595972761
-0.896443906685
0.171574045856
0.427084511314
-0.903532213524
0.035047957443
0.105162358850
-0.994171794898
0.023734374009
0.259686517438
-0.848120308680
0.461795251888
0.278012695859
-0.898065893773
0.340861542835
0.292920363251
-0.931974896383
0.213589450360
0.313402497053
-0.946458524928
0.077428259904
0.194672196772
-0.973592072276
0.119252725779
0.072326390466
-0.983616726031
0.165127313049
0.154805632859
-0.911179279305
0.381821341729
0.173913407821
-0.951091392582
0.255302349259
0.050734183083
-0.952737010065
0.299530019063
-0.868991777039
0.296616997051
0.396070257023
-0.896443906685
0.171574045856
0.408595972761
-0.903532213524
0.035047957443
0.427084511314
-0.994171794898
0.023734374009
0.105162358850
-0.848120308680
0.461795251888
0.259686517438
-0.898065893773
0.340861542835
0.278012695859
-0.931974896383
0.213589450360
0.292920363251
-0.946458524928
0.077428259904
0.313402497053
-0.973592072276
0.119252725779
0.194672196772
-0.983616726031
0.165127313049
0.072326390466
-0.911179279305
0.381821341729
0.154805632859
-0.951091392582
0.255302349259
0.173913407821
-0.952737010065
0.299530019063
0.050734183083
-0.169470092869
-0.728945173736
0.663263764509
-0.066087903602
-0.684762278524
0.725763743176
0.037310160098
-0.616520522397
0.786454319981
0.235433288602
-0.783672108352
0.574829708008
-0.241359876761
-0.836793821842
0.491448379402
-0.137251505567
-0.811070693876
0.568617933023
-0.031261595472
-0.770260884442
0.636962230079
0.073129742040
-0.707568463421
0.702850560504
0.107042915755
-0.787121877815
0.607438032767
0.134200286570
-0.855976220039
0.499294496077
-0.104732888476
-0.880232621366
0.462840744051
0.000402760347
-0.843358075865
0.537351834143
0.026719959991
-0.904867717075
0.424853455127
-0.677113057458
0.205728012531
0.706536547024
-0.765714431500
0.170680163509
0.620120706941
-0.845425309015
0.117077893543
0.521103457790
-0.824931646450
0.419342086890
0.378998671301
-0.535493664151
0.356671929277
0.765527054074
-0.642030446385
0.329447960750
0.692286752056
-0.737706174568
0.295012666304
0.607253758099
-0.823833598855
0.243607964424
0.511813795308
-0.788183186305
0.366154039509
0.494670076089
-0.735549074582
0.484322229954
0.473708282020
-0.594086422394
0.448338535254
0.667872652931
-0.695540123739
0.413739558438
0.587404046676
-0.636693147550
0.527883554938
0.562103894569
-0.706536547024
-0.677113057458
-0.205728012531
-0.620120706941
-0.765714431500
-0.170680163509
-0.521103457790
-0.845425309015
-0.117077893543
-0.378998671301
-0.824931646450
-0.419342086890
-0.765527054074
-0.535493664151
-0.356671929277
-0.692286752056
-0.642030446385
-0.329447960750
-0.607253758099
-0.737706174568
-0.295012666304
-0.511813795308
-0.823833598855
-0.243607964424
-0.494670076089
-0.788183186305
-0.366154039509
-0.473708282020
-0.735549074582
-0.484322229954
-0.667872652931
-0.594086422394
-0.448338535254
-0.587404046676
-0.695540123739
-0.413739558438
-0.562103894569
-0.636693147550
-0.527883554938
0.205728012531
-0.706536547024
0.677113057458
0.170680163509
-0.620120706941
0.765714431500
0.117077893543
-0.521103457790
0.845425309015
0.419342086890
-0.378998671301
0.824931646450
0.356671929277
-0.765527054074
0.535493664151
0.329447960750
-0.692286752056
0.642030446385
0.295012666304
-0.607253758099
0.737706174568
0.243607964424
-0.511813795308
0.823833598855
0.366154039509
-0.494670076089
0.788183186305
0.484322229954
-0.473708282020
0.735549074582
0.448338535254
-0.667872652931
0.594086422394
0.413739558438
-0.587404046676
0.695540123739
0.527883554938
-0.562103894569
0.636693147550
-0.663263764509
-0.169470092869
0.728945173736
-0.725763743176
-0.066087903602
0.684762278524
-0.786454319981
0.037310160098
0.616520522397
-0.574829708008
0.235433288602
0.783672108352
-0.491448379402
-0.241359876761
0.836793821842
-0.568617933023
-0.137251505567
0.811070693876
-0.636962230079
-0.031261595472
0.770260884442
-0.702850560504
0.073129742040
0.707568463421
-0.607438032767
0.107042915755
0.787121877815
-0.499294496077
0.134200286570
0.855976220039
-0.462840744051
-0.104732888476
0.880232621366
-0.537351834143
0.000402760347
0.843358075865
-0.424853455127
0.026719959991
0.904867717075
0.226600164154
-0.973730054509
-0.022408626712
0.342508069159
-0.937288477356
-0.064641571583
0.464394671412
-0.880473266458
-0.095417064607
0.340595647453
-0.848666020459
-0.404673437051
0.018326640677
-0.997288916039
-0.071266767767
0.140761190291
-0.982891989220
-0.118783941820
0.261658767778
-0.951295624927
-0.163007126343
0.386532239093
-0.901261858759
-0.195754668114
0.301715112527
-0.907435912084
-0.292451801726
0.206526677036
-0.900676387631
-0.382267938019
0.050072744383
-0.975907764123
-0.212359968435
0.174316168168
-0.950842472998
-0.255954029189
0.077454143075
-0.936223166612
-0.342763822506
0.973730054509
0.022408626712
0.226600164154
0.937288477356
0.064641571583
0.342508069159
0.880473266458
0.095417064607
0.464394671412
0.848666020459
0.404673437051
0.340595647453
0.997288916039
0.071266767767
0.018326640677
0.982891989220
0.118783941820
0.140761190291
0.951295624927
0.163007126343
0.261658767778
0.901261858759
0.195754668114
0.386532239093
0.907435912084
0.292451801726
0.301715112527
0.900676387631
0.382267938019
0.206526677036
0.975907764123
0.212359968435
0.050072744383
0.950842472998
0.255954029189
0.174316168168
0.936223166612
0.342763822506
0.077454143075
0.296616997051
-0.396070257023
0.868991777039
0.171574045856
-0.408595972761
0.896443906685
0.035047957443
-0.427084511314
0.903532213524
0.023734374009
-0.105162358850
0.994171794898
0.461795251888
-0.259686517438
0.848120308680
0.340861542835
-0.278012695859
0.898065893773
0.213589450360
-0.292920363251
0.931974896383
0.077428259904
-0.313402497053
0.946458524928
0.119252725779
-0.194672196772
0.973592072276
0.165127313049
-0.072326390466
0.983616726031
0.381821341729
-0.154805632859
0.911179279305
0.255302349259
-0.173913407821
0.951091392582
0.299530019063
-0.050734183083
0.952737010065
0.663263764509
-0.169470092869
-0.728945173736
0.725763743176
-0.066087903602
-0.684762278524
0.786454319981
0.037310160098
-0.616520522397
0.574829708008
0.235433288602
-0.783672108352
0.491448379402
-0.241359876761
-0.836793821842
0.568617933023
-0.137251505567
-0.811070693876
0.636962230079
-0.031261595472
-0.770260884442
0.702850560504
0.073129742040
-0.707568463421
0.607438032767
0.107042915755
-0.787121877815
0.499294496077
0.134200286570
-0.855976220039
0.462840744051
-0.104732888476
-0.880232621366
0.537351834143
0.000402760347
-0.843358075865
0.424853455127
0.026719959991
-0.904867717075
-0.728945173736
-0.663263764509
0.169470092869
-0.684762278524
-0.725763743176
0.066087903602
-0.616520522397
-0.786454319981
-0.037310160098
-0.783672108352
-0.574829708008
-0.235433288602
-0.836793821842
-0.491448379402
0.241359876761
-0.811070693876
-0.568617933023
0.137251505567
-0.770260884442
-0.636962230079
0.031261595472
-0.707568463421
-0.702850560504
-0.073129742040
-0.787121877815
-0.607438032767
-0.107042915755
-0.855976220039
-0.499294496077
-0.134200286570
-0.880232621366
-0.462840744051
0.104732888476
-0.843358075865
-0.537351834143
-0.000402760347
-0.904867717075
-0.424853455127
-0.026719959991
0.706536547024
-0.677113057458
0.205728012531
0.620120706941
-0.765714431500
0.170680163509
0.521103457790
-0.845425309015
0.117077893543
0.378998671301
-0.824931646450
0.419342086890
0.765527054074
-0.535493664151
0.356671929277
0.692286752056
-0.642030446385
0.329447960750
0.607253758099
-0.737706174568
0.295012666304
0.511813795308
-0.823833598855
0.243607964424
0.494670076089
-0.788183186305
0.366154039509
0.473708282020
-0.735549074582
0.484322229954
0.667872652931
-0.594086422394
0.448338535254
0.587404046676
-0.695540123739
0.413739558438
0.562103894569
-0.636693147550
0.527883554938
-0.205728012531
-0.706536547024
-0.677113057458
-0.170680163509
-0.620120706941
-0.765714431500
-0.117077893543
-0.521103457790
-0.845425309015
-0.419342086890
-0.378998671301
-0.824931646450
-0.356671929277
-0.765527054074
-0.535493664151
-0.329447960750
-0.692286752056
-0.642030446385
-0.295012666304
-0.607253758099
-0.737706174568
-0.243607964424
-0.511813795308
-0.823833598855
-0.366154039509
-0.494670076089
-0.788183186305
-0.484322229954
-0.473708282020
-0.735549074582
-0.448338535254
-0.667872652931
-0.594086422394
-0.413739558438
-0.587404046676
-0.695540123739
-0.527883554938
-0.562103894569
-0.636693147550
0.205728012531
0.706536547024
-0.677113057458
0.170680163509
0.620120706941
-0.765714431500
0.117077893543
0.521103457790
-0.845425309015
0.419342086890
0.378998671301
-0.824931646450
0.356671929277
0.765527054074
-0.535493664151
0.329447960750
0.692286752056
-0.642030446385
0.295012666304
0.607253758099
-0.737706174568
0.243607964424
0.511813795308
-0.823833598855
0.366154039509
0.494670076089
-0.788183186305
0.484322229954
0.473708282020
-0.735549074582
0.448338535254
0.667872652931
-0.594086422394
0.413739558438
0.587404046676
-0.695540123739
0.527883554938
0.562103894569
-0.636693147550
-0.677113057458
-0.205728012531
-0.706536547024
-0.765714431500
-0.170680163509
-0.620120706941
-0.845425309015
-0.117077893543
-0.521103457790
-0.824931646450
-0.419342086890
-0.378998671301
-0.535493664151
-0.356671929277
-0.765527054074
-0.642030446385
-0.329447960750
-0.692286752056
-0.737706174568
-0.295012666304
-0.607253758099
-0.823833598855
-0.243607964424
-0.511813795308
-0.788183186305
-0.366154039509
-0.494670076089
-0.735549074582
-0.484322229954
-0.473708282020
-0.594086422394
-0.448338535254
-0.667872652931
-0.695540123739
-0.413739558438
-0.587404046676
-0.636693147550
-0.527883554938
-0.562103894569
-0.728945173736
0.663263764509
-0.169470092869
-0.684762278524
0.725763743176
-0.066087903602
-0.616520522397
0.786454319981
0.037310160098
-0.783672108352
0.574829708008
0.235433288602
-0.836793821842
0.491448379402
-0.241359876761
-0.811070693876
0.568617933023
-0.137251505567
-0.770260884442
0.636962230079
-0.031261595472
-0.707568463421
0.702850560504
0.073129742040
-0.787121877815
0.607438032767
0.107042915755
-0.855976220039
0.499294496077
0.134200286570
-0.880232621366
0.462840744051
-0.104732888476
-0.843358075865
0.537351834143
0.000402760347
-0.904867717075
0.424853455127
0.026719959991
-0.169470092869
0.728945173736
-0.663263764509
-0.066087903602
0.684762278524
-0.725763743176
0.037310160098
0.616520522397
-0.786454319981
0.235433288602
0.783672108352
-0.574829708008
-0.241359876761
0.836793821842
-0.491448379402
-0.137251505567
0.811070693876
-0.568617933023
-0.031261595472
0.770260884442
-0.636962230079
0.073129742040
0.707568463421
-0.702850560504
0.107042915755
0.787121877815
-0.607438032767
0.134200286570
0.855976220039
-0.499294496077
-0.104732888476
0.880232621366
-0.462840744051
0.000402760347
0.843358075865
-0.537351834143
0.026719959991
0.904867717075
-0.424853455127
0.310466290000
-0.432328176685
-0.846583150327
0.211524734180
-0.513188232668
-0.831802335102
0.094018946477
-0.581472564954
-0.808115148917
0.273836312451
-0.759937734343
-0.589498357847
0.505840536636
-0.374998569954
-0.776853540912
0.414274056197
-0.470209151041
-0.779281951953
0.314333394848
-0.556671434082
-0.768967770040
0.198411298255
-0.630140203517
-0.750703856815
0.299997879317
-0.667869152036
-0.681140270550
0.401381891554
-0.690848906990
-0.601348788012
0.513067020072
-0.498411279637
-0.698819310870
0.413490638855
-0.588055726606
-0.695137363393
0.511369711485
-0.605337698013
-0.609973187558
-0.868991777039
-0.296616997051
-0.396070257023
-0.896443906685
-0.171574045856
-0.408595972761
-0.903532213524
-0.035047957443
-0.427084511314
-0.994171794898
-0.023734374009
-0.105162358850
-0.848120308680
-0.461795251888
-0.259686517438
-0.898065893773
-0.340861542835
-0.278012695859
-0.931974896383
-0.213589450360
-0.292920363251
-0.946458524928
-0.077428259904
-0.313402497053
-0.973592072276
-0.119252725779
-0.194672196772
-0.983616726031
-0.165127313049
-0.072326390466
-0.911179279305
-0.381821341729
-0.154805632859
-0.951091392582
-0.255302349259
-0.173913407821
-0.952737010065
-0.299530019063
-0.050734183083
-0.310466290000
0.432328176685
-0.846583150327
-0.211524734180
0.513188232668
-0.831802335102
-0.094018946477
0.581472564954
-0.808115148917
-0.273836312451
0.759937734343
-0.589498357847
-0.505840536636
0.374998569954
-0.776853540912
-0.414274056197
0.470209151041
-0.779281951953
-0.314333394848
0.556671434082
-0.768967770040
-0.198411298255
0.630140203517
-0.750703856815
-0.299997879317
0.667869152036
-0.681140270550
-0.401381891554
0.690848906990
-0.601348788012
-0.513067020072
0.498411279637
-0.698819310870
-0.413490638855
0.588055726606
-0.695137363393
-0.511369711485
0.605337698013
-0.609973187558
0.868991777039
0.296616997051
-0.396070257023
0.896443906685
0.171574045856
-0.408595972761
0.903532213524
0.035047957443
-0.427084511314
0.994171794898
0.023734374009
-0.105162358850
0.848120308680
0.461795251888
-0.259686517438
0.898065893773
0.340861542835
-0.278012695859
0.931974896383
0.213589450360
-0.292920363251
0.946458524928
0.077428259904
-0.313402497053
0.973592072276
0.119252725779
-0.194672196772
0.983616726031
0.165127313049
-0.072326390466
0.911179279305
0.381821341729
-0.154805632859
0.951091392582
0.255302349259
-0.173913407821
0.952737010065
0.299530019063
-0.050734183083
0.169470092869
-0.728945173736
-0.663263764509
0.066087903602
-0.684762278524
-0.725763743176
-0.037310160098
-0.616520522397
-0.786454319981
-0.235433288602
-0.783672108352
-0.574829708008
0.241359876761
-0.836793821842
-0.491448379402
0.137251505567
-0.811070693876
-0.568617933023
0.031261595472
-0.770260884442
-0.636962230079
-0.073129742040
-0.707568463421
-0.702850560504
-0.107042915755
-0.787121877815
-0.607438032767
-0.134200286570
-0.855976220039
-0.499294496077
0.104732888476
-0.880232621366
-0.462840744051
-0.000402760347
-0.843358075865
-0.537351834143
-0.026719959991
-0.904867717075
-0.424853455127
0.677113057458
0.205728012531
-0.706536547024
0.765714431500
0.170680163509
-0.620120706941
0.845425309015
0.117077893543
-0.521103457790
0.824931646450
0.419342086890
-0.378998671301
0.535493664151
0.356671929277
-0.765527054074
0.642030446385
0.329447960750
-0.692286752056
0.737706174568
0.295012666304
-0.607253758099
0.823833598855
0.243607964424
-0.511813795308
0.788183186305
0.366154039509
-0.494670076089
0.735549074582
0.484322229954
-0.473708282020
0.594086422394
0.448338535254
-0.667872652931
0.695540123739
0.413739558438
-0.587404046676
0.636693147550
0.527883554938
-0.562103894569
-0.973730054509
0.022408626712
-0.226600164154
-0.937288477356
0.064641571583
-0.342508069159
-0.880473266458
0.095417064607
-0.464394671412
-0.848666020459
0.404673437051
-0.340595647453
-0.997288916039
0.071266767767
-0.018326640677
-0.982891989220
0.118783941820
-0.140761190291
-0.951295624927
0.163007126343
-0.261658767778
-0.901261858759
0.195754668114
-0.386532239093
-0.907435912084
0.292451801726
-0.301715112527
-0.900676387631
0.382267938019
-0.206526677036
-0.975907764123
0.212359968435
-0.050072744383
-0.950842472998
0.255954029189
-0.174316168168
-0.936223166612
0.342763822506
-0.077454143075
0.022408626712
-0.226600164154
-0.973730054509
0.064641571583
-0.342508069159
-0.937288477356
0.095417064607
-0.464394671412
-0.880473266458
0.404673437051
-0.340595647453
-0.848666020459
0.071266767767
-0.018326640677
-0.997288916039
0.118783941820
-0.140761190291
-0.982891989220
0.163007126343
-0.261658767778
-0.951295624927
0.195754668114
-0.386532239093
-0.901261858759
0.292451801726
-0.301715112527
-0.907435912084
0.382267938019
-0.206526677036
-0.900676387631
0.212359968435
-0.050072744383
-0.975907764123
0.255954029189
-0.174316168168
-0.950842472998
0.342763822506
-0.077454143075
-0.936223166612
0.432328176685
-0.846583150327
-0.310466290000
0.513188232668
-0.831802335102
-0.211524734180
0.581472564954
-0.808115148917
-0.094018946477
0.759937734343
-0.589498357847
-0.273836312451
0.374998569954
-0.776853540912
-0.505840536636
0.470209151041
-0.779281951953
-0.414274056197
0.556671434082
-0.768967770040
-0.314333394848
0.630140203517
-0.750703856815
-0.198411298255
0.667869152036
-0.681140270550
-0.299997879317
0.690848906990
-0.601348788012
-0.401381891554
0.498411279637
-0.698819310870
-0.513067020072
0.588055726606
-0.695137363393
-0.413490638855
0.605337698013
-0.609973187558
-0.511369711485
-0.432328176685
-0.846583150327
0.310466290000
-0.513188232668
-0.831802335102
0.211524734180
-0.581472564954
-0.808115148917
0.094018946477
-0.759937734343
-0.589498357847
0.273836312451
-0.374998569954
-0.776853540912
0.505840536636
-0.470209151041
-0.779281951953
0.414274056197
-0.556671434082
-0.768967770040
0.314333394848
-0.630140203517
-0.750703856815
0.198411298255
-0.667869152036
-0.681140270550
0.299997879317
-0.690848906990
-0.601348788012
0.401381891554
-0.498411279637
-0.698819310870
0.513067020072
-0.588055726606
-0.695137363393
0.413490638855
-0.605337698013
-0.609973187558
0.511369711485
-0.226600164154
-0.973730054509
0.022408626712
-0.342508069159
-0.937288477356
0.064641571583
-0.464394671412
-0.880473266458
0.095417064607
-0.340595647453
-0.848666020459
0.404673437051
-0.018326640677
-0.997288916039
0.071266767767
-0.140761190291
-0.982891989220
0.118783941820
-0.261658767778
-0.951295624927
0.163007126343
-0.386532239093
-0.901261858759
0.195754668114
-0.301715112527
-0.907435912084
0.292451801726
-0.206526677036
-0.900676387631
0.382267938019
-0.050072744383
-0.975907764123
0.212359968435
-0.174316168168
-0.950842472998
0.255954029189
-0.077454143075
-0.936223166612
0.342763822506
0.226600164154
0.973730054509
0.022408626712
0.342508069159
0.937288477356
0.064641571583
0.464394671412
0.880473266458
0.095417064607
0.340595647453
0.848666020459
0.404673437051
0.018326640677
0.997288916039
0.071266767767
0.140761190291
0.982891989220
0.118783941820
0.261658767778
0.951295624927
0.163007126343
0.386532239093
0.901261858759
0.195754668114
0.301715112527
0.907435912084
0.292451801726
0.206526677036
0.900676387631
0.382267938019
0.050072744383
0.975907764123
0.212359968435
0.174316168168
0.950842472998
0.255954029189
0.077454143075
0.936223166612
0.342763822506
-0.296616997051
-0.396070257023
-0.868991777039
-0.171574045856
-0.408595972761
-0.896443906685
-0.035047957443
-0.427084511314
-0.903532213524
-0.023734374009
-0.105162358850
-0.994171794898
-0.461795251888
-0.259686517438
-0.848120308680
-0.340861542835
-0.278012695859
-0.898065893773
-0.213589450360
-0.292920363251
-0.931974896383
-0.077428259904
-0.313402497053
-0.946458524928
-0.119252725779
-0.194672196772
-0.973592072276
-0.165127313049
-0.072326390466
-0.983616726031
-0.381821341729
-0.154805632859
-0.911179279305
-0.255302349259
-0.173913407821
-0.951091392582
-0.299530019063
-0.050734183083
-0.952737010065
0.728945173736
-0.663263764509
-0.169470092869
0.684762278524
-0.725763743176
-0.066087903602
0.616520522397
-0.786454319981
0.037310160098
0.783672108352
-0.574829708008
0.235433288602
0.836793821842
-0.491448379402
-0.241359876761
0.811070693876
-0.568617933023
-0.137251505567
0.770260884442
-0.636962230079
-0.031261595472
0.707568463421
-0.702850560504
0.073129742040
0.787121877815
-0.607438032767
0.107042915755
0.855976220039
-0.499294496077
0.134200286570
0.880232621366
-0.462840744051
-0.104732888476
0.843358075865
-0.537351834143
0.000402760347
0.904867717075
-0.424853455127
0.026719959991
