0.378652319312
0.816190138925
0.436412738358
0.508055659477
0.807947862893
0.298495724793
0.608605085406
0.782318732236
0.132579226166
0.670509028248
0.687740981113
0.278262440755
0.702086006757
0.572229939047
0.423825596176
0.556701823603
0.704863797873
0.439602213421
0.525731112119
0.850650808352
0.000000000000
0.000000000000
0.525731112119
-0.850650808352
-0.525731112119
0.850650808352
0.000000000000
0.000000000000
0.525731112119
0.850650808352
0.850650808352
-0.000000000000
0.525731112119
-0.850650808352
-0.000000000000
0.525731112119
-0.000000000000
-0.525731112119
0.850650808352
-0.850650808352
-0.000000000000
-0.525731112119
-0.525731112119
-0.850650808352
0.000000000000
0.850650808352
-0.000000000000
-0.525731112119
0.525731112119
-0.850650808352
0.000000000000
0.000000000000
-0.525731112119
-0.850650808352
0.577350269190
0.577350269190
0.577350269190
0.356822089773
0.000000000000
-0.934172358963
-0.577350269190
0.577350269190
-0.577350269190
-0.356822089773
0.000000000000
0.934172358963
0.934172358963
0.356822089773
-0.000000000000
0.000000000000
0.934172358963
-0.356822089773
-0.577350269190
0.577350269190
0.577350269190
0.577350269190
-0.577350269190
0.577350269190
-0.934172358963
-0.356822089773
-0.000000000000
0.577350269190
0.577350269190
-0.577350269190
-0.000000000000
0.934172358963
0.356822089773
-0.577350269190
-0.577350269190
0.577350269190
0.934172358963
-0.356822089773
0.000000000000
0.356822089773
-0.000000000000
0.934172358963
-0.356822089773
-0.000000000000
-0.934172358963
-0.000000000000
-0.934172358963
-0.356822089773
0.577350269190
-0.577350269190
-0.577350269190
0.000000000000
-0.934172358963
0.356822089773
-0.934172358963
0.356822089773
0.000000000000
-0.577350269190
-0.577350269190
-0.577350269190
0.415955785807
0.325095322225
-0.849290183460
0.237129904571
0.347397856386
-0.907239845761
0.044706087645
0.378550222060
-0.924500457061
0.102388180235
0.210064236461
-0.972311512381
0.168667882435
0.034074439691
-0.985083792372
0.295109641883
0.178415360196
-0.938657689743
-0.378652319312
0.816190138925
-0.436412738358
-0.508055659477
0.807947862893
-0.298495724793
-0.608605085406
0.782318732236
-0.132579226166
-0.670509028248
0.687740981113
-0.278262440755
-0.702086006757
0.572229939047
-0.423825596176
-0.556701823603
0.704863797873
-0.439602213421
-0.415955785807
0.325095322225
0.849290183460
-0.237129904571
0.347397856386
0.907239845761
-0.044706087645
0.378550222060
0.924500457061
-0.102388180235
0.210064236461
0.972311512381
-0.168667882435
0.034074439691
0.985083792372
-0.295109641883
0.178415360196
0.938657689743
0.794608105119
0.559115325479
0.236617860894
0.745185564047
0.661393522120
0.085188520551
0.653311173051
0.754688850567
-0.060243256853
0.772897208483
0.624461605682
-0.112594885089
0.870753889192
0.467987454892
-0.150915229586
0.851811465486
0.522476008782
0.037895217554
-0.088477461332
0.995528063838
-0.033100044535
-0.262209335835
0.959889246913
-0.099291982868
-0.438793478913
0.887268076733
-0.142181724825
-0.322659121550
0.902724046437
-0.284570531268
-0.184989669276
0.891813051068
-0.412853853325
-0.140520142642
0.962078222202
-0.233793891870
-0.290174857981
0.761508060584
0.579572278031
-0.245846323641
0.645893581180
0.722759342342
-0.169811606494
0.511129448226
0.842561989088
-0.347849906699
0.488326677215
0.800335866202
-0.517096337480
0.457900035867
0.723145168633
-0.416181680961
0.618017573617
0.666968580319
0.579572278031
-0.290174857981
0.761508060584
0.722759342342
-0.245846323641
0.645893581180
0.842561989088
-0.169811606494
0.511129448226
0.800335866202
-0.347849906699
0.488326677215
0.723145168633
-0.517096337480
0.457900035867
0.666968580319
-0.416181680961
0.618017573617
-0.995528063838
-0.033100044535
0.088477461332
-0.959889246913
-0.099291982868
0.262209335835
-0.887268076733
-0.142181724825
0.438793478913
-0.902724046437
-0.284570531268
0.322659121550
-0.891813051068
-0.412853853325
0.184989669276
-0.962078222202
-0.233793891870
0.140520142642
0.761508060584
0.579572278031
-0.290174857981
0.645893581180
0.722759342342
-0.245846323641
0.511129448226
0.842561989088
-0.169811606494
0.488326677215
0.800335866202
-0.347849906699
0.457900035867
0.723145168633
-0.517096337480
0.618017573617
0.666968580319
-0.416181680961
0.236617860894
0.794608105119
0.559115325479
0.085188520551
0.745185564047
0.661393522120
-0.060243256853
0.653311173051
0.754688850567
-0.112594885089
0.772897208483
0.624461605682
-0.150915229586
0.870753889192
0.467987454892
0.037895217554
0.851811465486
0.522476008782
-0.436412738358
-0.378652319312
0.816190138925
-0.298495724793
-0.508055659477
0.807947862893
-0.132579226166
-0.608605085406
0.782318732236
-0.278262440755
-0.670509028248
0.687740981113
-0.423825596176
-0.702086006757
0.572229939047
-0.439602213421
-0.556701823603
0.704863797873
0.849290183460
-0.415955785807
0.325095322225
0.907239845761
-0.237129904571
0.347397856386
0.924500457061
-0.044706087645
0.378550222060
0.972311512381
-0.102388180235
0.210064236461
0.985083792372
-0.168667882435
0.034074439691
0.938657689743
-0.295109641883
0.178415360196
0.436412738358
0.378652319312
0.816190138925
0.298495724793
0.508055659477
0.807947862893
0.132579226166
0.608605085406
0.782318732236
0.278262440755
0.670509028248
0.687740981113
0.423825596176
0.702086006757
0.572229939047
0.439602213421
0.556701823603
0.704863797873
-0.033100044535
-0.088477461332
0.995528063838
-0.099291982868
-0.262209335835
0.959889246913
-0.142181724825
-0.438793478913
0.887268076733
-0.284570531268
-0.322659121550
0.902724046437
-0.412853853325
-0.184989669276
0.891813051068
-0.233793891870
-0.140520142642
0.962078222202
0.033100044535
0.088477461332
0.995528063838
0.099291982868
0.262209335835
0.959889246913
0.142181724825
0.438793478913
0.887268076733
0.284570531268
0.322659121550
0.902724046437
0.412853853325
0.184989669276
0.891813051068
0.233793891870
0.140520142642
0.962078222202
-0.325095322225
0.849290183460
0.415955785807
-0.347397856386
0.907239845761
0.237129904571
-0.378550222060
0.924500457061
0.044706087645
-0.210064236461
0.972311512381
0.102388180235
-0.034074439691
0.985083792372
0.168667882435
-0.178415360196
0.938657689743
0.295109641883
-0.559115325479
0.236617860894
-0.794608105119
-0.661393522120
0.085188520551
-0.745185564047
-0.754688850567
-0.060243256853
-0.653311173051
-0.624461605682
-0.112594885089
-0.772897208483
-0.467987454892
-0.150915229586
-0.870753889192
-0.522476008782
0.037895217554
-0.851811465486
-0.816190138925
-0.436412738358
0.378652319312
-0.807947862893
-0.298495724793
0.508055659477
-0.782318732236
-0.132579226166
0.608605085406
-0.687740981113
-0.278262440755
0.670509028248
-0.572229939047
-0.423825596176
0.702086006757
-0.704863797873
-0.439602213421
0.556701823603
-0.761508060584
0.579572278031
0.290174857981
-0.645893581180
0.722759342342
0.245846323641
-0.511129448226
0.842561989088
0.169811606494
-0.488326677215
0.800335866202
0.347849906699
-0.457900035867
0.723145168633
0.517096337480
-0.618017573617
0.666968580319
0.416181680961
-0.816190138925
0.436412738358
-0.378652319312
-0.807947862893
0.298495724793
-0.508055659477
-0.782318732236
0.132579226166
-0.608605085406
-0.687740981113
0.278262440755
-0.670509028248
-0.572229939047
0.423825596176
-0.702086006757
-0.704863797873
0.439602213421
-0.556701823603
-0.325095322225
-0.849290183460
-0.415955785807
-0.347397856386
-0.907239845761
-0.237129904571
-0.378550222060
-0.924500457061
-0.044706087645
-0.210064236461
-0.972311512381
-0.102388180235
-0.034074439691
-0.985083792372
-0.168667882435
-0.178415360196
-0.938657689743
-0.295109641883
0.559115325479
0.236617860894
0.794608105119
0.661393522120
0.085188520551
0.745185564047
0.754688850567
-0.060243256853
0.653311173051
0.624461605682
-0.112594885089
0.772897208483
0.467987454892
-0.150915229586
0.870753889192
0.522476008782
0.037895217554
0.851811465486
0.816190138925
-0.436412738358
-0.378652319312
0.807947862893
-0.298495724793
-0.508055659477
0.782318732236
-0.132579226166
-0.608605085406
0.687740981113
-0.278262440755
-0.670509028248
0.572229939047
-0.423825596176
-0.702086006757
0.704863797873
-0.439602213421
-0.556701823603
0.325095322225
0.849290183460
-0.415955785807
0.347397856386
0.907239845761
-0.237129904571
0.378550222060
0.924500457061
-0.044706087645
0.210064236461
0.972311512381
-0.102388180235
0.034074439691
0.985083792372
-0.168667882435
0.178415360196
0.938657689743
-0.295109641883
0.816190138925
0.436412738358
0.378652319312
0.807947862893
0.298495724793
0.508055659477
0.782318732236
0.132579226166
0.608605085406
0.687740981113
0.278262440755
0.670509028248
0.572229939047
0.423825596176
0.702086006757
0.704863797873
0.439602213421
0.556701823603
0.995528063838
-0.033100044535
-0.088477461332
0.959889246913
-0.099291982868
-0.262209335835
0.887268076733
-0.142181724825
-0.438793478913
0.902724046437
-0.284570531268
-0.322659121550
0.891813051068
-0.412853853325
-0.184989669276
0.962078222202
-0.233793891870
-0.140520142642
-0.033100044535
0.088477461332
-0.995528063838
-0.099291982868
0.262209335835
-0.959889246913
-0.142181724825
0.438793478913
-0.887268076733
-0.284570531268
0.322659121550
-0.902724046437
-0.412853853325
0.184989669276
-0.891813051068
-0.233793891870
0.140520142642
-0.962078222202
0.325095322225
-0.849290183460
0.415955785807
0.347397856386
-0.907239845761
0.237129904571
0.378550222060
-0.924500457061
0.044706087645
0.210064236461
-0.972311512381
0.102388180235
0.034074439691
-0.985083792372
0.168667882435
0.178415360196
-0.938657689743
0.295109641883
-0.849290183460
0.415955785807
0.325095322225
-0.907239845761
0.237129904571
0.347397856386
-0.924500457061
0.044706087645
0.378550222060
-0.972311512381
0.102388180235
0.210064236461
-0.985083792372
0.168667882435
0.034074439691
-0.938657689743
0.295109641883
0.178415360196
-0.236617860894
-0.794608105119
0.559115325479
-0.085188520551
-0.745185564047
0.661393522120
0.060243256853
-0.653311173051
0.754688850567
0.112594885089
-0.772897208483
0.624461605682
0.150915229586
-0.870753889192
0.467987454892
-0.037895217554
-0.851811465486
0.522476008782
-0.579572278031
0.290174857981
0.761508060584
-0.722759342342
0.245846323641
0.645893581180
-0.842561989088
0.169811606494
0.511129448226
-0.800335866202
0.347849906699
0.488326677215
-0.723145168633
0.517096337480
0.457900035867
-0.666968580319
0.416181680961
0.618017573617
-0.761508060584
-0.579572278031
-0.290174857981
-0.645893581180
-0.722759342342
-0.245846323641
-0.511129448226
-0.842561989088
-0.169811606494
-0.488326677215
-0.800335866202
-0.347849906699
-0.457900035867
-0.723145168633
-0.517096337480
-0.618017573617
-0.666968580319
-0.416181680961
0.290174857981
-0.761508060584
0.579572278031
0.245846323641
-0.645893581180
0.722759342342
0.169811606494
-0.511129448226
0.842561989088
0.347849906699
-0.488326677215
0.800335866202
0.517096337480
-0.457900035867
0.723145168633
0.416181680961
-0.618017573617
0.666968580319
-0.559115325479
-0.236617860894
0.794608105119
-0.661393522120
-0.085188520551
0.745185564047
-0.754688850567
0.060243256853
0.653311173051
-0.624461605682
0.112594885089
0.772897208483
-0.467987454892
0.150915229586
0.870753889192
-0.522476008782
-0.037895217554
0.851811465486
0.088477461332
-0.995528063838
-0.033100044535
0.262209335835
-0.959889246913
-0.099291982868
0.438793478913
-0.887268076733
-0.142181724825
0.322659121550
-0.902724046437
-0.284570531268
0.184989669276
-0.891813051068
-0.412853853325
0.140520142642
-0.962078222202
-0.233793891870
0.995528063838
0.033100044535
0.088477461332
0.959889246913
0.099291982868
0.262209335835
0.887268076733
0.142181724825
0.438793478913
0.902724046437
0.284570531268
0.322659121550
0.891813051068
0.412853853325
0.184989669276
0.962078222202
0.233793891870
0.140520142642
0.415955785807
-0.325095322225
0.849290183460
0.237129904571
-0.347397856386
0.907239845761
0.044706087645
-0.378550222060
0.924500457061
0.102388180235
-0.210064236461
0.972311512381
0.168667882435
-0.034074439691
0.985083792372
0.295109641883
-0.178415360196
0.938657689743
0.559115325479
-0.236617860894
-0.794608105119
0.661393522120
-0.085188520551
-0.745185564047
0.754688850567
0.060243256853
-0.653311173051
0.624461605682
0.112594885089
-0.772897208483
0.467987454892
0.150915229586
-0.870753889192
0.522476008782
-0.037895217554
-0.851811465486
-0.794608105119
-0.559115325479
0.236617860894
-0.745185564047
-0.661393522120
0.085188520551
-0.653311173051
-0.754688850567
-0.060243256853
-0.772897208483
-0.624461605682
-0.112594885089
-0.870753889192
-0.467987454892
-0.150915229586
-0.851811465486
-0.522476008782
0.037895217554
0.761508060584
-0.579572278031
0.290174857981
0.645893581180
-0.722759342342
0.245846323641
0.511129448226
-0.842561989088
0.169811606494
0.488326677215
-0.800335866202
0.347849906699
0.457900035867
-0.723145168633
0.517096337480
0.618017573617
-0.666968580319
0.416181680961
-0.290174857981
-0.761508060584
-0.579572278031
-0.245846323641
-0.645893581180
-0.722759342342
-0.169811606494
-0.511129448226
-0.842561989088
-0.347849906699
-0.488326677215
-0.800335866202
-0.517096337480
-0.457900035867
-0.723145168633
-0.416181680961
-0.618017573617
-0.666968580319
0.290174857981
0.761508060584
-0.579572278031
0.245846323641
0.645893581180
-0.722759342342
0.169811606494
0.511129448226
-0.842561989088
0.347849906699
0.488326677215
-0.800335866202
0.517096337480
0.457900035867
-0.723145168633
0.416181680961
0.618017573617
-0.666968580319
-0.579572278031
-0.290174857981
-0.761508060584
-0.722759342342
-0.245846323641
-0.645893581180
-0.842561989088
-0.169811606494
-0.511129448226
-0.800335866202
-0.347849906699
-0.488326677215
-0.723145168633
-0.517096337480
-0.457900035867
-0.666968580319
-0.416181680961
-0.618017573617
-0.794608105119
0.559115325479
-0.236617860894
-0.745185564047
0.661393522120
-0.085188520551
-0.653311173051
0.754688850567
0.060243256853
-0.772897208483
0.624461605682
0.112594885089
-0.870753889192
0.467987454892
0.150915229586
-0.851811465486
0.522476008782
-0.037895217554
-0.236617860894
0.794608105119
-0.559115325479
-0.085188520551
0.745185564047
-0.661393522120
0.060243256853
0.653311173051
-0.754688850567
0.112594885089
0.772897208483
-0.624461605682
0.150915229586
0.870753889192
-0.467987454892
-0.037895217554
0.851811465486
-0.522476008782
0.436412738358
-0.378652319312
-0.816190138925
0.298495724793
-0.508055659477
-0.807947862893
0.132579226166
-0.608605085406
-0.782318732236
0.278262440755
-0.670509028248
-0.687740981113
0.423825596176
-0.702086006757
-0.572229939047
0.439602213421
-0.556701823603
-0.704863797873
-0.849290183460
-0.415955785807
-0.325095322225
-0.907239845761
-0.237129904571
-0.347397856386
-0.924500457061
-0.044706087645
-0.378550222060
-0.972311512381
-0.102388180235
-0.210064236461
-0.985083792372
-0.168667882435
-0.034074439691
-0.938657689743
-0.295109641883
-0.178415360196
-0.436412738358
0.378652319312
-0.816190138925
-0.298495724793
0.508055659477
-0.807947862893
-0.132579226166
0.608605085406
-0.782318732236
-0.278262440755
0.670509028248
-0.687740981113
-0.423825596176
0.702086006757
-0.572229939047
-0.439602213421
0.556701823603
-0.704863797873
0.849290183460
0.415955785807
-0.325095322225
0.907239845761
0.237129904571
-0.347397856386
0.924500457061
0.044706087645
-0.378550222060
0.972311512381
0.102388180235
-0.210064236461
0.985083792372
0.168667882435
-0.034074439691
0.938657689743
0.295109641883
-0.178415360196
0.236617860894
-0.794608105119
-0.559115325479
0.085188520551
-0.745185564047
-0.661393522120
-0.060243256853
-0.653311173051
-0.754688850567
-0.112594885089
-0.772897208483
-0.624461605682
-0.150915229586
-0.870753889192
-0.467987454892
0.037895217554
-0.851811465486
-0.522476008782
0.579572278031
0.290174857981
-0.761508060584
0.722759342342
0.245846323641
-0.645893581180
0.842561989088
0.169811606494
-0.511129448226
0.800335866202
0.347849906699
-0.488326677215
0.723145168633
0.517096337480
-0.457900035867
0.666968580319
0.416181680961
-0.618017573617
-0.995528063838
0.033100044535
-0.088477461332
-0.959889246913
0.099291982868
-0.262209335835
-0.887268076733
0.142181724825
-0.438793478913
-0.902724046437
0.284570531268
-0.322659121550
-0.891813051068
0.412853853325
-0.184989669276
-0.962078222202
0.233793891870
-0.140520142642
0.033100044535
-0.088477461332
-0.995528063838
0.099291982868
-0.262209335835
-0.959889246913
0.142181724825
-0.438793478913
-0.887268076733
0.284570531268
-0.322659121550
-0.902724046437
0.412853853325
-0.184989669276
-0.891813051068
0.233793891870
-0.140520142642
-0.962078222202
0.378652319312
-0.816190138925
-0.436412738358
0.508055659477
-0.807947862893
-0.298495724793
0.608605085406
-0.782318732236
-0.132579226166
0.670509028248
-0.687740981113
-0.278262440755
0.702086006757
-0.572229939047
-0.423825596176
0.556701823603
-0.704863797873
-0.439602213421
-0.378652319312
-0.816190138925
0.436412738358
-0.508055659477
-0.807947862893
0.298495724793
-0.608605085406
-0.782318732236
0.132579226166
-0.670509028248
-0.687740981113
0.278262440755
-0.702086006757
-0.572229939047
0.423825596176
-0.556701823603
-0.704863797873
0.439602213421
-0.088477461332
-0.995528063838
0.033100044535
-0.262209335835
-0.959889246913
0.099291982868
-0.438793478913
-0.887268076733
0.142181724825
-0.322659121550
-0.902724046437
0.284570531268
-0.184989669276
-0.891813051068
0.412853853325
-0.140520142642
-0.962078222202
0.233793891870
0.088477461332
0.995528063838
0.033100044535
0.262209335835
0.959889246913
0.099291982868
0.438793478913
0.887268076733
0.142181724825
0.322659121550
0.902724046437
0.284570531268
0.184989669276
0.891813051068
0.412853853325
0.140520142642
0.962078222202
0.233793891870
-0.415955785807
-0.325095322225
-0.849290183460
-0.237129904571
-0.347397856386
-0.907239845761
-0.044706087645
-0.378550222060
-0.924500457061
-0.102388180235
-0.210064236461
-0.972311512381
-0.168667882435
-0.034074439691
-0.985083792372
-0.295109641883
-0.178415360196
-0.938657689743
0.794608105119
-0.559115325479
-0.236617860894
0.745185564047
-0.661393522120
-0.085188520551
0.653311173051
-0.754688850567
0.060243256853
0.772897208483
-0.624461605682
0.112594885089
0.870753889192
-0.467987454892
0.150915229586
0.851811465486
-0.522476008782
-0.037895217554
