0.361945036333
0.825501736719
0.433061974026
0.412245151587
0.835556537379
0.363179305354
0.459513598587
0.839116821997
0.291084543999
0.503073497210
0.836371502373
0.217714874143
0.542656574398
0.827901145909
0.141786934747
0.572805307806
0.818035573233
0.052075716753
0.618845294695
0.777254278772
0.113605842124
0.659394049551
0.731593878940
0.173118120699
0.695421670098
0.680241792928
0.231645858827
0.726165520493
0.623642620631
0.289402001687
0.751305482816
0.562317854725
0.345454341047
0.399337951094
0.770399105269
0.497005452099
0.450736304279
0.783079321962
0.428513196437
0.499295245390
0.789274914190
0.357420435567
0.544279885013
0.789759487379
0.282912281220
0.585161214229
0.785077811219
0.203074330466
0.623704206198
0.736491217278
0.261865900878
0.657309985254
0.682546471711
0.319490058124
0.685412777588
0.623503841925
0.376101427043
0.707862708252
0.559715829324
0.430869558765
0.483650416601
0.724103967194
0.491686606708
0.534012740012
0.733938356396
0.419720004903
0.581199014094
0.737771439832
0.343367162940
0.612748644780
0.680656099226
0.401554943819
0.638903617859
0.618231821805
0.457811731604
0.511983644683
0.659156310372
0.550804598813
0.563876187429
0.673053721897
0.478583673657
0.588308245409
0.606589562725
0.534735926207
0.525731112119
0.850650808352
0.000000000000
0.000000000000
0.525731112119
-0.850650808352
-0.525731112119
0.850650808352
0.000000000000
0.000000000000
0.525731112119
0.850650808352
0.850650808352
-0.000000000000
0.525731112119
-0.850650808352
-0.000000000000
0.525731112119
-0.000000000000
-0.525731112119
0.850650808352
-0.850650808352
-0.000000000000
-0.525731112119
-0.525731112119
-0.850650808352
0.000000000000
0.850650808352
-0.000000000000
-0.525731112119
0.525731112119
-0.850650808352
0.000000000000
0.000000000000
-0.525731112119
-0.850650808352
1.000000000000
0.000000000000
0.000000000000
-0.500000000000
-0.309016994375
-0.809016994375
-1.000000000000
0.000000000000
0.000000000000
0.500000000000
-0.309016994375
0.809016994375
0.500000000000
0.309016994375
-0.809016994375
-0.500000000000
0.309016994375
-0.809016994375
-0.500000000000
-0.309016994375
0.809016994375
0.809016994375
-0.500000000000
-0.309016994375
-0.309016994375
-0.809016994375
0.500000000000
-0.309016994375
0.809016994375
-0.500000000000
-0.809016994375
0.500000000000
0.309016994375
0.000000000000
-1.000000000000
0.000000000000
0.809016994375
0.500000000000
-0.309016994375
-0.000000000000
1.000000000000
0.000000000000
-0.809016994375
-0.500000000000
0.309016994375
0.809016994375
0.500000000000
0.309016994375
0.309016994375
0.809016994375
-0.500000000000
-0.309016994375
-0.809016994375
-0.500000000000
0.000000000000
-0.000000000000
1.000000000000
0.309016994375
0.809016994375
0.500000000000
0.000000000000
0.000000000000
-1.000000000000
0.309016994375
-0.809016994375
0.500000000000
-0.309016994375
0.809016994375
0.500000000000
0.309016994375
-0.809016994375
-0.500000000000
-0.809016994375
0.500000000000
-0.309016994375
-0.809016994375
-0.500000000000
-0.309016994375
0.809016994375
-0.500000000000
0.309016994375
0.500000000000
0.309016994375
0.809016994375
0.500000000000
-0.309016994375
-0.809016994375
-0.500000000000
0.309016994375
0.809016994375
0.424476043971
0.339466779622
-0.839394063374
0.345896824054
0.366999028135
-0.863520179531
0.265036901864
0.391319986152
-0.881262792298
0.183051292349
0.412323061902
-0.892458355887
0.099215276340
0.431202525731
-0.896783536169
0.008514380077
0.458760247792
-0.888519296570
0.022671190682
0.380775286465
-0.924389635560
0.036433418477
0.301548853393
-0.952754372877
0.049900875718
0.219607127033
-0.974311352884
0.063764545516
0.135438991102
-0.988731693851
0.077591464630
0.050031368032
-0.995729093092
0.440483297478
0.251361029178
-0.861853872564
0.363291124521
0.279982703188
-0.888610851138
0.283410945534
0.305535884994
-0.909024784554
0.200790003987
0.329280971984
-0.922636123176
0.114312362927
0.352779366304
-0.928697691605
0.127590163305
0.272165761368
-0.953753924535
0.140736353138
0.189326709987
-0.971776041993
0.154239340505
0.104570294218
-0.982484238758
0.167611144556
0.018643232027
-0.985676891339
0.379718043990
0.190512913734
-0.905272907343
0.299353671789
0.218889588820
-0.928695174475
0.215174275954
0.245585678850
-0.945191888090
0.228824753321
0.160535135172
-0.960139418336
0.241969801564
0.073822108816
-0.967471400808
0.393308960533
0.099654710585
-0.913989606190
0.313229269698
0.130972737675
-0.940602767692
0.325902812592
0.041576055989
-0.944488638530
-0.361945036333
0.825501736719
-0.433061974026
-0.412245151587
0.835556537379
-0.363179305354
-0.459513598587
0.839116821997
-0.291084543999
-0.503073497210
0.836371502373
-0.217714874143
-0.542656574398
0.827901145909
-0.141786934747
-0.572805307806
0.818035573233
-0.052075716753
-0.618845294695
0.777254278772
-0.113605842124
-0.659394049551
0.731593878940
-0.173118120699
-0.695421670098
0.680241792928
-0.231645858827
-0.726165520493
0.623642620631
-0.289402001687
-0.751305482816
0.562317854725
-0.345454341047
-0.399337951094
0.770399105269
-0.497005452099
-0.450736304279
0.783079321962
-0.428513196437
-0.499295245390
0.789274914190
-0.357420435567
-0.544279885013
0.789759487379
-0.282912281220
-0.585161214229
0.785077811219
-0.203074330466
-0.623704206198
0.736491217278
-0.261865900878
-0.657309985254
0.682546471711
-0.319490058124
-0.685412777588
0.623503841925
-0.376101427043
-0.707862708252
0.559715829324
-0.430869558765
-0.483650416601
0.724103967194
-0.491686606708
-0.534012740012
0.733938356396
-0.419720004903
-0.581199014094
0.737771439832
-0.343367162940
-0.612748644780
0.680656099226
-0.401554943819
-0.638903617859
0.618231821805
-0.457811731604
-0.511983644683
0.659156310372
-0.550804598813
-0.563876187429
0.673053721897
-0.478583673657
-0.588308245409
0.606589562725
-0.534735926207
-0.424476043971
0.339466779622
0.839394063374
-0.345896824054
0.366999028135
0.863520179531
-0.265036901864
0.391319986152
0.881262792298
-0.183051292349
0.412323061902
0.892458355887
-0.099215276340
0.431202525731
0.896783536169
-0.008514380077
0.458760247792
0.888519296570
-0.022671190682
0.380775286465
0.924389635560
-0.036433418477
0.301548853393
0.952754372877
-0.049900875718
0.219607127033
0.974311352884
-0.063764545516
0.135438991102
0.988731693851
-0.077591464630
0.050031368032
0.995729093092
-0.440483297478
0.251361029178
0.861853872564
-0.363291124521
0.279982703188
0.888610851138
-0.283410945534
0.305535884994
0.909024784554
-0.200790003987
0.329280971984
0.922636123176
-0.114312362927
0.352779366304
0.928697691605
-0.127590163305
0.272165761368
0.953753924535
-0.140736353138
0.189326709987
0.971776041993
-0.154239340505
0.104570294218
0.982484238758
-0.167611144556
0.018643232027
0.985676891339
-0.379718043990
0.190512913734
0.905272907343
-0.299353671789
0.218889588820
0.928695174475
-0.215174275954
0.245585678850
0.945191888090
-0.228824753321
0.160535135172
0.960139418336
-0.241969801564
0.073822108816
0.967471400808
-0.393308960533
0.099654710585
0.913989606190
-0.313229269698
0.130972737675
0.940602767692
-0.325902812592
0.041576055989
0.944488638530
0.786421080304
0.563161114135
0.253754692528
0.758141975641
0.621780543513
0.196493512566
0.724550500452
0.675315008372
0.137754171490
0.686124789559
0.723239582017
0.078468338563
0.641871850738
0.766582732928
0.018746754574
0.581319687882
0.812773396952
-0.038299160396
0.641516485377
0.763242712365
-0.076923085035
0.695827468028
0.709076787995
-0.114167611277
0.745322545816
0.649401355666
-0.150904545847
0.789930066008
0.584233964225
-0.186228799765
0.828896947446
0.514363692346
-0.219908714039
0.839821248572
0.498165455952
0.215711494696
0.814027428801
0.558553059197
0.159304190850
0.782706190924
0.614117317067
0.101148107091
0.745069889000
0.665664440314
0.041972769832
0.699473577156
0.714428885595
-0.018113041915
0.751294369504
0.657636159725
-0.055420680020
0.798046338392
0.595566622019
-0.091773855293
0.839652118093
0.528178687091
-0.126536931703
0.875473852808
0.456126445095
-0.159669029981
0.863368460591
0.489425309866
0.122710094609
0.833366411802
0.548927612573
0.064644410709
0.796373290048
0.604786423787
0.004792129059
0.841573398101
0.539234624207
-0.031308715479
0.880873419422
0.468686260188
-0.066296368423
0.905292605216
0.416078004683
0.085582667409
0.877105457127
0.479467386953
0.028231930986
0.914211058001
0.405170547514
-0.007414098404
-0.085712087094
0.996223088162
-0.013892326655
-0.170505515568
0.984959848866
-0.027963642153
-0.253565814661
0.966399552371
-0.042145970301
-0.333854723340
0.940954456160
-0.056086853514
-0.412455771157
0.908369667675
-0.068882390260
-0.497059408188
0.864849113705
-0.070483723337
-0.457698371500
0.876848554489
-0.147135356788
-0.415716464669
0.882194908693
-0.221160493937
-0.370511672880
0.881047214494
-0.294069559956
-0.321667790867
0.873635965911
-0.365089073220
-0.269940082071
0.859818033394
-0.433411238367
-0.035649534481
0.995170908051
-0.091454767295
-0.120678512338
0.987066255633
-0.105531529176
-0.204387777903
0.971537752633
-0.119749870363
-0.287308202151
0.948576721534
-0.132876635796
-0.370892408219
0.917503216062
-0.143619880386
-0.327586441388
0.919502060603
-0.217262707257
-0.281100565280
0.915056680143
-0.289229570281
-0.231107225921
0.904280114134
-0.358980396832
-0.178312262008
0.886996003860
-0.425961062015
-0.067802819125
0.981111916574
-0.181168940150
-0.154245178111
0.968647617476
-0.194756818079
-0.240793549791
0.948153586727
-0.207420448259
-0.191843850651
0.940789568026
-0.279483319110
-0.140118477239
0.926497991792
-0.349239579003
-0.014072043176
0.966882603496
-0.254833295818
-0.102740806689
0.958051060610
-0.267549045795
-0.048990154393
0.939906473721
-0.337899075805
-0.276232949239
0.772528753648
0.571747044191
-0.241739636019
0.730178333488
0.639063024812
-0.205947783926
0.682404530151
0.701362650506
-0.169218773870
0.630037936045
0.757903163811
-0.130200803241
0.572989460478
0.809154391335
-0.075745899618
0.510835964545
0.856334733629
-0.161146923195
0.494381128589
0.854177363807
-0.243677584882
0.474666974091
0.845761490217
-0.324909997218
0.451252985860
0.831146338776
-0.404497729626
0.424840992789
0.809871420396
-0.481365400745
0.395485709079
0.782226568763
-0.363688416613
0.748366481277
0.554687610573
-0.330057791941
0.708495899625
0.623775131112
-0.294907467487
0.662956320561
0.688126807100
-0.256971682861
0.612193253203
0.747786717547
-0.214268806009
0.555853696770
0.803190853134
-0.296117764810
0.534031662246
0.791911897298
-0.376209419974
0.508816768111
0.774320327004
-0.454305551667
0.480671721261
0.750040773628
-0.529550446244
0.449512790792
0.719384859305
-0.415847597477
0.682199520441
0.601393872585
-0.379767561902
0.638609593723
0.669293945686
-0.340405464303
0.588952841789
0.732979310773
-0.420904794129
0.562090078991
0.711964814705
-0.498785140620
0.531633840420
0.684528190228
-0.497911601507
0.650459309398
0.573573642963
-0.461135380740
0.609556411332
0.644821790912
-0.539318091016
0.576311982196
0.614003661129
0.571747044191
-0.276232949239
0.772528753648
0.639063024812
-0.241739636019
0.730178333488
0.701362650506
-0.205947783926
0.682404530151
0.757903163811
-0.169218773870
0.630037936045
0.809154391335
-0.130200803241
0.572989460478
0.856334733629
-0.075745899618
0.510835964545
0.854177363807
-0.161146923195
0.494381128589
0.845761490217
-0.243677584882
0.474666974091
0.831146338776
-0.324909997218
0.451252985860
0.809871420396
-0.404497729626
0.424840992789
0.782226568763
-0.481365400745
0.395485709079
0.554687610573
-0.363688416613
0.748366481277
0.623775131112
-0.330057791941
0.708495899625
0.688126807100
-0.294907467487
0.662956320561
0.747786717547
-0.256971682861
0.612193253203
0.803190853134
-0.214268806009
0.555853696770
0.791911897298
-0.296117764810
0.534031662246
0.774320327004
-0.376209419974
0.508816768111
0.750040773628
-0.454305551667
0.480671721261
0.719384859305
-0.529550446244
0.449512790792
0.601393872585
-0.415847597477
0.682199520441
0.669293945686
-0.379767561902
0.638609593723
0.732979310773
-0.340405464303
0.588952841789
0.711964814705
-0.420904794129
0.562090078991
0.684528190228
-0.498785140620
0.531633840420
0.573573642963
-0.497911601507
0.650459309398
0.644821790912
-0.461135380740
0.609556411332
0.614003661129
-0.539318091016
0.576311982196
-0.996223088162
-0.013892326655
0.085712087094
-0.984959848866
-0.027963642153
0.170505515568
-0.966399552371
-0.042145970301
0.253565814661
-0.940954456160
-0.056086853514
0.333854723340
-0.908369667675
-0.068882390260
0.412455771157
-0.864849113705
-0.070483723337
0.497059408188
-0.876848554489
-0.147135356788
0.457698371500
-0.882194908693
-0.221160493937
0.415716464669
-0.881047214494
-0.294069559956
0.370511672880
-0.873635965911
-0.365089073220
0.321667790867
-0.859818033394
-0.433411238367
0.269940082071
-0.995170908051
-0.091454767295
0.035649534481
-0.987066255633
-0.105531529176
0.120678512338
-0.971537752633
-0.119749870363
0.204387777903
-0.948576721534
-0.132876635796
0.287308202151
-0.917503216062
-0.143619880386
0.370892408219
-0.919502060603
-0.217262707257
0.327586441388
-0.915056680143
-0.289229570281
0.281100565280
-0.904280114134
-0.358980396832
0.231107225921
-0.886996003860
-0.425961062015
0.178312262008
-0.981111916574
-0.181168940150
0.067802819125
-0.968647617476
-0.194756818079
0.154245178111
-0.948153586727
-0.207420448259
0.240793549791
-0.940789568026
-0.279483319110
0.191843850651
-0.926497991792
-0.349239579003
0.140118477239
-0.966882603496
-0.254833295818
0.014072043176
-0.958051060610
-0.267549045795
0.102740806689
-0.939906473721
-0.337899075805
0.048990154393
0.772528753648
0.571747044191
-0.276232949239
0.730178333488
0.639063024812
-0.241739636019
0.682404530151
0.701362650506
-0.205947783926
0.630037936045
0.757903163811
-0.169218773870
0.572989460478
0.809154391335
-0.130200803241
0.510835964545
0.856334733629
-0.075745899618
0.494381128589
0.854177363807
-0.161146923195
0.474666974091
0.845761490217
-0.243677584882
0.451252985860
0.831146338776
-0.324909997218
0.424840992789
0.809871420396
-0.404497729626
0.395485709079
0.782226568763
-0.481365400745
0.748366481277
0.554687610573
-0.363688416613
0.708495899625
0.623775131112
-0.330057791941
0.662956320561
0.688126807100
-0.294907467487
0.612193253203
0.747786717547
-0.256971682861
0.555853696770
0.803190853134
-0.214268806009
0.534031662246
0.791911897298
-0.296117764810
0.508816768111
0.774320327004
-0.376209419974
0.480671721261
0.750040773628
-0.454305551667
0.449512790792
0.719384859305
-0.529550446244
0.682199520441
0.601393872585
-0.415847597477
0.638609593723
0.669293945686
-0.379767561902
0.588952841789
0.732979310773
-0.340405464303
0.562090078991
0.711964814705
-0.420904794129
0.531633840420
0.684528190228
-0.498785140620
0.650459309398
0.573573642963
-0.497911601507
0.609556411332
0.644821790912
-0.461135380740
0.576311982196
0.614003661129
-0.539318091016
0.253754692528
0.786421080304
0.563161114135
0.196493512566
0.758141975641
0.621780543513
0.137754171490
0.724550500452
0.675315008372
0.078468338563
0.686124789559
0.723239582017
0.018746754574
0.641871850738
0.766582732928
-0.038299160396
0.581319687882
0.812773396952
-0.076923085035
0.641516485377
0.763242712365
-0.114167611277
0.695827468028
0.709076787995
-0.150904545847
0.745322545816
0.649401355666
-0.186228799765
0.789930066008
0.584233964225
-0.219908714039
0.828896947446
0.514363692346
0.215711494696
0.839821248572
0.498165455952
0.159304190850
0.814027428801
0.558553059197
0.101148107091
0.782706190924
0.614117317067
0.041972769832
0.745069889000
0.665664440314
-0.018113041915
0.699473577156
0.714428885595
-0.055420680020
0.751294369504
0.657636159725
-0.091773855293
0.798046338392
0.595566622019
-0.126536931703
0.839652118093
0.528178687091
-0.159669029981
0.875473852808
0.456126445095
0.122710094609
0.863368460591
0.489425309866
0.064644410709
0.833366411802
0.548927612573
0.004792129059
0.796373290048
0.604786423787
-0.031308715479
0.841573398101
0.539234624207
-0.066296368423
0.880873419422
0.468686260188
0.085582667409
0.905292605216
0.416078004683
0.028231930986
0.877105457127
0.479467386953
-0.007414098404
0.914211058001
0.405170547514
-0.433061974026
-0.361945036333
0.825501736719
-0.363179305354
-0.412245151587
0.835556537379
-0.291084543999
-0.459513598587
0.839116821997
-0.217714874143
-0.503073497210
0.836371502373
-0.141786934747
-0.542656574398
0.827901145909
-0.052075716753
-0.572805307806
0.818035573233
-0.113605842124
-0.618845294695
0.777254278772
-0.173118120699
-0.659394049551
0.731593878940
-0.231645858827
-0.695421670098
0.680241792928
-0.289402001687
-0.726165520493
0.623642620631
-0.345454341047
-0.751305482816
0.562317854725
-0.497005452099
-0.399337951094
0.770399105269
-0.428513196437
-0.450736304279
0.783079321962
-0.357420435567
-0.499295245390
0.789274914190
-0.282912281220
-0.544279885013
0.789759487379
-0.203074330466
-0.585161214229
0.785077811219
-0.261865900878
-0.623704206198
0.736491217278
-0.319490058124
-0.657309985254
0.682546471711
-0.376101427043
-0.685412777588
0.623503841925
-0.430869558765
-0.707862708252
0.559715829324
-0.491686606708
-0.483650416601
0.724103967194
-0.419720004903
-0.534012740012
0.733938356396
-0.343367162940
-0.581199014094
0.737771439832
-0.401554943819
-0.612748644780
0.680656099226
-0.457811731604
-0.638903617859
0.618231821805
-0.550804598813
-0.511983644683
0.659156310372
-0.478583673657
-0.563876187429
0.673053721897
-0.534735926207
-0.588308245409
0.606589562725
0.839394063374
-0.424476043971
0.339466779622
0.863520179531
-0.345896824054
0.366999028135
0.881262792298
-0.265036901864
0.391319986152
0.892458355887
-0.183051292349
0.412323061902
0.896783536169
-0.099215276340
0.431202525731
0.888519296570
-0.008514380077
0.458760247792
0.924389635560
-0.022671190682
0.380775286465
0.952754372877
-0.036433418477
0.301548853393
0.974311352884
-0.049900875718
0.219607127033
0.988731693851
-0.063764545516
0.135438991102
0.995729093092
-0.077591464630
0.050031368032
0.861853872564
-0.440483297478
0.251361029178
0.888610851138
-0.363291124521
0.279982703188
0.909024784554
-0.283410945534
0.305535884994
0.922636123176
-0.200790003987
0.329280971984
0.928697691605
-0.114312362927
0.352779366304
0.953753924535
-0.127590163305
0.272165761368
0.971776041993
-0.140736353138
0.189326709987
0.982484238758
-0.154239340505
0.104570294218
0.985676891339
-0.167611144556
0.018643232027
0.905272907343
-0.379718043990
0.190512913734
0.928695174475
-0.299353671789
0.218889588820
0.945191888090
-0.215174275954
0.245585678850
0.960139418336
-0.228824753321
0.160535135172
0.967471400808
-0.241969801564
0.073822108816
0.913989606190
-0.393308960533
0.099654710585
0.940602767692
-0.313229269698
0.130972737675
0.944488638530
-0.325902812592
0.041576055989
0.433061974026
0.361945036333
0.825501736719
0.363179305354
0.412245151587
0.835556537379
0.291084543999
0.459513598587
0.839116821997
0.217714874143
0.503073497210
0.836371502373
0.141786934747
0.542656574398
0.827901145909
0.052075716753
0.572805307806
0.818035573233
0.113605842124
0.618845294695
0.777254278772
0.173118120699
0.659394049551
0.731593878940
0.231645858827
0.695421670098
0.680241792928
0.289402001687
0.726165520493
0.623642620631
0.345454341047
0.751305482816
0.562317854725
0.497005452099
0.399337951094
0.770399105269
0.428513196437
0.450736304279
0.783079321962
0.357420435567
0.499295245390
0.789274914190
0.282912281220
0.544279885013
0.789759487379
0.203074330466
0.585161214229
0.785077811219
0.261865900878
0.623704206198
0.736491217278
0.319490058124
0.657309985254
0.682546471711
0.376101427043
0.685412777588
0.623503841925
0.430869558765
0.707862708252
0.559715829324
0.491686606708
0.483650416601
0.724103967194
0.419720004903
0.534012740012
0.733938356396
0.343367162940
0.581199014094
0.737771439832
0.401554943819
0.612748644780
0.680656099226
0.457811731604
0.638903617859
0.618231821805
0.550804598813
0.511983644683
0.659156310372
0.478583673657
0.563876187429
0.673053721897
0.534735926207
0.588308245409
0.606589562725
-0.013892326655
-0.085712087094
0.996223088162
-0.027963642153
-0.170505515568
0.984959848866
-0.042145970301
-0.253565814661
0.966399552371
-0.056086853514
-0.333854723340
0.940954456160
-0.068882390260
-0.412455771157
0.908369667675
-0.070483723337
-0.497059408188
0.864849113705
-0.147135356788
-0.457698371500
0.876848554489
-0.221160493937
-0.415716464669
0.882194908693
-0.294069559956
-0.370511672880
0.881047214494
-0.365089073220
-0.321667790867
0.873635965911
-0.433411238367
-0.269940082071
0.859818033394
-0.091454767295
-0.035649534481
0.995170908051
-0.105531529176
-0.120678512338
0.987066255633
-0.119749870363
-0.204387777903
0.971537752633
-0.132876635796
-0.287308202151
0.948576721534
-0.143619880386
-0.370892408219
0.917503216062
-0.217262707257
-0.327586441388
0.919502060603
-0.289229570281
-0.281100565280
0.915056680143
-0.358980396832
-0.231107225921
0.904280114134
-0.425961062015
-0.178312262008
0.886996003860
-0.181168940150
-0.067802819125
0.981111916574
-0.194756818079
-0.154245178111
0.968647617476
-0.207420448259
-0.240793549791
0.948153586727
-0.279483319110
-0.191843850651
0.940789568026
-0.349239579003
-0.140118477239
0.926497991792
-0.254833295818
-0.014072043176
0.966882603496
-0.267549045795
-0.102740806689
0.958051060610
-0.337899075805
-0.048990154393
0.939906473721
0.013892326655
0.085712087094
0.996223088162
0.027963642153
0.170505515568
0.984959848866
0.042145970301
0.253565814661
0.966399552371
0.056086853514
0.333854723340
0.940954456160
0.068882390260
0.412455771157
0.908369667675
0.070483723337
0.497059408188
0.864849113705
0.147135356788
0.457698371500
0.876848554489
0.221160493937
0.415716464669
0.882194908693
0.294069559956
0.370511672880
0.881047214494
0.365089073220
0.321667790867
0.873635965911
0.433411238367
0.269940082071
0.859818033394
0.091454767295
0.035649534481
0.995170908051
0.105531529176
0.120678512338
0.987066255633
0.119749870363
0.204387777903
0.971537752633
0.132876635796
0.287308202151
0.948576721534
0.143619880386
0.370892408219
0.917503216062
0.217262707257
0.327586441388
0.919502060603
0.289229570281
0.281100565280
0.915056680143
0.358980396832
0.231107225921
0.904280114134
0.425961062015
0.178312262008
0.886996003860
0.181168940150
0.067802819125
0.981111916574
0.194756818079
0.154245178111
0.968647617476
0.207420448259
0.240793549791
0.948153586727
0.279483319110
0.191843850651
0.940789568026
0.349239579003
0.140118477239
0.926497991792
0.254833295818
0.014072043176
0.966882603496
0.267549045795
0.102740806689
0.958051060610
0.337899075805
0.048990154393
0.939906473721
-0.339466779622
0.839394063374
0.424476043971
-0.366999028135
0.863520179531
0.345896824054
-0.391319986152
0.881262792298
0.265036901864
-0.412323061902
0.892458355887
0.183051292349
-0.431202525731
0.896783536169
0.099215276340
-0.458760247792
0.888519296570
0.008514380077
-0.380775286465
0.924389635560
0.022671190682
-0.301548853393
0.952754372877
0.036433418477
-0.219607127033
0.974311352884
0.049900875718
-0.135438991102
0.988731693851
0.063764545516
-0.050031368032
0.995729093092
0.077591464630
-0.251361029178
0.861853872564
0.440483297478
-0.279982703188
0.888610851138
0.363291124521
-0.305535884994
0.909024784554
0.283410945534
-0.329280971984
0.922636123176
0.200790003987
-0.352779366304
0.928697691605
0.114312362927
-0.272165761368
0.953753924535
0.127590163305
-0.189326709987
0.971776041993
0.140736353138
-0.104570294218
0.982484238758
0.154239340505
-0.018643232027
0.985676891339
0.167611144556
-0.190512913734
0.905272907343
0.379718043990
-0.218889588820
0.928695174475
0.299353671789
-0.245585678850
0.945191888090
0.215174275954
-0.160535135172
0.960139418336
0.228824753321
-0.073822108816
0.967471400808
0.241969801564
-0.099654710585
0.913989606190
0.393308960533
-0.130972737675
0.940602767692
0.313229269698
-0.041576055989
0.944488638530
0.325902812592
-0.563161114135
0.253754692528
-0.786421080304
-0.621780543513
0.196493512566
-0.758141975641
-0.675315008372
0.137754171490
-0.724550500452
-0.723239582017
0.078468338563
-0.686124789559
-0.766582732928
0.018746754574
-0.641871850738
-0.812773396952
-0.038299160396
-0.581319687882
-0.763242712365
-0.076923085035
-0.641516485377
-0.709076787995
-0.114167611277
-0.695827468028
-0.649401355666
-0.150904545847
-0.745322545816
-0.584233964225
-0.186228799765
-0.789930066008
-0.514363692346
-0.219908714039
-0.828896947446
-0.498165455952
0.215711494696
-0.839821248572
-0.558553059197
0.159304190850
-0.814027428801
-0.614117317067
0.101148107091
-0.782706190924
-0.665664440314
0.041972769832
-0.745069889000
-0.714428885595
-0.018113041915
-0.699473577156
-0.657636159725
-0.055420680020
-0.751294369504
-0.595566622019
-0.091773855293
-0.798046338392
-0.528178687091
-0.126536931703
-0.839652118093
-0.456126445095
-0.159669029981
-0.875473852808
-0.489425309866
0.122710094609
-0.863368460591
-0.548927612573
0.064644410709
-0.833366411802
-0.604786423787
0.004792129059
-0.796373290048
-0.539234624207
-0.031308715479
-0.841573398101
-0.468686260188
-0.066296368423
-0.880873419422
-0.416078004683
0.085582667409
-0.905292605216
-0.479467386953
0.028231930986
-0.877105457127
-0.405170547514
-0.007414098404
-0.914211058001
-0.825501736719
-0.433061974026
0.361945036333
-0.835556537379
-0.363179305354
0.412245151587
-0.839116821997
-0.291084543999
0.459513598587
-0.836371502373
-0.217714874143
0.503073497210
-0.827901145909
-0.141786934747
0.542656574398
-0.818035573233
-0.052075716753
0.572805307806
-0.777254278772
-0.113605842124
0.618845294695
-0.731593878940
-0.173118120699
0.659394049551
-0.680241792928
-0.231645858827
0.695421670098
-0.623642620631
-0.289402001687
0.726165520493
-0.562317854725
-0.345454341047
0.751305482816
-0.770399105269
-0.497005452099
0.399337951094
-0.783079321962
-0.428513196437
0.450736304279
-0.789274914190
-0.357420435567
0.499295245390
-0.789759487379
-0.282912281220
0.544279885013
-0.785077811219
-0.203074330466
0.585161214229
-0.736491217278
-0.261865900878
0.623704206198
-0.682546471711
-0.319490058124
0.657309985254
-0.623503841925
-0.376101427043
0.685412777588
-0.559715829324
-0.430869558765
0.707862708252
-0.724103967194
-0.491686606708
0.483650416601
-0.733938356396
-0.419720004903
0.534012740012
-0.737771439832
-0.343367162940
0.581199014094
-0.680656099226
-0.401554943819
0.612748644780
-0.618231821805
-0.457811731604
0.638903617859
-0.659156310372
-0.550804598813
0.511983644683
-0.673053721897
-0.478583673657
0.563876187429
-0.606589562725
-0.534735926207
0.588308245409
-0.772528753648
0.571747044191
0.276232949239
-0.730178333488
0.639063024812
0.241739636019
-0.682404530151
0.701362650506
0.205947783926
-0.630037936045
0.757903163811
0.169218773870
-0.572989460478
0.809154391335
0.130200803241
-0.510835964545
0.856334733629
0.075745899618
-0.494381128589
0.854177363807
0.161146923195
-0.474666974091
0.845761490217
0.243677584882
-0.451252985860
0.831146338776
0.324909997218
-0.424840992789
0.809871420396
0.404497729626
-0.395485709079
0.782226568763
0.481365400745
-0.748366481277
0.554687610573
0.363688416613
-0.708495899625
0.623775131112
0.330057791941
-0.662956320561
0.688126807100
0.294907467487
-0.612193253203
0.747786717547
0.256971682861
-0.555853696770
0.803190853134
0.214268806009
-0.534031662246
0.791911897298
0.296117764810
-0.508816768111
0.774320327004
0.376209419974
-0.480671721261
0.750040773628
0.454305551667
-0.449512790792
0.719384859305
0.529550446244
-0.682199520441
0.601393872585
0.415847597477
-0.638609593723
0.669293945686
0.379767561902
-0.588952841789
0.732979310773
0.340405464303
-0.562090078991
0.711964814705
0.420904794129
-0.531633840420
0.684528190228
0.498785140620
-0.650459309398
0.573573642963
0.497911601507
-0.609556411332
0.644821790912
0.461135380740
-0.576311982196
0.614003661129
0.539318091016
-0.825501736719
0.433061974026
-0.361945036333
-0.835556537379
0.363179305354
-0.412245151587
-0.839116821997
0.291084543999
-0.459513598587
-0.836371502373
0.217714874143
-0.503073497210
-0.827901145909
0.141786934747
-0.542656574398
-0.818035573233
0.052075716753
-0.572805307806
-0.777254278772
0.113605842124
-0.618845294695
-0.731593878940
0.173118120699
-0.659394049551
-0.680241792928
0.231645858827
-0.695421670098
-0.623642620631
0.289402001687
-0.726165520493
-0.562317854725
0.345454341047
-0.751305482816
-0.770399105269
0.497005452099
-0.399337951094
-0.783079321962
0.428513196437
-0.450736304279
-0.789274914190
0.357420435567
-0.499295245390
-0.789759487379
0.282912281220
-0.544279885013
-0.785077811219
0.203074330466
-0.585161214229
-0.736491217278
0.261865900878
-0.623704206198
-0.682546471711
0.319490058124
-0.657309985254
-0.623503841925
0.376101427043
-0.685412777588
-0.559715829324
0.430869558765
-0.707862708252
-0.724103967194
0.491686606708
-0.483650416601
-0.733938356396
0.419720004903
-0.534012740012
-0.737771439832
0.343367162940
-0.581199014094
-0.680656099226
0.401554943819
-0.612748644780
-0.618231821805
0.457811731604
-0.638903617859
-0.659156310372
0.550804598813
-0.511983644683
-0.673053721897
0.478583673657
-0.563876187429
-0.606589562725
0.534735926207
-0.588308245409
-0.339466779622
-0.839394063374
-0.424476043971
-0.366999028135
-0.863520179531
-0.345896824054
-0.391319986152
-0.881262792298
-0.265036901864
-0.412323061902
-0.892458355887
-0.183051292349
-0.431202525731
-0.896783536169
-0.099215276340
-0.458760247792
-0.888519296570
-0.008514380077
-0.380775286465
-0.924389635560
-0.022671190682
-0.301548853393
-0.952754372877
-0.036433418477
-0.219607127033
-0.974311352884
-0.049900875718
-0.135438991102
-0.988731693851
-0.063764545516
-0.050031368032
-0.995729093092
-0.077591464630
-0.251361029178
-0.861853872564
-0.440483297478
-0.279982703188
-0.888610851138
-0.363291124521
-0.305535884994
-0.909024784554
-0.283410945534
-0.329280971984
-0.922636123176
-0.200790003987
-0.352779366304
-0.928697691605
-0.114312362927
-0.272165761368
-0.953753924535
-0.127590163305
-0.189326709987
-0.971776041993
-0.140736353138
-0.104570294218
-0.982484238758
-0.154239340505
-0.018643232027
-0.985676891339
-0.167611144556
-0.190512913734
-0.905272907343
-0.379718043990
-0.218889588820
-0.928695174475
-0.299353671789
-0.245585678850
-0.945191888090
-0.215174275954
-0.160535135172
-0.960139418336
-0.228824753321
-0.073822108816
-0.967471400808
-0.241969801564
-0.099654710585
-0.913989606190
-0.393308960533
-0.130972737675
-0.940602767692
-0.313229269698
-0.041576055989
-0.944488638530
-0.325902812592
0.563161114135
0.253754692528
0.786421080304
0.621780543513
0.196493512566
0.758141975641
0.675315008372
0.137754171490
0.724550500452
0.723239582017
0.078468338563
0.686124789559
0.766582732928
0.018746754574
0.641871850738
0.812773396952
-0.038299160396
0.581319687882
0.763242712365
-0.076923085035
0.641516485377
0.709076787995
-0.114167611277
0.695827468028
0.649401355666
-0.150904545847
0.745322545816
0.584233964225
-0.186228799765
0.789930066008
0.514363692346
-0.219908714039
0.828896947446
0.498165455952
0.215711494696
0.839821248572
0.558553059197
0.159304190850
0.814027428801
0.614117317067
0.101148107091
0.782706190924
0.665664440314
0.041972769832
0.745069889000
0.714428885595
-0.018113041915
0.699473577156
0.657636159725
-0.055420680020
0.751294369504
0.595566622019
-0.091773855293
0.798046338392
0.528178687091
-0.126536931703
0.839652118093
0.456126445095
-0.159669029981
0.875473852808
0.489425309866
0.122710094609
0.863368460591
0.548927612573
0.064644410709
0.833366411802
0.604786423787
0.004792129059
0.796373290048
0.539234624207
-0.031308715479
0.841573398101
0.468686260188
-0.066296368423
0.880873419422
0.416078004683
0.085582667409
0.905292605216
0.479467386953
0.028231930986
0.877105457127
0.405170547514
-0.007414098404
0.914211058001
0.825501736719
-0.433061974026
-0.361945036333
0.835556537379
-0.363179305354
-0.412245151587
0.839116821997
-0.291084543999
-0.459513598587
0.836371502373
-0.217714874143
-0.503073497210
0.827901145909
-0.141786934747
-0.542656574398
0.818035573233
-0.052075716753
-0.572805307806
0.777254278772
-0.113605842124
-0.618845294695
0.731593878940
-0.173118120699
-0.659394049551
0.680241792928
-0.231645858827
-0.695421670098
0.623642620631
-0.289402001687
-0.726165520493
0.562317854725
-0.345454341047
-0.751305482816
0.770399105269
-0.497005452099
-0.399337951094
0.783079321962
-0.428513196437
-0.450736304279
0.789274914190
-0.357420435567
-0.499295245390
0.789759487379
-0.282912281220
-0.544279885013
0.785077811219
-0.203074330466
-0.585161214229
0.736491217278
-0.261865900878
-0.623704206198
0.682546471711
-0.319490058124
-0.657309985254
0.623503841925
-0.376101427043
-0.685412777588
0.559715829324
-0.430869558765
-0.707862708252
0.724103967194
-0.491686606708
-0.483650416601
0.733938356396
-0.419720004903
-0.534012740012
0.737771439832
-0.343367162940
-0.581199014094
0.680656099226
-0.401554943819
-0.612748644780
0.618231821805
-0.457811731604
-0.638903617859
0.659156310372
-0.550804598813
-0.511983644683
0.673053721897
-0.478583673657
-0.563876187429
0.606589562725
-0.534735926207
-0.588308245409
0.339466779622
0.839394063374
-0.424476043971
0.366999028135
0.863520179531
-0.345896824054
0.391319986152
0.881262792298
-0.265036901864
0.412323061902
0.892458355887
-0.183051292349
0.431202525731
0.896783536169
-0.099215276340
0.458760247792
0.888519296570
-0.008514380077
0.380775286465
0.924389635560
-0.022671190682
0.301548853393
0.952754372877
-0.036433418477
0.219607127033
0.974311352884
-0.049900875718
0.135438991102
0.988731693851
-0.063764545516
0.050031368032
0.995729093092
-0.077591464630
0.251361029178
0.861853872564
-0.440483297478
0.279982703188
0.888610851138
-0.363291124521
0.305535884994
0.909024784554
-0.283410945534
0.329280971984
0.922636123176
-0.200790003987
0.352779366304
0.928697691605
-0.114312362927
0.272165761368
0.953753924535
-0.127590163305
0.189326709987
0.971776041993
-0.140736353138
0.104570294218
0.982484238758
-0.154239340505
0.018643232027
0.985676891339
-0.167611144556
0.190512913734
0.905272907343
-0.379718043990
0.218889588820
0.928695174475
-0.299353671789
0.245585678850
0.945191888090
-0.215174275954
0.160535135172
0.960139418336
-0.228824753321
0.073822108816
0.967471400808
-0.241969801564
0.099654710585
0.913989606190
-0.393308960533
0.130972737675
0.940602767692
-0.313229269698
0.041576055989
0.944488638530
-0.325902812592
0.825501736719
0.433061974026
0.361945036333
0.835556537379
0.363179305354
0.412245151587
0.839116821997
0.291084543999
0.459513598587
0.836371502373
0.217714874143
0.503073497210
0.827901145909
0.141786934747
0.542656574398
0.818035573233
0.052075716753
0.572805307806
0.777254278772
0.113605842124
0.618845294695
0.731593878940
0.173118120699
0.659394049551
0.680241792928
0.231645858827
0.695421670098
0.623642620631
0.289402001687
0.726165520493
0.562317854725
0.345454341047
0.751305482816
0.770399105269
0.497005452099
0.399337951094
0.783079321962
0.428513196437
0.450736304279
0.789274914190
0.357420435567
0.499295245390
0.789759487379
0.282912281220
0.544279885013
0.785077811219
0.203074330466
0.585161214229
0.736491217278
0.261865900878
0.623704206198
0.682546471711
0.319490058124
0.657309985254
0.623503841925
0.376101427043
0.685412777588
0.559715829324
0.430869558765
0.707862708252
0.724103967194
0.491686606708
0.483650416601
0.733938356396
0.419720004903
0.534012740012
0.737771439832
0.343367162940
0.581199014094
0.680656099226
0.401554943819
0.612748644780
0.618231821805
0.457811731604
0.638903617859
0.659156310372
0.550804598813
0.511983644683
0.673053721897
0.478583673657
0.563876187429
0.606589562725
0.534735926207
0.588308245409
0.996223088162
-0.013892326655
-0.085712087094
0.984959848866
-0.027963642153
-0.170505515568
0.966399552371
-0.042145970301
-0.253565814661
0.940954456160
-0.056086853514
-0.333854723340
0.908369667675
-0.068882390260
-0.412455771157
0.864849113705
-0.070483723337
-0.497059408188
0.876848554489
-0.147135356788
-0.457698371500
0.882194908693
-0.221160493937
-0.415716464669
0.881047214494
-0.294069559956
-0.370511672880
0.873635965911
-0.365089073220
-0.321667790867
0.859818033394
-0.433411238367
-0.269940082071
0.995170908051
-0.091454767295
-0.035649534481
0.987066255633
-0.105531529176
-0.120678512338
0.971537752633
-0.119749870363
-0.204387777903
0.948576721534
-0.132876635796
-0.287308202151
0.917503216062
-0.143619880386
-0.370892408219
0.919502060603
-0.217262707257
-0.327586441388
0.915056680143
-0.289229570281
-0.281100565280
0.904280114134
-0.358980396832
-0.231107225921
0.886996003860
-0.425961062015
-0.178312262008
0.981111916574
-0.181168940150
-0.067802819125
0.968647617476
-0.194756818079
-0.154245178111
0.948153586727
-0.207420448259
-0.240793549791
0.940789568026
-0.279483319110
-0.191843850651
0.926497991792
-0.349239579003
-0.140118477239
0.966882603496
-0.254833295818
-0.014072043176
0.958051060610
-0.267549045795
-0.102740806689
0.939906473721
-0.337899075805
-0.048990154393
-0.013892326655
0.085712087094
-0.996223088162
-0.027963642153
0.170505515568
-0.984959848866
-0.042145970301
0.253565814661
-0.966399552371
-0.056086853514
0.333854723340
-0.940954456160
-0.068882390260
0.412455771157
-0.908369667675
-0.070483723337
0.497059408188
-0.864849113705
-0.147135356788
0.457698371500
-0.876848554489
-0.221160493937
0.415716464669
-0.882194908693
-0.294069559956
0.370511672880
-0.881047214494
-0.365089073220
0.321667790867
-0.873635965911
-0.433411238367
0.269940082071
-0.859818033394
-0.091454767295
0.035649534481
-0.995170908051
-0.105531529176
0.120678512338
-0.987066255633
-0.119749870363
0.204387777903
-0.971537752633
-0.132876635796
0.287308202151
-0.948576721534
-0.143619880386
0.370892408219
-0.917503216062
-0.217262707257
0.327586441388
-0.919502060603
-0.289229570281
0.281100565280
-0.915056680143
-0.358980396832
0.231107225921
-0.904280114134
-0.425961062015
0.178312262008
-0.886996003860
-0.181168940150
0.067802819125
-0.981111916574
-0.194756818079
0.154245178111
-0.968647617476
-0.207420448259
0.240793549791
-0.948153586727
-0.279483319110
0.191843850651
-0.940789568026
-0.349239579003
0.140118477239
-0.926497991792
-0.254833295818
0.014072043176
-0.966882603496
-0.267549045795
0.102740806689
-0.958051060610
-0.337899075805
0.048990154393
-0.939906473721
0.339466779622
-0.839394063374
0.424476043971
0.366999028135
-0.863520179531
0.345896824054
0.391319986152
-0.881262792298
0.265036901864
0.412323061902
-0.892458355887
0.183051292349
0.431202525731
-0.896783536169
0.099215276340
0.458760247792
-0.888519296570
0.008514380077
0.380775286465
-0.924389635560
0.022671190682
0.301548853393
-0.952754372877
0.036433418477
0.219607127033
-0.974311352884
0.049900875718
0.135438991102
-0.988731693851
0.063764545516
0.050031368032
-0.995729093092
0.077591464630
0.251361029178
-0.861853872564
0.440483297478
0.279982703188
-0.888610851138
0.363291124521
0.305535884994
-0.909024784554
0.283410945534
0.329280971984
-0.922636123176
0.200790003987
0.352779366304
-0.928697691605
0.114312362927
0.272165761368
-0.953753924535
0.127590163305
0.189326709987
-0.971776041993
0.140736353138
0.104570294218
-0.982484238758
0.154239340505
0.018643232027
-0.985676891339
0.167611144556
0.190512913734
-0.905272907343
0.379718043990
0.218889588820
-0.928695174475
0.299353671789
0.245585678850
-0.945191888090
0.215174275954
0.160535135172
-0.960139418336
0.228824753321
0.073822108816
-0.967471400808
0.241969801564
0.099654710585
-0.913989606190
0.393308960533
0.130972737675
-0.940602767692
0.313229269698
0.041576055989
-0.944488638530
0.325902812592
-0.839394063374
0.424476043971
0.339466779622
-0.863520179531
0.345896824054
0.366999028135
-0.881262792298
0.265036901864
0.391319986152
-0.892458355887
0.183051292349
0.412323061902
-0.896783536169
0.099215276340
0.431202525731
-0.888519296570
0.008514380077
0.458760247792
-0.924389635560
0.022671190682
0.380775286465
-0.952754372877
0.036433418477
0.301548853393
-0.974311352884
0.049900875718
0.219607127033
-0.988731693851
0.063764545516
0.135438991102
-0.995729093092
0.077591464630
0.050031368032
-0.861853872564
0.440483297478
0.251361029178
-0.888610851138
0.363291124521
0.279982703188
-0.909024784554
0.283410945534
0.305535884994
-0.922636123176
0.200790003987
0.329280971984
-0.928697691605
0.114312362927
0.352779366304
-0.953753924535
0.127590163305
0.272165761368
-0.971776041993
0.140736353138
0.189326709987
-0.982484238758
0.154239340505
0.104570294218
-0.985676891339
0.167611144556
0.018643232027
-0.905272907343
0.379718043990
0.190512913734
-0.928695174475
0.299353671789
0.218889588820
-0.945191888090
0.215174275954
0.245585678850
-0.960139418336
0.228824753321
0.160535135172
-0.967471400808
0.241969801564
0.073822108816
-0.913989606190
0.393308960533
0.099654710585
-0.940602767692
0.313229269698
0.130972737675
-0.944488638530
0.325902812592
0.041576055989
-0.253754692528
-0.786421080304
0.563161114135
-0.196493512566
-0.758141975641
0.621780543513
-0.137754171490
-0.724550500452
0.675315008372
-0.078468338563
-0.686124789559
0.723239582017
-0.018746754574
-0.641871850738
0.766582732928
0.038299160396
-0.581319687882
0.812773396952
0.076923085035
-0.641516485377
0.763242712365
0.114167611277
-0.695827468028
0.709076787995
0.150904545847
-0.745322545816
0.649401355666
0.186228799765
-0.789930066008
0.584233964225
0.219908714039
-0.828896947446
0.514363692346
-0.215711494696
-0.839821248572
0.498165455952
-0.159304190850
-0.814027428801
0.558553059197
-0.101148107091
-0.782706190924
0.614117317067
-0.041972769832
-0.745069889000
0.665664440314
0.018113041915
-0.699473577156
0.714428885595
0.055420680020
-0.751294369504
0.657636159725
0.091773855293
-0.798046338392
0.595566622019
0.126536931703
-0.839652118093
0.528178687091
0.159669029981
-0.875473852808
0.456126445095
-0.122710094609
-0.863368460591
0.489425309866
-0.064644410709
-0.833366411802
0.548927612573
-0.004792129059
-0.796373290048
0.604786423787
0.031308715479
-0.841573398101
0.539234624207
0.066296368423
-0.880873419422
0.468686260188
-0.085582667409
-0.905292605216
0.416078004683
-0.028231930986
-0.877105457127
0.479467386953
0.007414098404
-0.914211058001
0.405170547514
-0.571747044191
0.276232949239
0.772528753648
-0.639063024812
0.241739636019
0.730178333488
-0.701362650506
0.205947783926
0.682404530151
-0.757903163811
0.169218773870
0.630037936045
-0.809154391335
0.130200803241
0.572989460478
-0.856334733629
0.075745899618
0.510835964545
-0.854177363807
0.161146923195
0.494381128589
-0.845761490217
0.243677584882
0.474666974091
-0.831146338776
0.324909997218
0.451252985860
-0.809871420396
0.404497729626
0.424840992789
-0.782226568763
0.481365400745
0.395485709079
-0.554687610573
0.363688416613
0.748366481277
-0.623775131112
0.330057791941
0.708495899625
-0.688126807100
0.294907467487
0.662956320561
-0.747786717547
0.256971682861
0.612193253203
-0.803190853134
0.214268806009
0.555853696770
-0.791911897298
0.296117764810
0.534031662246
-0.774320327004
0.376209419974
0.508816768111
-0.750040773628
0.454305551667
0.480671721261
-0.719384859305
0.529550446244
0.449512790792
-0.601393872585
0.415847597477
0.682199520441
-0.669293945686
0.379767561902
0.638609593723
-0.732979310773
0.340405464303
0.588952841789
-0.711964814705
0.420904794129
0.562090078991
-0.684528190228
0.498785140620
0.531633840420
-0.573573642963
0.497911601507
0.650459309398
-0.644821790912
0.461135380740
0.609556411332
-0.614003661129
0.539318091016
0.576311982196
-0.772528753648
-0.571747044191
-0.276232949239
-0.730178333488
-0.639063024812
-0.241739636019
-0.682404530151
-0.701362650506
-0.205947783926
-0.630037936045
-0.757903163811
-0.169218773870
-0.572989460478
-0.809154391335
-0.130200803241
-0.510835964545
-0.856334733629
-0.075745899618
-0.494381128589
-0.854177363807
-0.161146923195
-0.474666974091
-0.845761490217
-0.243677584882
-0.451252985860
-0.831146338776
-0.324909997218
-0.424840992789
-0.809871420396
-0.404497729626
-0.395485709079
-0.782226568763
-0.481365400745
-0.748366481277
-0.554687610573
-0.363688416613
-0.708495899625
-0.623775131112
-0.330057791941
-0.662956320561
-0.688126807100
-0.294907467487
-0.612193253203
-0.747786717547
-0.256971682861
-0.555853696770
-0.803190853134
-0.214268806009
-0.534031662246
-0.791911897298
-0.296117764810
-0.508816768111
-0.774320327004
-0.376209419974
-0.480671721261
-0.750040773628
-0.454305551667
-0.449512790792
-0.719384859305
-0.529550446244
-0.682199520441
-0.601393872585
-0.415847597477
-0.638609593723
-0.669293945686
-0.379767561902
-0.588952841789
-0.732979310773
-0.340405464303
-0.562090078991
-0.711964814705
-0.420904794129
-0.531633840420
-0.684528190228
-0.498785140620
-0.650459309398
-0.573573642963
-0.497911601507
-0.609556411332
-0.644821790912
-0.461135380740
-0.576311982196
-0.614003661129
-0.539318091016
0.276232949239
-0.772528753648
0.571747044191
0.241739636019
-0.730178333488
0.639063024812
0.205947783926
-0.682404530151
0.701362650506
0.169218773870
-0.630037936045
0.757903163811
0.130200803241
-0.572989460478
0.809154391335
0.075745899618
-0.510835964545
0.856334733629
0.161146923195
-0.494381128589
0.854177363807
0.243677584882
-0.474666974091
0.845761490217
0.324909997218
-0.451252985860
0.831146338776
0.404497729626
-0.424840992789
0.809871420396
0.481365400745
-0.395485709079
0.782226568763
0.363688416613
-0.748366481277
0.554687610573
0.330057791941
-0.708495899625
0.623775131112
0.294907467487
-0.662956320561
0.688126807100
0.256971682861
-0.612193253203
0.747786717547
0.214268806009
-0.555853696770
0.803190853134
0.296117764810
-0.534031662246
0.791911897298
0.376209419974
-0.508816768111
0.774320327004
0.454305551667
-0.480671721261
0.750040773628
0.529550446244
-0.449512790792
0.719384859305
0.415847597477
-0.682199520441
0.601393872585
0.379767561902
-0.638609593723
0.669293945686
0.340405464303
-0.588952841789
0.732979310773
0.420904794129
-0.562090078991
0.711964814705
0.498785140620
-0.531633840420
0.684528190228
0.497911601507
-0.650459309398
0.573573642963
0.461135380740
-0.609556411332
0.644821790912
0.539318091016
-0.576311982196
0.614003661129
-0.563161114135
-0.253754692528
0.786421080304
-0.621780543513
-0.196493512566
0.758141975641
-0.675315008372
-0.137754171490
0.724550500452
-0.723239582017
-0.078468338563
0.686124789559
-0.766582732928
-0.018746754574
0.641871850738
-0.812773396952
0.038299160396
0.581319687882
-0.763242712365
0.076923085035
0.641516485377
-0.709076787995
0.114167611277
0.695827468028
-0.649401355666
0.150904545847
0.745322545816
-0.584233964225
0.186228799765
0.789930066008
-0.514363692346
0.219908714039
0.828896947446
-0.498165455952
-0.215711494696
0.839821248572
-0.558553059197
-0.159304190850
0.814027428801
-0.614117317067
-0.101148107091
0.782706190924
-0.665664440314
-0.041972769832
0.745069889000
-0.714428885595
0.018113041915
0.699473577156
-0.657636159725
0.055420680020
0.751294369504
-0.595566622019
0.091773855293
0.798046338392
-0.528178687091
0.126536931703
0.839652118093
-0.456126445095
0.159669029981
0.875473852808
-0.489425309866
-0.122710094609
0.863368460591
-0.548927612573
-0.064644410709
0.833366411802
-0.604786423787
-0.004792129059
0.796373290048
-0.539234624207
0.031308715479
0.841573398101
-0.468686260188
0.066296368423
0.880873419422
-0.416078004683
-0.085582667409
0.905292605216
-0.479467386953
-0.028231930986
0.877105457127
-0.405170547514
0.007414098404
0.914211058001
0.085712087094
-0.996223088162
-0.013892326655
0.170505515568
-0.984959848866
-0.027963642153
0.253565814661
-0.966399552371
-0.042145970301
0.333854723340
-0.940954456160
-0.056086853514
0.412455771157
-0.908369667675
-0.068882390260
0.497059408188
-0.864849113705
-0.070483723337
0.457698371500
-0.876848554489
-0.147135356788
0.415716464669
-0.882194908693
-0.221160493937
0.370511672880
-0.881047214494
-0.294069559956
0.321667790867
-0.873635965911
-0.365089073220
0.269940082071
-0.859818033394
-0.433411238367
0.035649534481
-0.995170908051
-0.091454767295
0.120678512338
-0.987066255633
-0.105531529176
0.204387777903
-0.971537752633
-0.119749870363
0.287308202151
-0.948576721534
-0.132876635796
0.370892408219
-0.917503216062
-0.143619880386
0.327586441388
-0.919502060603
-0.217262707257
0.281100565280
-0.915056680143
-0.289229570281
0.231107225921
-0.904280114134
-0.358980396832
0.178312262008
-0.886996003860
-0.425961062015
0.067802819125
-0.981111916574
-0.181168940150
0.154245178111
-0.968647617476
-0.194756818079
0.240793549791
-0.948153586727
-0.207420448259
0.191843850651
-0.940789568026
-0.279483319110
0.140118477239
-0.926497991792
-0.349239579003
0.014072043176
-0.966882603496
-0.254833295818
0.102740806689
-0.958051060610
-0.267549045795
0.048990154393
-0.939906473721
-0.337899075805
0.996223088162
0.013892326655
0.085712087094
0.984959848866
0.027963642153
0.170505515568
0.966399552371
0.042145970301
0.253565814661
0.940954456160
0.056086853514
0.333854723340
0.908369667675
0.068882390260
0.412455771157
0.864849113705
0.070483723337
0.497059408188
0.876848554489
0.147135356788
0.457698371500
0.882194908693
0.221160493937
0.415716464669
0.881047214494
0.294069559956
0.370511672880
0.873635965911
0.365089073220
0.321667790867
0.859818033394
0.433411238367
0.269940082071
0.995170908051
0.091454767295
0.035649534481
0.987066255633
0.105531529176
0.120678512338
0.971537752633
0.119749870363
0.204387777903
0.948576721534
0.132876635796
0.287308202151
0.917503216062
0.143619880386
0.370892408219
0.919502060603
0.217262707257
0.327586441388
0.915056680143
0.289229570281
0.281100565280
0.904280114134
0.358980396832
0.231107225921
0.886996003860
0.425961062015
0.178312262008
0.981111916574
0.181168940150
0.067802819125
0.968647617476
0.194756818079
0.154245178111
0.948153586727
0.207420448259
0.240793549791
0.940789568026
0.279483319110
0.191843850651
0.926497991792
0.349239579003
0.140118477239
0.966882603496
0.254833295818
0.014072043176
0.958051060610
0.267549045795
0.102740806689
0.939906473721
0.337899075805
0.048990154393
0.424476043971
-0.339466779622
0.839394063374
0.345896824054
-0.366999028135
0.863520179531
0.265036901864
-0.391319986152
0.881262792298
0.183051292349
-0.412323061902
0.892458355887
0.099215276340
-0.431202525731
0.896783536169
0.008514380077
-0.458760247792
0.888519296570
0.022671190682
-0.380775286465
0.924389635560
0.036433418477
-0.301548853393
0.952754372877
0.049900875718
-0.219607127033
0.974311352884
0.063764545516
-0.135438991102
0.988731693851
0.077591464630
-0.050031368032
0.995729093092
0.440483297478
-0.251361029178
0.861853872564
0.363291124521
-0.279982703188
0.888610851138
0.283410945534
-0.305535884994
0.909024784554
0.200790003987
-0.329280971984
0.922636123176
0.114312362927
-0.352779366304
0.928697691605
0.127590163305
-0.272165761368
0.953753924535
0.140736353138
-0.189326709987
0.971776041993
0.154239340505
-0.104570294218
0.982484238758
0.167611144556
-0.018643232027
0.985676891339
0.379718043990
-0.190512913734
0.905272907343
0.299353671789
-0.218889588820
0.928695174475
0.215174275954
-0.245585678850
0.945191888090
0.228824753321
-0.160535135172
0.960139418336
0.241969801564
-0.073822108816
0.967471400808
0.393308960533
-0.099654710585
0.913989606190
0.313229269698
-0.130972737675
0.940602767692
0.325902812592
-0.041576055989
0.944488638530
0.563161114135
-0.253754692528
-0.786421080304
0.621780543513
-0.196493512566
-0.758141975641
0.675315008372
-0.137754171490
-0.724550500452
0.723239582017
-0.078468338563
-0.686124789559
0.766582732928
-0.018746754574
-0.641871850738
0.812773396952
0.038299160396
-0.581319687882
0.763242712365
0.076923085035
-0.641516485377
0.709076787995
0.114167611277
-0.695827468028
0.649401355666
0.150904545847
-0.745322545816
0.584233964225
0.186228799765
-0.789930066008
0.514363692346
0.219908714039
-0.828896947446
0.498165455952
-0.215711494696
-0.839821248572
0.558553059197
-0.159304190850
-0.814027428801
0.614117317067
-0.101148107091
-0.782706190924
0.665664440314
-0.041972769832
-0.745069889000
0.714428885595
0.018113041915
-0.699473577156
0.657636159725
0.055420680020
-0.751294369504
0.595566622019
0.091773855293
-0.798046338392
0.528178687091
0.126536931703
-0.839652118093
0.456126445095
0.159669029981
-0.875473852808
0.489425309866
-0.122710094609
-0.863368460591
0.548927612573
-0.064644410709
-0.833366411802
0.604786423787
-0.004792129059
-0.796373290048
0.539234624207
0.031308715479
-0.841573398101
0.468686260188
0.066296368423
-0.880873419422
0.416078004683
-0.085582667409
-0.905292605216
0.479467386953
-0.028231930986
-0.877105457127
0.405170547514
0.007414098404
-0.914211058001
-0.786421080304
-0.563161114135
0.253754692528
-0.758141975641
-0.621780543513
0.196493512566
-0.724550500452
-0.675315008372
0.137754171490
-0.686124789559
-0.723239582017
0.078468338563
-0.641871850738
-0.766582732928
0.018746754574
-0.581319687882
-0.812773396952
-0.038299160396
-0.641516485377
-0.763242712365
-0.076923085035
-0.695827468028
-0.709076787995
-0.114167611277
-0.745322545816
-0.649401355666
-0.150904545847
-0.789930066008
-0.584233964225
-0.186228799765
-0.828896947446
-0.514363692346
-0.219908714039
-0.839821248572
-0.498165455952
0.215711494696
-0.814027428801
-0.558553059197
0.159304190850
-0.782706190924
-0.614117317067
0.101148107091
-0.745069889000
-0.665664440314
0.041972769832
-0.699473577156
-0.714428885595
-0.018113041915
-0.751294369504
-0.657636159725
-0.055420680020
-0.798046338392
-0.595566622019
-0.091773855293
-0.839652118093
-0.528178687091
-0.126536931703
-0.875473852808
-0.456126445095
-0.159669029981
-0.863368460591
-0.489425309866
0.122710094609
-0.833366411802
-0.548927612573
0.064644410709
-0.796373290048
-0.604786423787
0.004792129059
-0.841573398101
-0.539234624207
-0.031308715479
-0.880873419422
-0.468686260188
-0.066296368423
-0.905292605216
-0.416078004683
0.085582667409
-0.877105457127
-0.479467386953
0.028231930986
-0.914211058001
-0.405170547514
-0.007414098404
0.772528753648
-0.571747044191
0.276232949239
0.730178333488
-0.639063024812
0.241739636019
0.682404530151
-0.701362650506
0.205947783926
0.630037936045
-0.757903163811
0.169218773870
0.572989460478
-0.809154391335
0.130200803241
0.510835964545
-0.856334733629
0.075745899618
0.494381128589
-0.854177363807
0.161146923195
0.474666974091
-0.845761490217
0.243677584882
0.451252985860
-0.831146338776
0.324909997218
0.424840992789
-0.809871420396
0.404497729626
0.395485709079
-0.782226568763
0.481365400745
0.748366481277
-0.554687610573
0.363688416613
0.708495899625
-0.623775131112
0.330057791941
0.662956320561
-0.688126807100
0.294907467487
0.612193253203
-0.747786717547
0.256971682861
0.555853696770
-0.803190853134
0.214268806009
0.534031662246
-0.791911897298
0.296117764810
0.508816768111
-0.774320327004
0.376209419974
0.480671721261
-0.750040773628
0.454305551667
0.449512790792
-0.719384859305
0.529550446244
0.682199520441
-0.601393872585
0.415847597477
0.638609593723
-0.669293945686
0.379767561902
0.588952841789
-0.732979310773
0.340405464303
0.562090078991
-0.711964814705
0.420904794129
0.531633840420
-0.684528190228
0.498785140620
0.650459309398
-0.573573642963
0.497911601507
0.609556411332
-0.644821790912
0.461135380740
0.576311982196
-0.614003661129
0.539318091016
-0.276232949239
-0.772528753648
-0.571747044191
-0.241739636019
-0.730178333488
-0.639063024812
-0.205947783926
-0.682404530151
-0.701362650506
-0.169218773870
-0.630037936045
-0.757903163811
-0.130200803241
-0.572989460478
-0.809154391335
-0.075745899618
-0.510835964545
-0.856334733629
-0.161146923195
-0.494381128589
-0.854177363807
-0.243677584882
-0.474666974091
-0.845761490217
-0.324909997218
-0.451252985860
-0.831146338776
-0.404497729626
-0.424840992789
-0.809871420396
-0.481365400745
-0.395485709079
-0.782226568763
-0.363688416613
-0.748366481277
-0.554687610573
-0.330057791941
-0.708495899625
-0.623775131112
-0.294907467487
-0.662956320561
-0.688126807100
-0.256971682861
-0.612193253203
-0.747786717547
-0.214268806009
-0.555853696770
-0.803190853134
-0.296117764810
-0.534031662246
-0.791911897298
-0.376209419974
-0.508816768111
-0.774320327004
-0.454305551667
-0.480671721261
-0.750040773628
-0.529550446244
-0.449512790792
-0.719384859305
-0.415847597477
-0.682199520441
-0.601393872585
-0.379767561902
-0.638609593723
-0.669293945686
-0.340405464303
-0.588952841789
-0.732979310773
-0.420904794129
-0.562090078991
-0.711964814705
-0.498785140620
-0.531633840420
-0.684528190228
-0.497911601507
-0.650459309398
-0.573573642963
-0.461135380740
-0.609556411332
-0.644821790912
-0.539318091016
-0.576311982196
-0.614003661129
0.276232949239
0.772528753648
-0.571747044191
0.241739636019
0.730178333488
-0.639063024812
0.205947783926
0.682404530151
-0.701362650506
0.169218773870
0.630037936045
-0.757903163811
0.130200803241
0.572989460478
-0.809154391335
0.075745899618
0.510835964545
-0.856334733629
0.161146923195
0.494381128589
-0.854177363807
0.243677584882
0.474666974091
-0.845761490217
0.324909997218
0.451252985860
-0.831146338776
0.404497729626
0.424840992789
-0.809871420396
0.481365400745
0.395485709079
-0.782226568763
0.363688416613
0.748366481277
-0.554687610573
0.330057791941
0.708495899625
-0.623775131112
0.294907467487
0.662956320561
-0.688126807100
0.256971682861
0.612193253203
-0.747786717547
0.214268806009
0.555853696770
-0.803190853134
0.296117764810
0.534031662246
-0.791911897298
0.376209419974
0.508816768111
-0.774320327004
0.454305551667
0.480671721261
-0.750040773628
0.529550446244
0.449512790792
-0.719384859305
0.415847597477
0.682199520441
-0.601393872585
0.379767561902
0.638609593723
-0.669293945686
0.340405464303
0.588952841789
-0.732979310773
0.420904794129
0.562090078991
-0.711964814705
0.498785140620
0.531633840420
-0.684528190228
0.497911601507
0.650459309398
-0.573573642963
0.461135380740
0.609556411332
-0.644821790912
0.539318091016
0.576311982196
-0.614003661129
-0.571747044191
-0.276232949239
-0.772528753648
-0.639063024812
-0.241739636019
-0.730178333488
-0.701362650506
-0.205947783926
-0.682404530151
-0.757903163811
-0.169218773870
-0.630037936045
-0.809154391335
-0.130200803241
-0.572989460478
-0.856334733629
-0.075745899618
-0.510835964545
-0.854177363807
-0.161146923195
-0.494381128589
-0.845761490217
-0.243677584882
-0.474666974091
-0.831146338776
-0.324909997218
-0.451252985860
-0.809871420396
-0.404497729626
-0.424840992789
-0.782226568763
-0.481365400745
-0.395485709079
-0.554687610573
-0.363688416613
-0.748366481277
-0.623775131112
-0.330057791941
-0.708495899625
-0.688126807100
-0.294907467487
-0.662956320561
-0.747786717547
-0.256971682861
-0.612193253203
-0.803190853134
-0.214268806009
-0.555853696770
-0.791911897298
-0.296117764810
-0.534031662246
-0.774320327004
-0.376209419974
-0.508816768111
-0.750040773628
-0.454305551667
-0.480671721261
-0.719384859305
-0.529550446244
-0.449512790792
-0.601393872585
-0.415847597477
-0.682199520441
-0.669293945686
-0.379767561902
-0.638609593723
-0.732979310773
-0.340405464303
-0.588952841789
-0.711964814705
-0.420904794129
-0.562090078991
-0.684528190228
-0.498785140620
-0.531633840420
-0.573573642963
-0.497911601507
-0.650459309398
-0.644821790912
-0.461135380740
-0.609556411332
-0.614003661129
-0.539318091016
-0.576311982196
-0.786421080304
0.563161114135
-0.253754692528
-0.758141975641
0.621780543513
-0.196493512566
-0.724550500452
0.675315008372
-0.137754171490
-0.686124789559
0.723239582017
-0.078468338563
-0.641871850738
0.766582732928
-0.018746754574
-0.581319687882
0.812773396952
0.038299160396
-0.641516485377
0.763242712365
0.076923085035
-0.695827468028
0.709076787995
0.114167611277
-0.745322545816
0.649401355666
0.150904545847
-0.789930066008
0.584233964225
0.186228799765
-0.828896947446
0.514363692346
0.219908714039
-0.839821248572
0.498165455952
-0.215711494696
-0.814027428801
0.558553059197
-0.159304190850
-0.782706190924
0.614117317067
-0.101148107091
-0.745069889000
0.665664440314
-0.041972769832
-0.699473577156
0.714428885595
0.018113041915
-0.751294369504
0.657636159725
0.055420680020
-0.798046338392
0.595566622019
0.091773855293
-0.839652118093
0.528178687091
0.126536931703
-0.875473852808
0.456126445095
0.159669029981
-0.863368460591
0.489425309866
-0.122710094609
-0.833366411802
0.548927612573
-0.064644410709
-0.796373290048
0.604786423787
-0.004792129059
-0.841573398101
0.539234624207
0.031308715479
-0.880873419422
0.468686260188
0.066296368423
-0.905292605216
0.416078004683
-0.085582667409
-0.877105457127
0.479467386953
-0.028231930986
-0.914211058001
0.405170547514
0.007414098404
-0.253754692528
0.786421080304
-0.563161114135
-0.196493512566
0.758141975641
-0.621780543513
-0.137754171490
0.724550500452
-0.675315008372
-0.078468338563
0.686124789559
-0.723239582017
-0.018746754574
0.641871850738
-0.766582732928
0.038299160396
0.581319687882
-0.812773396952
0.076923085035
0.641516485377
-0.763242712365
0.114167611277
0.695827468028
-0.709076787995
0.150904545847
0.745322545816
-0.649401355666
0.186228799765
0.789930066008
-0.584233964225
0.219908714039
0.828896947446
-0.514363692346
-0.215711494696
0.839821248572
-0.498165455952
-0.159304190850
0.814027428801
-0.558553059197
-0.101148107091
0.782706190924
-0.614117317067
-0.041972769832
0.745069889000
-0.665664440314
0.018113041915
0.699473577156
-0.714428885595
0.055420680020
0.751294369504
-0.657636159725
0.091773855293
0.798046338392
-0.595566622019
0.126536931703
0.839652118093
-0.528178687091
0.159669029981
0.875473852808
-0.456126445095
-0.122710094609
0.863368460591
-0.489425309866
-0.064644410709
0.833366411802
-0.548927612573
-0.004792129059
0.796373290048
-0.604786423787
0.031308715479
0.841573398101
-0.539234624207
0.066296368423
0.880873419422
-0.468686260188
-0.085582667409
0.905292605216
-0.416078004683
-0.028231930986
0.877105457127
-0.479467386953
0.007414098404
0.914211058001
-0.405170547514
0.433061974026
-0.361945036333
-0.825501736719
0.363179305354
-0.412245151587
-0.835556537379
0.291084543999
-0.459513598587
-0.839116821997
0.217714874143
-0.503073497210
-0.836371502373
0.141786934747
-0.542656574398
-0.827901145909
0.052075716753
-0.572805307806
-0.818035573233
0.113605842124
-0.618845294695
-0.777254278772
0.173118120699
-0.659394049551
-0.731593878940
0.231645858827
-0.695421670098
-0.680241792928
0.289402001687
-0.726165520493
-0.623642620631
0.345454341047
-0.751305482816
-0.562317854725
0.497005452099
-0.399337951094
-0.770399105269
0.428513196437
-0.450736304279
-0.783079321962
0.357420435567
-0.499295245390
-0.789274914190
0.282912281220
-0.544279885013
-0.789759487379
0.203074330466
-0.585161214229
-0.785077811219
0.261865900878
-0.623704206198
-0.736491217278
0.319490058124
-0.657309985254
-0.682546471711
0.376101427043
-0.685412777588
-0.623503841925
0.430869558765
-0.707862708252
-0.559715829324
0.491686606708
-0.483650416601
-0.724103967194
0.419720004903
-0.534012740012
-0.733938356396
0.343367162940
-0.581199014094
-0.737771439832
0.401554943819
-0.612748644780
-0.680656099226
0.457811731604
-0.638903617859
-0.618231821805
0.550804598813
-0.511983644683
-0.659156310372
0.478583673657
-0.563876187429
-0.673053721897
0.534735926207
-0.588308245409
-0.606589562725
-0.839394063374
-0.424476043971
-0.339466779622
-0.863520179531
-0.345896824054
-0.366999028135
-0.881262792298
-0.265036901864
-0.391319986152
-0.892458355887
-0.183051292349
-0.412323061902
-0.896783536169
-0.099215276340
-0.431202525731
-0.888519296570
-0.008514380077
-0.458760247792
-0.924389635560
-0.022671190682
-0.380775286465
-0.952754372877
-0.036433418477
-0.301548853393
-0.974311352884
-0.049900875718
-0.219607127033
-0.988731693851
-0.063764545516
-0.135438991102
-0.995729093092
-0.077591464630
-0.050031368032
-0.861853872564
-0.440483297478
-0.251361029178
-0.888610851138
-0.363291124521
-0.279982703188
-0.909024784554
-0.283410945534
-0.305535884994
-0.922636123176
-0.200790003987
-0.329280971984
-0.928697691605
-0.114312362927
-0.352779366304
-0.953753924535
-0.127590163305
-0.272165761368
-0.971776041993
-0.140736353138
-0.189326709987
-0.982484238758
-0.154239340505
-0.104570294218
-0.985676891339
-0.167611144556
-0.018643232027
-0.905272907343
-0.379718043990
-0.190512913734
-0.928695174475
-0.299353671789
-0.218889588820
-0.945191888090
-0.215174275954
-0.245585678850
-0.960139418336
-0.228824753321
-0.160535135172
-0.967471400808
-0.241969801564
-0.073822108816
-0.913989606190
-0.393308960533
-0.099654710585
-0.940602767692
-0.313229269698
-0.130972737675
-0.944488638530
-0.325902812592
-0.041576055989
-0.433061974026
0.361945036333
-0.825501736719
-0.363179305354
0.412245151587
-0.835556537379
-0.291084543999
0.459513598587
-0.839116821997
-0.217714874143
0.503073497210
-0.836371502373
-0.141786934747
0.542656574398
-0.827901145909
-0.052075716753
0.572805307806
-0.818035573233
-0.113605842124
0.618845294695
-0.777254278772
-0.173118120699
0.659394049551
-0.731593878940
-0.231645858827
0.695421670098
-0.680241792928
-0.289402001687
0.726165520493
-0.623642620631
-0.345454341047
0.751305482816
-0.562317854725
-0.497005452099
0.399337951094
-0.770399105269
-0.428513196437
0.450736304279
-0.783079321962
-0.357420435567
0.499295245390
-0.789274914190
-0.282912281220
0.544279885013
-0.789759487379
-0.203074330466
0.585161214229
-0.785077811219
-0.261865900878
0.623704206198
-0.736491217278
-0.319490058124
0.657309985254
-0.682546471711
-0.376101427043
0.685412777588
-0.623503841925
-0.430869558765
0.707862708252
-0.559715829324
-0.491686606708
0.483650416601
-0.724103967194
-0.419720004903
0.534012740012
-0.733938356396
-0.343367162940
0.581199014094
-0.737771439832
-0.401554943819
0.612748644780
-0.680656099226
-0.457811731604
0.638903617859
-0.618231821805
-0.550804598813
0.511983644683
-0.659156310372
-0.478583673657
0.563876187429
-0.673053721897
-0.534735926207
0.588308245409
-0.606589562725
0.839394063374
0.424476043971
-0.339466779622
0.863520179531
0.345896824054
-0.366999028135
0.881262792298
0.265036901864
-0.391319986152
0.892458355887
0.183051292349
-0.412323061902
0.896783536169
0.099215276340
-0.431202525731
0.888519296570
0.008514380077
-0.458760247792
0.924389635560
0.022671190682
-0.380775286465
0.952754372877
0.036433418477
-0.301548853393
0.974311352884
0.049900875718
-0.219607127033
0.988731693851
0.063764545516
-0.135438991102
0.995729093092
0.077591464630
-0.050031368032
0.861853872564
0.440483297478
-0.251361029178
0.888610851138
0.363291124521
-0.279982703188
0.909024784554
0.283410945534
-0.305535884994
0.922636123176
0.200790003987
-0.329280971984
0.928697691605
0.114312362927
-0.352779366304
0.953753924535
0.127590163305
-0.272165761368
0.971776041993
0.140736353138
-0.189326709987
0.982484238758
0.154239340505
-0.104570294218
0.985676891339
0.167611144556
-0.018643232027
0.905272907343
0.379718043990
-0.190512913734
0.928695174475
0.299353671789
-0.218889588820
0.945191888090
0.215174275954
-0.245585678850
0.960139418336
0.228824753321
-0.160535135172
0.967471400808
0.241969801564
-0.073822108816
0.913989606190
0.393308960533
-0.099654710585
0.940602767692
0.313229269698
-0.130972737675
0.944488638530
0.325902812592
-0.041576055989
0.253754692528
-0.786421080304
-0.563161114135
0.196493512566
-0.758141975641
-0.621780543513
0.137754171490
-0.724550500452
-0.675315008372
0.078468338563
-0.686124789559
-0.723239582017
0.018746754574
-0.641871850738
-0.766582732928
-0.038299160396
-0.581319687882
-0.812773396952
-0.076923085035
-0.641516485377
-0.763242712365
-0.114167611277
-0.695827468028
-0.709076787995
-0.150904545847
-0.745322545816
-0.649401355666
-0.186228799765
-0.789930066008
-0.584233964225
-0.219908714039
-0.828896947446
-0.514363692346
0.215711494696
-0.839821248572
-0.498165455952
0.159304190850
-0.814027428801
-0.558553059197
0.101148107091
-0.782706190924
-0.614117317067
0.041972769832
-0.745069889000
-0.665664440314
-0.018113041915
-0.699473577156
-0.714428885595
-0.055420680020
-0.751294369504
-0.657636159725
-0.091773855293
-0.798046338392
-0.595566622019
-0.126536931703
-0.839652118093
-0.528178687091
-0.159669029981
-0.875473852808
-0.456126445095
0.122710094609
-0.863368460591
-0.489425309866
0.064644410709
-0.833366411802
-0.548927612573
0.004792129059
-0.796373290048
-0.604786423787
-0.031308715479
-0.841573398101
-0.539234624207
-0.066296368423
-0.880873419422
-0.468686260188
0.085582667409
-0.905292605216
-0.416078004683
0.028231930986
-0.877105457127
-0.479467386953
-0.007414098404
-0.914211058001
-0.405170547514
0.571747044191
0.276232949239
-0.772528753648
0.639063024812
0.241739636019
-0.730178333488
0.701362650506
0.205947783926
-0.682404530151
0.757903163811
0.169218773870
-0.630037936045
0.809154391335
0.130200803241
-0.572989460478
0.856334733629
0.075745899618
-0.510835964545
0.854177363807
0.161146923195
-0.494381128589
0.845761490217
0.243677584882
-0.474666974091
0.831146338776
0.324909997218
-0.451252985860
0.809871420396
0.404497729626
-0.424840992789
0.782226568763
0.481365400745
-0.395485709079
0.554687610573
0.363688416613
-0.748366481277
0.623775131112
0.330057791941
-0.708495899625
0.688126807100
0.294907467487
-0.662956320561
0.747786717547
0.256971682861
-0.612193253203
0.803190853134
0.214268806009
-0.555853696770
0.791911897298
0.296117764810
-0.534031662246
0.774320327004
0.376209419974
-0.508816768111
0.750040773628
0.454305551667
-0.480671721261
0.719384859305
0.529550446244
-0.449512790792
0.601393872585
0.415847597477
-0.682199520441
0.669293945686
0.379767561902
-0.638609593723
0.732979310773
0.340405464303
-0.588952841789
0.711964814705
0.420904794129
-0.562090078991
0.684528190228
0.498785140620
-0.531633840420
0.573573642963
0.497911601507
-0.650459309398
0.644821790912
0.461135380740
-0.609556411332
0.614003661129
0.539318091016
-0.576311982196
-0.996223088162
0.013892326655
-0.085712087094
-0.984959848866
0.027963642153
-0.170505515568
-0.966399552371
0.042145970301
-0.253565814661
-0.940954456160
0.056086853514
-0.333854723340
-0.908369667675
0.068882390260
-0.412455771157
-0.864849113705
0.070483723337
-0.497059408188
-0.876848554489
0.147135356788
-0.457698371500
-0.882194908693
0.221160493937
-0.415716464669
-0.881047214494
0.294069559956
-0.370511672880
-0.873635965911
0.365089073220
-0.321667790867
-0.859818033394
0.433411238367
-0.269940082071
-0.995170908051
0.091454767295
-0.035649534481
-0.987066255633
0.105531529176
-0.120678512338
-0.971537752633
0.119749870363
-0.204387777903
-0.948576721534
0.132876635796
-0.287308202151
-0.917503216062
0.143619880386
-0.370892408219
-0.919502060603
0.217262707257
-0.327586441388
-0.915056680143
0.289229570281
-0.281100565280
-0.904280114134
0.358980396832
-0.231107225921
-0.886996003860
0.425961062015
-0.178312262008
-0.981111916574
0.181168940150
-0.067802819125
-0.968647617476
0.194756818079
-0.154245178111
-0.948153586727
0.207420448259
-0.240793549791
-0.940789568026
0.279483319110
-0.191843850651
-0.926497991792
0.349239579003
-0.140118477239
-0.966882603496
0.254833295818
-0.014072043176
-0.958051060610
0.267549045795
-0.102740806689
-0.939906473721
0.337899075805
-0.048990154393
0.013892326655
-0.085712087094
-0.996223088162
0.027963642153
-0.170505515568
-0.984959848866
0.042145970301
-0.253565814661
-0.966399552371
0.056086853514
-0.333854723340
-0.940954456160
0.068882390260
-0.412455771157
-0.908369667675
0.070483723337
-0.497059408188
-0.864849113705
0.147135356788
-0.457698371500
-0.876848554489
0.221160493937
-0.415716464669
-0.882194908693
0.294069559956
-0.370511672880
-0.881047214494
0.365089073220
-0.321667790867
-0.873635965911
0.433411238367
-0.269940082071
-0.859818033394
0.091454767295
-0.035649534481
-0.995170908051
0.105531529176
-0.120678512338
-0.987066255633
0.119749870363
-0.204387777903
-0.971537752633
0.132876635796
-0.287308202151
-0.948576721534
0.143619880386
-0.370892408219
-0.917503216062
0.217262707257
-0.327586441388
-0.919502060603
0.289229570281
-0.281100565280
-0.915056680143
0.358980396832
-0.231107225921
-0.904280114134
0.425961062015
-0.178312262008
-0.886996003860
0.181168940150
-0.067802819125
-0.981111916574
0.194756818079
-0.154245178111
-0.968647617476
0.207420448259
-0.240793549791
-0.948153586727
0.279483319110
-0.191843850651
-0.940789568026
0.349239579003
-0.140118477239
-0.926497991792
0.254833295818
-0.014072043176
-0.966882603496
0.267549045795
-0.102740806689
-0.958051060610
0.337899075805
-0.048990154393
-0.939906473721
0.361945036333
-0.825501736719
-0.433061974026
0.412245151587
-0.835556537379
-0.363179305354
0.459513598587
-0.839116821997
-0.291084543999
0.503073497210
-0.836371502373
-0.217714874143
0.542656574398
-0.827901145909
-0.141786934747
0.572805307806
-0.818035573233
-0.052075716753
0.618845294695
-0.777254278772
-0.113605842124
0.659394049551
-0.731593878940
-0.173118120699
0.695421670098
-0.680241792928
-0.231645858827
0.726165520493
-0.623642620631
-0.289402001687
0.751305482816
-0.562317854725
-0.345454341047
0.399337951094
-0.770399105269
-0.497005452099
0.450736304279
-0.783079321962
-0.428513196437
0.499295245390
-0.789274914190
-0.357420435567
0.544279885013
-0.789759487379
-0.282912281220
0.585161214229
-0.785077811219
-0.203074330466
0.623704206198
-0.736491217278
-0.261865900878
0.657309985254
-0.682546471711
-0.319490058124
0.685412777588
-0.623503841925
-0.376101427043
0.707862708252
-0.559715829324
-0.430869558765
0.483650416601
-0.724103967194
-0.491686606708
0.534012740012
-0.733938356396
-0.419720004903
0.581199014094
-0.737771439832
-0.343367162940
0.612748644780
-0.680656099226
-0.401554943819
0.638903617859
-0.618231821805
-0.457811731604
0.511983644683
-0.659156310372
-0.550804598813
0.563876187429
-0.673053721897
-0.478583673657
0.588308245409
-0.606589562725
-0.534735926207
-0.361945036333
-0.825501736719
0.433061974026
-0.412245151587
-0.835556537379
0.363179305354
-0.459513598587
-0.839116821997
0.291084543999
-0.503073497210
-0.836371502373
0.217714874143
-0.542656574398
-0.827901145909
0.141786934747
-0.572805307806
-0.818035573233
0.052075716753
-0.618845294695
-0.777254278772
0.113605842124
-0.659394049551
-0.731593878940
0.173118120699
-0.695421670098
-0.680241792928
0.231645858827
-0.726165520493
-0.623642620631
0.289402001687
-0.751305482816
-0.562317854725
0.345454341047
-0.399337951094
-0.770399105269
0.497005452099
-0.450736304279
-0.783079321962
0.428513196437
-0.499295245390
-0.789274914190
0.357420435567
-0.544279885013
-0.789759487379
0.282912281220
-0.585161214229
-0.785077811219
0.203074330466
-0.623704206198
-0.736491217278
0.261865900878
-0.657309985254
-0.682546471711
0.319490058124
-0.685412777588
-0.623503841925
0.376101427043
-0.707862708252
-0.559715829324
0.430869558765
-0.483650416601
-0.724103967194
0.491686606708
-0.534012740012
-0.733938356396
0.419720004903
-0.581199014094
-0.737771439832
0.343367162940
-0.612748644780
-0.680656099226
0.401554943819
-0.638903617859
-0.618231821805
0.457811731604
-0.511983644683
-0.659156310372
0.550804598813
-0.563876187429
-0.673053721897
0.478583673657
-0.588308245409
-0.606589562725
0.534735926207
-0.085712087094
-0.996223088162
0.013892326655
-0.170505515568
-0.984959848866
0.027963642153
-0.253565814661
-0.966399552371
0.042145970301
-0.333854723340
-0.940954456160
0.056086853514
-0.412455771157
-0.908369667675
0.068882390260
-0.497059408188
-0.864849113705
0.070483723337
-0.457698371500
-0.876848554489
0.147135356788
-0.415716464669
-0.882194908693
0.221160493937
-0.370511672880
-0.881047214494
0.294069559956
-0.321667790867
-0.873635965911
0.365089073220
-0.269940082071
-0.859818033394
0.433411238367
-0.035649534481
-0.995170908051
0.091454767295
-0.120678512338
-0.987066255633
0.105531529176
-0.204387777903
-0.971537752633
0.119749870363
-0.287308202151
-0.948576721534
0.132876635796
-0.370892408219
-0.917503216062
0.143619880386
-0.327586441388
-0.919502060603
0.217262707257
-0.281100565280
-0.915056680143
0.289229570281
-0.231107225921
-0.904280114134
0.358980396832
-0.178312262008
-0.886996003860
0.425961062015
-0.067802819125
-0.981111916574
0.181168940150
-0.154245178111
-0.968647617476
0.194756818079
-0.240793549791
-0.948153586727
0.207420448259
-0.191843850651
-0.940789568026
0.279483319110
-0.140118477239
-0.926497991792
0.349239579003
-0.014072043176
-0.966882603496
0.254833295818
-0.102740806689
-0.958051060610
0.267549045795
-0.048990154393
-0.939906473721
0.337899075805
0.085712087094
0.996223088162
0.013892326655
0.170505515568
0.984959848866
0.027963642153
0.253565814661
0.966399552371
0.042145970301
0.333854723340
0.940954456160
0.056086853514
0.412455771157
0.908369667675
0.068882390260
0.497059408188
0.864849113705
0.070483723337
0.457698371500
0.876848554489
0.147135356788
0.415716464669
0.882194908693
0.221160493937
0.370511672880
0.881047214494
0.294069559956
0.321667790867
0.873635965911
0.365089073220
0.269940082071
0.859818033394
0.433411238367
0.035649534481
0.995170908051
0.091454767295
0.120678512338
0.987066255633
0.105531529176
0.204387777903
0.971537752633
0.119749870363
0.287308202151
0.948576721534
0.132876635796
0.370892408219
0.917503216062
0.143619880386
0.327586441388
0.919502060603
0.217262707257
0.281100565280
0.915056680143
0.289229570281
0.231107225921
0.904280114134
0.358980396832
0.178312262008
0.886996003860
0.425961062015
0.067802819125
0.981111916574
0.181168940150
0.154245178111
0.968647617476
0.194756818079
0.240793549791
0.948153586727
0.207420448259
0.191843850651
0.940789568026
0.279483319110
0.140118477239
0.926497991792
0.349239579003
0.014072043176
0.966882603496
0.254833295818
0.102740806689
0.958051060610
0.267549045795
0.048990154393
0.939906473721
0.337899075805
-0.424476043971
-0.339466779622
-0.839394063374
-0.345896824054
-0.366999028135
-0.863520179531
-0.265036901864
-0.391319986152
-0.881262792298
-0.183051292349
-0.412323061902
-0.892458355887
-0.099215276340
-0.431202525731
-0.896783536169
-0.008514380077
-0.458760247792
-0.888519296570
-0.022671190682
-0.380775286465
-0.924389635560
-0.036433418477
-0.301548853393
-0.952754372877
-0.049900875718
-0.219607127033
-0.974311352884
-0.063764545516
-0.135438991102
-0.988731693851
-0.077591464630
-0.050031368032
-0.995729093092
-0.440483297478
-0.251361029178
-0.861853872564
-0.363291124521
-0.279982703188
-0.888610851138
-0.283410945534
-0.305535884994
-0.909024784554
-0.200790003987
-0.329280971984
-0.922636123176
-0.114312362927
-0.352779366304
-0.928697691605
-0.127590163305
-0.272165761368
-0.953753924535
-0.140736353138
-0.189326709987
-0.971776041993
-0.154239340505
-0.104570294218
-0.982484238758
-0.167611144556
-0.018643232027
-0.985676891339
-0.379718043990
-0.190512913734
-0.905272907343
-0.299353671789
-0.218889588820
-0.928695174475
-0.215174275954
-0.245585678850
-0.945191888090
-0.228824753321
-0.160535135172
-0.960139418336
-0.241969801564
-0.073822108816
-0.967471400808
-0.393308960533
-0.099654710585
-0.913989606190
-0.313229269698
-0.130972737675
-0.940602767692
-0.325902812592
-0.041576055989
-0.944488638530
0.786421080304
-0.563161114135
-0.253754692528
0.758141975641
-0.621780543513
-0.196493512566
0.724550500452
-0.675315008372
-0.137754171490
0.686124789559
-0.723239582017
-0.078468338563
0.641871850738
-0.766582732928
-0.018746754574
0.581319687882
-0.812773396952
0.038299160396
0.641516485377
-0.763242712365
0.076923085035
0.695827468028
-0.709076787995
0.114167611277
0.745322545816
-0.649401355666
0.150904545847
0.789930066008
-0.584233964225
0.186228799765
0.828896947446
-0.514363692346
0.219908714039
0.839821248572
-0.498165455952
-0.215711494696
0.814027428801
-0.558553059197
-0.159304190850
0.782706190924
-0.614117317067
-0.101148107091
0.745069889000
-0.665664440314
-0.041972769832
0.699473577156
-0.714428885595
0.018113041915
0.751294369504
-0.657636159725
0.055420680020
0.798046338392
-0.595566622019
0.091773855293
0.839652118093
-0.528178687091
0.126536931703
0.875473852808
-0.456126445095
0.159669029981
0.863368460591
-0.489425309866
-0.122710094609
0.833366411802
-0.548927612573
-0.064644410709
0.796373290048
-0.604786423787
-0.004792129059
0.841573398101
-0.539234624207
0.031308715479
0.880873419422
-0.468686260188
0.066296368423
0.905292605216
-0.416078004683
-0.085582667409
0.877105457127
-0.479467386953
-0.028231930986
0.914211058001
-0.405170547514
0.007414098404
