0.354968233500
0.834640136920
0.421157209422
0.397515086923
0.852689485531
0.338972560738
0.690661168657
0.705879482441
0.157230106463
0.638966427185
0.762203576509
0.103767108893
0.580476703122
0.812844566535
0.048275333106
0.560647776350
0.814318004996
0.150200724410
0.615019167773
0.761211429257
0.205690503524
0.663920795545
0.701748216059
0.258376892351
0.706936213654
0.635948490817
0.309533046463
0.743402933702
0.564323501196
0.359014016665
0.406330171041
0.772645925637
0.487764354681
0.450804356486
0.794246684294
0.407366710301
0.491751870140
0.808154463768
0.324139570101
0.528626859654
0.814604811836
0.238689429565
0.581657069270
0.756734153721
0.298376397123
0.628797240090
0.692976767197
0.352699916332
0.669424407184
0.623390375637
0.404048762688
0.702813503798
0.548451243900
0.453050120786
0.499494270887
0.728412975557
0.468956299020
0.542670906056
0.746205769014
0.385597248449
0.587680253200
0.678131333087
0.441327333263
0.625722987112
0.604287791997
0.493261601833
0.542150857393
0.655938209035
0.525183314431
0.525731112119
0.850650808352
0.000000000000
0.000000000000
0.525731112119
-0.850650808352
-0.525731112119
0.850650808352
0.000000000000
0.000000000000
0.525731112119
0.850650808352
0.850650808352
-0.000000000000
0.525731112119
-0.850650808352
-0.000000000000
0.525731112119
-0.000000000000
-0.525731112119
0.850650808352
-0.850650808352
-0.000000000000
-0.525731112119
-0.525731112119
-0.850650808352
0.000000000000
0.850650808352
-0.000000000000
-0.525731112119
0.525731112119
-0.850650808352
0.000000000000
0.000000000000
-0.525731112119
-0.850650808352
0.577350269190
0.577350269190
0.577350269190
0.356822089773
0.000000000000
-0.934172358963
-0.577350269190
0.577350269190
-0.577350269190
-0.356822089773
0.000000000000
0.934172358963
0.934172358963
0.356822089773
-0.000000000000
0.000000000000
0.934172358963
-0.356822089773
-0.577350269190
0.577350269190
0.577350269190
0.577350269190
-0.577350269190
0.577350269190
-0.934172358963
-0.356822089773
-0.000000000000
0.577350269190
0.577350269190
-0.577350269190
-0.000000000000
0.934172358963
0.356822089773
-0.577350269190
-0.577350269190
0.577350269190
0.934172358963
-0.356822089773
0.000000000000
0.356822089773
-0.000000000000
0.934172358963
-0.356822089773
-0.000000000000
-0.934172358963
-0.000000000000
-0.934172358963
-0.356822089773
0.577350269190
-0.577350269190
-0.577350269190
0.000000000000
-0.934172358963
0.356822089773
-0.934172358963
0.356822089773
0.000000000000
-0.577350269190
-0.577350269190
-0.577350269190
1.000000000000
0.000000000000
0.000000000000
-0.500000000000
-0.309016994375
-0.809016994375
-1.000000000000
0.000000000000
0.000000000000
0.500000000000
-0.309016994375
0.809016994375
0.500000000000
0.309016994375
-0.809016994375
-0.500000000000
0.309016994375
-0.809016994375
-0.500000000000
-0.309016994375
0.809016994375
0.809016994375
-0.500000000000
-0.309016994375
-0.309016994375
-0.809016994375
0.500000000000
-0.309016994375
0.809016994375
-0.500000000000
-0.809016994375
0.500000000000
0.309016994375
0.000000000000
-1.000000000000
0.000000000000
0.809016994375
0.500000000000
-0.309016994375
-0.000000000000
1.000000000000
0.000000000000
-0.809016994375
-0.500000000000
0.309016994375
0.809016994375
0.500000000000
0.309016994375
0.309016994375
0.809016994375
-0.500000000000
-0.309016994375
-0.809016994375
-0.500000000000
0.000000000000
-0.000000000000
1.000000000000
0.309016994375
0.809016994375
0.500000000000
0.000000000000
0.000000000000
-1.000000000000
0.309016994375
-0.809016994375
0.500000000000
-0.309016994375
0.809016994375
0.500000000000
0.309016994375
-0.809016994375
-0.500000000000
-0.809016994375
0.500000000000
-0.309016994375
-0.809016994375
-0.500000000000
-0.309016994375
0.809016994375
-0.500000000000
0.309016994375
0.500000000000
0.309016994375
0.809016994375
0.500000000000
-0.309016994375
-0.809016994375
-0.500000000000
0.309016994375
0.809016994375
0.421157209472
0.354968233630
-0.834640136839
0.338972560756
0.397515086971
-0.852689485501
-0.000000000118
0.279027405574
-0.960283138943
-0.000000000726
0.367300607288
-0.930102286787
-0.000000001824
0.454090235456
-0.890955699271
0.092829152809
0.410447051911
-0.907147157834
0.094124796998
0.322936356111
-0.941728534394
0.093923023628
0.233374977646
-0.967840165235
0.093468279292
0.141271309429
-0.985548627871
0.093132526044
0.047316154278
-0.994528789999
0.430205288323
0.255638578956
-0.865778451365
0.349600136506
0.299569502877
-0.887714964108
0.266091949075
0.339781225329
-0.902077487554
0.180517105626
0.376329738376
-0.908729609174
0.184406755082
0.283280672720
-0.941140908230
0.185083203953
0.189970990000
-0.964186304908
0.184808332180
0.095445508406
-0.978128843906
0.184599250071
-0.000000000042
-0.982813877025
0.354738468453
0.200468108342
-0.913221307536
0.271209537877
0.243199991884
-0.931288972614
0.272755292433
0.146352920757
-0.950886624701
0.272930722220
0.048889255514
-0.960790643982
0.356502851692
0.100539672704
-0.928868930984
-0.354968233500
0.834640136920
-0.421157209422
-0.397515086923
0.852689485531
-0.338972560738
-0.690661168657
0.705879482441
-0.157230106463
-0.638966427185
0.762203576509
-0.103767108893
-0.580476703122
0.812844566535
-0.048275333106
-0.560647776350
0.814318004996
-0.150200724410
-0.615019167773
0.761211429257
-0.205690503524
-0.663920795545
0.701748216059
-0.258376892351
-0.706936213654
0.635948490817
-0.309533046463
-0.743402933702
0.564323501196
-0.359014016665
-0.406330171041
0.772645925637
-0.487764354681
-0.450804356486
0.794246684294
-0.407366710301
-0.491751870140
0.808154463768
-0.324139570101
-0.528626859654
0.814604811836
-0.238689429565
-0.581657069270
0.756734153721
-0.298376397123
-0.628797240090
0.692976767197
-0.352699916332
-0.669424407184
0.623390375637
-0.404048762688
-0.702813503798
0.548451243900
-0.453050120786
-0.499494270887
0.728412975557
-0.468956299020
-0.542670906056
0.746205769014
-0.385597248449
-0.587680253200
0.678131333087
-0.441327333263
-0.625722987112
0.604287791997
-0.493261601833
-0.542150857393
0.655938209035
-0.525183314431
-0.421157209472
0.354968233630
0.834640136839
-0.338972560756
0.397515086971
0.852689485501
0.000000000118
0.279027405574
0.960283138943
0.000000000726
0.367300607288
0.930102286787
0.000000001824
0.454090235456
0.890955699271
-0.092829152809
0.410447051911
0.907147157834
-0.094124796998
0.322936356111
0.941728534394
-0.093923023628
0.233374977646
0.967840165235
-0.093468279292
0.141271309429
0.985548627871
-0.093132526044
0.047316154278
0.994528789999
-0.430205288323
0.255638578956
0.865778451365
-0.349600136506
0.299569502877
0.887714964108
-0.266091949075
0.339781225329
0.902077487554
-0.180517105626
0.376329738376
0.908729609174
-0.184406755082
0.283280672720
0.941140908230
-0.185083203953
0.189970990000
0.964186304908
-0.184808332180
0.095445508406
0.978128843906
-0.184599250071
-0.000000000042
0.982813877025
-0.354738468453
0.200468108342
0.913221307536
-0.271209537877
0.243199991884
0.931288972614
-0.272755292433
0.146352920757
0.950886624701
-0.272930722220
0.048889255514
0.960790643982
-0.356502851692
0.100539672704
0.928868930984
0.776125442972
0.574350666859
0.260289470111
0.736487647679
0.643192921730
0.209496563819
0.690661168539
0.705879482514
-0.157230106654
0.638966426458
0.762203576958
-0.103767110068
0.580476701298
0.812844567663
-0.048275336058
0.653476929160
0.756946433413
-0.000000000018
0.709143964772
0.703039105528
-0.053393382796
0.757843819173
0.643700595131
-0.106406247795
0.800404492946
0.578181917345
-0.158298193699
0.836535459746
0.506764434642
-0.208322424067
0.836535459365
0.506764435314
0.208322423966
0.800404492992
0.578181917462
0.158298193038
0.757843819216
0.643700595107
0.106406247635
0.709143965280
0.703039105008
0.053393382888
0.766063824352
0.642764511326
0.000000000355
0.813880444043
0.578589056407
-0.053229001589
0.854232739365
0.509172544945
-0.105022599816
0.887412753869
0.434362633058
-0.154362259873
0.854232739341
0.509172544936
0.105022600054
0.813880443933
0.578589056532
0.053229001910
0.860435545634
0.509559291751
0.000000000506
0.898653709332
0.435607329091
-0.051650416707
0.898653709085
0.435607329602
0.051650416693
-0.094678763519
0.995507876281
0.000000000080
-0.188018523152
0.982165482468
0.000000000030
-0.436257512228
0.863109588976
-0.254403656503
-0.471067717356
0.865970685850
-0.167898710278
-0.502365571514
0.861119900769
-0.078111132736
-0.410447051929
0.907147157823
-0.092829152838
-0.376329738907
0.908729609052
-0.180517105137
-0.339781225441
0.902077487482
-0.266091949175
-0.299569503127
0.887714963808
-0.349600137054
-0.255638578345
0.865778451307
-0.430205288803
-0.047316154990
0.994528789995
-0.093132525728
-0.141271309840
0.985548627763
-0.093468279814
-0.233374977693
0.967840165208
-0.093923023786
-0.322936355488
0.941728534574
-0.094124797338
-0.283280672366
0.941140908449
-0.184406754508
-0.243199991589
0.931288972739
-0.271209537711
-0.200468108223
0.913221307633
-0.354738468270
-0.154362259831
0.887412753844
-0.434362633125
-0.095445508287
0.978128843956
-0.184808331979
-0.189970989974
0.964186304981
-0.185083203600
-0.146352920250
0.950886625014
-0.272755291615
-0.100539672220
0.928868930924
-0.356502851985
-0.048889256011
0.960790644034
-0.272930721950
-0.260289469980
0.776125443052
0.574350666809
-0.209496563771
0.736487647709
0.643192921712
-0.254403656430
0.436257512037
0.863109589094
-0.167898709829
0.471067716180
0.865970686577
-0.078111131608
0.502365568562
0.861119902593
-0.150200724421
0.560647776321
0.814318005014
-0.238689428866
0.528626859635
0.814604812053
-0.324139570104
0.491751869997
0.808154463854
-0.407366710526
0.450804355892
0.794246684516
-0.487764355357
0.406330170943
0.772645925263
-0.359014016052
0.743402933637
0.564323501671
-0.309533046646
0.706936213178
0.635948491257
-0.258376892447
0.663920795430
0.701748216133
-0.205690504166
0.615019167942
0.761211428948
-0.298376396904
0.581657069844
0.756734153367
-0.385597248501
0.542670906332
0.746205768786
-0.468956298962
0.499494271095
0.728412975453
-0.548451243967
0.453050120744
0.702813503772
-0.404048762600
0.669424407362
0.623390375503
-0.352699916082
0.628797240333
0.692976767104
-0.441327332950
0.587680254019
0.678131332581
-0.525183314891
0.542150857347
0.655938208704
-0.493261601382
0.625722987135
0.604287792341
0.574350666809
-0.260289469980
0.776125443052
0.643192921712
-0.209496563771
0.736487647709
0.863109589094
-0.254403656430
0.436257512037
0.865970686577
-0.167898709829
0.471067716180
0.861119902593
-0.078111131608
0.502365568562
0.814318005014
-0.150200724421
0.560647776321
0.814604812053
-0.238689428866
0.528626859635
0.808154463854
-0.324139570104
0.491751869997
0.794246684516
-0.407366710526
0.450804355892
0.772645925263
-0.487764355357
0.406330170943
0.564323501671
-0.359014016052
0.743402933637
0.635948491257
-0.309533046646
0.706936213178
0.701748216133
-0.258376892447
0.663920795430
0.761211428948
-0.205690504166
0.615019167942
0.756734153367
-0.298376396904
0.581657069844
0.746205768786
-0.385597248501
0.542670906332
0.728412975453
-0.468956298962
0.499494271095
0.702813503772
-0.548451243967
0.453050120744
0.623390375503
-0.404048762600
0.669424407362
0.692976767104
-0.352699916082
0.628797240333
0.678131332581
-0.441327332950
0.587680254019
0.655938208704
-0.525183314891
0.542150857347
0.604287792341
-0.493261601382
0.625722987135
-0.995507876281
0.000000000080
0.094678763519
-0.982165482468
0.000000000030
0.188018523152
-0.863109588976
-0.254403656503
0.436257512228
-0.865970685850
-0.167898710278
0.471067717356
-0.861119900769
-0.078111132736
0.502365571514
-0.907147157823
-0.092829152838
0.410447051929
-0.908729609052
-0.180517105137
0.376329738907
-0.902077487482
-0.266091949175
0.339781225441
-0.887714963808
-0.349600137054
0.299569503127
-0.865778451307
-0.430205288803
0.255638578345
-0.994528789995
-0.093132525728
0.047316154990
-0.985548627763
-0.093468279814
0.141271309840
-0.967840165208
-0.093923023786
0.233374977693
-0.941728534574
-0.094124797338
0.322936355488
-0.941140908449
-0.184406754508
0.283280672366
-0.931288972739
-0.271209537711
0.243199991589
-0.913221307633
-0.354738468270
0.200468108223
-0.887412753844
-0.434362633125
0.154362259831
-0.978128843956
-0.184808331979
0.095445508287
-0.964186304981
-0.185083203600
0.189970989974
-0.950886625014
-0.272755291615
0.146352920250
-0.928868930924
-0.356502851985
0.100539672220
-0.960790644034
-0.272930721950
0.048889256011
0.776125443052
0.574350666809
-0.260289469980
0.736487647709
0.643192921712
-0.209496563771
0.436257512037
0.863109589094
-0.254403656430
0.471067716180
0.865970686577
-0.167898709829
0.502365568562
0.861119902593
-0.078111131608
0.560647776321
0.814318005014
-0.150200724421
0.528626859635
0.814604812053
-0.238689428866
0.491751869997
0.808154463854
-0.324139570104
0.450804355892
0.794246684516
-0.407366710526
0.406330170943
0.772645925263
-0.487764355357
0.743402933637
0.564323501671
-0.359014016052
0.706936213178
0.635948491257
-0.309533046646
0.663920795430
0.701748216133
-0.258376892447
0.615019167942
0.761211428948
-0.205690504166
0.581657069844
0.756734153367
-0.298376396904
0.542670906332
0.746205768786
-0.385597248501
0.499494271095
0.728412975453
-0.468956298962
0.453050120744
0.702813503772
-0.548451243967
0.669424407362
0.623390375503
-0.404048762600
0.628797240333
0.692976767104
-0.352699916082
0.587680254019
0.678131332581
-0.441327332950
0.542150857347
0.655938208704
-0.525183314891
0.625722987135
0.604287792341
-0.493261601382
0.260289470111
0.776125442972
0.574350666859
0.209496563819
0.736487647679
0.643192921730
-0.157230106654
0.690661168539
0.705879482514
-0.103767110068
0.638966426458
0.762203576958
-0.048275336058
0.580476701298
0.812844567663
-0.000000000018
0.653476929160
0.756946433413
-0.053393382796
0.709143964772
0.703039105528
-0.106406247795
0.757843819173
0.643700595131
-0.158298193699
0.800404492946
0.578181917345
-0.208322424067
0.836535459746
0.506764434642
0.208322423966
0.836535459365
0.506764435314
0.158298193038
0.800404492992
0.578181917462
0.106406247635
0.757843819216
0.643700595107
0.053393382888
0.709143965280
0.703039105008
0.000000000355
0.766063824352
0.642764511326
-0.053229001589
0.813880444043
0.578589056407
-0.105022599816
0.854232739365
0.509172544945
-0.154362259873
0.887412753869
0.434362633058
0.105022600054
0.854232739341
0.509172544936
0.053229001910
0.813880443933
0.578589056532
0.000000000506
0.860435545634
0.509559291751
-0.051650416707
0.898653709332
0.435607329091
0.051650416693
0.898653709085
0.435607329602
-0.421157209422
-0.354968233500
0.834640136920
-0.338972560738
-0.397515086923
0.852689485531
-0.157230106463
-0.690661168657
0.705879482441
-0.103767108893
-0.638966427185
0.762203576509
-0.048275333106
-0.580476703122
0.812844566535
-0.150200724410
-0.560647776350
0.814318004996
-0.205690503524
-0.615019167773
0.761211429257
-0.258376892351
-0.663920795545
0.701748216059
-0.309533046463
-0.706936213654
0.635948490817
-0.359014016665
-0.743402933702
0.564323501196
-0.487764354681
-0.406330171041
0.772645925637
-0.407366710301
-0.450804356486
0.794246684294
-0.324139570101
-0.491751870140
0.808154463768
-0.238689429565
-0.528626859654
0.814604811836
-0.298376397123
-0.581657069270
0.756734153721
-0.352699916332
-0.628797240090
0.692976767197
-0.404048762688
-0.669424407184
0.623390375637
-0.453050120786
-0.702813503798
0.548451243900
-0.468956299020
-0.499494270887
0.728412975557
-0.385597248449
-0.542670906056
0.746205769014
-0.441327333263
-0.587680253200
0.678131333087
-0.493261601833
-0.625722987112
0.604287791997
-0.525183314431
-0.542150857393
0.655938209035
0.834640136839
-0.421157209472
0.354968233630
0.852689485501
-0.338972560756
0.397515086971
0.960283138943
0.000000000118
0.279027405574
0.930102286787
0.000000000726
0.367300607288
0.890955699271
0.000000001824
0.454090235456
0.907147157834
-0.092829152809
0.410447051911
0.941728534394
-0.094124796998
0.322936356111
0.967840165235
-0.093923023628
0.233374977646
0.985548627871
-0.093468279292
0.141271309429
0.994528789999
-0.093132526044
0.047316154278
0.865778451365
-0.430205288323
0.255638578956
0.887714964108
-0.349600136506
0.299569502877
0.902077487554
-0.266091949075
0.339781225329
0.908729609174
-0.180517105626
0.376329738376
0.941140908230
-0.184406755082
0.283280672720
0.964186304908
-0.185083203953
0.189970990000
0.978128843906
-0.184808332180
0.095445508406
0.982813877025
-0.184599250071
-0.000000000042
0.913221307536
-0.354738468453
0.200468108342
0.931288972614
-0.271209537877
0.243199991884
0.950886624701
-0.272755292433
0.146352920757
0.960790643982
-0.272930722220
0.048889255514
0.928868930984
-0.356502851692
0.100539672704
0.421157209422
0.354968233500
0.834640136920
0.338972560738
0.397515086923
0.852689485531
0.157230106463
0.690661168657
0.705879482441
0.103767108893
0.638966427185
0.762203576509
0.048275333106
0.580476703122
0.812844566535
0.150200724410
0.560647776350
0.814318004996
0.205690503524
0.615019167773
0.761211429257
0.258376892351
0.663920795545
0.701748216059
0.309533046463
0.706936213654
0.635948490817
0.359014016665
0.743402933702
0.564323501196
0.487764354681
0.406330171041
0.772645925637
0.407366710301
0.450804356486
0.794246684294
0.324139570101
0.491751870140
0.808154463768
0.238689429565
0.528626859654
0.814604811836
0.298376397123
0.581657069270
0.756734153721
0.352699916332
0.628797240090
0.692976767197
0.404048762688
0.669424407184
0.623390375637
0.453050120786
0.702813503798
0.548451243900
0.468956299020
0.499494270887
0.728412975557
0.385597248449
0.542670906056
0.746205769014
0.441327333263
0.587680253200
0.678131333087
0.493261601833
0.625722987112
0.604287791997
0.525183314431
0.542150857393
0.655938209035
0.000000000080
-0.094678763519
0.995507876281
0.000000000030
-0.188018523152
0.982165482468
-0.254403656503
-0.436257512228
0.863109588976
-0.167898710278
-0.471067717356
0.865970685850
-0.078111132736
-0.502365571514
0.861119900769
-0.092829152838
-0.410447051929
0.907147157823
-0.180517105137
-0.376329738907
0.908729609052
-0.266091949175
-0.339781225441
0.902077487482
-0.349600137054
-0.299569503127
0.887714963808
-0.430205288803
-0.255638578345
0.865778451307
-0.093132525728
-0.047316154990
0.994528789995
-0.093468279814
-0.141271309840
0.985548627763
-0.093923023786
-0.233374977693
0.967840165208
-0.094124797338
-0.322936355488
0.941728534574
-0.184406754508
-0.283280672366
0.941140908449
-0.271209537711
-0.243199991589
0.931288972739
-0.354738468270
-0.200468108223
0.913221307633
-0.434362633125
-0.154362259831
0.887412753844
-0.184808331979
-0.095445508287
0.978128843956
-0.185083203600
-0.189970989974
0.964186304981
-0.272755291615
-0.146352920250
0.950886625014
-0.356502851985
-0.100539672220
0.928868930924
-0.272930721950
-0.048889256011
0.960790644034
-0.000000000080
0.094678763519
0.995507876281
-0.000000000030
0.188018523152
0.982165482468
0.254403656503
0.436257512228
0.863109588976
0.167898710278
0.471067717356
0.865970685850
0.078111132736
0.502365571514
0.861119900769
0.092829152838
0.410447051929
0.907147157823
0.180517105137
0.376329738907
0.908729609052
0.266091949175
0.339781225441
0.902077487482
0.349600137054
0.299569503127
0.887714963808
0.430205288803
0.255638578345
0.865778451307
0.093132525728
0.047316154990
0.994528789995
0.093468279814
0.141271309840
0.985548627763
0.093923023786
0.233374977693
0.967840165208
0.094124797338
0.322936355488
0.941728534574
0.184406754508
0.283280672366
0.941140908449
0.271209537711
0.243199991589
0.931288972739
0.354738468270
0.200468108223
0.913221307633
0.434362633125
0.154362259831
0.887412753844
0.184808331979
0.095445508287
0.978128843956
0.185083203600
0.189970989974
0.964186304981
0.272755291615
0.146352920250
0.950886625014
0.356502851985
0.100539672220
0.928868930924
0.272930721950
0.048889256011
0.960790644034
-0.354968233630
0.834640136839
0.421157209472
-0.397515086971
0.852689485501
0.338972560756
-0.279027405574
0.960283138943
-0.000000000118
-0.367300607288
0.930102286787
-0.000000000726
-0.454090235456
0.890955699271
-0.000000001824
-0.410447051911
0.907147157834
0.092829152809
-0.322936356111
0.941728534394
0.094124796998
-0.233374977646
0.967840165235
0.093923023628
-0.141271309429
0.985548627871
0.093468279292
-0.047316154278
0.994528789999
0.093132526044
-0.255638578956
0.865778451365
0.430205288323
-0.299569502877
0.887714964108
0.349600136506
-0.339781225329
0.902077487554
0.266091949075
-0.376329738376
0.908729609174
0.180517105626
-0.283280672720
0.941140908230
0.184406755082
-0.189970990000
0.964186304908
0.185083203953
-0.095445508406
0.978128843906
0.184808332180
0.000000000042
0.982813877025
0.184599250071
-0.200468108342
0.913221307536
0.354738468453
-0.243199991884
0.931288972614
0.271209537877
-0.146352920757
0.950886624701
0.272755292433
-0.048889255514
0.960790643982
0.272930722220
-0.100539672704
0.928868930984
0.356502851692
-0.574350666859
0.260289470111
-0.776125442972
-0.643192921730
0.209496563819
-0.736487647679
-0.705879482514
-0.157230106654
-0.690661168539
-0.762203576958
-0.103767110068
-0.638966426458
-0.812844567663
-0.048275336058
-0.580476701298
-0.756946433413
-0.000000000018
-0.653476929160
-0.703039105528
-0.053393382796
-0.709143964772
-0.643700595131
-0.106406247795
-0.757843819173
-0.578181917345
-0.158298193699
-0.800404492946
-0.506764434642
-0.208322424067
-0.836535459746
-0.506764435314
0.208322423966
-0.836535459365
-0.578181917462
0.158298193038
-0.800404492992
-0.643700595107
0.106406247635
-0.757843819216
-0.703039105008
0.053393382888
-0.709143965280
-0.642764511326
0.000000000355
-0.766063824352
-0.578589056407
-0.053229001589
-0.813880444043
-0.509172544945
-0.105022599816
-0.854232739365
-0.434362633058
-0.154362259873
-0.887412753869
-0.509172544936
0.105022600054
-0.854232739341
-0.578589056532
0.053229001910
-0.813880443933
-0.509559291751
0.000000000506
-0.860435545634
-0.435607329091
-0.051650416707
-0.898653709332
-0.435607329602
0.051650416693
-0.898653709085
-0.834640136920
-0.421157209422
0.354968233500
-0.852689485531
-0.338972560738
0.397515086923
-0.705879482441
-0.157230106463
0.690661168657
-0.762203576509
-0.103767108893
0.638966427185
-0.812844566535
-0.048275333106
0.580476703122
-0.814318004996
-0.150200724410
0.560647776350
-0.761211429257
-0.205690503524
0.615019167773
-0.701748216059
-0.258376892351
0.663920795545
-0.635948490817
-0.309533046463
0.706936213654
-0.564323501196
-0.359014016665
0.743402933702
-0.772645925637
-0.487764354681
0.406330171041
-0.794246684294
-0.407366710301
0.450804356486
-0.808154463768
-0.324139570101
0.491751870140
-0.814604811836
-0.238689429565
0.528626859654
-0.756734153721
-0.298376397123
0.581657069270
-0.692976767197
-0.352699916332
0.628797240090
-0.623390375637
-0.404048762688
0.669424407184
-0.548451243900
-0.453050120786
0.702813503798
-0.728412975557
-0.468956299020
0.499494270887
-0.746205769014
-0.385597248449
0.542670906056
-0.678131333087
-0.441327333263
0.587680253200
-0.604287791997
-0.493261601833
0.625722987112
-0.655938209035
-0.525183314431
0.542150857393
-0.776125443052
0.574350666809
0.260289469980
-0.736487647709
0.643192921712
0.209496563771
-0.436257512037
0.863109589094
0.254403656430
-0.471067716180
0.865970686577
0.167898709829
-0.502365568562
0.861119902593
0.078111131608
-0.560647776321
0.814318005014
0.150200724421
-0.528626859635
0.814604812053
0.238689428866
-0.491751869997
0.808154463854
0.324139570104
-0.450804355892
0.794246684516
0.407366710526
-0.406330170943
0.772645925263
0.487764355357
-0.743402933637
0.564323501671
0.359014016052
-0.706936213178
0.635948491257
0.309533046646
-0.663920795430
0.701748216133
0.258376892447
-0.615019167942
0.761211428948
0.205690504166
-0.581657069844
0.756734153367
0.298376396904
-0.542670906332
0.746205768786
0.385597248501
-0.499494271095
0.728412975453
0.468956298962
-0.453050120744
0.702813503772
0.548451243967
-0.669424407362
0.623390375503
0.404048762600
-0.628797240333
0.692976767104
0.352699916082
-0.587680254019
0.678131332581
0.441327332950
-0.542150857347
0.655938208704
0.525183314891
-0.625722987135
0.604287792341
0.493261601382
-0.834640136920
0.421157209422
-0.354968233500
-0.852689485531
0.338972560738
-0.397515086923
-0.705879482441
0.157230106463
-0.690661168657
-0.762203576509
0.103767108893
-0.638966427185
-0.812844566535
0.048275333106
-0.580476703122
-0.814318004996
0.150200724410
-0.560647776350
-0.761211429257
0.205690503524
-0.615019167773
-0.701748216059
0.258376892351
-0.663920795545
-0.635948490817
0.309533046463
-0.706936213654
-0.564323501196
0.359014016665
-0.743402933702
-0.772645925637
0.487764354681
-0.406330171041
-0.794246684294
0.407366710301
-0.450804356486
-0.808154463768
0.324139570101
-0.491751870140
-0.814604811836
0.238689429565
-0.528626859654
-0.756734153721
0.298376397123
-0.581657069270
-0.692976767197
0.352699916332
-0.628797240090
-0.623390375637
0.404048762688
-0.669424407184
-0.548451243900
0.453050120786
-0.702813503798
-0.728412975557
0.468956299020
-0.499494270887
-0.746205769014
0.385597248449
-0.542670906056
-0.678131333087
0.441327333263
-0.587680253200
-0.604287791997
0.493261601833
-0.625722987112
-0.655938209035
0.525183314431
-0.542150857393
-0.354968233630
-0.834640136839
-0.421157209472
-0.397515086971
-0.852689485501
-0.338972560756
-0.279027405574
-0.960283138943
0.000000000118
-0.367300607288
-0.930102286787
0.000000000726
-0.454090235456
-0.890955699271
0.000000001824
-0.410447051911
-0.907147157834
-0.092829152809
-0.322936356111
-0.941728534394
-0.094124796998
-0.233374977646
-0.967840165235
-0.093923023628
-0.141271309429
-0.985548627871
-0.093468279292
-0.047316154278
-0.994528789999
-0.093132526044
-0.255638578956
-0.865778451365
-0.430205288323
-0.299569502877
-0.887714964108
-0.349600136506
-0.339781225329
-0.902077487554
-0.266091949075
-0.376329738376
-0.908729609174
-0.180517105626
-0.283280672720
-0.941140908230
-0.184406755082
-0.189970990000
-0.964186304908
-0.185083203953
-0.095445508406
-0.978128843906
-0.184808332180
0.000000000042
-0.982813877025
-0.184599250071
-0.200468108342
-0.913221307536
-0.354738468453
-0.243199991884
-0.931288972614
-0.271209537877
-0.146352920757
-0.950886624701
-0.272755292433
-0.048889255514
-0.960790643982
-0.272930722220
-0.100539672704
-0.928868930984
-0.356502851692
0.574350666859
0.260289470111
0.776125442972
0.643192921730
0.209496563819
0.736487647679
0.705879482514
-0.157230106654
0.690661168539
0.762203576958
-0.103767110068
0.638966426458
0.812844567663
-0.048275336058
0.580476701298
0.756946433413
-0.000000000018
0.653476929160
0.703039105528
-0.053393382796
0.709143964772
0.643700595131
-0.106406247795
0.757843819173
0.578181917345
-0.158298193699
0.800404492946
0.506764434642
-0.208322424067
0.836535459746
0.506764435314
0.208322423966
0.836535459365
0.578181917462
0.158298193038
0.800404492992
0.643700595107
0.106406247635
0.757843819216
0.703039105008
0.053393382888
0.709143965280
0.642764511326
0.000000000355
0.766063824352
0.578589056407
-0.053229001589
0.813880444043
0.509172544945
-0.105022599816
0.854232739365
0.434362633058
-0.154362259873
0.887412753869
0.509172544936
0.105022600054
0.854232739341
0.578589056532
0.053229001910
0.813880443933
0.509559291751
0.000000000506
0.860435545634
0.435607329091
-0.051650416707
0.898653709332
0.435607329602
0.051650416693
0.898653709085
0.834640136920
-0.421157209422
-0.354968233500
0.852689485531
-0.338972560738
-0.397515086923
0.705879482441
-0.157230106463
-0.690661168657
0.762203576509
-0.103767108893
-0.638966427185
0.812844566535
-0.048275333106
-0.580476703122
0.814318004996
-0.150200724410
-0.560647776350
0.761211429257
-0.205690503524
-0.615019167773
0.701748216059
-0.258376892351
-0.663920795545
0.635948490817
-0.309533046463
-0.706936213654
0.564323501196
-0.359014016665
-0.743402933702
0.772645925637
-0.487764354681
-0.406330171041
0.794246684294
-0.407366710301
-0.450804356486
0.808154463768
-0.324139570101
-0.491751870140
0.814604811836
-0.238689429565
-0.528626859654
0.756734153721
-0.298376397123
-0.581657069270
0.692976767197
-0.352699916332
-0.628797240090
0.623390375637
-0.404048762688
-0.669424407184
0.548451243900
-0.453050120786
-0.702813503798
0.728412975557
-0.468956299020
-0.499494270887
0.746205769014
-0.385597248449
-0.542670906056
0.678131333087
-0.441327333263
-0.587680253200
0.604287791997
-0.493261601833
-0.625722987112
0.655938209035
-0.525183314431
-0.542150857393
0.354968233630
0.834640136839
-0.421157209472
0.397515086971
0.852689485501
-0.338972560756
0.279027405574
0.960283138943
0.000000000118
0.367300607288
0.930102286787
0.000000000726
0.454090235456
0.890955699271
0.000000001824
0.410447051911
0.907147157834
-0.092829152809
0.322936356111
0.941728534394
-0.094124796998
0.233374977646
0.967840165235
-0.093923023628
0.141271309429
0.985548627871
-0.093468279292
0.047316154278
0.994528789999
-0.093132526044
0.255638578956
0.865778451365
-0.430205288323
0.299569502877
0.887714964108
-0.349600136506
0.339781225329
0.902077487554
-0.266091949075
0.376329738376
0.908729609174
-0.180517105626
0.283280672720
0.941140908230
-0.184406755082
0.189970990000
0.964186304908
-0.185083203953
0.095445508406
0.978128843906
-0.184808332180
-0.000000000042
0.982813877025
-0.184599250071
0.200468108342
0.913221307536
-0.354738468453
0.243199991884
0.931288972614
-0.271209537877
0.146352920757
0.950886624701
-0.272755292433
0.048889255514
0.960790643982
-0.272930722220
0.100539672704
0.928868930984
-0.356502851692
0.834640136920
0.421157209422
0.354968233500
0.852689485531
0.338972560738
0.397515086923
0.705879482441
0.157230106463
0.690661168657
0.762203576509
0.103767108893
0.638966427185
0.812844566535
0.048275333106
0.580476703122
0.814318004996
0.150200724410
0.560647776350
0.761211429257
0.205690503524
0.615019167773
0.701748216059
0.258376892351
0.663920795545
0.635948490817
0.309533046463
0.706936213654
0.564323501196
0.359014016665
0.743402933702
0.772645925637
0.487764354681
0.406330171041
0.794246684294
0.407366710301
0.450804356486
0.808154463768
0.324139570101
0.491751870140
0.814604811836
0.238689429565
0.528626859654
0.756734153721
0.298376397123
0.581657069270
0.692976767197
0.352699916332
0.628797240090
0.623390375637
0.404048762688
0.669424407184
0.548451243900
0.453050120786
0.702813503798
0.728412975557
0.468956299020
0.499494270887
0.746205769014
0.385597248449
0.542670906056
0.678131333087
0.441327333263
0.587680253200
0.604287791997
0.493261601833
0.625722987112
0.655938209035
0.525183314431
0.542150857393
0.995507876281
0.000000000080
-0.094678763519
0.982165482468
0.000000000030
-0.188018523152
0.863109588976
-0.254403656503
-0.436257512228
0.865970685850
-0.167898710278
-0.471067717356
0.861119900769
-0.078111132736
-0.502365571514
0.907147157823
-0.092829152838
-0.410447051929
0.908729609052
-0.180517105137
-0.376329738907
0.902077487482
-0.266091949175
-0.339781225441
0.887714963808
-0.349600137054
-0.299569503127
0.865778451307
-0.430205288803
-0.255638578345
0.994528789995
-0.093132525728
-0.047316154990
0.985548627763
-0.093468279814
-0.141271309840
0.967840165208
-0.093923023786
-0.233374977693
0.941728534574
-0.094124797338
-0.322936355488
0.941140908449
-0.184406754508
-0.283280672366
0.931288972739
-0.271209537711
-0.243199991589
0.913221307633
-0.354738468270
-0.200468108223
0.887412753844
-0.434362633125
-0.154362259831
0.978128843956
-0.184808331979
-0.095445508287
0.964186304981
-0.185083203600
-0.189970989974
0.950886625014
-0.272755291615
-0.146352920250
0.928868930924
-0.356502851985
-0.100539672220
0.960790644034
-0.272930721950
-0.048889256011
0.000000000080
0.094678763519
-0.995507876281
0.000000000030
0.188018523152
-0.982165482468
-0.254403656503
0.436257512228
-0.863109588976
-0.167898710278
0.471067717356
-0.865970685850
-0.078111132736
0.502365571514
-0.861119900769
-0.092829152838
0.410447051929
-0.907147157823
-0.180517105137
0.376329738907
-0.908729609052
-0.266091949175
0.339781225441
-0.902077487482
-0.349600137054
0.299569503127
-0.887714963808
-0.430205288803
0.255638578345
-0.865778451307
-0.093132525728
0.047316154990
-0.994528789995
-0.093468279814
0.141271309840
-0.985548627763
-0.093923023786
0.233374977693
-0.967840165208
-0.094124797338
0.322936355488
-0.941728534574
-0.184406754508
0.283280672366
-0.941140908449
-0.271209537711
0.243199991589
-0.931288972739
-0.354738468270
0.200468108223
-0.913221307633
-0.434362633125
0.154362259831
-0.887412753844
-0.184808331979
0.095445508287
-0.978128843956
-0.185083203600
0.189970989974
-0.964186304981
-0.272755291615
0.146352920250
-0.950886625014
-0.356502851985
0.100539672220
-0.928868930924
-0.272930721950
0.048889256011
-0.960790644034
0.354968233630
-0.834640136839
0.421157209472
0.397515086971
-0.852689485501
0.338972560756
0.279027405574
-0.960283138943
-0.000000000118
0.367300607288
-0.930102286787
-0.000000000726
0.454090235456
-0.890955699271
-0.000000001824
0.410447051911
-0.907147157834
0.092829152809
0.322936356111
-0.941728534394
0.094124796998
0.233374977646
-0.967840165235
0.093923023628
0.141271309429
-0.985548627871
0.093468279292
0.047316154278
-0.994528789999
0.093132526044
0.255638578956
-0.865778451365
0.430205288323
0.299569502877
-0.887714964108
0.349600136506
0.339781225329
-0.902077487554
0.266091949075
0.376329738376
-0.908729609174
0.180517105626
0.283280672720
-0.941140908230
0.184406755082
0.189970990000
-0.964186304908
0.185083203953
0.095445508406
-0.978128843906
0.184808332180
-0.000000000042
-0.982813877025
0.184599250071
0.200468108342
-0.913221307536
0.354738468453
0.243199991884
-0.931288972614
0.271209537877
0.146352920757
-0.950886624701
0.272755292433
0.048889255514
-0.960790643982
0.272930722220
0.100539672704
-0.928868930984
0.356502851692
-0.834640136839
0.421157209472
0.354968233630
-0.852689485501
0.338972560756
0.397515086971
-0.960283138943
-0.000000000118
0.279027405574
-0.930102286787
-0.000000000726
0.367300607288
-0.890955699271
-0.000000001824
0.454090235456
-0.907147157834
0.092829152809
0.410447051911
-0.941728534394
0.094124796998
0.322936356111
-0.967840165235
0.093923023628
0.233374977646
-0.985548627871
0.093468279292
0.141271309429
-0.994528789999
0.093132526044
0.047316154278
-0.865778451365
0.430205288323
0.255638578956
-0.887714964108
0.349600136506
0.299569502877
-0.902077487554
0.266091949075
0.339781225329
-0.908729609174
0.180517105626
0.376329738376
-0.941140908230
0.184406755082
0.283280672720
-0.964186304908
0.185083203953
0.189970990000
-0.978128843906
0.184808332180
0.095445508406
-0.982813877025
0.184599250071
-0.000000000042
-0.913221307536
0.354738468453
0.200468108342
-0.931288972614
0.271209537877
0.243199991884
-0.950886624701
0.272755292433
0.146352920757
-0.960790643982
0.272930722220
0.048889255514
-0.928868930984
0.356502851692
0.100539672704
-0.260289470111
-0.776125442972
0.574350666859
-0.209496563819
-0.736487647679
0.643192921730
0.157230106654
-0.690661168539
0.705879482514
0.103767110068
-0.638966426458
0.762203576958
0.048275336058
-0.580476701298
0.812844567663
0.000000000018
-0.653476929160
0.756946433413
0.053393382796
-0.709143964772
0.703039105528
0.106406247795
-0.757843819173
0.643700595131
0.158298193699
-0.800404492946
0.578181917345
0.208322424067
-0.836535459746
0.506764434642
-0.208322423966
-0.836535459365
0.506764435314
-0.158298193038
-0.800404492992
0.578181917462
-0.106406247635
-0.757843819216
0.643700595107
-0.053393382888
-0.709143965280
0.703039105008
-0.000000000355
-0.766063824352
0.642764511326
0.053229001589
-0.813880444043
0.578589056407
0.105022599816
-0.854232739365
0.509172544945
0.154362259873
-0.887412753869
0.434362633058
-0.105022600054
-0.854232739341
0.509172544936
-0.053229001910
-0.813880443933
0.578589056532
-0.000000000506
-0.860435545634
0.509559291751
0.051650416707
-0.898653709332
0.435607329091
-0.051650416693
-0.898653709085
0.435607329602
-0.574350666809
0.260289469980
0.776125443052
-0.643192921712
0.209496563771
0.736487647709
-0.863109589094
0.254403656430
0.436257512037
-0.865970686577
0.167898709829
0.471067716180
-0.861119902593
0.078111131608
0.502365568562
-0.814318005014
0.150200724421
0.560647776321
-0.814604812053
0.238689428866
0.528626859635
-0.808154463854
0.324139570104
0.491751869997
-0.794246684516
0.407366710526
0.450804355892
-0.772645925263
0.487764355357
0.406330170943
-0.564323501671
0.359014016052
0.743402933637
-0.635948491257
0.309533046646
0.706936213178
-0.701748216133
0.258376892447
0.663920795430
-0.761211428948
0.205690504166
0.615019167942
-0.756734153367
0.298376396904
0.581657069844
-0.746205768786
0.385597248501
0.542670906332
-0.728412975453
0.468956298962
0.499494271095
-0.702813503772
0.548451243967
0.453050120744
-0.623390375503
0.404048762600
0.669424407362
-0.692976767104
0.352699916082
0.628797240333
-0.678131332581
0.441327332950
0.587680254019
-0.655938208704
0.525183314891
0.542150857347
-0.604287792341
0.493261601382
0.625722987135
-0.776125443052
-0.574350666809
-0.260289469980
-0.736487647709
-0.643192921712
-0.209496563771
-0.436257512037
-0.863109589094
-0.254403656430
-0.471067716180
-0.865970686577
-0.167898709829
-0.502365568562
-0.861119902593
-0.078111131608
-0.560647776321
-0.814318005014
-0.150200724421
-0.528626859635
-0.814604812053
-0.238689428866
-0.491751869997
-0.808154463854
-0.324139570104
-0.450804355892
-0.794246684516
-0.407366710526
-0.406330170943
-0.772645925263
-0.487764355357
-0.743402933637
-0.564323501671
-0.359014016052
-0.706936213178
-0.635948491257
-0.309533046646
-0.663920795430
-0.701748216133
-0.258376892447
-0.615019167942
-0.761211428948
-0.205690504166
-0.581657069844
-0.756734153367
-0.298376396904
-0.542670906332
-0.746205768786
-0.385597248501
-0.499494271095
-0.728412975453
-0.468956298962
-0.453050120744
-0.702813503772
-0.548451243967
-0.669424407362
-0.623390375503
-0.404048762600
-0.628797240333
-0.692976767104
-0.352699916082
-0.587680254019
-0.678131332581
-0.441327332950
-0.542150857347
-0.655938208704
-0.525183314891
-0.625722987135
-0.604287792341
-0.493261601382
0.260289469980
-0.776125443052
0.574350666809
0.209496563771
-0.736487647709
0.643192921712
0.254403656430
-0.436257512037
0.863109589094
0.167898709829
-0.471067716180
0.865970686577
0.078111131608
-0.502365568562
0.861119902593
0.150200724421
-0.560647776321
0.814318005014
0.238689428866
-0.528626859635
0.814604812053
0.324139570104
-0.491751869997
0.808154463854
0.407366710526
-0.450804355892
0.794246684516
0.487764355357
-0.406330170943
0.772645925263
0.359014016052
-0.743402933637
0.564323501671
0.309533046646
-0.706936213178
0.635948491257
0.258376892447
-0.663920795430
0.701748216133
0.205690504166
-0.615019167942
0.761211428948
0.298376396904
-0.581657069844
0.756734153367
0.385597248501
-0.542670906332
0.746205768786
0.468956298962
-0.499494271095
0.728412975453
0.548451243967
-0.453050120744
0.702813503772
0.404048762600
-0.669424407362
0.623390375503
0.352699916082
-0.628797240333
0.692976767104
0.441327332950
-0.587680254019
0.678131332581
0.525183314891
-0.542150857347
0.655938208704
0.493261601382
-0.625722987135
0.604287792341
-0.574350666859
-0.260289470111
0.776125442972
-0.643192921730
-0.209496563819
0.736487647679
-0.705879482514
0.157230106654
0.690661168539
-0.762203576958
0.103767110068
0.638966426458
-0.812844567663
0.048275336058
0.580476701298
-0.756946433413
0.000000000018
0.653476929160
-0.703039105528
0.053393382796
0.709143964772
-0.643700595131
0.106406247795
0.757843819173
-0.578181917345
0.158298193699
0.800404492946
-0.506764434642
0.208322424067
0.836535459746
-0.506764435314
-0.208322423966
0.836535459365
-0.578181917462
-0.158298193038
0.800404492992
-0.643700595107
-0.106406247635
0.757843819216
-0.703039105008
-0.053393382888
0.709143965280
-0.642764511326
-0.000000000355
0.766063824352
-0.578589056407
0.053229001589
0.813880444043
-0.509172544945
0.105022599816
0.854232739365
-0.434362633058
0.154362259873
0.887412753869
-0.509172544936
-0.105022600054
0.854232739341
-0.578589056532
-0.053229001910
0.813880443933
-0.509559291751
-0.000000000506
0.860435545634
-0.435607329091
0.051650416707
0.898653709332
-0.435607329602
-0.051650416693
0.898653709085
0.094678763519
-0.995507876281
0.000000000080
0.188018523152
-0.982165482468
0.000000000030
0.436257512228
-0.863109588976
-0.254403656503
0.471067717356
-0.865970685850
-0.167898710278
0.502365571514
-0.861119900769
-0.078111132736
0.410447051929
-0.907147157823
-0.092829152838
0.376329738907
-0.908729609052
-0.180517105137
0.339781225441
-0.902077487482
-0.266091949175
0.299569503127
-0.887714963808
-0.349600137054
0.255638578345
-0.865778451307
-0.430205288803
0.047316154990
-0.994528789995
-0.093132525728
0.141271309840
-0.985548627763
-0.093468279814
0.233374977693
-0.967840165208
-0.093923023786
0.322936355488
-0.941728534574
-0.094124797338
0.283280672366
-0.941140908449
-0.184406754508
0.243199991589
-0.931288972739
-0.271209537711
0.200468108223
-0.913221307633
-0.354738468270
0.154362259831
-0.887412753844
-0.434362633125
0.095445508287
-0.978128843956
-0.184808331979
0.189970989974
-0.964186304981
-0.185083203600
0.146352920250
-0.950886625014
-0.272755291615
0.100539672220
-0.928868930924
-0.356502851985
0.048889256011
-0.960790644034
-0.272930721950
0.995507876281
-0.000000000080
0.094678763519
0.982165482468
-0.000000000030
0.188018523152
0.863109588976
0.254403656503
0.436257512228
0.865970685850
0.167898710278
0.471067717356
0.861119900769
0.078111132736
0.502365571514
0.907147157823
0.092829152838
0.410447051929
0.908729609052
0.180517105137
0.376329738907
0.902077487482
0.266091949175
0.339781225441
0.887714963808
0.349600137054
0.299569503127
0.865778451307
0.430205288803
0.255638578345
0.994528789995
0.093132525728
0.047316154990
0.985548627763
0.093468279814
0.141271309840
0.967840165208
0.093923023786
0.233374977693
0.941728534574
0.094124797338
0.322936355488
0.941140908449
0.184406754508
0.283280672366
0.931288972739
0.271209537711
0.243199991589
0.913221307633
0.354738468270
0.200468108223
0.887412753844
0.434362633125
0.154362259831
0.978128843956
0.184808331979
0.095445508287
0.964186304981
0.185083203600
0.189970989974
0.950886625014
0.272755291615
0.146352920250
0.928868930924
0.356502851985
0.100539672220
0.960790644034
0.272930721950
0.048889256011
0.421157209472
-0.354968233630
0.834640136839
0.338972560756
-0.397515086971
0.852689485501
-0.000000000118
-0.279027405574
0.960283138943
-0.000000000726
-0.367300607288
0.930102286787
-0.000000001824
-0.454090235456
0.890955699271
0.092829152809
-0.410447051911
0.907147157834
0.094124796998
-0.322936356111
0.941728534394
0.093923023628
-0.233374977646
0.967840165235
0.093468279292
-0.141271309429
0.985548627871
0.093132526044
-0.047316154278
0.994528789999
0.430205288323
-0.255638578956
0.865778451365
0.349600136506
-0.299569502877
0.887714964108
0.266091949075
-0.339781225329
0.902077487554
0.180517105626
-0.376329738376
0.908729609174
0.184406755082
-0.283280672720
0.941140908230
0.185083203953
-0.189970990000
0.964186304908
0.184808332180
-0.095445508406
0.978128843906
0.184599250071
0.000000000042
0.982813877025
0.354738468453
-0.200468108342
0.913221307536
0.271209537877
-0.243199991884
0.931288972614
0.272755292433
-0.146352920757
0.950886624701
0.272930722220
-0.048889255514
0.960790643982
0.356502851692
-0.100539672704
0.928868930984
0.574350666859
-0.260289470111
-0.776125442972
0.643192921730
-0.209496563819
-0.736487647679
0.705879482514
0.157230106654
-0.690661168539
0.762203576958
0.103767110068
-0.638966426458
0.812844567663
0.048275336058
-0.580476701298
0.756946433413
0.000000000018
-0.653476929160
0.703039105528
0.053393382796
-0.709143964772
0.643700595131
0.106406247795
-0.757843819173
0.578181917345
0.158298193699
-0.800404492946
0.506764434642
0.208322424067
-0.836535459746
0.506764435314
-0.208322423966
-0.836535459365
0.578181917462
-0.158298193038
-0.800404492992
0.643700595107
-0.106406247635
-0.757843819216
0.703039105008
-0.053393382888
-0.709143965280
0.642764511326
-0.000000000355
-0.766063824352
0.578589056407
0.053229001589
-0.813880444043
0.509172544945
0.105022599816
-0.854232739365
0.434362633058
0.154362259873
-0.887412753869
0.509172544936
-0.105022600054
-0.854232739341
0.578589056532
-0.053229001910
-0.813880443933
0.509559291751
-0.000000000506
-0.860435545634
0.435607329091
0.051650416707
-0.898653709332
0.435607329602
-0.051650416693
-0.898653709085
-0.776125442972
-0.574350666859
0.260289470111
-0.736487647679
-0.643192921730
0.209496563819
-0.690661168539
-0.705879482514
-0.157230106654
-0.638966426458
-0.762203576958
-0.103767110068
-0.580476701298
-0.812844567663
-0.048275336058
-0.653476929160
-0.756946433413
-0.000000000018
-0.709143964772
-0.703039105528
-0.053393382796
-0.757843819173
-0.643700595131
-0.106406247795
-0.800404492946
-0.578181917345
-0.158298193699
-0.836535459746
-0.506764434642
-0.208322424067
-0.836535459365
-0.506764435314
0.208322423966
-0.800404492992
-0.578181917462
0.158298193038
-0.757843819216
-0.643700595107
0.106406247635
-0.709143965280
-0.703039105008
0.053393382888
-0.766063824352
-0.642764511326
0.000000000355
-0.813880444043
-0.578589056407
-0.053229001589
-0.854232739365
-0.509172544945
-0.105022599816
-0.887412753869
-0.434362633058
-0.154362259873
-0.854232739341
-0.509172544936
0.105022600054
-0.813880443933
-0.578589056532
0.053229001910
-0.860435545634
-0.509559291751
0.000000000506
-0.898653709332
-0.435607329091
-0.051650416707
-0.898653709085
-0.435607329602
0.051650416693
0.776125443052
-0.574350666809
0.260289469980
0.736487647709
-0.643192921712
0.209496563771
0.436257512037
-0.863109589094
0.254403656430
0.471067716180
-0.865970686577
0.167898709829
0.502365568562
-0.861119902593
0.078111131608
0.560647776321
-0.814318005014
0.150200724421
0.528626859635
-0.814604812053
0.238689428866
0.491751869997
-0.808154463854
0.324139570104
0.450804355892
-0.794246684516
0.407366710526
0.406330170943
-0.772645925263
0.487764355357
0.743402933637
-0.564323501671
0.359014016052
0.706936213178
-0.635948491257
0.309533046646
0.663920795430
-0.701748216133
0.258376892447
0.615019167942
-0.761211428948
0.205690504166
0.581657069844
-0.756734153367
0.298376396904
0.542670906332
-0.746205768786
0.385597248501
0.499494271095
-0.728412975453
0.468956298962
0.453050120744
-0.702813503772
0.548451243967
0.669424407362
-0.623390375503
0.404048762600
0.628797240333
-0.692976767104
0.352699916082
0.587680254019
-0.678131332581
0.441327332950
0.542150857347
-0.655938208704
0.525183314891
0.625722987135
-0.604287792341
0.493261601382
-0.260289469980
-0.776125443052
-0.574350666809
-0.209496563771
-0.736487647709
-0.643192921712
-0.254403656430
-0.436257512037
-0.863109589094
-0.167898709829
-0.471067716180
-0.865970686577
-0.078111131608
-0.502365568562
-0.861119902593
-0.150200724421
-0.560647776321
-0.814318005014
-0.238689428866
-0.528626859635
-0.814604812053
-0.324139570104
-0.491751869997
-0.808154463854
-0.407366710526
-0.450804355892
-0.794246684516
-0.487764355357
-0.406330170943
-0.772645925263
-0.359014016052
-0.743402933637
-0.564323501671
-0.309533046646
-0.706936213178
-0.635948491257
-0.258376892447
-0.663920795430
-0.701748216133
-0.205690504166
-0.615019167942
-0.761211428948
-0.298376396904
-0.581657069844
-0.756734153367
-0.385597248501
-0.542670906332
-0.746205768786
-0.468956298962
-0.499494271095
-0.728412975453
-0.548451243967
-0.453050120744
-0.702813503772
-0.404048762600
-0.669424407362
-0.623390375503
-0.352699916082
-0.628797240333
-0.692976767104
-0.441327332950
-0.587680254019
-0.678131332581
-0.525183314891
-0.542150857347
-0.655938208704
-0.493261601382
-0.625722987135
-0.604287792341
0.260289469980
0.776125443052
-0.574350666809
0.209496563771
0.736487647709
-0.643192921712
0.254403656430
0.436257512037
-0.863109589094
0.167898709829
0.471067716180
-0.865970686577
0.078111131608
0.502365568562
-0.861119902593
0.150200724421
0.560647776321
-0.814318005014
0.238689428866
0.528626859635
-0.814604812053
0.324139570104
0.491751869997
-0.808154463854
0.407366710526
0.450804355892
-0.794246684516
0.487764355357
0.406330170943
-0.772645925263
0.359014016052
0.743402933637
-0.564323501671
0.309533046646
0.706936213178
-0.635948491257
0.258376892447
0.663920795430
-0.701748216133
0.205690504166
0.615019167942
-0.761211428948
0.298376396904
0.581657069844
-0.756734153367
0.385597248501
0.542670906332
-0.746205768786
0.468956298962
0.499494271095
-0.728412975453
0.548451243967
0.453050120744
-0.702813503772
0.404048762600
0.669424407362
-0.623390375503
0.352699916082
0.628797240333
-0.692976767104
0.441327332950
0.587680254019
-0.678131332581
0.525183314891
0.542150857347
-0.655938208704
0.493261601382
0.625722987135
-0.604287792341
-0.574350666809
-0.260289469980
-0.776125443052
-0.643192921712
-0.209496563771
-0.736487647709
-0.863109589094
-0.254403656430
-0.436257512037
-0.865970686577
-0.167898709829
-0.471067716180
-0.861119902593
-0.078111131608
-0.502365568562
-0.814318005014
-0.150200724421
-0.560647776321
-0.814604812053
-0.238689428866
-0.528626859635
-0.808154463854
-0.324139570104
-0.491751869997
-0.794246684516
-0.407366710526
-0.450804355892
-0.772645925263
-0.487764355357
-0.406330170943
-0.564323501671
-0.359014016052
-0.743402933637
-0.635948491257
-0.309533046646
-0.706936213178
-0.701748216133
-0.258376892447
-0.663920795430
-0.761211428948
-0.205690504166
-0.615019167942
-0.756734153367
-0.298376396904
-0.581657069844
-0.746205768786
-0.385597248501
-0.542670906332
-0.728412975453
-0.468956298962
-0.499494271095
-0.702813503772
-0.548451243967
-0.453050120744
-0.623390375503
-0.404048762600
-0.669424407362
-0.692976767104
-0.352699916082
-0.628797240333
-0.678131332581
-0.441327332950
-0.587680254019
-0.655938208704
-0.525183314891
-0.542150857347
-0.604287792341
-0.493261601382
-0.625722987135
-0.776125442972
0.574350666859
-0.260289470111
-0.736487647679
0.643192921730
-0.209496563819
-0.690661168539
0.705879482514
0.157230106654
-0.638966426458
0.762203576958
0.103767110068
-0.580476701298
0.812844567663
0.048275336058
-0.653476929160
0.756946433413
0.000000000018
-0.709143964772
0.703039105528
0.053393382796
-0.757843819173
0.643700595131
0.106406247795
-0.800404492946
0.578181917345
0.158298193699
-0.836535459746
0.506764434642
0.208322424067
-0.836535459365
0.506764435314
-0.208322423966
-0.800404492992
0.578181917462
-0.158298193038
-0.757843819216
0.643700595107
-0.106406247635
-0.709143965280
0.703039105008
-0.053393382888
-0.766063824352
0.642764511326
-0.000000000355
-0.813880444043
0.578589056407
0.053229001589
-0.854232739365
0.509172544945
0.105022599816
-0.887412753869
0.434362633058
0.154362259873
-0.854232739341
0.509172544936
-0.105022600054
-0.813880443933
0.578589056532
-0.053229001910
-0.860435545634
0.509559291751
-0.000000000506
-0.898653709332
0.435607329091
0.051650416707
-0.898653709085
0.435607329602
-0.051650416693
-0.260289470111
0.776125442972
-0.574350666859
-0.209496563819
0.736487647679
-0.643192921730
0.157230106654
0.690661168539
-0.705879482514
0.103767110068
0.638966426458
-0.762203576958
0.048275336058
0.580476701298
-0.812844567663
0.000000000018
0.653476929160
-0.756946433413
0.053393382796
0.709143964772
-0.703039105528
0.106406247795
0.757843819173
-0.643700595131
0.158298193699
0.800404492946
-0.578181917345
0.208322424067
0.836535459746
-0.506764434642
-0.208322423966
0.836535459365
-0.506764435314
-0.158298193038
0.800404492992
-0.578181917462
-0.106406247635
0.757843819216
-0.643700595107
-0.053393382888
0.709143965280
-0.703039105008
-0.000000000355
0.766063824352
-0.642764511326
0.053229001589
0.813880444043
-0.578589056407
0.105022599816
0.854232739365
-0.509172544945
0.154362259873
0.887412753869
-0.434362633058
-0.105022600054
0.854232739341
-0.509172544936
-0.053229001910
0.813880443933
-0.578589056532
-0.000000000506
0.860435545634
-0.509559291751
0.051650416707
0.898653709332
-0.435607329091
-0.051650416693
0.898653709085
-0.435607329602
0.421157209422
-0.354968233500
-0.834640136920
0.338972560738
-0.397515086923
-0.852689485531
0.157230106463
-0.690661168657
-0.705879482441
0.103767108893
-0.638966427185
-0.762203576509
0.048275333106
-0.580476703122
-0.812844566535
0.150200724410
-0.560647776350
-0.814318004996
0.205690503524
-0.615019167773
-0.761211429257
0.258376892351
-0.663920795545
-0.701748216059
0.309533046463
-0.706936213654
-0.635948490817
0.359014016665
-0.743402933702
-0.564323501196
0.487764354681
-0.406330171041
-0.772645925637
0.407366710301
-0.450804356486
-0.794246684294
0.324139570101
-0.491751870140
-0.808154463768
0.238689429565
-0.528626859654
-0.814604811836
0.298376397123
-0.581657069270
-0.756734153721
0.352699916332
-0.628797240090
-0.692976767197
0.404048762688
-0.669424407184
-0.623390375637
0.453050120786
-0.702813503798
-0.548451243900
0.468956299020
-0.499494270887
-0.728412975557
0.385597248449
-0.542670906056
-0.746205769014
0.441327333263
-0.587680253200
-0.678131333087
0.493261601833
-0.625722987112
-0.604287791997
0.525183314431
-0.542150857393
-0.655938209035
-0.834640136839
-0.421157209472
-0.354968233630
-0.852689485501
-0.338972560756
-0.397515086971
-0.960283138943
0.000000000118
-0.279027405574
-0.930102286787
0.000000000726
-0.367300607288
-0.890955699271
0.000000001824
-0.454090235456
-0.907147157834
-0.092829152809
-0.410447051911
-0.941728534394
-0.094124796998
-0.322936356111
-0.967840165235
-0.093923023628
-0.233374977646
-0.985548627871
-0.093468279292
-0.141271309429
-0.994528789999
-0.093132526044
-0.047316154278
-0.865778451365
-0.430205288323
-0.255638578956
-0.887714964108
-0.349600136506
-0.299569502877
-0.902077487554
-0.266091949075
-0.339781225329
-0.908729609174
-0.180517105626
-0.376329738376
-0.941140908230
-0.184406755082
-0.283280672720
-0.964186304908
-0.185083203953
-0.189970990000
-0.978128843906
-0.184808332180
-0.095445508406
-0.982813877025
-0.184599250071
0.000000000042
-0.913221307536
-0.354738468453
-0.200468108342
-0.931288972614
-0.271209537877
-0.243199991884
-0.950886624701
-0.272755292433
-0.146352920757
-0.960790643982
-0.272930722220
-0.048889255514
-0.928868930984
-0.356502851692
-0.100539672704
-0.421157209422
0.354968233500
-0.834640136920
-0.338972560738
0.397515086923
-0.852689485531
-0.157230106463
0.690661168657
-0.705879482441
-0.103767108893
0.638966427185
-0.762203576509
-0.048275333106
0.580476703122
-0.812844566535
-0.150200724410
0.560647776350
-0.814318004996
-0.205690503524
0.615019167773
-0.761211429257
-0.258376892351
0.663920795545
-0.701748216059
-0.309533046463
0.706936213654
-0.635948490817
-0.359014016665
0.743402933702
-0.564323501196
-0.487764354681
0.406330171041
-0.772645925637
-0.407366710301
0.450804356486
-0.794246684294
-0.324139570101
0.491751870140
-0.808154463768
-0.238689429565
0.528626859654
-0.814604811836
-0.298376397123
0.581657069270
-0.756734153721
-0.352699916332
0.628797240090
-0.692976767197
-0.404048762688
0.669424407184
-0.623390375637
-0.453050120786
0.702813503798
-0.548451243900
-0.468956299020
0.499494270887
-0.728412975557
-0.385597248449
0.542670906056
-0.746205769014
-0.441327333263
0.587680253200
-0.678131333087
-0.493261601833
0.625722987112
-0.604287791997
-0.525183314431
0.542150857393
-0.655938209035
0.834640136839
0.421157209472
-0.354968233630
0.852689485501
0.338972560756
-0.397515086971
0.960283138943
-0.000000000118
-0.279027405574
0.930102286787
-0.000000000726
-0.367300607288
0.890955699271
-0.000000001824
-0.454090235456
0.907147157834
0.092829152809
-0.410447051911
0.941728534394
0.094124796998
-0.322936356111
0.967840165235
0.093923023628
-0.233374977646
0.985548627871
0.093468279292
-0.141271309429
0.994528789999
0.093132526044
-0.047316154278
0.865778451365
0.430205288323
-0.255638578956
0.887714964108
0.349600136506
-0.299569502877
0.902077487554
0.266091949075
-0.339781225329
0.908729609174
0.180517105626
-0.376329738376
0.941140908230
0.184406755082
-0.283280672720
0.964186304908
0.185083203953
-0.189970990000
0.978128843906
0.184808332180
-0.095445508406
0.982813877025
0.184599250071
0.000000000042
0.913221307536
0.354738468453
-0.200468108342
0.931288972614
0.271209537877
-0.243199991884
0.950886624701
0.272755292433
-0.146352920757
0.960790643982
0.272930722220
-0.048889255514
0.928868930984
0.356502851692
-0.100539672704
0.260289470111
-0.776125442972
-0.574350666859
0.209496563819
-0.736487647679
-0.643192921730
-0.157230106654
-0.690661168539
-0.705879482514
-0.103767110068
-0.638966426458
-0.762203576958
-0.048275336058
-0.580476701298
-0.812844567663
-0.000000000018
-0.653476929160
-0.756946433413
-0.053393382796
-0.709143964772
-0.703039105528
-0.106406247795
-0.757843819173
-0.643700595131
-0.158298193699
-0.800404492946
-0.578181917345
-0.208322424067
-0.836535459746
-0.506764434642
0.208322423966
-0.836535459365
-0.506764435314
0.158298193038
-0.800404492992
-0.578181917462
0.106406247635
-0.757843819216
-0.643700595107
0.053393382888
-0.709143965280
-0.703039105008
0.000000000355
-0.766063824352
-0.642764511326
-0.053229001589
-0.813880444043
-0.578589056407
-0.105022599816
-0.854232739365
-0.509172544945
-0.154362259873
-0.887412753869
-0.434362633058
0.105022600054
-0.854232739341
-0.509172544936
0.053229001910
-0.813880443933
-0.578589056532
0.000000000506
-0.860435545634
-0.509559291751
-0.051650416707
-0.898653709332
-0.435607329091
0.051650416693
-0.898653709085
-0.435607329602
0.574350666809
0.260289469980
-0.776125443052
0.643192921712
0.209496563771
-0.736487647709
0.863109589094
0.254403656430
-0.436257512037
0.865970686577
0.167898709829
-0.471067716180
0.861119902593
0.078111131608
-0.502365568562
0.814318005014
0.150200724421
-0.560647776321
0.814604812053
0.238689428866
-0.528626859635
0.808154463854
0.324139570104
-0.491751869997
0.794246684516
0.407366710526
-0.450804355892
0.772645925263
0.487764355357
-0.406330170943
0.564323501671
0.359014016052
-0.743402933637
0.635948491257
0.309533046646
-0.706936213178
0.701748216133
0.258376892447
-0.663920795430
0.761211428948
0.205690504166
-0.615019167942
0.756734153367
0.298376396904
-0.581657069844
0.746205768786
0.385597248501
-0.542670906332
0.728412975453
0.468956298962
-0.499494271095
0.702813503772
0.548451243967
-0.453050120744
0.623390375503
0.404048762600
-0.669424407362
0.692976767104
0.352699916082
-0.628797240333
0.678131332581
0.441327332950
-0.587680254019
0.655938208704
0.525183314891
-0.542150857347
0.604287792341
0.493261601382
-0.625722987135
-0.995507876281
-0.000000000080
-0.094678763519
-0.982165482468
-0.000000000030
-0.188018523152
-0.863109588976
0.254403656503
-0.436257512228
-0.865970685850
0.167898710278
-0.471067717356
-0.861119900769
0.078111132736
-0.502365571514
-0.907147157823
0.092829152838
-0.410447051929
-0.908729609052
0.180517105137
-0.376329738907
-0.902077487482
0.266091949175
-0.339781225441
-0.887714963808
0.349600137054
-0.299569503127
-0.865778451307
0.430205288803
-0.255638578345
-0.994528789995
0.093132525728
-0.047316154990
-0.985548627763
0.093468279814
-0.141271309840
-0.967840165208
0.093923023786
-0.233374977693
-0.941728534574
0.094124797338
-0.322936355488
-0.941140908449
0.184406754508
-0.283280672366
-0.931288972739
0.271209537711
-0.243199991589
-0.913221307633
0.354738468270
-0.200468108223
-0.887412753844
0.434362633125
-0.154362259831
-0.978128843956
0.184808331979
-0.095445508287
-0.964186304981
0.185083203600
-0.189970989974
-0.950886625014
0.272755291615
-0.146352920250
-0.928868930924
0.356502851985
-0.100539672220
-0.960790644034
0.272930721950
-0.048889256011
-0.000000000080
-0.094678763519
-0.995507876281
-0.000000000030
-0.188018523152
-0.982165482468
0.254403656503
-0.436257512228
-0.863109588976
0.167898710278
-0.471067717356
-0.865970685850
0.078111132736
-0.502365571514
-0.861119900769
0.092829152838
-0.410447051929
-0.907147157823
0.180517105137
-0.376329738907
-0.908729609052
0.266091949175
-0.339781225441
-0.902077487482
0.349600137054
-0.299569503127
-0.887714963808
0.430205288803
-0.255638578345
-0.865778451307
0.093132525728
-0.047316154990
-0.994528789995
0.093468279814
-0.141271309840
-0.985548627763
0.093923023786
-0.233374977693
-0.967840165208
0.094124797338
-0.322936355488
-0.941728534574
0.184406754508
-0.283280672366
-0.941140908449
0.271209537711
-0.243199991589
-0.931288972739
0.354738468270
-0.200468108223
-0.913221307633
0.434362633125
-0.154362259831
-0.887412753844
0.184808331979
-0.095445508287
-0.978128843956
0.185083203600
-0.189970989974
-0.964186304981
0.272755291615
-0.146352920250
-0.950886625014
0.356502851985
-0.100539672220
-0.928868930924
0.272930721950
-0.048889256011
-0.960790644034
0.354968233500
-0.834640136920
-0.421157209422
0.397515086923
-0.852689485531
-0.338972560738
0.690661168657
-0.705879482441
-0.157230106463
0.638966427185
-0.762203576509
-0.103767108893
0.580476703122
-0.812844566535
-0.048275333106
0.560647776350
-0.814318004996
-0.150200724410
0.615019167773
-0.761211429257
-0.205690503524
0.663920795545
-0.701748216059
-0.258376892351
0.706936213654
-0.635948490817
-0.309533046463
0.743402933702
-0.564323501196
-0.359014016665
0.406330171041
-0.772645925637
-0.487764354681
0.450804356486
-0.794246684294
-0.407366710301
0.491751870140
-0.808154463768
-0.324139570101
0.528626859654
-0.814604811836
-0.238689429565
0.581657069270
-0.756734153721
-0.298376397123
0.628797240090
-0.692976767197
-0.352699916332
0.669424407184
-0.623390375637
-0.404048762688
0.702813503798
-0.548451243900
-0.453050120786
0.499494270887
-0.728412975557
-0.468956299020
0.542670906056
-0.746205769014
-0.385597248449
0.587680253200
-0.678131333087
-0.441327333263
0.625722987112
-0.604287791997
-0.493261601833
0.542150857393
-0.655938209035
-0.525183314431
-0.354968233500
-0.834640136920
0.421157209422
-0.397515086923
-0.852689485531
0.338972560738
-0.690661168657
-0.705879482441
0.157230106463
-0.638966427185
-0.762203576509
0.103767108893
-0.580476703122
-0.812844566535
0.048275333106
-0.560647776350
-0.814318004996
0.150200724410
-0.615019167773
-0.761211429257
0.205690503524
-0.663920795545
-0.701748216059
0.258376892351
-0.706936213654
-0.635948490817
0.309533046463
-0.743402933702
-0.564323501196
0.359014016665
-0.406330171041
-0.772645925637
0.487764354681
-0.450804356486
-0.794246684294
0.407366710301
-0.491751870140
-0.808154463768
0.324139570101
-0.528626859654
-0.814604811836
0.238689429565
-0.581657069270
-0.756734153721
0.298376397123
-0.628797240090
-0.692976767197
0.352699916332
-0.669424407184
-0.623390375637
0.404048762688
-0.702813503798
-0.548451243900
0.453050120786
-0.499494270887
-0.728412975557
0.468956299020
-0.542670906056
-0.746205769014
0.385597248449
-0.587680253200
-0.678131333087
0.441327333263
-0.625722987112
-0.604287791997
0.493261601833
-0.542150857393
-0.655938209035
0.525183314431
-0.094678763519
-0.995507876281
-0.000000000080
-0.188018523152
-0.982165482468
-0.000000000030
-0.436257512228
-0.863109588976
0.254403656503
-0.471067717356
-0.865970685850
0.167898710278
-0.502365571514
-0.861119900769
0.078111132736
-0.410447051929
-0.907147157823
0.092829152838
-0.376329738907
-0.908729609052
0.180517105137
-0.339781225441
-0.902077487482
0.266091949175
-0.299569503127
-0.887714963808
0.349600137054
-0.255638578345
-0.865778451307
0.430205288803
-0.047316154990
-0.994528789995
0.093132525728
-0.141271309840
-0.985548627763
0.093468279814
-0.233374977693
-0.967840165208
0.093923023786
-0.322936355488
-0.941728534574
0.094124797338
-0.283280672366
-0.941140908449
0.184406754508
-0.243199991589
-0.931288972739
0.271209537711
-0.200468108223
-0.913221307633
0.354738468270
-0.154362259831
-0.887412753844
0.434362633125
-0.095445508287
-0.978128843956
0.184808331979
-0.189970989974
-0.964186304981
0.185083203600
-0.146352920250
-0.950886625014
0.272755291615
-0.100539672220
-0.928868930924
0.356502851985
-0.048889256011
-0.960790644034
0.272930721950
0.094678763519
0.995507876281
-0.000000000080
0.188018523152
0.982165482468
-0.000000000030
0.436257512228
0.863109588976
0.254403656503
0.471067717356
0.865970685850
0.167898710278
0.502365571514
0.861119900769
0.078111132736
0.410447051929
0.907147157823
0.092829152838
0.376329738907
0.908729609052
0.180517105137
0.339781225441
0.902077487482
0.266091949175
0.299569503127
0.887714963808
0.349600137054
0.255638578345
0.865778451307
0.430205288803
0.047316154990
0.994528789995
0.093132525728
0.141271309840
0.985548627763
0.093468279814
0.233374977693
0.967840165208
0.093923023786
0.322936355488
0.941728534574
0.094124797338
0.283280672366
0.941140908449
0.184406754508
0.243199991589
0.931288972739
0.271209537711
0.200468108223
0.913221307633
0.354738468270
0.154362259831
0.887412753844
0.434362633125
0.095445508287
0.978128843956
0.184808331979
0.189970989974
0.964186304981
0.185083203600
0.146352920250
0.950886625014
0.272755291615
0.100539672220
0.928868930924
0.356502851985
0.048889256011
0.960790644034
0.272930721950
-0.421157209472
-0.354968233630
-0.834640136839
-0.338972560756
-0.397515086971
-0.852689485501
0.000000000118
-0.279027405574
-0.960283138943
0.000000000726
-0.367300607288
-0.930102286787
0.000000001824
-0.454090235456
-0.890955699271
-0.092829152809
-0.410447051911
-0.907147157834
-0.094124796998
-0.322936356111
-0.941728534394
-0.093923023628
-0.233374977646
-0.967840165235
-0.093468279292
-0.141271309429
-0.985548627871
-0.093132526044
-0.047316154278
-0.994528789999
-0.430205288323
-0.255638578956
-0.865778451365
-0.349600136506
-0.299569502877
-0.887714964108
-0.266091949075
-0.339781225329
-0.902077487554
-0.180517105626
-0.376329738376
-0.908729609174
-0.184406755082
-0.283280672720
-0.941140908230
-0.185083203953
-0.189970990000
-0.964186304908
-0.184808332180
-0.095445508406
-0.978128843906
-0.184599250071
0.000000000042
-0.982813877025
-0.354738468453
-0.200468108342
-0.913221307536
-0.271209537877
-0.243199991884
-0.931288972614
-0.272755292433
-0.146352920757
-0.950886624701
-0.272930722220
-0.048889255514
-0.960790643982
-0.356502851692
-0.100539672704
-0.928868930984
0.776125442972
-0.574350666859
-0.260289470111
0.736487647679
-0.643192921730
-0.209496563819
0.690661168539
-0.705879482514
0.157230106654
0.638966426458
-0.762203576958
0.103767110068
0.580476701298
-0.812844567663
0.048275336058
0.653476929160
-0.756946433413
0.000000000018
0.709143964772
-0.703039105528
0.053393382796
0.757843819173
-0.643700595131
0.106406247795
0.800404492946
-0.578181917345
0.158298193699
0.836535459746
-0.506764434642
0.208322424067
0.836535459365
-0.506764435314
-0.208322423966
0.800404492992
-0.578181917462
-0.158298193038
0.757843819216
-0.643700595107
-0.106406247635
0.709143965280
-0.703039105008
-0.053393382888
0.766063824352
-0.642764511326
-0.000000000355
0.813880444043
-0.578589056407
0.053229001589
0.854232739365
-0.509172544945
0.105022599816
0.887412753869
-0.434362633058
0.154362259873
0.854232739341
-0.509172544936
-0.105022600054
0.813880443933
-0.578589056532
-0.053229001910
0.860435545634
-0.509559291751
-0.000000000506
0.898653709332
-0.435607329091
0.051650416707
0.898653709085
-0.435607329602
-0.051650416693
