0.421555679757
0.805862993933
0.415783169300
0.604179545306
0.765748585574
0.220445414389
0.649423169438
0.620391699020
0.439731380259
0.525731112119
0.850650808352
0.000000000000
0.000000000000
0.525731112119
-0.850650808352
-0.525731112119
0.850650808352
0.000000000000
0.000000000000
0.525731112119
0.850650808352
0.850650808352
-0.000000000000
0.525731112119
-0.850650808352
-0.000000000000
0.525731112119
-0.000000000000
-0.525731112119
0.850650808352
-0.850650808352
-0.000000000000
-0.525731112119
-0.525731112119
-0.850650808352
0.000000000000
0.850650808352
-0.000000000000
-0.525731112119
0.525731112119
-0.850650808352
0.000000000000
0.000000000000
-0.525731112119
-0.850650808352
0.374623170324
0.313797403459
-0.872461271254
0.112883640281
0.322579164801
-0.939787191971
0.222750153037
0.081358941649
-0.971474699586
-0.421555679757
0.805862993933
-0.415783169300
-0.604179545306
0.765748585574
-0.220445414389
-0.649423169438
0.620391699020
-0.439731380259
-0.374623170324
0.313797403459
0.872461271254
-0.112883640281
0.322579164801
0.939787191971
-0.222750153037
0.081358941649
0.971474699586
0.796178850081
0.574333141700
0.190369853257
0.717063185587
0.695982659107
-0.037795847641
0.872173322475
0.482724533444
-0.079314061646
-0.123427550203
0.990116311000
-0.066598277321
-0.360375012441
0.916428073496
-0.174038606397
-0.160673003296
0.922455913703
-0.351083000566
-0.298128129554
0.729580572760
0.615493140677
-0.243804532865
0.543024579190
0.803544433215
-0.488750166142
0.521090321909
0.699705760666
0.615493140677
-0.298128129554
0.729580572760
0.803544433215
-0.243804532865
0.543024579190
0.699705760666
-0.488750166142
0.521090321909
-0.990116311000
-0.066598277321
0.123427550203
-0.916428073496
-0.174038606397
0.360375012441
-0.922455913703
-0.351083000566
0.160673003296
0.729580572760
0.615493140677
-0.298128129554
0.543024579190
0.803544433215
-0.243804532865
0.521090321909
0.699705760666
-0.488750166142
0.190369853257
0.796178850081
0.574333141700
-0.037795847641
0.717063185587
0.695982659107
-0.079314061646
0.872173322475
0.482724533444
-0.415783169300
-0.421555679757
0.805862993933
-0.220445414389
-0.604179545306
0.765748585574
-0.439731380259
-0.649423169438
0.620391699020
0.872461271254
-0.374623170324
0.313797403459
0.939787191971
-0.112883640281
0.322579164801
0.971474699586
-0.222750153037
0.081358941649
0.415783169300
0.421555679757
0.805862993933
0.220445414389
0.604179545306
0.765748585574
0.439731380259
0.649423169438
0.620391699020
-0.066598277321
-0.123427550203
0.990116311000
-0.174038606397
-0.360375012441
0.916428073496
-0.351083000566
-0.160673003296
0.922455913703
0.066598277321
0.123427550203
0.990116311000
0.174038606397
0.360375012441
0.916428073496
0.351083000566
0.160673003296
0.922455913703
-0.313797403459
0.872461271254
0.374623170324
-0.322579164801
0.939787191971
0.112883640281
-0.081358941649
0.971474699586
0.222750153037
-0.574333141700
0.190369853257
-0.796178850081
-0.695982659107
-0.037795847641
-0.717063185587
-0.482724533444
-0.079314061646
-0.872173322475
-0.805862993933
-0.415783169300
0.421555679757
-0.765748585574
-0.220445414389
0.604179545306
-0.620391699020
-0.439731380259
0.649423169438
-0.729580572760
0.615493140677
0.298128129554
-0.543024579190
0.803544433215
0.243804532865
-0.521090321909
0.699705760666
0.488750166142
-0.805862993933
0.415783169300
-0.421555679757
-0.765748585574
0.220445414389
-0.604179545306
-0.620391699020
0.439731380259
-0.649423169438
-0.313797403459
-0.872461271254
-0.374623170324
-0.322579164801
-0.939787191971
-0.112883640281
-0.081358941649
-0.971474699586
-0.222750153037
0.574333141700
0.190369853257
0.796178850081
0.695982659107
-0.037795847641
0.717063185587
0.482724533444
-0.079314061646
0.872173322475
0.805862993933
-0.415783169300
-0.421555679757
0.765748585574
-0.220445414389
-0.604179545306
0.620391699020
-0.439731380259
-0.649423169438
0.313797403459
0.872461271254
-0.374623170324
0.322579164801
0.939787191971
-0.112883640281
0.081358941649
0.971474699586
-0.222750153037
0.805862993933
0.415783169300
0.421555679757
0.765748585574
0.220445414389
0.604179545306
0.620391699020
0.439731380259
0.649423169438
0.990116311000
-0.066598277321
-0.123427550203
0.916428073496
-0.174038606397
-0.360375012441
0.922455913703
-0.351083000566
-0.160673003296
-0.066598277321
0.123427550203
-0.990116311000
-0.174038606397
0.360375012441
-0.916428073496
-0.351083000566
0.160673003296
-0.922455913703
0.313797403459
-0.872461271254
0.374623170324
0.322579164801
-0.939787191971
0.112883640281
0.081358941649
-0.971474699586
0.222750153037
-0.872461271254
0.374623170324
0.313797403459
-0.939787191971
0.112883640281
0.322579164801
-0.971474699586
0.222750153037
0.081358941649
-0.190369853257
-0.796178850081
0.574333141700
0.037795847641
-0.717063185587
0.695982659107
0.079314061646
-0.872173322475
0.482724533444
-0.615493140677
0.298128129554
0.729580572760
-0.803544433215
0.243804532865
0.543024579190
-0.699705760666
0.488750166142
0.521090321909
-0.729580572760
-0.615493140677
-0.298128129554
-0.543024579190
-0.803544433215
-0.243804532865
-0.521090321909
-0.699705760666
-0.488750166142
0.298128129554
-0.729580572760
0.615493140677
0.243804532865
-0.543024579190
0.803544433215
0.488750166142
-0.521090321909
0.699705760666
-0.574333141700
-0.190369853257
0.796178850081
-0.695982659107
0.037795847641
0.717063185587
-0.482724533444
0.079314061646
0.872173322475
0.123427550203
-0.990116311000
-0.066598277321
0.360375012441
-0.916428073496
-0.174038606397
0.160673003296
-0.922455913703
-0.351083000566
0.990116311000
0.066598277321
0.123427550203
0.916428073496
0.174038606397
0.360375012441
0.922455913703
0.351083000566
0.160673003296
0.374623170324
-0.313797403459
0.872461271254
0.112883640281
-0.322579164801
0.939787191971
0.222750153037
-0.081358941649
0.971474699586
0.574333141700
-0.190369853257
-0.796178850081
0.695982659107
0.037795847641
-0.717063185587
0.482724533444
0.079314061646
-0.872173322475
-0.796178850081
-0.574333141700
0.190369853257
-0.717063185587
-0.695982659107
-0.037795847641
-0.872173322475
-0.482724533444
-0.079314061646
0.729580572760
-0.615493140677
0.298128129554
0.543024579190
-0.803544433215
0.243804532865
0.521090321909
-0.699705760666
0.488750166142
-0.298128129554
-0.729580572760
-0.615493140677
-0.243804532865
-0.543024579190
-0.803544433215
-0.488750166142
-0.521090321909
-0.699705760666
0.298128129554
0.729580572760
-0.615493140677
0.243804532865
0.543024579190
-0.803544433215
0.488750166142
0.521090321909
-0.699705760666
-0.615493140677
-0.298128129554
-0.729580572760
-0.803544433215
-0.243804532865
-0.543024579190
-0.699705760666
-0.488750166142
-0.521090321909
-0.796178850081
0.574333141700
-0.190369853257
-0.717063185587
0.695982659107
0.037795847641
-0.872173322475
0.482724533444
0.079314061646
-0.190369853257
0.796178850081
-0.574333141700
0.037795847641
0.717063185587
-0.695982659107
0.079314061646
0.872173322475
-0.482724533444
0.415783169300
-0.421555679757
-0.805862993933
0.220445414389
-0.604179545306
-0.765748585574
0.439731380259
-0.649423169438
-0.620391699020
-0.872461271254
-0.374623170324
-0.313797403459
-0.939787191971
-0.112883640281
-0.322579164801
-0.971474699586
-0.222750153037
-0.081358941649
-0.415783169300
0.421555679757
-0.805862993933
-0.220445414389
0.604179545306
-0.765748585574
-0.439731380259
0.649423169438
-0.620391699020
0.872461271254
0.374623170324
-0.313797403459
0.939787191971
0.112883640281
-0.322579164801
0.971474699586
0.222750153037
-0.081358941649
0.190369853257
-0.796178850081
-0.574333141700
-0.037795847641
-0.717063185587
-0.695982659107
-0.079314061646
-0.872173322475
-0.482724533444
0.615493140677
0.298128129554
-0.729580572760
0.803544433215
0.243804532865
-0.543024579190
0.699705760666
0.488750166142
-0.521090321909
-0.990116311000
0.066598277321
-0.123427550203
-0.916428073496
0.174038606397
-0.360375012441
-0.922455913703
0.351083000566
-0.160673003296
0.066598277321
-0.123427550203
-0.990116311000
0.174038606397
-0.360375012441
-0.916428073496
0.351083000566
-0.160673003296
-0.922455913703
0.421555679757
-0.805862993933
-0.415783169300
0.604179545306
-0.765748585574
-0.220445414389
0.649423169438
-0.620391699020
-0.439731380259
-0.421555679757
-0.805862993933
0.415783169300
-0.604179545306
-0.765748585574
0.220445414389
-0.649423169438
-0.620391699020
0.439731380259
-0.123427550203
-0.990116311000
0.066598277321
-0.360375012441
-0.916428073496
0.174038606397
-0.160673003296
-0.922455913703
0.351083000566
0.123427550203
0.990116311000
0.066598277321
0.360375012441
0.916428073496
0.174038606397
0.160673003296
0.922455913703
0.351083000566
-0.374623170324
-0.313797403459
-0.872461271254
-0.112883640281
-0.322579164801
-0.939787191971
-0.222750153037
-0.081358941649
-0.971474699586
0.796178850081
-0.574333141700
-0.190369853257
0.717063185587
-0.695982659107
0.037795847641
0.872173322475
-0.482724533444
0.079314061646
