0.477263130248
0.853692618664
0.208395818922
0.524376898073
0.839837554377
0.140362926111
0.564419350121
0.823369786609
0.059101537275
0.339980002958
0.814309469890
0.470439884402
0.399914872833
0.820235503372
0.409000994492
0.456875413191
0.819824235048
0.345185573930
0.509858661331
0.813754670788
0.279011614878
0.558585244231
0.803065177053
0.207530350388
0.601731680334
0.788580561522
0.126726804078
0.701292807702
0.692064606119
0.170982393313
0.726981366985
0.644596691243
0.236628818396
0.747203093953
0.592225667089
0.301589614588
0.761655528564
0.535555235110
0.364775884556
0.425709888339
0.769877584185
0.475457249749
0.483800753020
0.771942146588
0.412361678261
0.538658270147
0.768571004737
0.345175142036
0.589457435068
0.760455240961
0.272484419257
0.634168846067
0.748887198512
0.192348222200
0.662409964483
0.703512552660
0.257455097450
0.685354813002
0.653115157504
0.322070444676
0.702349214349
0.598273448646
0.385712926603
0.447324323934
0.713104233146
0.539799316308
0.506313562859
0.718311764300
0.477152790345
0.562588146888
0.718258033972
0.409389757585
0.615415157750
0.712677027099
0.336683291324
0.635576819070
0.660254884977
0.400131970636
0.650061815511
0.603069507051
0.462305965437
0.522930867039
0.659023410641
0.540584362080
0.580977719743
0.662578021642
0.472710539759
0.593850590289
0.601399650797
0.534471642311
0.525731112119
0.850650808352
0.000000000000
0.000000000000
0.525731112119
-0.850650808352
-0.525731112119
0.850650808352
0.000000000000
0.000000000000
0.525731112119
0.850650808352
0.850650808352
-0.000000000000
0.525731112119
-0.850650808352
-0.000000000000
0.525731112119
-0.000000000000
-0.525731112119
0.850650808352
-0.850650808352
-0.000000000000
-0.525731112119
-0.525731112119
-0.850650808352
0.000000000000
0.850650808352
-0.000000000000
-0.525731112119
0.525731112119
-0.850650808352
0.000000000000
0.000000000000
-0.525731112119
-0.850650808352
0.193769721081
0.438971508976
-0.877358142095
0.110891620384
0.447220017987
-0.887523128735
0.020039729706
0.462154210242
-0.886573118918
0.462239324710
0.318510658959
-0.827578254198
0.384398028776
0.335503472363
-0.860043938125
0.304162909958
0.349476684601
-0.886200299665
0.222259829924
0.361280559400
-0.905580987765
0.136763745497
0.373315867359
-0.917567949035
0.045343092920
0.388666358389
-0.920262172308
0.001540982574
0.257689435286
-0.966226567796
0.027137384061
0.178525671544
-0.983560952349
0.053397372187
0.097427367605
-0.993809151037
0.079777794538
0.015520842167
-0.996691831489
0.409703308078
0.253563834150
-0.876269696704
0.330250471002
0.268830821559
-0.904800870790
0.247424922718
0.282744873562
-0.926734182003
0.160709401266
0.296826638874
-0.941311019164
0.069947428774
0.313719408628
-0.946935842525
0.094477901412
0.235730125864
-0.967215195241
0.119706739580
0.155559754972
-0.980546510438
0.145750368312
0.074119080717
-0.986541023988
0.433405985281
0.168782967129
-0.885252258924
0.354838477301
0.186090534000
-0.916220480115
0.271863136609
0.202538778815
-0.940780781069
0.184904238402
0.218052438421
-0.958260693507
0.209955134780
0.137687398924
-0.967967469266
0.235341201352
0.055860348888
-0.970306209590
0.379525935876
0.101274433061
-0.919621418414
0.296689869001
0.120149620974
-0.947385449652
0.321314059004
0.035796792232
-0.946295865547
-0.477263130248
0.853692618664
-0.208395818922
-0.524376898073
0.839837554377
-0.140362926111
-0.564419350121
0.823369786609
-0.059101537275
-0.339980002958
0.814309469890
-0.470439884402
-0.399914872833
0.820235503372
-0.409000994492
-0.456875413191
0.819824235048
-0.345185573930
-0.509858661331
0.813754670788
-0.279011614878
-0.558585244231
0.803065177053
-0.207530350388
-0.601731680334
0.788580561522
-0.126726804078
-0.701292807702
0.692064606119
-0.170982393313
-0.726981366985
0.644596691243
-0.236628818396
-0.747203093953
0.592225667089
-0.301589614588
-0.761655528564
0.535555235110
-0.364775884556
-0.425709888339
0.769877584185
-0.475457249749
-0.483800753020
0.771942146588
-0.412361678261
-0.538658270147
0.768571004737
-0.345175142036
-0.589457435068
0.760455240961
-0.272484419257
-0.634168846067
0.748887198512
-0.192348222200
-0.662409964483
0.703512552660
-0.257455097450
-0.685354813002
0.653115157504
-0.322070444676
-0.702349214349
0.598273448646
-0.385712926603
-0.447324323934
0.713104233146
-0.539799316308
-0.506313562859
0.718311764300
-0.477152790345
-0.562588146888
0.718258033972
-0.409389757585
-0.615415157750
0.712677027099
-0.336683291324
-0.635576819070
0.660254884977
-0.400131970636
-0.650061815511
0.603069507051
-0.462305965437
-0.522930867039
0.659023410641
-0.540584362080
-0.580977719743
0.662578021642
-0.472710539759
-0.593850590289
0.601399650797
-0.534471642311
-0.193769721081
0.438971508976
0.877358142095
-0.110891620384
0.447220017987
0.887523128735
-0.020039729706
0.462154210242
0.886573118918
-0.462239324710
0.318510658959
0.827578254198
-0.384398028776
0.335503472363
0.860043938125
-0.304162909958
0.349476684601
0.886200299665
-0.222259829924
0.361280559400
0.905580987765
-0.136763745497
0.373315867359
0.917567949035
-0.045343092920
0.388666358389
0.920262172308
-0.001540982574
0.257689435286
0.966226567796
-0.027137384061
0.178525671544
0.983560952349
-0.053397372187
0.097427367605
0.993809151037
-0.079777794538
0.015520842167
0.996691831489
-0.409703308078
0.253563834150
0.876269696704
-0.330250471002
0.268830821559
0.904800870790
-0.247424922718
0.282744873562
0.926734182003
-0.160709401266
0.296826638874
0.941311019164
-0.069947428774
0.313719408628
0.946935842525
-0.094477901412
0.235730125864
0.967215195241
-0.119706739580
0.155559754972
0.980546510438
-0.145750368312
0.074119080717
0.986541023988
-0.433405985281
0.168782967129
0.885252258924
-0.354838477301
0.186090534000
0.916220480115
-0.271863136609
0.202538778815
0.940780781069
-0.184904238402
0.218052438421
0.958260693507
-0.209955134780
0.137687398924
0.967967469266
-0.235341201352
0.055860348888
0.970306209590
-0.379525935876
0.101274433061
0.919621418414
-0.296689869001
0.120149620974
0.947385449652
-0.321314059004
0.035796792232
0.946295865547
0.671032851328
0.733936345046
0.105130175777
0.635268518457
0.771302763911
0.039063484738
0.584459079827
0.810984552525
-0.026676573486
0.802219327669
0.528629856282
0.277479053916
0.784312901608
0.582664456380
0.212968081275
0.761038323148
0.631841218577
0.146960352498
0.732118491255
0.676390541561
0.080612344273
0.695348989728
0.718540533907
0.013758038255
0.647074773253
0.760556988943
-0.053360138579
0.702833790276
0.691112226512
-0.168489031132
0.754118751045
0.627824865528
-0.192719608620
0.800600466141
0.559224276168
-0.215190851479
0.841433323102
0.486249846538
-0.235692701447
0.835413196417
0.516667014490
0.187456628024
0.814051224022
0.567836130708
0.121994808621
0.786083192864
0.615653992834
0.055166792584
0.750166836334
0.661131368667
-0.012451145697
0.704116274841
0.705657310103
-0.079170905018
0.756887865895
0.645121998401
-0.104586641780
0.805061552582
0.579132323761
-0.128380871353
0.848099582661
0.508194767156
-0.149883876801
0.880730309215
0.445244603314
0.161466298805
0.861152040160
0.499009524812
0.096987926444
0.834451283497
0.550237375259
0.030494037737
0.800319396153
0.598399923102
-0.037501948925
0.845531953849
0.530495475570
-0.060417426450
0.885403016864
0.457620645662
-0.081515902696
0.902456802915
0.424463482657
0.073501501779
0.877667588744
0.479213598482
0.007343752402
0.915164649293
0.402816641269
-0.014574573779
-0.333841333199
0.942332163968
-0.023665523430
-0.408156533249
0.911665690023
-0.047685574359
-0.488830783728
0.870086089801
-0.063203332309
-0.041031605043
0.999069740684
-0.013268784308
-0.122535391087
0.991665450872
-0.039808434753
-0.202516332103
0.977026792508
-0.066376064617
-0.280668215127
0.955402156439
-0.091826316978
-0.359557829104
0.926070884295
-0.114502771982
-0.442026496969
0.887283793021
-0.131681610786
-0.426178466418
0.862094619825
-0.274161961677
-0.371245280163
0.864453683924
-0.338964261106
-0.312618219084
0.860813890755
-0.401583483948
-0.251213543613
0.851025731095
-0.461136596379
-0.066107206125
0.992124264239
-0.106392112518
-0.146836012938
0.980197808969
-0.132858724202
-0.227578080978
0.960829134870
-0.158163177266
-0.309277784571
0.933615787924
-0.180855778203
-0.392890313646
0.898005532304
-0.198048644013
-0.340316767644
0.902577095852
-0.263702642581
-0.283940626325
0.901202768437
-0.327431352934
-0.224002957518
0.893907693759
-0.388267575342
-0.007316668324
0.985043919623
-0.172148025778
-0.089102607555
0.976162315156
-0.197908715815
-0.172044741078
0.959627132845
-0.222522747097
-0.255554387346
0.935083214426
-0.245583666408
-0.198104825374
0.930627446207
-0.307712584289
-0.137376251584
0.919926611100
-0.367236702538
-0.027772931282
0.965047844738
-0.260598007773
-0.112805868573
0.951924138241
-0.284807428010
-0.050371366011
0.937288283580
-0.344896214750
-0.143421797049
0.647367327898
0.748562442887
-0.116220364824
0.587582944098
0.800774069638
-0.075588566393
0.521255747518
0.850046360095
-0.298948397916
0.788950543361
0.536830415974
-0.277379481745
0.744504466855
0.607267422096
-0.254359081088
0.694662258532
0.672863882550
-0.229190446205
0.640292174278
0.733142326515
-0.199027415127
0.580846217746
0.789307138798
-0.159705183365
0.515393162468
0.841940700102
-0.275114341284
0.428671828599
0.860553637251
-0.355736086821
0.415154489939
0.837316299863
-0.434584874870
0.399016982193
0.807416518568
-0.510441984951
0.380296726723
0.771247936557
-0.359602682214
0.729021083899
0.582420956161
-0.336964740082
0.681192499820
0.649947337967
-0.311080189169
0.627920015598
0.713404212153
-0.280179650497
0.569311058131
0.772906386658
-0.241278532421
0.506067630828
0.828058103529
-0.322093196839
0.493185223315
0.808099194440
-0.401414186677
0.477630199648
0.781496028856
-0.478346256831
0.459832007320
0.748157325447
-0.440007655610
0.708582283437
0.551637934341
-0.417210955303
0.663243324344
0.621323837855
-0.390543405810
0.611928536400
0.687763996235
-0.359860770404
0.554735729745
0.750178976024
-0.437471993696
0.537819369560
0.720672311427
-0.512685563927
0.518166314325
0.684585409748
-0.495157935757
0.641858795141
0.585521908862
-0.468171851170
0.592860160734
0.655234269240
-0.543479224278
0.570268434543
0.615974224576
0.748562442887
-0.143421797049
0.647367327898
0.800774069638
-0.116220364824
0.587582944098
0.850046360095
-0.075588566393
0.521255747518
0.536830415974
-0.298948397916
0.788950543361
0.607267422096
-0.277379481745
0.744504466855
0.672863882550
-0.254359081088
0.694662258532
0.733142326515
-0.229190446205
0.640292174278
0.789307138798
-0.199027415127
0.580846217746
0.841940700102
-0.159705183365
0.515393162468
0.860553637251
-0.275114341284
0.428671828599
0.837316299863
-0.355736086821
0.415154489939
0.807416518568
-0.434584874870
0.399016982193
0.771247936557
-0.510441984951
0.380296726723
0.582420956161
-0.359602682214
0.729021083899
0.649947337967
-0.336964740082
0.681192499820
0.713404212153
-0.311080189169
0.627920015598
0.772906386658
-0.280179650497
0.569311058131
0.828058103529
-0.241278532421
0.506067630828
0.808099194440
-0.322093196839
0.493185223315
0.781496028856
-0.401414186677
0.477630199648
0.748157325447
-0.478346256831
0.459832007320
0.551637934341
-0.440007655610
0.708582283437
0.621323837855
-0.417210955303
0.663243324344
0.687763996235
-0.390543405810
0.611928536400
0.750178976024
-0.359860770404
0.554735729745
0.720672311427
-0.437471993696
0.537819369560
0.684585409748
-0.512685563927
0.518166314325
0.585521908862
-0.495157935757
0.641858795141
0.655234269240
-0.468171851170
0.592860160734
0.615974224576
-0.543479224278
0.570268434543
-0.942332163968
-0.023665523430
0.333841333199
-0.911665690023
-0.047685574359
0.408156533249
-0.870086089801
-0.063203332309
0.488830783728
-0.999069740684
-0.013268784308
0.041031605043
-0.991665450872
-0.039808434753
0.122535391087
-0.977026792508
-0.066376064617
0.202516332103
-0.955402156439
-0.091826316978
0.280668215127
-0.926070884295
-0.114502771982
0.359557829104
-0.887283793021
-0.131681610786
0.442026496969
-0.862094619825
-0.274161961677
0.426178466418
-0.864453683924
-0.338964261106
0.371245280163
-0.860813890755
-0.401583483948
0.312618219084
-0.851025731095
-0.461136596379
0.251213543613
-0.992124264239
-0.106392112518
0.066107206125
-0.980197808969
-0.132858724202
0.146836012938
-0.960829134870
-0.158163177266
0.227578080978
-0.933615787924
-0.180855778203
0.309277784571
-0.898005532304
-0.198048644013
0.392890313646
-0.902577095852
-0.263702642581
0.340316767644
-0.901202768437
-0.327431352934
0.283940626325
-0.893907693759
-0.388267575342
0.224002957518
-0.985043919623
-0.172148025778
0.007316668324
-0.976162315156
-0.197908715815
0.089102607555
-0.959627132845
-0.222522747097
0.172044741078
-0.935083214426
-0.245583666408
0.255554387346
-0.930627446207
-0.307712584289
0.198104825374
-0.919926611100
-0.367236702538
0.137376251584
-0.965047844738
-0.260598007773
0.027772931282
-0.951924138241
-0.284807428010
0.112805868573
-0.937288283580
-0.344896214750
0.050371366011
0.647367327898
0.748562442887
-0.143421797049
0.587582944098
0.800774069638
-0.116220364824
0.521255747518
0.850046360095
-0.075588566393
0.788950543361
0.536830415974
-0.298948397916
0.744504466855
0.607267422096
-0.277379481745
0.694662258532
0.672863882550
-0.254359081088
0.640292174278
0.733142326515
-0.229190446205
0.580846217746
0.789307138798
-0.199027415127
0.515393162468
0.841940700102
-0.159705183365
0.428671828599
0.860553637251
-0.275114341284
0.415154489939
0.837316299863
-0.355736086821
0.399016982193
0.807416518568
-0.434584874870
0.380296726723
0.771247936557
-0.510441984951
0.729021083899
0.582420956161
-0.359602682214
0.681192499820
0.649947337967
-0.336964740082
0.627920015598
0.713404212153
-0.311080189169
0.569311058131
0.772906386658
-0.280179650497
0.506067630828
0.828058103529
-0.241278532421
0.493185223315
0.808099194440
-0.322093196839
0.477630199648
0.781496028856
-0.401414186677
0.459832007320
0.748157325447
-0.478346256831
0.708582283437
0.551637934341
-0.440007655610
0.663243324344
0.621323837855
-0.417210955303
0.611928536400
0.687763996235
-0.390543405810
0.554735729745
0.750178976024
-0.359860770404
0.537819369560
0.720672311427
-0.437471993696
0.518166314325
0.684585409748
-0.512685563927
0.641858795141
0.585521908862
-0.495157935757
0.592860160734
0.655234269240
-0.468171851170
0.570268434543
0.615974224576
-0.543479224278
0.105130175777
0.671032851328
0.733936345046
0.039063484738
0.635268518457
0.771302763911
-0.026676573486
0.584459079827
0.810984552525
0.277479053916
0.802219327669
0.528629856282
0.212968081275
0.784312901608
0.582664456380
0.146960352498
0.761038323148
0.631841218577
0.080612344273
0.732118491255
0.676390541561
0.013758038255
0.695348989728
0.718540533907
-0.053360138579
0.647074773253
0.760556988943
-0.168489031132
0.702833790276
0.691112226512
-0.192719608620
0.754118751045
0.627824865528
-0.215190851479
0.800600466141
0.559224276168
-0.235692701447
0.841433323102
0.486249846538
0.187456628024
0.835413196417
0.516667014490
0.121994808621
0.814051224022
0.567836130708
0.055166792584
0.786083192864
0.615653992834
-0.012451145697
0.750166836334
0.661131368667
-0.079170905018
0.704116274841
0.705657310103
-0.104586641780
0.756887865895
0.645121998401
-0.128380871353
0.805061552582
0.579132323761
-0.149883876801
0.848099582661
0.508194767156
0.161466298805
0.880730309215
0.445244603314
0.096987926444
0.861152040160
0.499009524812
0.030494037737
0.834451283497
0.550237375259
-0.037501948925
0.800319396153
0.598399923102
-0.060417426450
0.845531953849
0.530495475570
-0.081515902696
0.885403016864
0.457620645662
0.073501501779
0.902456802915
0.424463482657
0.007343752402
0.877667588744
0.479213598482
-0.014574573779
0.915164649293
0.402816641269
-0.208395818922
-0.477263130248
0.853692618664
-0.140362926111
-0.524376898073
0.839837554377
-0.059101537275
-0.564419350121
0.823369786609
-0.470439884402
-0.339980002958
0.814309469890
-0.409000994492
-0.399914872833
0.820235503372
-0.345185573930
-0.456875413191
0.819824235048
-0.279011614878
-0.509858661331
0.813754670788
-0.207530350388
-0.558585244231
0.803065177053
-0.126726804078
-0.601731680334
0.788580561522
-0.170982393313
-0.701292807702
0.692064606119
-0.236628818396
-0.726981366985
0.644596691243
-0.301589614588
-0.747203093953
0.592225667089
-0.364775884556
-0.761655528564
0.535555235110
-0.475457249749
-0.425709888339
0.769877584185
-0.412361678261
-0.483800753020
0.771942146588
-0.345175142036
-0.538658270147
0.768571004737
-0.272484419257
-0.589457435068
0.760455240961
-0.192348222200
-0.634168846067
0.748887198512
-0.257455097450
-0.662409964483
0.703512552660
-0.322070444676
-0.685354813002
0.653115157504
-0.385712926603
-0.702349214349
0.598273448646
-0.539799316308
-0.447324323934
0.713104233146
-0.477152790345
-0.506313562859
0.718311764300
-0.409389757585
-0.562588146888
0.718258033972
-0.336683291324
-0.615415157750
0.712677027099
-0.400131970636
-0.635576819070
0.660254884977
-0.462305965437
-0.650061815511
0.603069507051
-0.540584362080
-0.522930867039
0.659023410641
-0.472710539759
-0.580977719743
0.662578021642
-0.534471642311
-0.593850590289
0.601399650797
0.877358142095
-0.193769721081
0.438971508976
0.887523128735
-0.110891620384
0.447220017987
0.886573118918
-0.020039729706
0.462154210242
0.827578254198
-0.462239324710
0.318510658959
0.860043938125
-0.384398028776
0.335503472363
0.886200299665
-0.304162909958
0.349476684601
0.905580987765
-0.222259829924
0.361280559400
0.917567949035
-0.136763745497
0.373315867359
0.920262172308
-0.045343092920
0.388666358389
0.966226567796
-0.001540982574
0.257689435286
0.983560952349
-0.027137384061
0.178525671544
0.993809151037
-0.053397372187
0.097427367605
0.996691831489
-0.079777794538
0.015520842167
0.876269696704
-0.409703308078
0.253563834150
0.904800870790
-0.330250471002
0.268830821559
0.926734182003
-0.247424922718
0.282744873562
0.941311019164
-0.160709401266
0.296826638874
0.946935842525
-0.069947428774
0.313719408628
0.967215195241
-0.094477901412
0.235730125864
0.980546510438
-0.119706739580
0.155559754972
0.986541023988
-0.145750368312
0.074119080717
0.885252258924
-0.433405985281
0.168782967129
0.916220480115
-0.354838477301
0.186090534000
0.940780781069
-0.271863136609
0.202538778815
0.958260693507
-0.184904238402
0.218052438421
0.967967469266
-0.209955134780
0.137687398924
0.970306209590
-0.235341201352
0.055860348888
0.919621418414
-0.379525935876
0.101274433061
0.947385449652
-0.296689869001
0.120149620974
0.946295865547
-0.321314059004
0.035796792232
0.208395818922
0.477263130248
0.853692618664
0.140362926111
0.524376898073
0.839837554377
0.059101537275
0.564419350121
0.823369786609
0.470439884402
0.339980002958
0.814309469890
0.409000994492
0.399914872833
0.820235503372
0.345185573930
0.456875413191
0.819824235048
0.279011614878
0.509858661331
0.813754670788
0.207530350388
0.558585244231
0.803065177053
0.126726804078
0.601731680334
0.788580561522
0.170982393313
0.701292807702
0.692064606119
0.236628818396
0.726981366985
0.644596691243
0.301589614588
0.747203093953
0.592225667089
0.364775884556
0.761655528564
0.535555235110
0.475457249749
0.425709888339
0.769877584185
0.412361678261
0.483800753020
0.771942146588
0.345175142036
0.538658270147
0.768571004737
0.272484419257
0.589457435068
0.760455240961
0.192348222200
0.634168846067
0.748887198512
0.257455097450
0.662409964483
0.703512552660
0.322070444676
0.685354813002
0.653115157504
0.385712926603
0.702349214349
0.598273448646
0.539799316308
0.447324323934
0.713104233146
0.477152790345
0.506313562859
0.718311764300
0.409389757585
0.562588146888
0.718258033972
0.336683291324
0.615415157750
0.712677027099
0.400131970636
0.635576819070
0.660254884977
0.462305965437
0.650061815511
0.603069507051
0.540584362080
0.522930867039
0.659023410641
0.472710539759
0.580977719743
0.662578021642
0.534471642311
0.593850590289
0.601399650797
-0.023665523430
-0.333841333199
0.942332163968
-0.047685574359
-0.408156533249
0.911665690023
-0.063203332309
-0.488830783728
0.870086089801
-0.013268784308
-0.041031605043
0.999069740684
-0.039808434753
-0.122535391087
0.991665450872
-0.066376064617
-0.202516332103
0.977026792508
-0.091826316978
-0.280668215127
0.955402156439
-0.114502771982
-0.359557829104
0.926070884295
-0.131681610786
-0.442026496969
0.887283793021
-0.274161961677
-0.426178466418
0.862094619825
-0.338964261106
-0.371245280163
0.864453683924
-0.401583483948
-0.312618219084
0.860813890755
-0.461136596379
-0.251213543613
0.851025731095
-0.106392112518
-0.066107206125
0.992124264239
-0.132858724202
-0.146836012938
0.980197808969
-0.158163177266
-0.227578080978
0.960829134870
-0.180855778203
-0.309277784571
0.933615787924
-0.198048644013
-0.392890313646
0.898005532304
-0.263702642581
-0.340316767644
0.902577095852
-0.327431352934
-0.283940626325
0.901202768437
-0.388267575342
-0.224002957518
0.893907693759
-0.172148025778
-0.007316668324
0.985043919623
-0.197908715815
-0.089102607555
0.976162315156
-0.222522747097
-0.172044741078
0.959627132845
-0.245583666408
-0.255554387346
0.935083214426
-0.307712584289
-0.198104825374
0.930627446207
-0.367236702538
-0.137376251584
0.919926611100
-0.260598007773
-0.027772931282
0.965047844738
-0.284807428010
-0.112805868573
0.951924138241
-0.344896214750
-0.050371366011
0.937288283580
0.023665523430
0.333841333199
0.942332163968
0.047685574359
0.408156533249
0.911665690023
0.063203332309
0.488830783728
0.870086089801
0.013268784308
0.041031605043
0.999069740684
0.039808434753
0.122535391087
0.991665450872
0.066376064617
0.202516332103
0.977026792508
0.091826316978
0.280668215127
0.955402156439
0.114502771982
0.359557829104
0.926070884295
0.131681610786
0.442026496969
0.887283793021
0.274161961677
0.426178466418
0.862094619825
0.338964261106
0.371245280163
0.864453683924
0.401583483948
0.312618219084
0.860813890755
0.461136596379
0.251213543613
0.851025731095
0.106392112518
0.066107206125
0.992124264239
0.132858724202
0.146836012938
0.980197808969
0.158163177266
0.227578080978
0.960829134870
0.180855778203
0.309277784571
0.933615787924
0.198048644013
0.392890313646
0.898005532304
0.263702642581
0.340316767644
0.902577095852
0.327431352934
0.283940626325
0.901202768437
0.388267575342
0.224002957518
0.893907693759
0.172148025778
0.007316668324
0.985043919623
0.197908715815
0.089102607555
0.976162315156
0.222522747097
0.172044741078
0.959627132845
0.245583666408
0.255554387346
0.935083214426
0.307712584289
0.198104825374
0.930627446207
0.367236702538
0.137376251584
0.919926611100
0.260598007773
0.027772931282
0.965047844738
0.284807428010
0.112805868573
0.951924138241
0.344896214750
0.050371366011
0.937288283580
-0.438971508976
0.877358142095
0.193769721081
-0.447220017987
0.887523128735
0.110891620384
-0.462154210242
0.886573118918
0.020039729706
-0.318510658959
0.827578254198
0.462239324710
-0.335503472363
0.860043938125
0.384398028776
-0.349476684601
0.886200299665
0.304162909958
-0.361280559400
0.905580987765
0.222259829924
-0.373315867359
0.917567949035
0.136763745497
-0.388666358389
0.920262172308
0.045343092920
-0.257689435286
0.966226567796
0.001540982574
-0.178525671544
0.983560952349
0.027137384061
-0.097427367605
0.993809151037
0.053397372187
-0.015520842167
0.996691831489
0.079777794538
-0.253563834150
0.876269696704
0.409703308078
-0.268830821559
0.904800870790
0.330250471002
-0.282744873562
0.926734182003
0.247424922718
-0.296826638874
0.941311019164
0.160709401266
-0.313719408628
0.946935842525
0.069947428774
-0.235730125864
0.967215195241
0.094477901412
-0.155559754972
0.980546510438
0.119706739580
-0.074119080717
0.986541023988
0.145750368312
-0.168782967129
0.885252258924
0.433405985281
-0.186090534000
0.916220480115
0.354838477301
-0.202538778815
0.940780781069
0.271863136609
-0.218052438421
0.958260693507
0.184904238402
-0.137687398924
0.967967469266
0.209955134780
-0.055860348888
0.970306209590
0.235341201352
-0.101274433061
0.919621418414
0.379525935876
-0.120149620974
0.947385449652
0.296689869001
-0.035796792232
0.946295865547
0.321314059004
-0.733936345046
0.105130175777
-0.671032851328
-0.771302763911
0.039063484738
-0.635268518457
-0.810984552525
-0.026676573486
-0.584459079827
-0.528629856282
0.277479053916
-0.802219327669
-0.582664456380
0.212968081275
-0.784312901608
-0.631841218577
0.146960352498
-0.761038323148
-0.676390541561
0.080612344273
-0.732118491255
-0.718540533907
0.013758038255
-0.695348989728
-0.760556988943
-0.053360138579
-0.647074773253
-0.691112226512
-0.168489031132
-0.702833790276
-0.627824865528
-0.192719608620
-0.754118751045
-0.559224276168
-0.215190851479
-0.800600466141
-0.486249846538
-0.235692701447
-0.841433323102
-0.516667014490
0.187456628024
-0.835413196417
-0.567836130708
0.121994808621
-0.814051224022
-0.615653992834
0.055166792584
-0.786083192864
-0.661131368667
-0.012451145697
-0.750166836334
-0.705657310103
-0.079170905018
-0.704116274841
-0.645121998401
-0.104586641780
-0.756887865895
-0.579132323761
-0.128380871353
-0.805061552582
-0.508194767156
-0.149883876801
-0.848099582661
-0.445244603314
0.161466298805
-0.880730309215
-0.499009524812
0.096987926444
-0.861152040160
-0.550237375259
0.030494037737
-0.834451283497
-0.598399923102
-0.037501948925
-0.800319396153
-0.530495475570
-0.060417426450
-0.845531953849
-0.457620645662
-0.081515902696
-0.885403016864
-0.424463482657
0.073501501779
-0.902456802915
-0.479213598482
0.007343752402
-0.877667588744
-0.402816641269
-0.014574573779
-0.915164649293
-0.853692618664
-0.208395818922
0.477263130248
-0.839837554377
-0.140362926111
0.524376898073
-0.823369786609
-0.059101537275
0.564419350121
-0.814309469890
-0.470439884402
0.339980002958
-0.820235503372
-0.409000994492
0.399914872833
-0.819824235048
-0.345185573930
0.456875413191
-0.813754670788
-0.279011614878
0.509858661331
-0.803065177053
-0.207530350388
0.558585244231
-0.788580561522
-0.126726804078
0.601731680334
-0.692064606119
-0.170982393313
0.701292807702
-0.644596691243
-0.236628818396
0.726981366985
-0.592225667089
-0.301589614588
0.747203093953
-0.535555235110
-0.364775884556
0.761655528564
-0.769877584185
-0.475457249749
0.425709888339
-0.771942146588
-0.412361678261
0.483800753020
-0.768571004737
-0.345175142036
0.538658270147
-0.760455240961
-0.272484419257
0.589457435068
-0.748887198512
-0.192348222200
0.634168846067
-0.703512552660
-0.257455097450
0.662409964483
-0.653115157504
-0.322070444676
0.685354813002
-0.598273448646
-0.385712926603
0.702349214349
-0.713104233146
-0.539799316308
0.447324323934
-0.718311764300
-0.477152790345
0.506313562859
-0.718258033972
-0.409389757585
0.562588146888
-0.712677027099
-0.336683291324
0.615415157750
-0.660254884977
-0.400131970636
0.635576819070
-0.603069507051
-0.462305965437
0.650061815511
-0.659023410641
-0.540584362080
0.522930867039
-0.662578021642
-0.472710539759
0.580977719743
-0.601399650797
-0.534471642311
0.593850590289
-0.647367327898
0.748562442887
0.143421797049
-0.587582944098
0.800774069638
0.116220364824
-0.521255747518
0.850046360095
0.075588566393
-0.788950543361
0.536830415974
0.298948397916
-0.744504466855
0.607267422096
0.277379481745
-0.694662258532
0.672863882550
0.254359081088
-0.640292174278
0.733142326515
0.229190446205
-0.580846217746
0.789307138798
0.199027415127
-0.515393162468
0.841940700102
0.159705183365
-0.428671828599
0.860553637251
0.275114341284
-0.415154489939
0.837316299863
0.355736086821
-0.399016982193
0.807416518568
0.434584874870
-0.380296726723
0.771247936557
0.510441984951
-0.729021083899
0.582420956161
0.359602682214
-0.681192499820
0.649947337967
0.336964740082
-0.627920015598
0.713404212153
0.311080189169
-0.569311058131
0.772906386658
0.280179650497
-0.506067630828
0.828058103529
0.241278532421
-0.493185223315
0.808099194440
0.322093196839
-0.477630199648
0.781496028856
0.401414186677
-0.459832007320
0.748157325447
0.478346256831
-0.708582283437
0.551637934341
0.440007655610
-0.663243324344
0.621323837855
0.417210955303
-0.611928536400
0.687763996235
0.390543405810
-0.554735729745
0.750178976024
0.359860770404
-0.537819369560
0.720672311427
0.437471993696
-0.518166314325
0.684585409748
0.512685563927
-0.641858795141
0.585521908862
0.495157935757
-0.592860160734
0.655234269240
0.468171851170
-0.570268434543
0.615974224576
0.543479224278
-0.853692618664
0.208395818922
-0.477263130248
-0.839837554377
0.140362926111
-0.524376898073
-0.823369786609
0.059101537275
-0.564419350121
-0.814309469890
0.470439884402
-0.339980002958
-0.820235503372
0.409000994492
-0.399914872833
-0.819824235048
0.345185573930
-0.456875413191
-0.813754670788
0.279011614878
-0.509858661331
-0.803065177053
0.207530350388
-0.558585244231
-0.788580561522
0.126726804078
-0.601731680334
-0.692064606119
0.170982393313
-0.701292807702
-0.644596691243
0.236628818396
-0.726981366985
-0.592225667089
0.301589614588
-0.747203093953
-0.535555235110
0.364775884556
-0.761655528564
-0.769877584185
0.475457249749
-0.425709888339
-0.771942146588
0.412361678261
-0.483800753020
-0.768571004737
0.345175142036
-0.538658270147
-0.760455240961
0.272484419257
-0.589457435068
-0.748887198512
0.192348222200
-0.634168846067
-0.703512552660
0.257455097450
-0.662409964483
-0.653115157504
0.322070444676
-0.685354813002
-0.598273448646
0.385712926603
-0.702349214349
-0.713104233146
0.539799316308
-0.447324323934
-0.718311764300
0.477152790345
-0.506313562859
-0.718258033972
0.409389757585
-0.562588146888
-0.712677027099
0.336683291324
-0.615415157750
-0.660254884977
0.400131970636
-0.635576819070
-0.603069507051
0.462305965437
-0.650061815511
-0.659023410641
0.540584362080
-0.522930867039
-0.662578021642
0.472710539759
-0.580977719743
-0.601399650797
0.534471642311
-0.593850590289
-0.438971508976
-0.877358142095
-0.193769721081
-0.447220017987
-0.887523128735
-0.110891620384
-0.462154210242
-0.886573118918
-0.020039729706
-0.318510658959
-0.827578254198
-0.462239324710
-0.335503472363
-0.860043938125
-0.384398028776
-0.349476684601
-0.886200299665
-0.304162909958
-0.361280559400
-0.905580987765
-0.222259829924
-0.373315867359
-0.917567949035
-0.136763745497
-0.388666358389
-0.920262172308
-0.045343092920
-0.257689435286
-0.966226567796
-0.001540982574
-0.178525671544
-0.983560952349
-0.027137384061
-0.097427367605
-0.993809151037
-0.053397372187
-0.015520842167
-0.996691831489
-0.079777794538
-0.253563834150
-0.876269696704
-0.409703308078
-0.268830821559
-0.904800870790
-0.330250471002
-0.282744873562
-0.926734182003
-0.247424922718
-0.296826638874
-0.941311019164
-0.160709401266
-0.313719408628
-0.946935842525
-0.069947428774
-0.235730125864
-0.967215195241
-0.094477901412
-0.155559754972
-0.980546510438
-0.119706739580
-0.074119080717
-0.986541023988
-0.145750368312
-0.168782967129
-0.885252258924
-0.433405985281
-0.186090534000
-0.916220480115
-0.354838477301
-0.202538778815
-0.940780781069
-0.271863136609
-0.218052438421
-0.958260693507
-0.184904238402
-0.137687398924
-0.967967469266
-0.209955134780
-0.055860348888
-0.970306209590
-0.235341201352
-0.101274433061
-0.919621418414
-0.379525935876
-0.120149620974
-0.947385449652
-0.296689869001
-0.035796792232
-0.946295865547
-0.321314059004
0.733936345046
0.105130175777
0.671032851328
0.771302763911
0.039063484738
0.635268518457
0.810984552525
-0.026676573486
0.584459079827
0.528629856282
0.277479053916
0.802219327669
0.582664456380
0.212968081275
0.784312901608
0.631841218577
0.146960352498
0.761038323148
0.676390541561
0.080612344273
0.732118491255
0.718540533907
0.013758038255
0.695348989728
0.760556988943
-0.053360138579
0.647074773253
0.691112226512
-0.168489031132
0.702833790276
0.627824865528
-0.192719608620
0.754118751045
0.559224276168
-0.215190851479
0.800600466141
0.486249846538
-0.235692701447
0.841433323102
0.516667014490
0.187456628024
0.835413196417
0.567836130708
0.121994808621
0.814051224022
0.615653992834
0.055166792584
0.786083192864
0.661131368667
-0.012451145697
0.750166836334
0.705657310103
-0.079170905018
0.704116274841
0.645121998401
-0.104586641780
0.756887865895
0.579132323761
-0.128380871353
0.805061552582
0.508194767156
-0.149883876801
0.848099582661
0.445244603314
0.161466298805
0.880730309215
0.499009524812
0.096987926444
0.861152040160
0.550237375259
0.030494037737
0.834451283497
0.598399923102
-0.037501948925
0.800319396153
0.530495475570
-0.060417426450
0.845531953849
0.457620645662
-0.081515902696
0.885403016864
0.424463482657
0.073501501779
0.902456802915
0.479213598482
0.007343752402
0.877667588744
0.402816641269
-0.014574573779
0.915164649293
0.853692618664
-0.208395818922
-0.477263130248
0.839837554377
-0.140362926111
-0.524376898073
0.823369786609
-0.059101537275
-0.564419350121
0.814309469890
-0.470439884402
-0.339980002958
0.820235503372
-0.409000994492
-0.399914872833
0.819824235048
-0.345185573930
-0.456875413191
0.813754670788
-0.279011614878
-0.509858661331
0.803065177053
-0.207530350388
-0.558585244231
0.788580561522
-0.126726804078
-0.601731680334
0.692064606119
-0.170982393313
-0.701292807702
0.644596691243
-0.236628818396
-0.726981366985
0.592225667089
-0.301589614588
-0.747203093953
0.535555235110
-0.364775884556
-0.761655528564
0.769877584185
-0.475457249749
-0.425709888339
0.771942146588
-0.412361678261
-0.483800753020
0.768571004737
-0.345175142036
-0.538658270147
0.760455240961
-0.272484419257
-0.589457435068
0.748887198512
-0.192348222200
-0.634168846067
0.703512552660
-0.257455097450
-0.662409964483
0.653115157504
-0.322070444676
-0.685354813002
0.598273448646
-0.385712926603
-0.702349214349
0.713104233146
-0.539799316308
-0.447324323934
0.718311764300
-0.477152790345
-0.506313562859
0.718258033972
-0.409389757585
-0.562588146888
0.712677027099
-0.336683291324
-0.615415157750
0.660254884977
-0.400131970636
-0.635576819070
0.603069507051
-0.462305965437
-0.650061815511
0.659023410641
-0.540584362080
-0.522930867039
0.662578021642
-0.472710539759
-0.580977719743
0.601399650797
-0.534471642311
-0.593850590289
0.438971508976
0.877358142095
-0.193769721081
0.447220017987
0.887523128735
-0.110891620384
0.462154210242
0.886573118918
-0.020039729706
0.318510658959
0.827578254198
-0.462239324710
0.335503472363
0.860043938125
-0.384398028776
0.349476684601
0.886200299665
-0.304162909958
0.361280559400
0.905580987765
-0.222259829924
0.373315867359
0.917567949035
-0.136763745497
0.388666358389
0.920262172308
-0.045343092920
0.257689435286
0.966226567796
-0.001540982574
0.178525671544
0.983560952349
-0.027137384061
0.097427367605
0.993809151037
-0.053397372187
0.015520842167
0.996691831489
-0.079777794538
0.253563834150
0.876269696704
-0.409703308078
0.268830821559
0.904800870790
-0.330250471002
0.282744873562
0.926734182003
-0.247424922718
0.296826638874
0.941311019164
-0.160709401266
0.313719408628
0.946935842525
-0.069947428774
0.235730125864
0.967215195241
-0.094477901412
0.155559754972
0.980546510438
-0.119706739580
0.074119080717
0.986541023988
-0.145750368312
0.168782967129
0.885252258924
-0.433405985281
0.186090534000
0.916220480115
-0.354838477301
0.202538778815
0.940780781069
-0.271863136609
0.218052438421
0.958260693507
-0.184904238402
0.137687398924
0.967967469266
-0.209955134780
0.055860348888
0.970306209590
-0.235341201352
0.101274433061
0.919621418414
-0.379525935876
0.120149620974
0.947385449652
-0.296689869001
0.035796792232
0.946295865547
-0.321314059004
0.853692618664
0.208395818922
0.477263130248
0.839837554377
0.140362926111
0.524376898073
0.823369786609
0.059101537275
0.564419350121
0.814309469890
0.470439884402
0.339980002958
0.820235503372
0.409000994492
0.399914872833
0.819824235048
0.345185573930
0.456875413191
0.813754670788
0.279011614878
0.509858661331
0.803065177053
0.207530350388
0.558585244231
0.788580561522
0.126726804078
0.601731680334
0.692064606119
0.170982393313
0.701292807702
0.644596691243
0.236628818396
0.726981366985
0.592225667089
0.301589614588
0.747203093953
0.535555235110
0.364775884556
0.761655528564
0.769877584185
0.475457249749
0.425709888339
0.771942146588
0.412361678261
0.483800753020
0.768571004737
0.345175142036
0.538658270147
0.760455240961
0.272484419257
0.589457435068
0.748887198512
0.192348222200
0.634168846067
0.703512552660
0.257455097450
0.662409964483
0.653115157504
0.322070444676
0.685354813002
0.598273448646
0.385712926603
0.702349214349
0.713104233146
0.539799316308
0.447324323934
0.718311764300
0.477152790345
0.506313562859
0.718258033972
0.409389757585
0.562588146888
0.712677027099
0.336683291324
0.615415157750
0.660254884977
0.400131970636
0.635576819070
0.603069507051
0.462305965437
0.650061815511
0.659023410641
0.540584362080
0.522930867039
0.662578021642
0.472710539759
0.580977719743
0.601399650797
0.534471642311
0.593850590289
0.942332163968
-0.023665523430
-0.333841333199
0.911665690023
-0.047685574359
-0.408156533249
0.870086089801
-0.063203332309
-0.488830783728
0.999069740684
-0.013268784308
-0.041031605043
0.991665450872
-0.039808434753
-0.122535391087
0.977026792508
-0.066376064617
-0.202516332103
0.955402156439
-0.091826316978
-0.280668215127
0.926070884295
-0.114502771982
-0.359557829104
0.887283793021
-0.131681610786
-0.442026496969
0.862094619825
-0.274161961677
-0.426178466418
0.864453683924
-0.338964261106
-0.371245280163
0.860813890755
-0.401583483948
-0.312618219084
0.851025731095
-0.461136596379
-0.251213543613
0.992124264239
-0.106392112518
-0.066107206125
0.980197808969
-0.132858724202
-0.146836012938
0.960829134870
-0.158163177266
-0.227578080978
0.933615787924
-0.180855778203
-0.309277784571
0.898005532304
-0.198048644013
-0.392890313646
0.902577095852
-0.263702642581
-0.340316767644
0.901202768437
-0.327431352934
-0.283940626325
0.893907693759
-0.388267575342
-0.224002957518
0.985043919623
-0.172148025778
-0.007316668324
0.976162315156
-0.197908715815
-0.089102607555
0.959627132845
-0.222522747097
-0.172044741078
0.935083214426
-0.245583666408
-0.255554387346
0.930627446207
-0.307712584289
-0.198104825374
0.919926611100
-0.367236702538
-0.137376251584
0.965047844738
-0.260598007773
-0.027772931282
0.951924138241
-0.284807428010
-0.112805868573
0.937288283580
-0.344896214750
-0.050371366011
-0.023665523430
0.333841333199
-0.942332163968
-0.047685574359
0.408156533249
-0.911665690023
-0.063203332309
0.488830783728
-0.870086089801
-0.013268784308
0.041031605043
-0.999069740684
-0.039808434753
0.122535391087
-0.991665450872
-0.066376064617
0.202516332103
-0.977026792508
-0.091826316978
0.280668215127
-0.955402156439
-0.114502771982
0.359557829104
-0.926070884295
-0.131681610786
0.442026496969
-0.887283793021
-0.274161961677
0.426178466418
-0.862094619825
-0.338964261106
0.371245280163
-0.864453683924
-0.401583483948
0.312618219084
-0.860813890755
-0.461136596379
0.251213543613
-0.851025731095
-0.106392112518
0.066107206125
-0.992124264239
-0.132858724202
0.146836012938
-0.980197808969
-0.158163177266
0.227578080978
-0.960829134870
-0.180855778203
0.309277784571
-0.933615787924
-0.198048644013
0.392890313646
-0.898005532304
-0.263702642581
0.340316767644
-0.902577095852
-0.327431352934
0.283940626325
-0.901202768437
-0.388267575342
0.224002957518
-0.893907693759
-0.172148025778
0.007316668324
-0.985043919623
-0.197908715815
0.089102607555
-0.976162315156
-0.222522747097
0.172044741078
-0.959627132845
-0.245583666408
0.255554387346
-0.935083214426
-0.307712584289
0.198104825374
-0.930627446207
-0.367236702538
0.137376251584
-0.919926611100
-0.260598007773
0.027772931282
-0.965047844738
-0.284807428010
0.112805868573
-0.951924138241
-0.344896214750
0.050371366011
-0.937288283580
0.438971508976
-0.877358142095
0.193769721081
0.447220017987
-0.887523128735
0.110891620384
0.462154210242
-0.886573118918
0.020039729706
0.318510658959
-0.827578254198
0.462239324710
0.335503472363
-0.860043938125
0.384398028776
0.349476684601
-0.886200299665
0.304162909958
0.361280559400
-0.905580987765
0.222259829924
0.373315867359
-0.917567949035
0.136763745497
0.388666358389
-0.920262172308
0.045343092920
0.257689435286
-0.966226567796
0.001540982574
0.178525671544
-0.983560952349
0.027137384061
0.097427367605
-0.993809151037
0.053397372187
0.015520842167
-0.996691831489
0.079777794538
0.253563834150
-0.876269696704
0.409703308078
0.268830821559
-0.904800870790
0.330250471002
0.282744873562
-0.926734182003
0.247424922718
0.296826638874
-0.941311019164
0.160709401266
0.313719408628
-0.946935842525
0.069947428774
0.235730125864
-0.967215195241
0.094477901412
0.155559754972
-0.980546510438
0.119706739580
0.074119080717
-0.986541023988
0.145750368312
0.168782967129
-0.885252258924
0.433405985281
0.186090534000
-0.916220480115
0.354838477301
0.202538778815
-0.940780781069
0.271863136609
0.218052438421
-0.958260693507
0.184904238402
0.137687398924
-0.967967469266
0.209955134780
0.055860348888
-0.970306209590
0.235341201352
0.101274433061
-0.919621418414
0.379525935876
0.120149620974
-0.947385449652
0.296689869001
0.035796792232
-0.946295865547
0.321314059004
-0.877358142095
0.193769721081
0.438971508976
-0.887523128735
0.110891620384
0.447220017987
-0.886573118918
0.020039729706
0.462154210242
-0.827578254198
0.462239324710
0.318510658959
-0.860043938125
0.384398028776
0.335503472363
-0.886200299665
0.304162909958
0.349476684601
-0.905580987765
0.222259829924
0.361280559400
-0.917567949035
0.136763745497
0.373315867359
-0.920262172308
0.045343092920
0.388666358389
-0.966226567796
0.001540982574
0.257689435286
-0.983560952349
0.027137384061
0.178525671544
-0.993809151037
0.053397372187
0.097427367605
-0.996691831489
0.079777794538
0.015520842167
-0.876269696704
0.409703308078
0.253563834150
-0.904800870790
0.330250471002
0.268830821559
-0.926734182003
0.247424922718
0.282744873562
-0.941311019164
0.160709401266
0.296826638874
-0.946935842525
0.069947428774
0.313719408628
-0.967215195241
0.094477901412
0.235730125864
-0.980546510438
0.119706739580
0.155559754972
-0.986541023988
0.145750368312
0.074119080717
-0.885252258924
0.433405985281
0.168782967129
-0.916220480115
0.354838477301
0.186090534000
-0.940780781069
0.271863136609
0.202538778815
-0.958260693507
0.184904238402
0.218052438421
-0.967967469266
0.209955134780
0.137687398924
-0.970306209590
0.235341201352
0.055860348888
-0.919621418414
0.379525935876
0.101274433061
-0.947385449652
0.296689869001
0.120149620974
-0.946295865547
0.321314059004
0.035796792232
-0.105130175777
-0.671032851328
0.733936345046
-0.039063484738
-0.635268518457
0.771302763911
0.026676573486
-0.584459079827
0.810984552525
-0.277479053916
-0.802219327669
0.528629856282
-0.212968081275
-0.784312901608
0.582664456380
-0.146960352498
-0.761038323148
0.631841218577
-0.080612344273
-0.732118491255
0.676390541561
-0.013758038255
-0.695348989728
0.718540533907
0.053360138579
-0.647074773253
0.760556988943
0.168489031132
-0.702833790276
0.691112226512
0.192719608620
-0.754118751045
0.627824865528
0.215190851479
-0.800600466141
0.559224276168
0.235692701447
-0.841433323102
0.486249846538
-0.187456628024
-0.835413196417
0.516667014490
-0.121994808621
-0.814051224022
0.567836130708
-0.055166792584
-0.786083192864
0.615653992834
0.012451145697
-0.750166836334
0.661131368667
0.079170905018
-0.704116274841
0.705657310103
0.104586641780
-0.756887865895
0.645121998401
0.128380871353
-0.805061552582
0.579132323761
0.149883876801
-0.848099582661
0.508194767156
-0.161466298805
-0.880730309215
0.445244603314
-0.096987926444
-0.861152040160
0.499009524812
-0.030494037737
-0.834451283497
0.550237375259
0.037501948925
-0.800319396153
0.598399923102
0.060417426450
-0.845531953849
0.530495475570
0.081515902696
-0.885403016864
0.457620645662
-0.073501501779
-0.902456802915
0.424463482657
-0.007343752402
-0.877667588744
0.479213598482
0.014574573779
-0.915164649293
0.402816641269
-0.748562442887
0.143421797049
0.647367327898
-0.800774069638
0.116220364824
0.587582944098
-0.850046360095
0.075588566393
0.521255747518
-0.536830415974
0.298948397916
0.788950543361
-0.607267422096
0.277379481745
0.744504466855
-0.672863882550
0.254359081088
0.694662258532
-0.733142326515
0.229190446205
0.640292174278
-0.789307138798
0.199027415127
0.580846217746
-0.841940700102
0.159705183365
0.515393162468
-0.860553637251
0.275114341284
0.428671828599
-0.837316299863
0.355736086821
0.415154489939
-0.807416518568
0.434584874870
0.399016982193
-0.771247936557
0.510441984951
0.380296726723
-0.582420956161
0.359602682214
0.729021083899
-0.649947337967
0.336964740082
0.681192499820
-0.713404212153
0.311080189169
0.627920015598
-0.772906386658
0.280179650497
0.569311058131
-0.828058103529
0.241278532421
0.506067630828
-0.808099194440
0.322093196839
0.493185223315
-0.781496028856
0.401414186677
0.477630199648
-0.748157325447
0.478346256831
0.459832007320
-0.551637934341
0.440007655610
0.708582283437
-0.621323837855
0.417210955303
0.663243324344
-0.687763996235
0.390543405810
0.611928536400
-0.750178976024
0.359860770404
0.554735729745
-0.720672311427
0.437471993696
0.537819369560
-0.684585409748
0.512685563927
0.518166314325
-0.585521908862
0.495157935757
0.641858795141
-0.655234269240
0.468171851170
0.592860160734
-0.615974224576
0.543479224278
0.570268434543
-0.647367327898
-0.748562442887
-0.143421797049
-0.587582944098
-0.800774069638
-0.116220364824
-0.521255747518
-0.850046360095
-0.075588566393
-0.788950543361
-0.536830415974
-0.298948397916
-0.744504466855
-0.607267422096
-0.277379481745
-0.694662258532
-0.672863882550
-0.254359081088
-0.640292174278
-0.733142326515
-0.229190446205
-0.580846217746
-0.789307138798
-0.199027415127
-0.515393162468
-0.841940700102
-0.159705183365
-0.428671828599
-0.860553637251
-0.275114341284
-0.415154489939
-0.837316299863
-0.355736086821
-0.399016982193
-0.807416518568
-0.434584874870
-0.380296726723
-0.771247936557
-0.510441984951
-0.729021083899
-0.582420956161
-0.359602682214
-0.681192499820
-0.649947337967
-0.336964740082
-0.627920015598
-0.713404212153
-0.311080189169
-0.569311058131
-0.772906386658
-0.280179650497
-0.506067630828
-0.828058103529
-0.241278532421
-0.493185223315
-0.808099194440
-0.322093196839
-0.477630199648
-0.781496028856
-0.401414186677
-0.459832007320
-0.748157325447
-0.478346256831
-0.708582283437
-0.551637934341
-0.440007655610
-0.663243324344
-0.621323837855
-0.417210955303
-0.611928536400
-0.687763996235
-0.390543405810
-0.554735729745
-0.750178976024
-0.359860770404
-0.537819369560
-0.720672311427
-0.437471993696
-0.518166314325
-0.684585409748
-0.512685563927
-0.641858795141
-0.585521908862
-0.495157935757
-0.592860160734
-0.655234269240
-0.468171851170
-0.570268434543
-0.615974224576
-0.543479224278
0.143421797049
-0.647367327898
0.748562442887
0.116220364824
-0.587582944098
0.800774069638
0.075588566393
-0.521255747518
0.850046360095
0.298948397916
-0.788950543361
0.536830415974
0.277379481745
-0.744504466855
0.607267422096
0.254359081088
-0.694662258532
0.672863882550
0.229190446205
-0.640292174278
0.733142326515
0.199027415127
-0.580846217746
0.789307138798
0.159705183365
-0.515393162468
0.841940700102
0.275114341284
-0.428671828599
0.860553637251
0.355736086821
-0.415154489939
0.837316299863
0.434584874870
-0.399016982193
0.807416518568
0.510441984951
-0.380296726723
0.771247936557
0.359602682214
-0.729021083899
0.582420956161
0.336964740082
-0.681192499820
0.649947337967
0.311080189169
-0.627920015598
0.713404212153
0.280179650497
-0.569311058131
0.772906386658
0.241278532421
-0.506067630828
0.828058103529
0.322093196839
-0.493185223315
0.808099194440
0.401414186677
-0.477630199648
0.781496028856
0.478346256831
-0.459832007320
0.748157325447
0.440007655610
-0.708582283437
0.551637934341
0.417210955303
-0.663243324344
0.621323837855
0.390543405810
-0.611928536400
0.687763996235
0.359860770404
-0.554735729745
0.750178976024
0.437471993696
-0.537819369560
0.720672311427
0.512685563927
-0.518166314325
0.684585409748
0.495157935757
-0.641858795141
0.585521908862
0.468171851170
-0.592860160734
0.655234269240
0.543479224278
-0.570268434543
0.615974224576
-0.733936345046
-0.105130175777
0.671032851328
-0.771302763911
-0.039063484738
0.635268518457
-0.810984552525
0.026676573486
0.584459079827
-0.528629856282
-0.277479053916
0.802219327669
-0.582664456380
-0.212968081275
0.784312901608
-0.631841218577
-0.146960352498
0.761038323148
-0.676390541561
-0.080612344273
0.732118491255
-0.718540533907
-0.013758038255
0.695348989728
-0.760556988943
0.053360138579
0.647074773253
-0.691112226512
0.168489031132
0.702833790276
-0.627824865528
0.192719608620
0.754118751045
-0.559224276168
0.215190851479
0.800600466141
-0.486249846538
0.235692701447
0.841433323102
-0.516667014490
-0.187456628024
0.835413196417
-0.567836130708
-0.121994808621
0.814051224022
-0.615653992834
-0.055166792584
0.786083192864
-0.661131368667
0.012451145697
0.750166836334
-0.705657310103
0.079170905018
0.704116274841
-0.645121998401
0.104586641780
0.756887865895
-0.579132323761
0.128380871353
0.805061552582
-0.508194767156
0.149883876801
0.848099582661
-0.445244603314
-0.161466298805
0.880730309215
-0.499009524812
-0.096987926444
0.861152040160
-0.550237375259
-0.030494037737
0.834451283497
-0.598399923102
0.037501948925
0.800319396153
-0.530495475570
0.060417426450
0.845531953849
-0.457620645662
0.081515902696
0.885403016864
-0.424463482657
-0.073501501779
0.902456802915
-0.479213598482
-0.007343752402
0.877667588744
-0.402816641269
0.014574573779
0.915164649293
0.333841333199
-0.942332163968
-0.023665523430
0.408156533249
-0.911665690023
-0.047685574359
0.488830783728
-0.870086089801
-0.063203332309
0.041031605043
-0.999069740684
-0.013268784308
0.122535391087
-0.991665450872
-0.039808434753
0.202516332103
-0.977026792508
-0.066376064617
0.280668215127
-0.955402156439
-0.091826316978
0.359557829104
-0.926070884295
-0.114502771982
0.442026496969
-0.887283793021
-0.131681610786
0.426178466418
-0.862094619825
-0.274161961677
0.371245280163
-0.864453683924
-0.338964261106
0.312618219084
-0.860813890755
-0.401583483948
0.251213543613
-0.851025731095
-0.461136596379
0.066107206125
-0.992124264239
-0.106392112518
0.146836012938
-0.980197808969
-0.132858724202
0.227578080978
-0.960829134870
-0.158163177266
0.309277784571
-0.933615787924
-0.180855778203
0.392890313646
-0.898005532304
-0.198048644013
0.340316767644
-0.902577095852
-0.263702642581
0.283940626325
-0.901202768437
-0.327431352934
0.224002957518
-0.893907693759
-0.388267575342
0.007316668324
-0.985043919623
-0.172148025778
0.089102607555
-0.976162315156
-0.197908715815
0.172044741078
-0.959627132845
-0.222522747097
0.255554387346
-0.935083214426
-0.245583666408
0.198104825374
-0.930627446207
-0.307712584289
0.137376251584
-0.919926611100
-0.367236702538
0.027772931282
-0.965047844738
-0.260598007773
0.112805868573
-0.951924138241
-0.284807428010
0.050371366011
-0.937288283580
-0.344896214750
0.942332163968
0.023665523430
0.333841333199
0.911665690023
0.047685574359
0.408156533249
0.870086089801
0.063203332309
0.488830783728
0.999069740684
0.013268784308
0.041031605043
0.991665450872
0.039808434753
0.122535391087
0.977026792508
0.066376064617
0.202516332103
0.955402156439
0.091826316978
0.280668215127
0.926070884295
0.114502771982
0.359557829104
0.887283793021
0.131681610786
0.442026496969
0.862094619825
0.274161961677
0.426178466418
0.864453683924
0.338964261106
0.371245280163
0.860813890755
0.401583483948
0.312618219084
0.851025731095
0.461136596379
0.251213543613
0.992124264239
0.106392112518
0.066107206125
0.980197808969
0.132858724202
0.146836012938
0.960829134870
0.158163177266
0.227578080978
0.933615787924
0.180855778203
0.309277784571
0.898005532304
0.198048644013
0.392890313646
0.902577095852
0.263702642581
0.340316767644
0.901202768437
0.327431352934
0.283940626325
0.893907693759
0.388267575342
0.224002957518
0.985043919623
0.172148025778
0.007316668324
0.976162315156
0.197908715815
0.089102607555
0.959627132845
0.222522747097
0.172044741078
0.935083214426
0.245583666408
0.255554387346
0.930627446207
0.307712584289
0.198104825374
0.919926611100
0.367236702538
0.137376251584
0.965047844738
0.260598007773
0.027772931282
0.951924138241
0.284807428010
0.112805868573
0.937288283580
0.344896214750
0.050371366011
0.193769721081
-0.438971508976
0.877358142095
0.110891620384
-0.447220017987
0.887523128735
0.020039729706
-0.462154210242
0.886573118918
0.462239324710
-0.318510658959
0.827578254198
0.384398028776
-0.335503472363
0.860043938125
0.304162909958
-0.349476684601
0.886200299665
0.222259829924
-0.361280559400
0.905580987765
0.136763745497
-0.373315867359
0.917567949035
0.045343092920
-0.388666358389
0.920262172308
0.001540982574
-0.257689435286
0.966226567796
0.027137384061
-0.178525671544
0.983560952349
0.053397372187
-0.097427367605
0.993809151037
0.079777794538
-0.015520842167
0.996691831489
0.409703308078
-0.253563834150
0.876269696704
0.330250471002
-0.268830821559
0.904800870790
0.247424922718
-0.282744873562
0.926734182003
0.160709401266
-0.296826638874
0.941311019164
0.069947428774
-0.313719408628
0.946935842525
0.094477901412
-0.235730125864
0.967215195241
0.119706739580
-0.155559754972
0.980546510438
0.145750368312
-0.074119080717
0.986541023988
0.433405985281
-0.168782967129
0.885252258924
0.354838477301
-0.186090534000
0.916220480115
0.271863136609
-0.202538778815
0.940780781069
0.184904238402
-0.218052438421
0.958260693507
0.209955134780
-0.137687398924
0.967967469266
0.235341201352
-0.055860348888
0.970306209590
0.379525935876
-0.101274433061
0.919621418414
0.296689869001
-0.120149620974
0.947385449652
0.321314059004
-0.035796792232
0.946295865547
0.733936345046
-0.105130175777
-0.671032851328
0.771302763911
-0.039063484738
-0.635268518457
0.810984552525
0.026676573486
-0.584459079827
0.528629856282
-0.277479053916
-0.802219327669
0.582664456380
-0.212968081275
-0.784312901608
0.631841218577
-0.146960352498
-0.761038323148
0.676390541561
-0.080612344273
-0.732118491255
0.718540533907
-0.013758038255
-0.695348989728
0.760556988943
0.053360138579
-0.647074773253
0.691112226512
0.168489031132
-0.702833790276
0.627824865528
0.192719608620
-0.754118751045
0.559224276168
0.215190851479
-0.800600466141
0.486249846538
0.235692701447
-0.841433323102
0.516667014490
-0.187456628024
-0.835413196417
0.567836130708
-0.121994808621
-0.814051224022
0.615653992834
-0.055166792584
-0.786083192864
0.661131368667
0.012451145697
-0.750166836334
0.705657310103
0.079170905018
-0.704116274841
0.645121998401
0.104586641780
-0.756887865895
0.579132323761
0.128380871353
-0.805061552582
0.508194767156
0.149883876801
-0.848099582661
0.445244603314
-0.161466298805
-0.880730309215
0.499009524812
-0.096987926444
-0.861152040160
0.550237375259
-0.030494037737
-0.834451283497
0.598399923102
0.037501948925
-0.800319396153
0.530495475570
0.060417426450
-0.845531953849
0.457620645662
0.081515902696
-0.885403016864
0.424463482657
-0.073501501779
-0.902456802915
0.479213598482
-0.007343752402
-0.877667588744
0.402816641269
0.014574573779
-0.915164649293
-0.671032851328
-0.733936345046
0.105130175777
-0.635268518457
-0.771302763911
0.039063484738
-0.584459079827
-0.810984552525
-0.026676573486
-0.802219327669
-0.528629856282
0.277479053916
-0.784312901608
-0.582664456380
0.212968081275
-0.761038323148
-0.631841218577
0.146960352498
-0.732118491255
-0.676390541561
0.080612344273
-0.695348989728
-0.718540533907
0.013758038255
-0.647074773253
-0.760556988943
-0.053360138579
-0.702833790276
-0.691112226512
-0.168489031132
-0.754118751045
-0.627824865528
-0.192719608620
-0.800600466141
-0.559224276168
-0.215190851479
-0.841433323102
-0.486249846538
-0.235692701447
-0.835413196417
-0.516667014490
0.187456628024
-0.814051224022
-0.567836130708
0.121994808621
-0.786083192864
-0.615653992834
0.055166792584
-0.750166836334
-0.661131368667
-0.012451145697
-0.704116274841
-0.705657310103
-0.079170905018
-0.756887865895
-0.645121998401
-0.104586641780
-0.805061552582
-0.579132323761
-0.128380871353
-0.848099582661
-0.508194767156
-0.149883876801
-0.880730309215
-0.445244603314
0.161466298805
-0.861152040160
-0.499009524812
0.096987926444
-0.834451283497
-0.550237375259
0.030494037737
-0.800319396153
-0.598399923102
-0.037501948925
-0.845531953849
-0.530495475570
-0.060417426450
-0.885403016864
-0.457620645662
-0.081515902696
-0.902456802915
-0.424463482657
0.073501501779
-0.877667588744
-0.479213598482
0.007343752402
-0.915164649293
-0.402816641269
-0.014574573779
0.647367327898
-0.748562442887
0.143421797049
0.587582944098
-0.800774069638
0.116220364824
0.521255747518
-0.850046360095
0.075588566393
0.788950543361
-0.536830415974
0.298948397916
0.744504466855
-0.607267422096
0.277379481745
0.694662258532
-0.672863882550
0.254359081088
0.640292174278
-0.733142326515
0.229190446205
0.580846217746
-0.789307138798
0.199027415127
0.515393162468
-0.841940700102
0.159705183365
0.428671828599
-0.860553637251
0.275114341284
0.415154489939
-0.837316299863
0.355736086821
0.399016982193
-0.807416518568
0.434584874870
0.380296726723
-0.771247936557
0.510441984951
0.729021083899
-0.582420956161
0.359602682214
0.681192499820
-0.649947337967
0.336964740082
0.627920015598
-0.713404212153
0.311080189169
0.569311058131
-0.772906386658
0.280179650497
0.506067630828
-0.828058103529
0.241278532421
0.493185223315
-0.808099194440
0.322093196839
0.477630199648
-0.781496028856
0.401414186677
0.459832007320
-0.748157325447
0.478346256831
0.708582283437
-0.551637934341
0.440007655610
0.663243324344
-0.621323837855
0.417210955303
0.611928536400
-0.687763996235
0.390543405810
0.554735729745
-0.750178976024
0.359860770404
0.537819369560
-0.720672311427
0.437471993696
0.518166314325
-0.684585409748
0.512685563927
0.641858795141
-0.585521908862
0.495157935757
0.592860160734
-0.655234269240
0.468171851170
0.570268434543
-0.615974224576
0.543479224278
-0.143421797049
-0.647367327898
-0.748562442887
-0.116220364824
-0.587582944098
-0.800774069638
-0.075588566393
-0.521255747518
-0.850046360095
-0.298948397916
-0.788950543361
-0.536830415974
-0.277379481745
-0.744504466855
-0.607267422096
-0.254359081088
-0.694662258532
-0.672863882550
-0.229190446205
-0.640292174278
-0.733142326515
-0.199027415127
-0.580846217746
-0.789307138798
-0.159705183365
-0.515393162468
-0.841940700102
-0.275114341284
-0.428671828599
-0.860553637251
-0.355736086821
-0.415154489939
-0.837316299863
-0.434584874870
-0.399016982193
-0.807416518568
-0.510441984951
-0.380296726723
-0.771247936557
-0.359602682214
-0.729021083899
-0.582420956161
-0.336964740082
-0.681192499820
-0.649947337967
-0.311080189169
-0.627920015598
-0.713404212153
-0.280179650497
-0.569311058131
-0.772906386658
-0.241278532421
-0.506067630828
-0.828058103529
-0.322093196839
-0.493185223315
-0.808099194440
-0.401414186677
-0.477630199648
-0.781496028856
-0.478346256831
-0.459832007320
-0.748157325447
-0.440007655610
-0.708582283437
-0.551637934341
-0.417210955303
-0.663243324344
-0.621323837855
-0.390543405810
-0.611928536400
-0.687763996235
-0.359860770404
-0.554735729745
-0.750178976024
-0.437471993696
-0.537819369560
-0.720672311427
-0.512685563927
-0.518166314325
-0.684585409748
-0.495157935757
-0.641858795141
-0.585521908862
-0.468171851170
-0.592860160734
-0.655234269240
-0.543479224278
-0.570268434543
-0.615974224576
0.143421797049
0.647367327898
-0.748562442887
0.116220364824
0.587582944098
-0.800774069638
0.075588566393
0.521255747518
-0.850046360095
0.298948397916
0.788950543361
-0.536830415974
0.277379481745
0.744504466855
-0.607267422096
0.254359081088
0.694662258532
-0.672863882550
0.229190446205
0.640292174278
-0.733142326515
0.199027415127
0.580846217746
-0.789307138798
0.159705183365
0.515393162468
-0.841940700102
0.275114341284
0.428671828599
-0.860553637251
0.355736086821
0.415154489939
-0.837316299863
0.434584874870
0.399016982193
-0.807416518568
0.510441984951
0.380296726723
-0.771247936557
0.359602682214
0.729021083899
-0.582420956161
0.336964740082
0.681192499820
-0.649947337967
0.311080189169
0.627920015598
-0.713404212153
0.280179650497
0.569311058131
-0.772906386658
0.241278532421
0.506067630828
-0.828058103529
0.322093196839
0.493185223315
-0.808099194440
0.401414186677
0.477630199648
-0.781496028856
0.478346256831
0.459832007320
-0.748157325447
0.440007655610
0.708582283437
-0.551637934341
0.417210955303
0.663243324344
-0.621323837855
0.390543405810
0.611928536400
-0.687763996235
0.359860770404
0.554735729745
-0.750178976024
0.437471993696
0.537819369560
-0.720672311427
0.512685563927
0.518166314325
-0.684585409748
0.495157935757
0.641858795141
-0.585521908862
0.468171851170
0.592860160734
-0.655234269240
0.543479224278
0.570268434543
-0.615974224576
-0.748562442887
-0.143421797049
-0.647367327898
-0.800774069638
-0.116220364824
-0.587582944098
-0.850046360095
-0.075588566393
-0.521255747518
-0.536830415974
-0.298948397916
-0.788950543361
-0.607267422096
-0.277379481745
-0.744504466855
-0.672863882550
-0.254359081088
-0.694662258532
-0.733142326515
-0.229190446205
-0.640292174278
-0.789307138798
-0.199027415127
-0.580846217746
-0.841940700102
-0.159705183365
-0.515393162468
-0.860553637251
-0.275114341284
-0.428671828599
-0.837316299863
-0.355736086821
-0.415154489939
-0.807416518568
-0.434584874870
-0.399016982193
-0.771247936557
-0.510441984951
-0.380296726723
-0.582420956161
-0.359602682214
-0.729021083899
-0.649947337967
-0.336964740082
-0.681192499820
-0.713404212153
-0.311080189169
-0.627920015598
-0.772906386658
-0.280179650497
-0.569311058131
-0.828058103529
-0.241278532421
-0.506067630828
-0.808099194440
-0.322093196839
-0.493185223315
-0.781496028856
-0.401414186677
-0.477630199648
-0.748157325447
-0.478346256831
-0.459832007320
-0.551637934341
-0.440007655610
-0.708582283437
-0.621323837855
-0.417210955303
-0.663243324344
-0.687763996235
-0.390543405810
-0.611928536400
-0.750178976024
-0.359860770404
-0.554735729745
-0.720672311427
-0.437471993696
-0.537819369560
-0.684585409748
-0.512685563927
-0.518166314325
-0.585521908862
-0.495157935757
-0.641858795141
-0.655234269240
-0.468171851170
-0.592860160734
-0.615974224576
-0.543479224278
-0.570268434543
-0.671032851328
0.733936345046
-0.105130175777
-0.635268518457
0.771302763911
-0.039063484738
-0.584459079827
0.810984552525
0.026676573486
-0.802219327669
0.528629856282
-0.277479053916
-0.784312901608
0.582664456380
-0.212968081275
-0.761038323148
0.631841218577
-0.146960352498
-0.732118491255
0.676390541561
-0.080612344273
-0.695348989728
0.718540533907
-0.013758038255
-0.647074773253
0.760556988943
0.053360138579
-0.702833790276
0.691112226512
0.168489031132
-0.754118751045
0.627824865528
0.192719608620
-0.800600466141
0.559224276168
0.215190851479
-0.841433323102
0.486249846538
0.235692701447
-0.835413196417
0.516667014490
-0.187456628024
-0.814051224022
0.567836130708
-0.121994808621
-0.786083192864
0.615653992834
-0.055166792584
-0.750166836334
0.661131368667
0.012451145697
-0.704116274841
0.705657310103
0.079170905018
-0.756887865895
0.645121998401
0.104586641780
-0.805061552582
0.579132323761
0.128380871353
-0.848099582661
0.508194767156
0.149883876801
-0.880730309215
0.445244603314
-0.161466298805
-0.861152040160
0.499009524812
-0.096987926444
-0.834451283497
0.550237375259
-0.030494037737
-0.800319396153
0.598399923102
0.037501948925
-0.845531953849
0.530495475570
0.060417426450
-0.885403016864
0.457620645662
0.081515902696
-0.902456802915
0.424463482657
-0.073501501779
-0.877667588744
0.479213598482
-0.007343752402
-0.915164649293
0.402816641269
0.014574573779
-0.105130175777
0.671032851328
-0.733936345046
-0.039063484738
0.635268518457
-0.771302763911
0.026676573486
0.584459079827
-0.810984552525
-0.277479053916
0.802219327669
-0.528629856282
-0.212968081275
0.784312901608
-0.582664456380
-0.146960352498
0.761038323148
-0.631841218577
-0.080612344273
0.732118491255
-0.676390541561
-0.013758038255
0.695348989728
-0.718540533907
0.053360138579
0.647074773253
-0.760556988943
0.168489031132
0.702833790276
-0.691112226512
0.192719608620
0.754118751045
-0.627824865528
0.215190851479
0.800600466141
-0.559224276168
0.235692701447
0.841433323102
-0.486249846538
-0.187456628024
0.835413196417
-0.516667014490
-0.121994808621
0.814051224022
-0.567836130708
-0.055166792584
0.786083192864
-0.615653992834
0.012451145697
0.750166836334
-0.661131368667
0.079170905018
0.704116274841
-0.705657310103
0.104586641780
0.756887865895
-0.645121998401
0.128380871353
0.805061552582
-0.579132323761
0.149883876801
0.848099582661
-0.508194767156
-0.161466298805
0.880730309215
-0.445244603314
-0.096987926444
0.861152040160
-0.499009524812
-0.030494037737
0.834451283497
-0.550237375259
0.037501948925
0.800319396153
-0.598399923102
0.060417426450
0.845531953849
-0.530495475570
0.081515902696
0.885403016864
-0.457620645662
-0.073501501779
0.902456802915
-0.424463482657
-0.007343752402
0.877667588744
-0.479213598482
0.014574573779
0.915164649293
-0.402816641269
0.208395818922
-0.477263130248
-0.853692618664
0.140362926111
-0.524376898073
-0.839837554377
0.059101537275
-0.564419350121
-0.823369786609
0.470439884402
-0.339980002958
-0.814309469890
0.409000994492
-0.399914872833
-0.820235503372
0.345185573930
-0.456875413191
-0.819824235048
0.279011614878
-0.509858661331
-0.813754670788
0.207530350388
-0.558585244231
-0.803065177053
0.126726804078
-0.601731680334
-0.788580561522
0.170982393313
-0.701292807702
-0.692064606119
0.236628818396
-0.726981366985
-0.644596691243
0.301589614588
-0.747203093953
-0.592225667089
0.364775884556
-0.761655528564
-0.535555235110
0.475457249749
-0.425709888339
-0.769877584185
0.412361678261
-0.483800753020
-0.771942146588
0.345175142036
-0.538658270147
-0.768571004737
0.272484419257
-0.589457435068
-0.760455240961
0.192348222200
-0.634168846067
-0.748887198512
0.257455097450
-0.662409964483
-0.703512552660
0.322070444676
-0.685354813002
-0.653115157504
0.385712926603
-0.702349214349
-0.598273448646
0.539799316308
-0.447324323934
-0.713104233146
0.477152790345
-0.506313562859
-0.718311764300
0.409389757585
-0.562588146888
-0.718258033972
0.336683291324
-0.615415157750
-0.712677027099
0.400131970636
-0.635576819070
-0.660254884977
0.462305965437
-0.650061815511
-0.603069507051
0.540584362080
-0.522930867039
-0.659023410641
0.472710539759
-0.580977719743
-0.662578021642
0.534471642311
-0.593850590289
-0.601399650797
-0.877358142095
-0.193769721081
-0.438971508976
-0.887523128735
-0.110891620384
-0.447220017987
-0.886573118918
-0.020039729706
-0.462154210242
-0.827578254198
-0.462239324710
-0.318510658959
-0.860043938125
-0.384398028776
-0.335503472363
-0.886200299665
-0.304162909958
-0.349476684601
-0.905580987765
-0.222259829924
-0.361280559400
-0.917567949035
-0.136763745497
-0.373315867359
-0.920262172308
-0.045343092920
-0.388666358389
-0.966226567796
-0.001540982574
-0.257689435286
-0.983560952349
-0.027137384061
-0.178525671544
-0.993809151037
-0.053397372187
-0.097427367605
-0.996691831489
-0.079777794538
-0.015520842167
-0.876269696704
-0.409703308078
-0.253563834150
-0.904800870790
-0.330250471002
-0.268830821559
-0.926734182003
-0.247424922718
-0.282744873562
-0.941311019164
-0.160709401266
-0.296826638874
-0.946935842525
-0.069947428774
-0.313719408628
-0.967215195241
-0.094477901412
-0.235730125864
-0.980546510438
-0.119706739580
-0.155559754972
-0.986541023988
-0.145750368312
-0.074119080717
-0.885252258924
-0.433405985281
-0.168782967129
-0.916220480115
-0.354838477301
-0.186090534000
-0.940780781069
-0.271863136609
-0.202538778815
-0.958260693507
-0.184904238402
-0.218052438421
-0.967967469266
-0.209955134780
-0.137687398924
-0.970306209590
-0.235341201352
-0.055860348888
-0.919621418414
-0.379525935876
-0.101274433061
-0.947385449652
-0.296689869001
-0.120149620974
-0.946295865547
-0.321314059004
-0.035796792232
-0.208395818922
0.477263130248
-0.853692618664
-0.140362926111
0.524376898073
-0.839837554377
-0.059101537275
0.564419350121
-0.823369786609
-0.470439884402
0.339980002958
-0.814309469890
-0.409000994492
0.399914872833
-0.820235503372
-0.345185573930
0.456875413191
-0.819824235048
-0.279011614878
0.509858661331
-0.813754670788
-0.207530350388
0.558585244231
-0.803065177053
-0.126726804078
0.601731680334
-0.788580561522
-0.170982393313
0.701292807702
-0.692064606119
-0.236628818396
0.726981366985
-0.644596691243
-0.301589614588
0.747203093953
-0.592225667089
-0.364775884556
0.761655528564
-0.535555235110
-0.475457249749
0.425709888339
-0.769877584185
-0.412361678261
0.483800753020
-0.771942146588
-0.345175142036
0.538658270147
-0.768571004737
-0.272484419257
0.589457435068
-0.760455240961
-0.192348222200
0.634168846067
-0.748887198512
-0.257455097450
0.662409964483
-0.703512552660
-0.322070444676
0.685354813002
-0.653115157504
-0.385712926603
0.702349214349
-0.598273448646
-0.539799316308
0.447324323934
-0.713104233146
-0.477152790345
0.506313562859
-0.718311764300
-0.409389757585
0.562588146888
-0.718258033972
-0.336683291324
0.615415157750
-0.712677027099
-0.400131970636
0.635576819070
-0.660254884977
-0.462305965437
0.650061815511
-0.603069507051
-0.540584362080
0.522930867039
-0.659023410641
-0.472710539759
0.580977719743
-0.662578021642
-0.534471642311
0.593850590289
-0.601399650797
0.877358142095
0.193769721081
-0.438971508976
0.887523128735
0.110891620384
-0.447220017987
0.886573118918
0.020039729706
-0.462154210242
0.827578254198
0.462239324710
-0.318510658959
0.860043938125
0.384398028776
-0.335503472363
0.886200299665
0.304162909958
-0.349476684601
0.905580987765
0.222259829924
-0.361280559400
0.917567949035
0.136763745497
-0.373315867359
0.920262172308
0.045343092920
-0.388666358389
0.966226567796
0.001540982574
-0.257689435286
0.983560952349
0.027137384061
-0.178525671544
0.993809151037
0.053397372187
-0.097427367605
0.996691831489
0.079777794538
-0.015520842167
0.876269696704
0.409703308078
-0.253563834150
0.904800870790
0.330250471002
-0.268830821559
0.926734182003
0.247424922718
-0.282744873562
0.941311019164
0.160709401266
-0.296826638874
0.946935842525
0.069947428774
-0.313719408628
0.967215195241
0.094477901412
-0.235730125864
0.980546510438
0.119706739580
-0.155559754972
0.986541023988
0.145750368312
-0.074119080717
0.885252258924
0.433405985281
-0.168782967129
0.916220480115
0.354838477301
-0.186090534000
0.940780781069
0.271863136609
-0.202538778815
0.958260693507
0.184904238402
-0.218052438421
0.967967469266
0.209955134780
-0.137687398924
0.970306209590
0.235341201352
-0.055860348888
0.919621418414
0.379525935876
-0.101274433061
0.947385449652
0.296689869001
-0.120149620974
0.946295865547
0.321314059004
-0.035796792232
0.105130175777
-0.671032851328
-0.733936345046
0.039063484738
-0.635268518457
-0.771302763911
-0.026676573486
-0.584459079827
-0.810984552525
0.277479053916
-0.802219327669
-0.528629856282
0.212968081275
-0.784312901608
-0.582664456380
0.146960352498
-0.761038323148
-0.631841218577
0.080612344273
-0.732118491255
-0.676390541561
0.013758038255
-0.695348989728
-0.718540533907
-0.053360138579
-0.647074773253
-0.760556988943
-0.168489031132
-0.702833790276
-0.691112226512
-0.192719608620
-0.754118751045
-0.627824865528
-0.215190851479
-0.800600466141
-0.559224276168
-0.235692701447
-0.841433323102
-0.486249846538
0.187456628024
-0.835413196417
-0.516667014490
0.121994808621
-0.814051224022
-0.567836130708
0.055166792584
-0.786083192864
-0.615653992834
-0.012451145697
-0.750166836334
-0.661131368667
-0.079170905018
-0.704116274841
-0.705657310103
-0.104586641780
-0.756887865895
-0.645121998401
-0.128380871353
-0.805061552582
-0.579132323761
-0.149883876801
-0.848099582661
-0.508194767156
0.161466298805
-0.880730309215
-0.445244603314
0.096987926444
-0.861152040160
-0.499009524812
0.030494037737
-0.834451283497
-0.550237375259
-0.037501948925
-0.800319396153
-0.598399923102
-0.060417426450
-0.845531953849
-0.530495475570
-0.081515902696
-0.885403016864
-0.457620645662
0.073501501779
-0.902456802915
-0.424463482657
0.007343752402
-0.877667588744
-0.479213598482
-0.014574573779
-0.915164649293
-0.402816641269
0.748562442887
0.143421797049
-0.647367327898
0.800774069638
0.116220364824
-0.587582944098
0.850046360095
0.075588566393
-0.521255747518
0.536830415974
0.298948397916
-0.788950543361
0.607267422096
0.277379481745
-0.744504466855
0.672863882550
0.254359081088
-0.694662258532
0.733142326515
0.229190446205
-0.640292174278
0.789307138798
0.199027415127
-0.580846217746
0.841940700102
0.159705183365
-0.515393162468
0.860553637251
0.275114341284
-0.428671828599
0.837316299863
0.355736086821
-0.415154489939
0.807416518568
0.434584874870
-0.399016982193
0.771247936557
0.510441984951
-0.380296726723
0.582420956161
0.359602682214
-0.729021083899
0.649947337967
0.336964740082
-0.681192499820
0.713404212153
0.311080189169
-0.627920015598
0.772906386658
0.280179650497
-0.569311058131
0.828058103529
0.241278532421
-0.506067630828
0.808099194440
0.322093196839
-0.493185223315
0.781496028856
0.401414186677
-0.477630199648
0.748157325447
0.478346256831
-0.459832007320
0.551637934341
0.440007655610
-0.708582283437
0.621323837855
0.417210955303
-0.663243324344
0.687763996235
0.390543405810
-0.611928536400
0.750178976024
0.359860770404
-0.554735729745
0.720672311427
0.437471993696
-0.537819369560
0.684585409748
0.512685563927
-0.518166314325
0.585521908862
0.495157935757
-0.641858795141
0.655234269240
0.468171851170
-0.592860160734
0.615974224576
0.543479224278
-0.570268434543
-0.942332163968
0.023665523430
-0.333841333199
-0.911665690023
0.047685574359
-0.408156533249
-0.870086089801
0.063203332309
-0.488830783728
-0.999069740684
0.013268784308
-0.041031605043
-0.991665450872
0.039808434753
-0.122535391087
-0.977026792508
0.066376064617
-0.202516332103
-0.955402156439
0.091826316978
-0.280668215127
-0.926070884295
0.114502771982
-0.359557829104
-0.887283793021
0.131681610786
-0.442026496969
-0.862094619825
0.274161961677
-0.426178466418
-0.864453683924
0.338964261106
-0.371245280163
-0.860813890755
0.401583483948
-0.312618219084
-0.851025731095
0.461136596379
-0.251213543613
-0.992124264239
0.106392112518
-0.066107206125
-0.980197808969
0.132858724202
-0.146836012938
-0.960829134870
0.158163177266
-0.227578080978
-0.933615787924
0.180855778203
-0.309277784571
-0.898005532304
0.198048644013
-0.392890313646
-0.902577095852
0.263702642581
-0.340316767644
-0.901202768437
0.327431352934
-0.283940626325
-0.893907693759
0.388267575342
-0.224002957518
-0.985043919623
0.172148025778
-0.007316668324
-0.976162315156
0.197908715815
-0.089102607555
-0.959627132845
0.222522747097
-0.172044741078
-0.935083214426
0.245583666408
-0.255554387346
-0.930627446207
0.307712584289
-0.198104825374
-0.919926611100
0.367236702538
-0.137376251584
-0.965047844738
0.260598007773
-0.027772931282
-0.951924138241
0.284807428010
-0.112805868573
-0.937288283580
0.344896214750
-0.050371366011
0.023665523430
-0.333841333199
-0.942332163968
0.047685574359
-0.408156533249
-0.911665690023
0.063203332309
-0.488830783728
-0.870086089801
0.013268784308
-0.041031605043
-0.999069740684
0.039808434753
-0.122535391087
-0.991665450872
0.066376064617
-0.202516332103
-0.977026792508
0.091826316978
-0.280668215127
-0.955402156439
0.114502771982
-0.359557829104
-0.926070884295
0.131681610786
-0.442026496969
-0.887283793021
0.274161961677
-0.426178466418
-0.862094619825
0.338964261106
-0.371245280163
-0.864453683924
0.401583483948
-0.312618219084
-0.860813890755
0.461136596379
-0.251213543613
-0.851025731095
0.106392112518
-0.066107206125
-0.992124264239
0.132858724202
-0.146836012938
-0.980197808969
0.158163177266
-0.227578080978
-0.960829134870
0.180855778203
-0.309277784571
-0.933615787924
0.198048644013
-0.392890313646
-0.898005532304
0.263702642581
-0.340316767644
-0.902577095852
0.327431352934
-0.283940626325
-0.901202768437
0.388267575342
-0.224002957518
-0.893907693759
0.172148025778
-0.007316668324
-0.985043919623
0.197908715815
-0.089102607555
-0.976162315156
0.222522747097
-0.172044741078
-0.959627132845
0.245583666408
-0.255554387346
-0.935083214426
0.307712584289
-0.198104825374
-0.930627446207
0.367236702538
-0.137376251584
-0.919926611100
0.260598007773
-0.027772931282
-0.965047844738
0.284807428010
-0.112805868573
-0.951924138241
0.344896214750
-0.050371366011
-0.937288283580
0.477263130248
-0.853692618664
-0.208395818922
0.524376898073
-0.839837554377
-0.140362926111
0.564419350121
-0.823369786609
-0.059101537275
0.339980002958
-0.814309469890
-0.470439884402
0.399914872833
-0.820235503372
-0.409000994492
0.456875413191
-0.819824235048
-0.345185573930
0.509858661331
-0.813754670788
-0.279011614878
0.558585244231
-0.803065177053
-0.207530350388
0.601731680334
-0.788580561522
-0.126726804078
0.701292807702
-0.692064606119
-0.170982393313
0.726981366985
-0.644596691243
-0.236628818396
0.747203093953
-0.592225667089
-0.301589614588
0.761655528564
-0.535555235110
-0.364775884556
0.425709888339
-0.769877584185
-0.475457249749
0.483800753020
-0.771942146588
-0.412361678261
0.538658270147
-0.768571004737
-0.345175142036
0.589457435068
-0.760455240961
-0.272484419257
0.634168846067
-0.748887198512
-0.192348222200
0.662409964483
-0.703512552660
-0.257455097450
0.685354813002
-0.653115157504
-0.322070444676
0.702349214349
-0.598273448646
-0.385712926603
0.447324323934
-0.713104233146
-0.539799316308
0.506313562859
-0.718311764300
-0.477152790345
0.562588146888
-0.718258033972
-0.409389757585
0.615415157750
-0.712677027099
-0.336683291324
0.635576819070
-0.660254884977
-0.400131970636
0.650061815511
-0.603069507051
-0.462305965437
0.522930867039
-0.659023410641
-0.540584362080
0.580977719743
-0.662578021642
-0.472710539759
0.593850590289
-0.601399650797
-0.534471642311
-0.477263130248
-0.853692618664
0.208395818922
-0.524376898073
-0.839837554377
0.140362926111
-0.564419350121
-0.823369786609
0.059101537275
-0.339980002958
-0.814309469890
0.470439884402
-0.399914872833
-0.820235503372
0.409000994492
-0.456875413191
-0.819824235048
0.345185573930
-0.509858661331
-0.813754670788
0.279011614878
-0.558585244231
-0.803065177053
0.207530350388
-0.601731680334
-0.788580561522
0.126726804078
-0.701292807702
-0.692064606119
0.170982393313
-0.726981366985
-0.644596691243
0.236628818396
-0.747203093953
-0.592225667089
0.301589614588
-0.761655528564
-0.535555235110
0.364775884556
-0.425709888339
-0.769877584185
0.475457249749
-0.483800753020
-0.771942146588
0.412361678261
-0.538658270147
-0.768571004737
0.345175142036
-0.589457435068
-0.760455240961
0.272484419257
-0.634168846067
-0.748887198512
0.192348222200
-0.662409964483
-0.703512552660
0.257455097450
-0.685354813002
-0.653115157504
0.322070444676
-0.702349214349
-0.598273448646
0.385712926603
-0.447324323934
-0.713104233146
0.539799316308
-0.506313562859
-0.718311764300
0.477152790345
-0.562588146888
-0.718258033972
0.409389757585
-0.615415157750
-0.712677027099
0.336683291324
-0.635576819070
-0.660254884977
0.400131970636
-0.650061815511
-0.603069507051
0.462305965437
-0.522930867039
-0.659023410641
0.540584362080
-0.580977719743
-0.662578021642
0.472710539759
-0.593850590289
-0.601399650797
0.534471642311
-0.333841333199
-0.942332163968
0.023665523430
-0.408156533249
-0.911665690023
0.047685574359
-0.488830783728
-0.870086089801
0.063203332309
-0.041031605043
-0.999069740684
0.013268784308
-0.122535391087
-0.991665450872
0.039808434753
-0.202516332103
-0.977026792508
0.066376064617
-0.280668215127
-0.955402156439
0.091826316978
-0.359557829104
-0.926070884295
0.114502771982
-0.442026496969
-0.887283793021
0.131681610786
-0.426178466418
-0.862094619825
0.274161961677
-0.371245280163
-0.864453683924
0.338964261106
-0.312618219084
-0.860813890755
0.401583483948
-0.251213543613
-0.851025731095
0.461136596379
-0.066107206125
-0.992124264239
0.106392112518
-0.146836012938
-0.980197808969
0.132858724202
-0.227578080978
-0.960829134870
0.158163177266
-0.309277784571
-0.933615787924
0.180855778203
-0.392890313646
-0.898005532304
0.198048644013
-0.340316767644
-0.902577095852
0.263702642581
-0.283940626325
-0.901202768437
0.327431352934
-0.224002957518
-0.893907693759
0.388267575342
-0.007316668324
-0.985043919623
0.172148025778
-0.089102607555
-0.976162315156
0.197908715815
-0.172044741078
-0.959627132845
0.222522747097
-0.255554387346
-0.935083214426
0.245583666408
-0.198104825374
-0.930627446207
0.307712584289
-0.137376251584
-0.919926611100
0.367236702538
-0.027772931282
-0.965047844738
0.260598007773
-0.112805868573
-0.951924138241
0.284807428010
-0.050371366011
-0.937288283580
0.344896214750
0.333841333199
0.942332163968
0.023665523430
0.408156533249
0.911665690023
0.047685574359
0.488830783728
0.870086089801
0.063203332309
0.041031605043
0.999069740684
0.013268784308
0.122535391087
0.991665450872
0.039808434753
0.202516332103
0.977026792508
0.066376064617
0.280668215127
0.955402156439
0.091826316978
0.359557829104
0.926070884295
0.114502771982
0.442026496969
0.887283793021
0.131681610786
0.426178466418
0.862094619825
0.274161961677
0.371245280163
0.864453683924
0.338964261106
0.312618219084
0.860813890755
0.401583483948
0.251213543613
0.851025731095
0.461136596379
0.066107206125
0.992124264239
0.106392112518
0.146836012938
0.980197808969
0.132858724202
0.227578080978
0.960829134870
0.158163177266
0.309277784571
0.933615787924
0.180855778203
0.392890313646
0.898005532304
0.198048644013
0.340316767644
0.902577095852
0.263702642581
0.283940626325
0.901202768437
0.327431352934
0.224002957518
0.893907693759
0.388267575342
0.007316668324
0.985043919623
0.172148025778
0.089102607555
0.976162315156
0.197908715815
0.172044741078
0.959627132845
0.222522747097
0.255554387346
0.935083214426
0.245583666408
0.198104825374
0.930627446207
0.307712584289
0.137376251584
0.919926611100
0.367236702538
0.027772931282
0.965047844738
0.260598007773
0.112805868573
0.951924138241
0.284807428010
0.050371366011
0.937288283580
0.344896214750
-0.193769721081
-0.438971508976
-0.877358142095
-0.110891620384
-0.447220017987
-0.887523128735
-0.020039729706
-0.462154210242
-0.886573118918
-0.462239324710
-0.318510658959
-0.827578254198
-0.384398028776
-0.335503472363
-0.860043938125
-0.304162909958
-0.349476684601
-0.886200299665
-0.222259829924
-0.361280559400
-0.905580987765
-0.136763745497
-0.373315867359
-0.917567949035
-0.045343092920
-0.388666358389
-0.920262172308
-0.001540982574
-0.257689435286
-0.966226567796
-0.027137384061
-0.178525671544
-0.983560952349
-0.053397372187
-0.097427367605
-0.993809151037
-0.079777794538
-0.015520842167
-0.996691831489
-0.409703308078
-0.253563834150
-0.876269696704
-0.330250471002
-0.268830821559
-0.904800870790
-0.247424922718
-0.282744873562
-0.926734182003
-0.160709401266
-0.296826638874
-0.941311019164
-0.069947428774
-0.313719408628
-0.946935842525
-0.094477901412
-0.235730125864
-0.967215195241
-0.119706739580
-0.155559754972
-0.980546510438
-0.145750368312
-0.074119080717
-0.986541023988
-0.433405985281
-0.168782967129
-0.885252258924
-0.354838477301
-0.186090534000
-0.916220480115
-0.271863136609
-0.202538778815
-0.940780781069
-0.184904238402
-0.218052438421
-0.958260693507
-0.209955134780
-0.137687398924
-0.967967469266
-0.235341201352
-0.055860348888
-0.970306209590
-0.379525935876
-0.101274433061
-0.919621418414
-0.296689869001
-0.120149620974
-0.947385449652
-0.321314059004
-0.035796792232
-0.946295865547
0.671032851328
-0.733936345046
-0.105130175777
0.635268518457
-0.771302763911
-0.039063484738
0.584459079827
-0.810984552525
0.026676573486
0.802219327669
-0.528629856282
-0.277479053916
0.784312901608
-0.582664456380
-0.212968081275
0.761038323148
-0.631841218577
-0.146960352498
0.732118491255
-0.676390541561
-0.080612344273
0.695348989728
-0.718540533907
-0.013758038255
0.647074773253
-0.760556988943
0.053360138579
0.702833790276
-0.691112226512
0.168489031132
0.754118751045
-0.627824865528
0.192719608620
0.800600466141
-0.559224276168
0.215190851479
0.841433323102
-0.486249846538
0.235692701447
0.835413196417
-0.516667014490
-0.187456628024
0.814051224022
-0.567836130708
-0.121994808621
0.786083192864
-0.615653992834
-0.055166792584
0.750166836334
-0.661131368667
0.012451145697
0.704116274841
-0.705657310103
0.079170905018
0.756887865895
-0.645121998401
0.104586641780
0.805061552582
-0.579132323761
0.128380871353
0.848099582661
-0.508194767156
0.149883876801
0.880730309215
-0.445244603314
-0.161466298805
0.861152040160
-0.499009524812
-0.096987926444
0.834451283497
-0.550237375259
-0.030494037737
0.800319396153
-0.598399923102
0.037501948925
0.845531953849
-0.530495475570
0.060417426450
0.885403016864
-0.457620645662
0.081515902696
0.902456802915
-0.424463482657
-0.073501501779
0.877667588744
-0.479213598482
-0.007343752402
0.915164649293
-0.402816641269
0.014574573779
