0.600073348265
0.796221339609
0.077094455393
0.667873741128
0.724941585679
0.168535940577
0.722933338955
0.641844603699
0.255739891550
0.765287058428
0.546999140177
0.339304669653
0.417826021556
0.793293715920
0.442839131053
0.489903303795
0.805983141996
0.332243777593
0.553667839151
0.804348866455
0.215580205311
0.614159543999
0.727566687390
0.305703728985
0.663436674513
0.638311735354
0.390397115025
0.470871872734
0.699532547966
0.537525714552
0.546327577438
0.720661974046
0.426816702220
0.591556349304
0.622579958290
0.512303895295
0.525731112119
0.850650808352
0.000000000000
0.000000000000
0.525731112119
-0.850650808352
-0.525731112119
0.850650808352
0.000000000000
0.000000000000
0.525731112119
0.850650808352
0.850650808352
-0.000000000000
0.525731112119
-0.850650808352
-0.000000000000
0.525731112119
-0.000000000000
-0.525731112119
0.850650808352
-0.850650808352
-0.000000000000
-0.525731112119
-0.525731112119
-0.850650808352
0.000000000000
0.850650808352
-0.000000000000
-0.525731112119
0.525731112119
-0.850650808352
0.000000000000
0.000000000000
-0.525731112119
-0.850650808352
0.008379975676
0.420176504846
-0.907403703311
0.026430839430
0.295837756350
-0.954872469309
0.043772139217
0.167994558828
-0.984815631493
0.060891745029
0.036392558856
-0.997480715125
0.394492611769
0.291253190831
-0.871520027361
0.272901698508
0.334543723785
-0.902000642920
0.146131599313
0.371849028176
-0.916719071432
0.165070210938
0.245976213794
-0.955116499548
0.181368737287
0.116193276982
-0.976526755148
0.415598947059
0.151663451299
-0.896814201908
0.294834974040
0.200794927169
-0.934212896135
0.311072170395
0.064724853901
-0.948179728793
-0.600073348265
0.796221339609
-0.077094455393
-0.667873741128
0.724941585679
-0.168535940577
-0.722933338955
0.641844603699
-0.255739891550
-0.765287058428
0.546999140177
-0.339304669653
-0.417826021556
0.793293715920
-0.442839131053
-0.489903303795
0.805983141996
-0.332243777593
-0.553667839151
0.804348866455
-0.215580205311
-0.614159543999
0.727566687390
-0.305703728985
-0.663436674513
0.638311735354
-0.390397115025
-0.470871872734
0.699532547966
-0.537525714552
-0.546327577438
0.720661974046
-0.426816702220
-0.591556349304
0.622579958290
-0.512303895295
-0.008379975676
0.420176504846
0.907403703311
-0.026430839430
0.295837756350
0.954872469309
-0.043772139217
0.167994558828
0.984815631493
-0.060891745029
0.036392558856
0.997480715125
-0.394492611769
0.291253190831
0.871520027361
-0.272901698508
0.334543723785
0.902000642920
-0.146131599313
0.371849028176
0.916719071432
-0.165070210938
0.245976213794
0.955116499548
-0.181368737287
0.116193276982
0.976526755148
-0.415598947059
0.151663451299
0.896814201908
-0.294834974040
0.200794927169
0.934212896135
-0.311072170395
0.064724853901
0.948179728793
0.608453323941
0.791042229817
-0.063535369925
0.694304580557
0.708606428560
-0.125769944028
0.766705478172
0.614791933902
-0.184915082537
0.826178803457
0.509365972114
-0.240779756561
0.812318633325
0.549483873536
0.195463323099
0.762805002302
0.637320616731
0.109320446179
0.699799438464
0.714034571249
0.020865689208
0.779229754937
0.625547686500
-0.038614517157
0.844805411800
0.526219691214
-0.096936333598
0.886470819793
0.442678272995
0.134927507478
0.841162551478
0.538443939017
0.050236306849
0.902628519699
0.430326784031
-0.008978550641
-0.483711874771
0.868136685210
-0.111182363702
-0.421607700378
0.877142369137
-0.229930883631
-0.352909641364
0.870531825453
-0.342971027794
-0.277172315417
0.848670641768
-0.450481574949
-0.095789867732
0.992323004590
-0.078226311440
-0.225223277605
0.969564394324
-0.096017500924
-0.350983338969
0.929614776561
-0.112370204976
-0.284590730951
0.931251415486
-0.227549812158
-0.213129610579
0.916616806239
-0.338215019793
-0.016735943821
0.980203987547
-0.197281653942
-0.150558620320
0.965260641237
-0.213550922089
-0.073703404542
0.942630679326
-0.325599770503
-0.116361473494
0.497270960239
0.859756709534
-0.246266040749
0.464373696926
0.850711529707
-0.370023697591
0.423734450378
0.826759686236
-0.488114743011
0.375697228509
0.787778896738
-0.322036153824
0.734092321884
0.597830392821
-0.264680026189
0.666787501378
0.696662695817
-0.202684500182
0.587429233488
0.783483177247
-0.329568813048
0.551679942779
0.766181204547
-0.450307063933
0.506590392007
0.735248068952
-0.454135928913
0.689189165850
0.564605040488
-0.395768957118
0.627611629389
0.670425667197
-0.517852944761
0.577028749196
0.631558508931
0.859756709534
-0.116361473494
0.497270960239
0.850711529707
-0.246266040749
0.464373696926
0.826759686236
-0.370023697591
0.423734450378
0.787778896738
-0.488114743011
0.375697228509
0.597830392821
-0.322036153824
0.734092321884
0.696662695817
-0.264680026189
0.666787501378
0.783483177247
-0.202684500182
0.587429233488
0.766181204547
-0.329568813048
0.551679942779
0.735248068952
-0.450307063933
0.506590392007
0.564605040488
-0.454135928913
0.689189165850
0.670425667197
-0.395768957118
0.627611629389
0.631558508931
-0.517852944761
0.577028749196
-0.868136685210
-0.111182363702
0.483711874771
-0.877142369137
-0.229930883631
0.421607700378
-0.870531825453
-0.342971027794
0.352909641364
-0.848670641768
-0.450481574949
0.277172315417
-0.992323004590
-0.078226311440
0.095789867732
-0.969564394324
-0.096017500924
0.225223277605
-0.929614776561
-0.112370204976
0.350983338969
-0.931251415486
-0.227549812158
0.284590730951
-0.916616806239
-0.338215019793
0.213129610579
-0.980203987547
-0.197281653942
0.016735943821
-0.965260641237
-0.213550922089
0.150558620320
-0.942630679326
-0.325599770503
0.073703404542
0.497270960239
0.859756709534
-0.116361473494
0.464373696926
0.850711529707
-0.246266040749
0.423734450378
0.826759686236
-0.370023697591
0.375697228509
0.787778896738
-0.488114743011
0.734092321884
0.597830392821
-0.322036153824
0.666787501378
0.696662695817
-0.264680026189
0.587429233488
0.783483177247
-0.202684500182
0.551679942779
0.766181204547
-0.329568813048
0.506590392007
0.735248068952
-0.450307063933
0.689189165850
0.564605040488
-0.454135928913
0.627611629389
0.670425667197
-0.395768957118
0.577028749196
0.631558508931
-0.517852944761
-0.063535369925
0.608453323941
0.791042229817
-0.125769944028
0.694304580557
0.708606428560
-0.184915082537
0.766705478172
0.614791933902
-0.240779756561
0.826178803457
0.509365972114
0.195463323099
0.812318633325
0.549483873536
0.109320446179
0.762805002302
0.637320616731
0.020865689208
0.699799438464
0.714034571249
-0.038614517157
0.779229754937
0.625547686500
-0.096936333598
0.844805411800
0.526219691214
0.134927507478
0.886470819793
0.442678272995
0.050236306849
0.841162551478
0.538443939017
-0.008978550641
0.902628519699
0.430326784031
-0.077094455393
-0.600073348265
0.796221339609
-0.168535940577
-0.667873741128
0.724941585679
-0.255739891550
-0.722933338955
0.641844603699
-0.339304669653
-0.765287058428
0.546999140177
-0.442839131053
-0.417826021556
0.793293715920
-0.332243777593
-0.489903303795
0.805983141996
-0.215580205311
-0.553667839151
0.804348866455
-0.305703728985
-0.614159543999
0.727566687390
-0.390397115025
-0.663436674513
0.638311735354
-0.537525714552
-0.470871872734
0.699532547966
-0.426816702220
-0.546327577438
0.720661974046
-0.512303895295
-0.591556349304
0.622579958290
0.907403703311
-0.008379975676
0.420176504846
0.954872469309
-0.026430839430
0.295837756350
0.984815631493
-0.043772139217
0.167994558828
0.997480715125
-0.060891745029
0.036392558856
0.871520027361
-0.394492611769
0.291253190831
0.902000642920
-0.272901698508
0.334543723785
0.916719071432
-0.146131599313
0.371849028176
0.955116499548
-0.165070210938
0.245976213794
0.976526755148
-0.181368737287
0.116193276982
0.896814201908
-0.415598947059
0.151663451299
0.934212896135
-0.294834974040
0.200794927169
0.948179728793
-0.311072170395
0.064724853901
0.077094455393
0.600073348265
0.796221339609
0.168535940577
0.667873741128
0.724941585679
0.255739891550
0.722933338955
0.641844603699
0.339304669653
0.765287058428
0.546999140177
0.442839131053
0.417826021556
0.793293715920
0.332243777593
0.489903303795
0.805983141996
0.215580205311
0.553667839151
0.804348866455
0.305703728985
0.614159543999
0.727566687390
0.390397115025
0.663436674513
0.638311735354
0.537525714552
0.470871872734
0.699532547966
0.426816702220
0.546327577438
0.720661974046
0.512303895295
0.591556349304
0.622579958290
-0.111182363702
-0.483711874771
0.868136685210
-0.229930883631
-0.421607700378
0.877142369137
-0.342971027794
-0.352909641364
0.870531825453
-0.450481574949
-0.277172315417
0.848670641768
-0.078226311440
-0.095789867732
0.992323004590
-0.096017500924
-0.225223277605
0.969564394324
-0.112370204976
-0.350983338969
0.929614776561
-0.227549812158
-0.284590730951
0.931251415486
-0.338215019793
-0.213129610579
0.916616806239
-0.197281653942
-0.016735943821
0.980203987547
-0.213550922089
-0.150558620320
0.965260641237
-0.325599770503
-0.073703404542
0.942630679326
0.111182363702
0.483711874771
0.868136685210
0.229930883631
0.421607700378
0.877142369137
0.342971027794
0.352909641364
0.870531825453
0.450481574949
0.277172315417
0.848670641768
0.078226311440
0.095789867732
0.992323004590
0.096017500924
0.225223277605
0.969564394324
0.112370204976
0.350983338969
0.929614776561
0.227549812158
0.284590730951
0.931251415486
0.338215019793
0.213129610579
0.916616806239
0.197281653942
0.016735943821
0.980203987547
0.213550922089
0.150558620320
0.965260641237
0.325599770503
0.073703404542
0.942630679326
-0.420176504846
0.907403703311
0.008379975676
-0.295837756350
0.954872469309
0.026430839430
-0.167994558828
0.984815631493
0.043772139217
-0.036392558856
0.997480715125
0.060891745029
-0.291253190831
0.871520027361
0.394492611769
-0.334543723785
0.902000642920
0.272901698508
-0.371849028176
0.916719071432
0.146131599313
-0.245976213794
0.955116499548
0.165070210938
-0.116193276982
0.976526755148
0.181368737287
-0.151663451299
0.896814201908
0.415598947059
-0.200794927169
0.934212896135
0.294834974040
-0.064724853901
0.948179728793
0.311072170395
-0.791042229817
-0.063535369925
-0.608453323941
-0.708606428560
-0.125769944028
-0.694304580557
-0.614791933902
-0.184915082537
-0.766705478172
-0.509365972114
-0.240779756561
-0.826178803457
-0.549483873536
0.195463323099
-0.812318633325
-0.637320616731
0.109320446179
-0.762805002302
-0.714034571249
0.020865689208
-0.699799438464
-0.625547686500
-0.038614517157
-0.779229754937
-0.526219691214
-0.096936333598
-0.844805411800
-0.442678272995
0.134927507478
-0.886470819793
-0.538443939017
0.050236306849
-0.841162551478
-0.430326784031
-0.008978550641
-0.902628519699
-0.796221339609
-0.077094455393
0.600073348265
-0.724941585679
-0.168535940577
0.667873741128
-0.641844603699
-0.255739891550
0.722933338955
-0.546999140177
-0.339304669653
0.765287058428
-0.793293715920
-0.442839131053
0.417826021556
-0.805983141996
-0.332243777593
0.489903303795
-0.804348866455
-0.215580205311
0.553667839151
-0.727566687390
-0.305703728985
0.614159543999
-0.638311735354
-0.390397115025
0.663436674513
-0.699532547966
-0.537525714552
0.470871872734
-0.720661974046
-0.426816702220
0.546327577438
-0.622579958290
-0.512303895295
0.591556349304
-0.497270960239
0.859756709534
0.116361473494
-0.464373696926
0.850711529707
0.246266040749
-0.423734450378
0.826759686236
0.370023697591
-0.375697228509
0.787778896738
0.488114743011
-0.734092321884
0.597830392821
0.322036153824
-0.666787501378
0.696662695817
0.264680026189
-0.587429233488
0.783483177247
0.202684500182
-0.551679942779
0.766181204547
0.329568813048
-0.506590392007
0.735248068952
0.450307063933
-0.689189165850
0.564605040488
0.454135928913
-0.627611629389
0.670425667197
0.395768957118
-0.577028749196
0.631558508931
0.517852944761
-0.796221339609
0.077094455393
-0.600073348265
-0.724941585679
0.168535940577
-0.667873741128
-0.641844603699
0.255739891550
-0.722933338955
-0.546999140177
0.339304669653
-0.765287058428
-0.793293715920
0.442839131053
-0.417826021556
-0.805983141996
0.332243777593
-0.489903303795
-0.804348866455
0.215580205311
-0.553667839151
-0.727566687390
0.305703728985
-0.614159543999
-0.638311735354
0.390397115025
-0.663436674513
-0.699532547966
0.537525714552
-0.470871872734
-0.720661974046
0.426816702220
-0.546327577438
-0.622579958290
0.512303895295
-0.591556349304
-0.420176504846
-0.907403703311
-0.008379975676
-0.295837756350
-0.954872469309
-0.026430839430
-0.167994558828
-0.984815631493
-0.043772139217
-0.036392558856
-0.997480715125
-0.060891745029
-0.291253190831
-0.871520027361
-0.394492611769
-0.334543723785
-0.902000642920
-0.272901698508
-0.371849028176
-0.916719071432
-0.146131599313
-0.245976213794
-0.955116499548
-0.165070210938
-0.116193276982
-0.976526755148
-0.181368737287
-0.151663451299
-0.896814201908
-0.415598947059
-0.200794927169
-0.934212896135
-0.294834974040
-0.064724853901
-0.948179728793
-0.311072170395
0.791042229817
-0.063535369925
0.608453323941
0.708606428560
-0.125769944028
0.694304580557
0.614791933902
-0.184915082537
0.766705478172
0.509365972114
-0.240779756561
0.826178803457
0.549483873536
0.195463323099
0.812318633325
0.637320616731
0.109320446179
0.762805002302
0.714034571249
0.020865689208
0.699799438464
0.625547686500
-0.038614517157
0.779229754937
0.526219691214
-0.096936333598
0.844805411800
0.442678272995
0.134927507478
0.886470819793
0.538443939017
0.050236306849
0.841162551478
0.430326784031
-0.008978550641
0.902628519699
0.796221339609
-0.077094455393
-0.600073348265
0.724941585679
-0.168535940577
-0.667873741128
0.641844603699
-0.255739891550
-0.722933338955
0.546999140177
-0.339304669653
-0.765287058428
0.793293715920
-0.442839131053
-0.417826021556
0.805983141996
-0.332243777593
-0.489903303795
0.804348866455
-0.215580205311
-0.553667839151
0.727566687390
-0.305703728985
-0.614159543999
0.638311735354
-0.390397115025
-0.663436674513
0.699532547966
-0.537525714552
-0.470871872734
0.720661974046
-0.426816702220
-0.546327577438
0.622579958290
-0.512303895295
-0.591556349304
0.420176504846
0.907403703311
-0.008379975676
0.295837756350
0.954872469309
-0.026430839430
0.167994558828
0.984815631493
-0.043772139217
0.036392558856
0.997480715125
-0.060891745029
0.291253190831
0.871520027361
-0.394492611769
0.334543723785
0.902000642920
-0.272901698508
0.371849028176
0.916719071432
-0.146131599313
0.245976213794
0.955116499548
-0.165070210938
0.116193276982
0.976526755148
-0.181368737287
0.151663451299
0.896814201908
-0.415598947059
0.200794927169
0.934212896135
-0.294834974040
0.064724853901
0.948179728793
-0.311072170395
0.796221339609
0.077094455393
0.600073348265
0.724941585679
0.168535940577
0.667873741128
0.641844603699
0.255739891550
0.722933338955
0.546999140177
0.339304669653
0.765287058428
0.793293715920
0.442839131053
0.417826021556
0.805983141996
0.332243777593
0.489903303795
0.804348866455
0.215580205311
0.553667839151
0.727566687390
0.305703728985
0.614159543999
0.638311735354
0.390397115025
0.663436674513
0.699532547966
0.537525714552
0.470871872734
0.720661974046
0.426816702220
0.546327577438
0.622579958290
0.512303895295
0.591556349304
0.868136685210
-0.111182363702
-0.483711874771
0.877142369137
-0.229930883631
-0.421607700378
0.870531825453
-0.342971027794
-0.352909641364
0.848670641768
-0.450481574949
-0.277172315417
0.992323004590
-0.078226311440
-0.095789867732
0.969564394324
-0.096017500924
-0.225223277605
0.929614776561
-0.112370204976
-0.350983338969
0.931251415486
-0.227549812158
-0.284590730951
0.916616806239
-0.338215019793
-0.213129610579
0.980203987547
-0.197281653942
-0.016735943821
0.965260641237
-0.213550922089
-0.150558620320
0.942630679326
-0.325599770503
-0.073703404542
-0.111182363702
0.483711874771
-0.868136685210
-0.229930883631
0.421607700378
-0.877142369137
-0.342971027794
0.352909641364
-0.870531825453
-0.450481574949
0.277172315417
-0.848670641768
-0.078226311440
0.095789867732
-0.992323004590
-0.096017500924
0.225223277605
-0.969564394324
-0.112370204976
0.350983338969
-0.929614776561
-0.227549812158
0.284590730951
-0.931251415486
-0.338215019793
0.213129610579
-0.916616806239
-0.197281653942
0.016735943821
-0.980203987547
-0.213550922089
0.150558620320
-0.965260641237
-0.325599770503
0.073703404542
-0.942630679326
0.420176504846
-0.907403703311
0.008379975676
0.295837756350
-0.954872469309
0.026430839430
0.167994558828
-0.984815631493
0.043772139217
0.036392558856
-0.997480715125
0.060891745029
0.291253190831
-0.871520027361
0.394492611769
0.334543723785
-0.902000642920
0.272901698508
0.371849028176
-0.916719071432
0.146131599313
0.245976213794
-0.955116499548
0.165070210938
0.116193276982
-0.976526755148
0.181368737287
0.151663451299
-0.896814201908
0.415598947059
0.200794927169
-0.934212896135
0.294834974040
0.064724853901
-0.948179728793
0.311072170395
-0.907403703311
0.008379975676
0.420176504846
-0.954872469309
0.026430839430
0.295837756350
-0.984815631493
0.043772139217
0.167994558828
-0.997480715125
0.060891745029
0.036392558856
-0.871520027361
0.394492611769
0.291253190831
-0.902000642920
0.272901698508
0.334543723785
-0.916719071432
0.146131599313
0.371849028176
-0.955116499548
0.165070210938
0.245976213794
-0.976526755148
0.181368737287
0.116193276982
-0.896814201908
0.415598947059
0.151663451299
-0.934212896135
0.294834974040
0.200794927169
-0.948179728793
0.311072170395
0.064724853901
0.063535369925
-0.608453323941
0.791042229817
0.125769944028
-0.694304580557
0.708606428560
0.184915082537
-0.766705478172
0.614791933902
0.240779756561
-0.826178803457
0.509365972114
-0.195463323099
-0.812318633325
0.549483873536
-0.109320446179
-0.762805002302
0.637320616731
-0.020865689208
-0.699799438464
0.714034571249
0.038614517157
-0.779229754937
0.625547686500
0.096936333598
-0.844805411800
0.526219691214
-0.134927507478
-0.886470819793
0.442678272995
-0.050236306849
-0.841162551478
0.538443939017
0.008978550641
-0.902628519699
0.430326784031
-0.859756709534
0.116361473494
0.497270960239
-0.850711529707
0.246266040749
0.464373696926
-0.826759686236
0.370023697591
0.423734450378
-0.787778896738
0.488114743011
0.375697228509
-0.597830392821
0.322036153824
0.734092321884
-0.696662695817
0.264680026189
0.666787501378
-0.783483177247
0.202684500182
0.587429233488
-0.766181204547
0.329568813048
0.551679942779
-0.735248068952
0.450307063933
0.506590392007
-0.564605040488
0.454135928913
0.689189165850
-0.670425667197
0.395768957118
0.627611629389
-0.631558508931
0.517852944761
0.577028749196
-0.497270960239
-0.859756709534
-0.116361473494
-0.464373696926
-0.850711529707
-0.246266040749
-0.423734450378
-0.826759686236
-0.370023697591
-0.375697228509
-0.787778896738
-0.488114743011
-0.734092321884
-0.597830392821
-0.322036153824
-0.666787501378
-0.696662695817
-0.264680026189
-0.587429233488
-0.783483177247
-0.202684500182
-0.551679942779
-0.766181204547
-0.329568813048
-0.506590392007
-0.735248068952
-0.450307063933
-0.689189165850
-0.564605040488
-0.454135928913
-0.627611629389
-0.670425667197
-0.395768957118
-0.577028749196
-0.631558508931
-0.517852944761
0.116361473494
-0.497270960239
0.859756709534
0.246266040749
-0.464373696926
0.850711529707
0.370023697591
-0.423734450378
0.826759686236
0.488114743011
-0.375697228509
0.787778896738
0.322036153824
-0.734092321884
0.597830392821
0.264680026189
-0.666787501378
0.696662695817
0.202684500182
-0.587429233488
0.783483177247
0.329568813048
-0.551679942779
0.766181204547
0.450307063933
-0.506590392007
0.735248068952
0.454135928913
-0.689189165850
0.564605040488
0.395768957118
-0.627611629389
0.670425667197
0.517852944761
-0.577028749196
0.631558508931
-0.791042229817
0.063535369925
0.608453323941
-0.708606428560
0.125769944028
0.694304580557
-0.614791933902
0.184915082537
0.766705478172
-0.509365972114
0.240779756561
0.826178803457
-0.549483873536
-0.195463323099
0.812318633325
-0.637320616731
-0.109320446179
0.762805002302
-0.714034571249
-0.020865689208
0.699799438464
-0.625547686500
0.038614517157
0.779229754937
-0.526219691214
0.096936333598
0.844805411800
-0.442678272995
-0.134927507478
0.886470819793
-0.538443939017
-0.050236306849
0.841162551478
-0.430326784031
0.008978550641
0.902628519699
0.483711874771
-0.868136685210
-0.111182363702
0.421607700378
-0.877142369137
-0.229930883631
0.352909641364
-0.870531825453
-0.342971027794
0.277172315417
-0.848670641768
-0.450481574949
0.095789867732
-0.992323004590
-0.078226311440
0.225223277605
-0.969564394324
-0.096017500924
0.350983338969
-0.929614776561
-0.112370204976
0.284590730951
-0.931251415486
-0.227549812158
0.213129610579
-0.916616806239
-0.338215019793
0.016735943821
-0.980203987547
-0.197281653942
0.150558620320
-0.965260641237
-0.213550922089
0.073703404542
-0.942630679326
-0.325599770503
0.868136685210
0.111182363702
0.483711874771
0.877142369137
0.229930883631
0.421607700378
0.870531825453
0.342971027794
0.352909641364
0.848670641768
0.450481574949
0.277172315417
0.992323004590
0.078226311440
0.095789867732
0.969564394324
0.096017500924
0.225223277605
0.929614776561
0.112370204976
0.350983338969
0.931251415486
0.227549812158
0.284590730951
0.916616806239
0.338215019793
0.213129610579
0.980203987547
0.197281653942
0.016735943821
0.965260641237
0.213550922089
0.150558620320
0.942630679326
0.325599770503
0.073703404542
0.008379975676
-0.420176504846
0.907403703311
0.026430839430
-0.295837756350
0.954872469309
0.043772139217
-0.167994558828
0.984815631493
0.060891745029
-0.036392558856
0.997480715125
0.394492611769
-0.291253190831
0.871520027361
0.272901698508
-0.334543723785
0.902000642920
0.146131599313
-0.371849028176
0.916719071432
0.165070210938
-0.245976213794
0.955116499548
0.181368737287
-0.116193276982
0.976526755148
0.415598947059
-0.151663451299
0.896814201908
0.294834974040
-0.200794927169
0.934212896135
0.311072170395
-0.064724853901
0.948179728793
0.791042229817
0.063535369925
-0.608453323941
0.708606428560
0.125769944028
-0.694304580557
0.614791933902
0.184915082537
-0.766705478172
0.509365972114
0.240779756561
-0.826178803457
0.549483873536
-0.195463323099
-0.812318633325
0.637320616731
-0.109320446179
-0.762805002302
0.714034571249
-0.020865689208
-0.699799438464
0.625547686500
0.038614517157
-0.779229754937
0.526219691214
0.096936333598
-0.844805411800
0.442678272995
-0.134927507478
-0.886470819793
0.538443939017
-0.050236306849
-0.841162551478
0.430326784031
0.008978550641
-0.902628519699
-0.608453323941
-0.791042229817
-0.063535369925
-0.694304580557
-0.708606428560
-0.125769944028
-0.766705478172
-0.614791933902
-0.184915082537
-0.826178803457
-0.509365972114
-0.240779756561
-0.812318633325
-0.549483873536
0.195463323099
-0.762805002302
-0.637320616731
0.109320446179
-0.699799438464
-0.714034571249
0.020865689208
-0.779229754937
-0.625547686500
-0.038614517157
-0.844805411800
-0.526219691214
-0.096936333598
-0.886470819793
-0.442678272995
0.134927507478
-0.841162551478
-0.538443939017
0.050236306849
-0.902628519699
-0.430326784031
-0.008978550641
0.497270960239
-0.859756709534
0.116361473494
0.464373696926
-0.850711529707
0.246266040749
0.423734450378
-0.826759686236
0.370023697591
0.375697228509
-0.787778896738
0.488114743011
0.734092321884
-0.597830392821
0.322036153824
0.666787501378
-0.696662695817
0.264680026189
0.587429233488
-0.783483177247
0.202684500182
0.551679942779
-0.766181204547
0.329568813048
0.506590392007
-0.735248068952
0.450307063933
0.689189165850
-0.564605040488
0.454135928913
0.627611629389
-0.670425667197
0.395768957118
0.577028749196
-0.631558508931
0.517852944761
-0.116361473494
-0.497270960239
-0.859756709534
-0.246266040749
-0.464373696926
-0.850711529707
-0.370023697591
-0.423734450378
-0.826759686236
-0.488114743011
-0.375697228509
-0.787778896738
-0.322036153824
-0.734092321884
-0.597830392821
-0.264680026189
-0.666787501378
-0.696662695817
-0.202684500182
-0.587429233488
-0.783483177247
-0.329568813048
-0.551679942779
-0.766181204547
-0.450307063933
-0.506590392007
-0.735248068952
-0.454135928913
-0.689189165850
-0.564605040488
-0.395768957118
-0.627611629389
-0.670425667197
-0.517852944761
-0.577028749196
-0.631558508931
0.116361473494
0.497270960239
-0.859756709534
0.246266040749
0.464373696926
-0.850711529707
0.370023697591
0.423734450378
-0.826759686236
0.488114743011
0.375697228509
-0.787778896738
0.322036153824
0.734092321884
-0.597830392821
0.264680026189
0.666787501378
-0.696662695817
0.202684500182
0.587429233488
-0.783483177247
0.329568813048
0.551679942779
-0.766181204547
0.450307063933
0.506590392007
-0.735248068952
0.454135928913
0.689189165850
-0.564605040488
0.395768957118
0.627611629389
-0.670425667197
0.517852944761
0.577028749196
-0.631558508931
-0.859756709534
-0.116361473494
-0.497270960239
-0.850711529707
-0.246266040749
-0.464373696926
-0.826759686236
-0.370023697591
-0.423734450378
-0.787778896738
-0.488114743011
-0.375697228509
-0.597830392821
-0.322036153824
-0.734092321884
-0.696662695817
-0.264680026189
-0.666787501378
-0.783483177247
-0.202684500182
-0.587429233488
-0.766181204547
-0.329568813048
-0.551679942779
-0.735248068952
-0.450307063933
-0.506590392007
-0.564605040488
-0.454135928913
-0.689189165850
-0.670425667197
-0.395768957118
-0.627611629389
-0.631558508931
-0.517852944761
-0.577028749196
-0.608453323941
0.791042229817
0.063535369925
-0.694304580557
0.708606428560
0.125769944028
-0.766705478172
0.614791933902
0.184915082537
-0.826178803457
0.509365972114
0.240779756561
-0.812318633325
0.549483873536
-0.195463323099
-0.762805002302
0.637320616731
-0.109320446179
-0.699799438464
0.714034571249
-0.020865689208
-0.779229754937
0.625547686500
0.038614517157
-0.844805411800
0.526219691214
0.096936333598
-0.886470819793
0.442678272995
-0.134927507478
-0.841162551478
0.538443939017
-0.050236306849
-0.902628519699
0.430326784031
0.008978550641
0.063535369925
0.608453323941
-0.791042229817
0.125769944028
0.694304580557
-0.708606428560
0.184915082537
0.766705478172
-0.614791933902
0.240779756561
0.826178803457
-0.509365972114
-0.195463323099
0.812318633325
-0.549483873536
-0.109320446179
0.762805002302
-0.637320616731
-0.020865689208
0.699799438464
-0.714034571249
0.038614517157
0.779229754937
-0.625547686500
0.096936333598
0.844805411800
-0.526219691214
-0.134927507478
0.886470819793
-0.442678272995
-0.050236306849
0.841162551478
-0.538443939017
0.008978550641
0.902628519699
-0.430326784031
0.077094455393
-0.600073348265
-0.796221339609
0.168535940577
-0.667873741128
-0.724941585679
0.255739891550
-0.722933338955
-0.641844603699
0.339304669653
-0.765287058428
-0.546999140177
0.442839131053
-0.417826021556
-0.793293715920
0.332243777593
-0.489903303795
-0.805983141996
0.215580205311
-0.553667839151
-0.804348866455
0.305703728985
-0.614159543999
-0.727566687390
0.390397115025
-0.663436674513
-0.638311735354
0.537525714552
-0.470871872734
-0.699532547966
0.426816702220
-0.546327577438
-0.720661974046
0.512303895295
-0.591556349304
-0.622579958290
-0.907403703311
-0.008379975676
-0.420176504846
-0.954872469309
-0.026430839430
-0.295837756350
-0.984815631493
-0.043772139217
-0.167994558828
-0.997480715125
-0.060891745029
-0.036392558856
-0.871520027361
-0.394492611769
-0.291253190831
-0.902000642920
-0.272901698508
-0.334543723785
-0.916719071432
-0.146131599313
-0.371849028176
-0.955116499548
-0.165070210938
-0.245976213794
-0.976526755148
-0.181368737287
-0.116193276982
-0.896814201908
-0.415598947059
-0.151663451299
-0.934212896135
-0.294834974040
-0.200794927169
-0.948179728793
-0.311072170395
-0.064724853901
-0.077094455393
0.600073348265
-0.796221339609
-0.168535940577
0.667873741128
-0.724941585679
-0.255739891550
0.722933338955
-0.641844603699
-0.339304669653
0.765287058428
-0.546999140177
-0.442839131053
0.417826021556
-0.793293715920
-0.332243777593
0.489903303795
-0.805983141996
-0.215580205311
0.553667839151
-0.804348866455
-0.305703728985
0.614159543999
-0.727566687390
-0.390397115025
0.663436674513
-0.638311735354
-0.537525714552
0.470871872734
-0.699532547966
-0.426816702220
0.546327577438
-0.720661974046
-0.512303895295
0.591556349304
-0.622579958290
0.907403703311
0.008379975676
-0.420176504846
0.954872469309
0.026430839430
-0.295837756350
0.984815631493
0.043772139217
-0.167994558828
0.997480715125
0.060891745029
-0.036392558856
0.871520027361
0.394492611769
-0.291253190831
0.902000642920
0.272901698508
-0.334543723785
0.916719071432
0.146131599313
-0.371849028176
0.955116499548
0.165070210938
-0.245976213794
0.976526755148
0.181368737287
-0.116193276982
0.896814201908
0.415598947059
-0.151663451299
0.934212896135
0.294834974040
-0.200794927169
0.948179728793
0.311072170395
-0.064724853901
-0.063535369925
-0.608453323941
-0.791042229817
-0.125769944028
-0.694304580557
-0.708606428560
-0.184915082537
-0.766705478172
-0.614791933902
-0.240779756561
-0.826178803457
-0.509365972114
0.195463323099
-0.812318633325
-0.549483873536
0.109320446179
-0.762805002302
-0.637320616731
0.020865689208
-0.699799438464
-0.714034571249
-0.038614517157
-0.779229754937
-0.625547686500
-0.096936333598
-0.844805411800
-0.526219691214
0.134927507478
-0.886470819793
-0.442678272995
0.050236306849
-0.841162551478
-0.538443939017
-0.008978550641
-0.902628519699
-0.430326784031
0.859756709534
0.116361473494
-0.497270960239
0.850711529707
0.246266040749
-0.464373696926
0.826759686236
0.370023697591
-0.423734450378
0.787778896738
0.488114743011
-0.375697228509
0.597830392821
0.322036153824
-0.734092321884
0.696662695817
0.264680026189
-0.666787501378
0.783483177247
0.202684500182
-0.587429233488
0.766181204547
0.329568813048
-0.551679942779
0.735248068952
0.450307063933
-0.506590392007
0.564605040488
0.454135928913
-0.689189165850
0.670425667197
0.395768957118
-0.627611629389
0.631558508931
0.517852944761
-0.577028749196
-0.868136685210
0.111182363702
-0.483711874771
-0.877142369137
0.229930883631
-0.421607700378
-0.870531825453
0.342971027794
-0.352909641364
-0.848670641768
0.450481574949
-0.277172315417
-0.992323004590
0.078226311440
-0.095789867732
-0.969564394324
0.096017500924
-0.225223277605
-0.929614776561
0.112370204976
-0.350983338969
-0.931251415486
0.227549812158
-0.284590730951
-0.916616806239
0.338215019793
-0.213129610579
-0.980203987547
0.197281653942
-0.016735943821
-0.965260641237
0.213550922089
-0.150558620320
-0.942630679326
0.325599770503
-0.073703404542
0.111182363702
-0.483711874771
-0.868136685210
0.229930883631
-0.421607700378
-0.877142369137
0.342971027794
-0.352909641364
-0.870531825453
0.450481574949
-0.277172315417
-0.848670641768
0.078226311440
-0.095789867732
-0.992323004590
0.096017500924
-0.225223277605
-0.969564394324
0.112370204976
-0.350983338969
-0.929614776561
0.227549812158
-0.284590730951
-0.931251415486
0.338215019793
-0.213129610579
-0.916616806239
0.197281653942
-0.016735943821
-0.980203987547
0.213550922089
-0.150558620320
-0.965260641237
0.325599770503
-0.073703404542
-0.942630679326
0.600073348265
-0.796221339609
-0.077094455393
0.667873741128
-0.724941585679
-0.168535940577
0.722933338955
-0.641844603699
-0.255739891550
0.765287058428
-0.546999140177
-0.339304669653
0.417826021556
-0.793293715920
-0.442839131053
0.489903303795
-0.805983141996
-0.332243777593
0.553667839151
-0.804348866455
-0.215580205311
0.614159543999
-0.727566687390
-0.305703728985
0.663436674513
-0.638311735354
-0.390397115025
0.470871872734
-0.699532547966
-0.537525714552
0.546327577438
-0.720661974046
-0.426816702220
0.591556349304
-0.622579958290
-0.512303895295
-0.600073348265
-0.796221339609
0.077094455393
-0.667873741128
-0.724941585679
0.168535940577
-0.722933338955
-0.641844603699
0.255739891550
-0.765287058428
-0.546999140177
0.339304669653
-0.417826021556
-0.793293715920
0.442839131053
-0.489903303795
-0.805983141996
0.332243777593
-0.553667839151
-0.804348866455
0.215580205311
-0.614159543999
-0.727566687390
0.305703728985
-0.663436674513
-0.638311735354
0.390397115025
-0.470871872734
-0.699532547966
0.537525714552
-0.546327577438
-0.720661974046
0.426816702220
-0.591556349304
-0.622579958290
0.512303895295
-0.483711874771
-0.868136685210
0.111182363702
-0.421607700378
-0.877142369137
0.229930883631
-0.352909641364
-0.870531825453
0.342971027794
-0.277172315417
-0.848670641768
0.450481574949
-0.095789867732
-0.992323004590
0.078226311440
-0.225223277605
-0.969564394324
0.096017500924
-0.350983338969
-0.929614776561
0.112370204976
-0.284590730951
-0.931251415486
0.227549812158
-0.213129610579
-0.916616806239
0.338215019793
-0.016735943821
-0.980203987547
0.197281653942
-0.150558620320
-0.965260641237
0.213550922089
-0.073703404542
-0.942630679326
0.325599770503
0.483711874771
0.868136685210
0.111182363702
0.421607700378
0.877142369137
0.229930883631
0.352909641364
0.870531825453
0.342971027794
0.277172315417
0.848670641768
0.450481574949
0.095789867732
0.992323004590
0.078226311440
0.225223277605
0.969564394324
0.096017500924
0.350983338969
0.929614776561
0.112370204976
0.284590730951
0.931251415486
0.227549812158
0.213129610579
0.916616806239
0.338215019793
0.016735943821
0.980203987547
0.197281653942
0.150558620320
0.965260641237
0.213550922089
0.073703404542
0.942630679326
0.325599770503
-0.008379975676
-0.420176504846
-0.907403703311
-0.026430839430
-0.295837756350
-0.954872469309
-0.043772139217
-0.167994558828
-0.984815631493
-0.060891745029
-0.036392558856
-0.997480715125
-0.394492611769
-0.291253190831
-0.871520027361
-0.272901698508
-0.334543723785
-0.902000642920
-0.146131599313
-0.371849028176
-0.916719071432
-0.165070210938
-0.245976213794
-0.955116499548
-0.181368737287
-0.116193276982
-0.976526755148
-0.415598947059
-0.151663451299
-0.896814201908
-0.294834974040
-0.200794927169
-0.934212896135
-0.311072170395
-0.064724853901
-0.948179728793
0.608453323941
-0.791042229817
0.063535369925
0.694304580557
-0.708606428560
0.125769944028
0.766705478172
-0.614791933902
0.184915082537
0.826178803457
-0.509365972114
0.240779756561
0.812318633325
-0.549483873536
-0.195463323099
0.762805002302
-0.637320616731
-0.109320446179
0.699799438464
-0.714034571249
-0.020865689208
0.779229754937
-0.625547686500
0.038614517157
0.844805411800
-0.526219691214
0.096936333598
0.886470819793
-0.442678272995
-0.134927507478
0.841162551478
-0.538443939017
-0.050236306849
0.902628519699
-0.430326784031
0.008978550641
