0.614697808865
0.784676406067
0.080184422041
0.543196532875
0.836841804441
0.068068502349
0.692876858637
0.703162576538
0.159637244159
0.498586929403
0.841911284719
0.206389104586
0.559792773798
0.815725381020
0.145685116475
0.758200563490
0.607616057154
0.236505037180
0.443705318961
0.831462661270
0.334358240274
0.509577647317
0.813328273594
0.280762783728
0.572378598154
0.789732610807
0.220692419000
0.630243254360
0.760543201119
0.156100863438
0.380717337597
0.804340875708
0.456168899114
0.450175616425
0.794382133521
0.407797670811
0.517282407731
0.779197006952
0.353936343160
0.581294198520
0.758506734390
0.294558294149
0.640909633134
0.732160642277
0.230598430299
0.761161759030
0.569213292561
0.310852061537
0.758687774651
0.526718716603
0.383353954167
0.453607690521
0.751399789006
0.479206031038
0.521498471964
0.739331515972
0.425943955504
0.586466169916
0.721848072950
0.367413651247
0.647502736654
0.698716418352
0.304196602136
0.702734058257
0.671374096535
0.235418066144
0.707455564756
0.635374380741
0.309525475839
0.707325728610
0.594593418296
0.382294363763
0.702502736356
0.548553685658
0.453407939237
0.522008551750
0.693479363341
0.496581760156
0.587707143743
0.679529080167
0.439136131969
0.649951847736
0.659942964092
0.376879131514
0.648017956410
0.615601269063
0.448450449547
0.641829617321
0.565358594526
0.518096903991
0.584752103779
0.631299424917
0.509436957067
0.525731112119
0.850650808352
0.000000000000
0.000000000000
0.525731112119
-0.850650808352
-0.525731112119
0.850650808352
0.000000000000
0.000000000000
0.525731112119
0.850650808352
0.850650808352
-0.000000000000
0.525731112119
-0.850650808352
-0.000000000000
0.525731112119
-0.000000000000
-0.525731112119
0.850650808352
-0.850650808352
-0.000000000000
-0.525731112119
-0.525731112119
-0.850650808352
0.000000000000
0.850650808352
-0.000000000000
-0.525731112119
0.525731112119
-0.850650808352
0.000000000000
0.000000000000
-0.525731112119
-0.850650808352
0.577350269190
0.577350269190
0.577350269190
0.356822089773
0.000000000000
-0.934172358963
-0.577350269190
0.577350269190
-0.577350269190
-0.356822089773
0.000000000000
0.934172358963
0.934172358963
0.356822089773
-0.000000000000
0.000000000000
0.934172358963
-0.356822089773
-0.577350269190
0.577350269190
0.577350269190
0.577350269190
-0.577350269190
0.577350269190
-0.934172358963
-0.356822089773
-0.000000000000
0.577350269190
0.577350269190
-0.577350269190
-0.000000000000
0.934172358963
0.356822089773
-0.577350269190
-0.577350269190
0.577350269190
0.934172358963
-0.356822089773
0.000000000000
0.356822089773
-0.000000000000
0.934172358963
-0.356822089773
-0.000000000000
-0.934172358963
-0.000000000000
-0.934172358963
-0.356822089773
0.577350269190
-0.577350269190
-0.577350269190
0.000000000000
-0.934172358963
0.356822089773
-0.934172358963
0.356822089773
0.000000000000
-0.577350269190
-0.577350269190
-0.577350269190
1.000000000000
0.000000000000
0.000000000000
-0.500000000000
-0.309016994375
-0.809016994375
-1.000000000000
0.000000000000
0.000000000000
0.500000000000
-0.309016994375
0.809016994375
0.500000000000
0.309016994375
-0.809016994375
-0.500000000000
0.309016994375
-0.809016994375
-0.500000000000
-0.309016994375
0.809016994375
0.809016994375
-0.500000000000
-0.309016994375
-0.309016994375
-0.809016994375
0.500000000000
-0.309016994375
0.809016994375
-0.500000000000
-0.809016994375
0.500000000000
0.309016994375
0.000000000000
-1.000000000000
0.000000000000
0.809016994375
0.500000000000
-0.309016994375
-0.000000000000
1.000000000000
0.000000000000
-0.809016994375
-0.500000000000
0.309016994375
0.809016994375
0.500000000000
0.309016994375
0.309016994375
0.809016994375
-0.500000000000
-0.309016994375
-0.809016994375
-0.500000000000
0.000000000000
-0.000000000000
1.000000000000
0.309016994375
0.809016994375
0.500000000000
0.000000000000
0.000000000000
-1.000000000000
0.309016994375
-0.809016994375
0.500000000000
-0.309016994375
0.809016994375
0.500000000000
0.309016994375
-0.809016994375
-0.500000000000
-0.809016994375
0.500000000000
-0.309016994375
-0.809016994375
-0.500000000000
-0.309016994375
0.809016994375
-0.500000000000
0.309016994375
0.500000000000
0.309016994375
0.809016994375
0.500000000000
-0.309016994375
-0.809016994375
-0.500000000000
0.309016994375
0.809016994375
0.000000000242
0.404772267228
-0.914417525905
0.042068647920
0.475128030278
-0.878910452610
0.000000000100
0.274941127820
-0.961461063295
0.177843723096
0.423854150442
-0.888098682191
0.090038353635
0.414107657319
-0.905763734660
0.000000000305
0.139022338439
-0.990289245329
0.305584931631
0.368375818965
-0.878018852623
0.223685298312
0.360146850505
-0.905681584990
0.136395416175
0.351686179609
-0.926128026527
0.046187398280
0.342486066755
-0.938386923566
0.427244722754
0.304992860790
-0.851141176155
0.350305017027
0.299657894712
-0.887407201448
0.268484429792
0.293566394130
-0.917461107185
0.182047037814
0.286735905321
-0.940553771256
0.092353313498
0.278979218568
-0.955845940041
0.046800301830
0.069865277329
-0.996458014556
0.093561011143
0.000000000112
-0.995613548117
0.393077282029
0.228119698206
-0.890759032311
0.312312665584
0.224007892769
-0.923190805247
0.227074124764
0.219052519620
-0.948922196764
0.138264099951
0.213085806097
-0.967200846724
0.046556192577
0.208287254081
-0.976959027145
0.093025069207
0.140650141616
-0.985679397250
0.139359243830
0.071313327565
-0.987670699409
0.185075771245
0.000000000276
-0.982724253745
0.355035715708
0.151436196413
-0.922505674230
0.271401055679
0.148571012911
-0.950930134710
0.183859289574
0.144619341036
-0.972255628853
0.229026310513
0.073558102466
-0.970636983972
0.272939805025
-0.000000000354
-0.962031113235
0.314849354778
0.075315147199
-0.946148779209
-0.614697808865
0.784676406067
-0.080184422041
-0.543196532875
0.836841804441
-0.068068502349
-0.692876858637
0.703162576538
-0.159637244159
-0.498586929403
0.841911284719
-0.206389104586
-0.559792773798
0.815725381020
-0.145685116475
-0.758200563490
0.607616057154
-0.236505037180
-0.443705318961
0.831462661270
-0.334358240274
-0.509577647317
0.813328273594
-0.280762783728
-0.572378598154
0.789732610807
-0.220692419000
-0.630243254360
0.760543201119
-0.156100863438
-0.380717337597
0.804340875708
-0.456168899114
-0.450175616425
0.794382133521
-0.407797670811
-0.517282407731
0.779197006952
-0.353936343160
-0.581294198520
0.758506734390
-0.294558294149
-0.640909633134
0.732160642277
-0.230598430299
-0.761161759030
0.569213292561
-0.310852061537
-0.758687774651
0.526718716603
-0.383353954167
-0.453607690521
0.751399789006
-0.479206031038
-0.521498471964
0.739331515972
-0.425943955504
-0.586466169916
0.721848072950
-0.367413651247
-0.647502736654
0.698716418352
-0.304196602136
-0.702734058257
0.671374096535
-0.235418066144
-0.707455564756
0.635374380741
-0.309525475839
-0.707325728610
0.594593418296
-0.382294363763
-0.702502736356
0.548553685658
-0.453407939237
-0.522008551750
0.693479363341
-0.496581760156
-0.587707143743
0.679529080167
-0.439136131969
-0.649951847736
0.659942964092
-0.376879131514
-0.648017956410
0.615601269063
-0.448450449547
-0.641829617321
0.565358594526
-0.518096903991
-0.584752103779
0.631299424917
-0.509436957067
-0.000000000242
0.404772267228
0.914417525905
-0.042068647920
0.475128030278
0.878910452610
-0.000000000100
0.274941127820
0.961461063295
-0.177843723096
0.423854150442
0.888098682191
-0.090038353635
0.414107657319
0.905763734660
-0.000000000305
0.139022338439
0.990289245329
-0.305584931631
0.368375818965
0.878018852623
-0.223685298312
0.360146850505
0.905681584990
-0.136395416175
0.351686179609
0.926128026527
-0.046187398280
0.342486066755
0.938386923566
-0.427244722754
0.304992860790
0.851141176155
-0.350305017027
0.299657894712
0.887407201448
-0.268484429792
0.293566394130
0.917461107185
-0.182047037814
0.286735905321
0.940553771256
-0.092353313498
0.278979218568
0.955845940041
-0.046800301830
0.069865277329
0.996458014556
-0.093561011143
0.000000000112
0.995613548117
-0.393077282029
0.228119698206
0.890759032311
-0.312312665584
0.224007892769
0.923190805247
-0.227074124764
0.219052519620
0.948922196764
-0.138264099951
0.213085806097
0.967200846724
-0.046556192577
0.208287254081
0.976959027145
-0.093025069207
0.140650141616
0.985679397250
-0.139359243830
0.071313327565
0.987670699409
-0.185075771245
0.000000000276
0.982724253745
-0.355035715708
0.151436196413
0.922505674230
-0.271401055679
0.148571012911
0.950930134710
-0.183859289574
0.144619341036
0.972255628853
-0.229026310513
0.073558102466
0.970636983972
-0.272939805025
-0.000000000354
0.962031113235
-0.314849354778
0.075315147199
0.946148779209
0.614697809107
0.784676405917
-0.080184421649
0.585265180796
0.810841950166
-0.000000000154
0.692876858737
0.703162576476
-0.159637243997
0.676430652499
0.731997819160
0.081368084070
0.649831127433
0.760078618183
-0.000000000002
0.758200563795
0.607616056965
-0.236505036687
0.749290250592
0.642600787072
0.160088565555
0.733262945629
0.675083156454
0.081167631724
0.708774014329
0.705435607701
0.000000000281
0.676430652640
0.731997819130
-0.081368083169
0.807962060351
0.540289115532
0.235127583816
0.800480633451
0.577881726569
0.159007753167
0.785766837523
0.613264503890
0.080480589694
0.763341236335
0.645995477469
0.000000000586
0.733262946631
0.675083155562
-0.081167630086
0.807962060860
0.540289115347
-0.235127582492
0.852248785793
0.468894831695
-0.231969058117
0.846684972549
0.508464668506
0.156806371490
0.833811137548
0.546311673524
0.079388552528
0.813540294680
0.581508545880
0.000000000587
0.785766836605
0.613264505158
-0.080480588991
0.749290250834
0.642600787136
-0.160088564167
0.800480633963
0.577881726165
-0.159007752056
0.846684972440
0.508464668963
-0.156806370600
0.887578507601
0.434170568534
-0.153949050869
0.877044267459
0.474055223813
0.077878095080
0.859108199422
0.511794003175
0.000000000703
0.833811137310
0.546311673987
-0.079388551835
0.877044266923
0.474055224847
-0.077878094819
0.914769422347
0.396672518137
-0.076471022577
0.899601458558
0.436711822327
0.000000000300
-0.484956688877
0.864860827958
-0.129741119838
-0.475128030431
0.878910452515
-0.042068648169
-0.434578371817
0.862799820635
-0.258298486758
-0.342486066372
0.938386923745
-0.046187397472
-0.414107657321
0.905763734658
-0.090038353639
-0.375527375127
0.844121094146
-0.382673188176
-0.208287253410
0.976959027346
-0.046556191353
-0.278979218781
0.955845940182
-0.092353311396
-0.351686179328
0.926128026701
-0.136395415720
-0.423854149924
0.888098682568
-0.177843722447
-0.069865276974
0.996458014646
-0.046800300447
-0.140650141545
0.985679397381
-0.093025067927
-0.213085804437
0.967200847050
-0.138264100233
-0.286735904734
0.940553771618
-0.182047036866
-0.360146848655
0.905681585861
-0.223685297764
-0.304992859821
0.851141176883
-0.427244721994
-0.231969058229
0.852248785862
-0.468894831514
-0.071313326716
0.987670699544
-0.139359243305
-0.144619340240
0.972255629027
-0.183859289276
-0.219052519032
0.948922197127
-0.227074123814
-0.293566395088
0.917461107294
-0.268484428372
-0.368375818248
0.878018853280
-0.305584930610
-0.299657893672
0.887407202004
-0.350305016508
-0.228119698164
0.890759032726
-0.393077281112
-0.153949051146
0.887578507772
-0.434170568087
-0.073558101333
0.970636983969
-0.229026310890
-0.148571012208
0.950930135144
-0.271401054542
-0.224007892871
0.923190805501
-0.312312664761
-0.151436197285
0.922505674395
-0.355035714909
-0.076471022223
0.914769422128
-0.396672518710
-0.075315146898
0.946148779394
-0.314849354292
-0.129741119988
0.484956689269
0.864860827716
-0.068068502444
0.543196532627
0.836841804595
-0.258298486820
0.434578371979
0.862799820535
-0.156100863031
0.630243255027
0.760543200649
-0.145685116477
0.559792773794
0.815725381023
-0.382673188364
0.375527375620
0.844121093841
-0.235418065551
0.702734059239
0.671374095715
-0.230598428536
0.640909634233
0.732160641870
-0.220692418826
0.572378598609
0.789732610526
-0.206389104436
0.498586930193
0.841911284288
-0.310852060623
0.761161759904
0.569213291892
-0.309525474879
0.707455565524
0.635374380354
-0.304196603294
0.647502737290
0.698716417258
-0.294558293786
0.581294199469
0.758506733804
-0.280762784479
0.509577648868
0.813328272364
-0.456168899209
0.380717338866
0.804340875053
-0.526718716422
0.383353954279
0.758687774720
-0.382294363804
0.707325729244
0.594593417515
-0.376879131724
0.649951848272
0.659942963443
-0.367413650884
0.586466170867
0.721848072362
-0.353936341566
0.517282408233
0.779197007342
-0.334358240010
0.443705320225
0.831462660702
-0.407797671084
0.450175617455
0.794382132797
-0.479206030446
0.453607691327
0.751399788896
-0.548553685210
0.453407939514
0.702502736527
-0.448450450418
0.648017956569
0.615601268261
-0.439136131535
0.587707144880
0.679529079465
-0.425943954865
0.521498472550
0.739331515927
-0.496581759125
0.522008552013
0.693479363882
-0.565358595098
0.518096903637
0.641829617103
-0.509436956881
0.584752104266
0.631299424616
0.864860827716
-0.129741119988
0.484956689269
0.836841804595
-0.068068502444
0.543196532627
0.862799820535
-0.258298486820
0.434578371979
0.760543200649
-0.156100863031
0.630243255027
0.815725381023
-0.145685116477
0.559792773794
0.844121093841
-0.382673188364
0.375527375620
0.671374095715
-0.235418065551
0.702734059239
0.732160641870
-0.230598428536
0.640909634233
0.789732610526
-0.220692418826
0.572378598609
0.841911284288
-0.206389104436
0.498586930193
0.569213291892
-0.310852060623
0.761161759904
0.635374380354
-0.309525474879
0.707455565524
0.698716417258
-0.304196603294
0.647502737290
0.758506733804
-0.294558293786
0.581294199469
0.813328272364
-0.280762784479
0.509577648868
0.804340875053
-0.456168899209
0.380717338866
0.758687774720
-0.526718716422
0.383353954279
0.594593417515
-0.382294363804
0.707325729244
0.659942963443
-0.376879131724
0.649951848272
0.721848072362
-0.367413650884
0.586466170867
0.779197007342
-0.353936341566
0.517282408233
0.831462660702
-0.334358240010
0.443705320225
0.794382132797
-0.407797671084
0.450175617455
0.751399788896
-0.479206030446
0.453607691327
0.702502736527
-0.548553685210
0.453407939514
0.615601268261
-0.448450450418
0.648017956569
0.679529079465
-0.439136131535
0.587707144880
0.739331515927
-0.425943954865
0.521498472550
0.693479363882
-0.496581759125
0.522008552013
0.641829617103
-0.565358595098
0.518096903637
0.631299424616
-0.509436956881
0.584752104266
-0.864860827958
-0.129741119838
0.484956688877
-0.878910452515
-0.042068648169
0.475128030431
-0.862799820635
-0.258298486758
0.434578371817
-0.938386923745
-0.046187397472
0.342486066372
-0.905763734658
-0.090038353639
0.414107657321
-0.844121094146
-0.382673188176
0.375527375127
-0.976959027346
-0.046556191353
0.208287253410
-0.955845940182
-0.092353311396
0.278979218781
-0.926128026701
-0.136395415720
0.351686179328
-0.888098682568
-0.177843722447
0.423854149924
-0.996458014646
-0.046800300447
0.069865276974
-0.985679397381
-0.093025067927
0.140650141545
-0.967200847050
-0.138264100233
0.213085804437
-0.940553771618
-0.182047036866
0.286735904734
-0.905681585861
-0.223685297764
0.360146848655
-0.851141176883
-0.427244721994
0.304992859821
-0.852248785862
-0.468894831514
0.231969058229
-0.987670699544
-0.139359243305
0.071313326716
-0.972255629027
-0.183859289276
0.144619340240
-0.948922197127
-0.227074123814
0.219052519032
-0.917461107294
-0.268484428372
0.293566395088
-0.878018853280
-0.305584930610
0.368375818248
-0.887407202004
-0.350305016508
0.299657893672
-0.890759032726
-0.393077281112
0.228119698164
-0.887578507772
-0.434170568087
0.153949051146
-0.970636983969
-0.229026310890
0.073558101333
-0.950930135144
-0.271401054542
0.148571012208
-0.923190805501
-0.312312664761
0.224007892871
-0.922505674395
-0.355035714909
0.151436197285
-0.914769422128
-0.396672518710
0.076471022223
-0.946148779394
-0.314849354292
0.075315146898
0.484956689269
0.864860827716
-0.129741119988
0.543196532627
0.836841804595
-0.068068502444
0.434578371979
0.862799820535
-0.258298486820
0.630243255027
0.760543200649
-0.156100863031
0.559792773794
0.815725381023
-0.145685116477
0.375527375620
0.844121093841
-0.382673188364
0.702734059239
0.671374095715
-0.235418065551
0.640909634233
0.732160641870
-0.230598428536
0.572378598609
0.789732610526
-0.220692418826
0.498586930193
0.841911284288
-0.206389104436
0.761161759904
0.569213291892
-0.310852060623
0.707455565524
0.635374380354
-0.309525474879
0.647502737290
0.698716417258
-0.304196603294
0.581294199469
0.758506733804
-0.294558293786
0.509577648868
0.813328272364
-0.280762784479
0.380717338866
0.804340875053
-0.456168899209
0.383353954279
0.758687774720
-0.526718716422
0.707325729244
0.594593417515
-0.382294363804
0.649951848272
0.659942963443
-0.376879131724
0.586466170867
0.721848072362
-0.367413650884
0.517282408233
0.779197007342
-0.353936341566
0.443705320225
0.831462660702
-0.334358240010
0.450175617455
0.794382132797
-0.407797671084
0.453607691327
0.751399788896
-0.479206030446
0.453407939514
0.702502736527
-0.548553685210
0.648017956569
0.615601268261
-0.448450450418
0.587707144880
0.679529079465
-0.439136131535
0.521498472550
0.739331515927
-0.425943954865
0.522008552013
0.693479363882
-0.496581759125
0.518096903637
0.641829617103
-0.565358595098
0.584752104266
0.631299424616
-0.509436956881
-0.080184421649
0.614697809107
0.784676405917
-0.000000000154
0.585265180796
0.810841950166
-0.159637243997
0.692876858737
0.703162576476
0.081368084070
0.676430652499
0.731997819160
-0.000000000002
0.649831127433
0.760078618183
-0.236505036687
0.758200563795
0.607616056965
0.160088565555
0.749290250592
0.642600787072
0.081167631724
0.733262945629
0.675083156454
0.000000000281
0.708774014329
0.705435607701
-0.081368083169
0.676430652640
0.731997819130
0.235127583816
0.807962060351
0.540289115532
0.159007753167
0.800480633451
0.577881726569
0.080480589694
0.785766837523
0.613264503890
0.000000000586
0.763341236335
0.645995477469
-0.081167630086
0.733262946631
0.675083155562
-0.235127582492
0.807962060860
0.540289115347
-0.231969058117
0.852248785793
0.468894831695
0.156806371490
0.846684972549
0.508464668506
0.079388552528
0.833811137548
0.546311673524
0.000000000587
0.813540294680
0.581508545880
-0.080480588991
0.785766836605
0.613264505158
-0.160088564167
0.749290250834
0.642600787136
-0.159007752056
0.800480633963
0.577881726165
-0.156806370600
0.846684972440
0.508464668963
-0.153949050869
0.887578507601
0.434170568534
0.077878095080
0.877044267459
0.474055223813
0.000000000703
0.859108199422
0.511794003175
-0.079388551835
0.833811137310
0.546311673987
-0.077878094819
0.877044266923
0.474055224847
-0.076471022577
0.914769422347
0.396672518137
0.000000000300
0.899601458558
0.436711822327
-0.080184422041
-0.614697808865
0.784676406067
-0.068068502349
-0.543196532875
0.836841804441
-0.159637244159
-0.692876858637
0.703162576538
-0.206389104586
-0.498586929403
0.841911284719
-0.145685116475
-0.559792773798
0.815725381020
-0.236505037180
-0.758200563490
0.607616057154
-0.334358240274
-0.443705318961
0.831462661270
-0.280762783728
-0.509577647317
0.813328273594
-0.220692419000
-0.572378598154
0.789732610807
-0.156100863438
-0.630243254360
0.760543201119
-0.456168899114
-0.380717337597
0.804340875708
-0.407797670811
-0.450175616425
0.794382133521
-0.353936343160
-0.517282407731
0.779197006952
-0.294558294149
-0.581294198520
0.758506734390
-0.230598430299
-0.640909633134
0.732160642277
-0.310852061537
-0.761161759030
0.569213292561
-0.383353954167
-0.758687774651
0.526718716603
-0.479206031038
-0.453607690521
0.751399789006
-0.425943955504
-0.521498471964
0.739331515972
-0.367413651247
-0.586466169916
0.721848072950
-0.304196602136
-0.647502736654
0.698716418352
-0.235418066144
-0.702734058257
0.671374096535
-0.309525475839
-0.707455564756
0.635374380741
-0.382294363763
-0.707325728610
0.594593418296
-0.453407939237
-0.702502736356
0.548553685658
-0.496581760156
-0.522008551750
0.693479363341
-0.439136131969
-0.587707143743
0.679529080167
-0.376879131514
-0.649951847736
0.659942964092
-0.448450449547
-0.648017956410
0.615601269063
-0.518096903991
-0.641829617321
0.565358594526
-0.509436957067
-0.584752103779
0.631299424917
0.914417525905
-0.000000000242
0.404772267228
0.878910452610
-0.042068647920
0.475128030278
0.961461063295
-0.000000000100
0.274941127820
0.888098682191
-0.177843723096
0.423854150442
0.905763734660
-0.090038353635
0.414107657319
0.990289245329
-0.000000000305
0.139022338439
0.878018852623
-0.305584931631
0.368375818965
0.905681584990
-0.223685298312
0.360146850505
0.926128026527
-0.136395416175
0.351686179609
0.938386923566
-0.046187398280
0.342486066755
0.851141176155
-0.427244722754
0.304992860790
0.887407201448
-0.350305017027
0.299657894712
0.917461107185
-0.268484429792
0.293566394130
0.940553771256
-0.182047037814
0.286735905321
0.955845940041
-0.092353313498
0.278979218568
0.996458014556
-0.046800301830
0.069865277329
0.995613548117
-0.093561011143
0.000000000112
0.890759032311
-0.393077282029
0.228119698206
0.923190805247
-0.312312665584
0.224007892769
0.948922196764
-0.227074124764
0.219052519620
0.967200846724
-0.138264099951
0.213085806097
0.976959027145
-0.046556192577
0.208287254081
0.985679397250
-0.093025069207
0.140650141616
0.987670699409
-0.139359243830
0.071313327565
0.982724253745
-0.185075771245
0.000000000276
0.922505674230
-0.355035715708
0.151436196413
0.950930134710
-0.271401055679
0.148571012911
0.972255628853
-0.183859289574
0.144619341036
0.970636983972
-0.229026310513
0.073558102466
0.962031113235
-0.272939805025
-0.000000000354
0.946148779209
-0.314849354778
0.075315147199
0.080184422041
0.614697808865
0.784676406067
0.068068502349
0.543196532875
0.836841804441
0.159637244159
0.692876858637
0.703162576538
0.206389104586
0.498586929403
0.841911284719
0.145685116475
0.559792773798
0.815725381020
0.236505037180
0.758200563490
0.607616057154
0.334358240274
0.443705318961
0.831462661270
0.280762783728
0.509577647317
0.813328273594
0.220692419000
0.572378598154
0.789732610807
0.156100863438
0.630243254360
0.760543201119
0.456168899114
0.380717337597
0.804340875708
0.407797670811
0.450175616425
0.794382133521
0.353936343160
0.517282407731
0.779197006952
0.294558294149
0.581294198520
0.758506734390
0.230598430299
0.640909633134
0.732160642277
0.310852061537
0.761161759030
0.569213292561
0.383353954167
0.758687774651
0.526718716603
0.479206031038
0.453607690521
0.751399789006
0.425943955504
0.521498471964
0.739331515972
0.367413651247
0.586466169916
0.721848072950
0.304196602136
0.647502736654
0.698716418352
0.235418066144
0.702734058257
0.671374096535
0.309525475839
0.707455564756
0.635374380741
0.382294363763
0.707325728610
0.594593418296
0.453407939237
0.702502736356
0.548553685658
0.496581760156
0.522008551750
0.693479363341
0.439136131969
0.587707143743
0.679529080167
0.376879131514
0.649951847736
0.659942964092
0.448450449547
0.648017956410
0.615601269063
0.518096903991
0.641829617321
0.565358594526
0.509436957067
0.584752103779
0.631299424917
-0.129741119838
-0.484956688877
0.864860827958
-0.042068648169
-0.475128030431
0.878910452515
-0.258298486758
-0.434578371817
0.862799820635
-0.046187397472
-0.342486066372
0.938386923745
-0.090038353639
-0.414107657321
0.905763734658
-0.382673188176
-0.375527375127
0.844121094146
-0.046556191353
-0.208287253410
0.976959027346
-0.092353311396
-0.278979218781
0.955845940182
-0.136395415720
-0.351686179328
0.926128026701
-0.177843722447
-0.423854149924
0.888098682568
-0.046800300447
-0.069865276974
0.996458014646
-0.093025067927
-0.140650141545
0.985679397381
-0.138264100233
-0.213085804437
0.967200847050
-0.182047036866
-0.286735904734
0.940553771618
-0.223685297764
-0.360146848655
0.905681585861
-0.427244721994
-0.304992859821
0.851141176883
-0.468894831514
-0.231969058229
0.852248785862
-0.139359243305
-0.071313326716
0.987670699544
-0.183859289276
-0.144619340240
0.972255629027
-0.227074123814
-0.219052519032
0.948922197127
-0.268484428372
-0.293566395088
0.917461107294
-0.305584930610
-0.368375818248
0.878018853280
-0.350305016508
-0.299657893672
0.887407202004
-0.393077281112
-0.228119698164
0.890759032726
-0.434170568087
-0.153949051146
0.887578507772
-0.229026310890
-0.073558101333
0.970636983969
-0.271401054542
-0.148571012208
0.950930135144
-0.312312664761
-0.224007892871
0.923190805501
-0.355035714909
-0.151436197285
0.922505674395
-0.396672518710
-0.076471022223
0.914769422128
-0.314849354292
-0.075315146898
0.946148779394
0.129741119838
0.484956688877
0.864860827958
0.042068648169
0.475128030431
0.878910452515
0.258298486758
0.434578371817
0.862799820635
0.046187397472
0.342486066372
0.938386923745
0.090038353639
0.414107657321
0.905763734658
0.382673188176
0.375527375127
0.844121094146
0.046556191353
0.208287253410
0.976959027346
0.092353311396
0.278979218781
0.955845940182
0.136395415720
0.351686179328
0.926128026701
0.177843722447
0.423854149924
0.888098682568
0.046800300447
0.069865276974
0.996458014646
0.093025067927
0.140650141545
0.985679397381
0.138264100233
0.213085804437
0.967200847050
0.182047036866
0.286735904734
0.940553771618
0.223685297764
0.360146848655
0.905681585861
0.427244721994
0.304992859821
0.851141176883
0.468894831514
0.231969058229
0.852248785862
0.139359243305
0.071313326716
0.987670699544
0.183859289276
0.144619340240
0.972255629027
0.227074123814
0.219052519032
0.948922197127
0.268484428372
0.293566395088
0.917461107294
0.305584930610
0.368375818248
0.878018853280
0.350305016508
0.299657893672
0.887407202004
0.393077281112
0.228119698164
0.890759032726
0.434170568087
0.153949051146
0.887578507772
0.229026310890
0.073558101333
0.970636983969
0.271401054542
0.148571012208
0.950930135144
0.312312664761
0.224007892871
0.923190805501
0.355035714909
0.151436197285
0.922505674395
0.396672518710
0.076471022223
0.914769422128
0.314849354292
0.075315146898
0.946148779394
-0.404772267228
0.914417525905
0.000000000242
-0.475128030278
0.878910452610
0.042068647920
-0.274941127820
0.961461063295
0.000000000100
-0.423854150442
0.888098682191
0.177843723096
-0.414107657319
0.905763734660
0.090038353635
-0.139022338439
0.990289245329
0.000000000305
-0.368375818965
0.878018852623
0.305584931631
-0.360146850505
0.905681584990
0.223685298312
-0.351686179609
0.926128026527
0.136395416175
-0.342486066755
0.938386923566
0.046187398280
-0.304992860790
0.851141176155
0.427244722754
-0.299657894712
0.887407201448
0.350305017027
-0.293566394130
0.917461107185
0.268484429792
-0.286735905321
0.940553771256
0.182047037814
-0.278979218568
0.955845940041
0.092353313498
-0.069865277329
0.996458014556
0.046800301830
-0.000000000112
0.995613548117
0.093561011143
-0.228119698206
0.890759032311
0.393077282029
-0.224007892769
0.923190805247
0.312312665584
-0.219052519620
0.948922196764
0.227074124764
-0.213085806097
0.967200846724
0.138264099951
-0.208287254081
0.976959027145
0.046556192577
-0.140650141616
0.985679397250
0.093025069207
-0.071313327565
0.987670699409
0.139359243830
-0.000000000276
0.982724253745
0.185075771245
-0.151436196413
0.922505674230
0.355035715708
-0.148571012911
0.950930134710
0.271401055679
-0.144619341036
0.972255628853
0.183859289574
-0.073558102466
0.970636983972
0.229026310513
0.000000000354
0.962031113235
0.272939805025
-0.075315147199
0.946148779209
0.314849354778
-0.784676405917
-0.080184421649
-0.614697809107
-0.810841950166
-0.000000000154
-0.585265180796
-0.703162576476
-0.159637243997
-0.692876858737
-0.731997819160
0.081368084070
-0.676430652499
-0.760078618183
-0.000000000002
-0.649831127433
-0.607616056965
-0.236505036687
-0.758200563795
-0.642600787072
0.160088565555
-0.749290250592
-0.675083156454
0.081167631724
-0.733262945629
-0.705435607701
0.000000000281
-0.708774014329
-0.731997819130
-0.081368083169
-0.676430652640
-0.540289115532
0.235127583816
-0.807962060351
-0.577881726569
0.159007753167
-0.800480633451
-0.613264503890
0.080480589694
-0.785766837523
-0.645995477469
0.000000000586
-0.763341236335
-0.675083155562
-0.081167630086
-0.733262946631
-0.540289115347
-0.235127582492
-0.807962060860
-0.468894831695
-0.231969058117
-0.852248785793
-0.508464668506
0.156806371490
-0.846684972549
-0.546311673524
0.079388552528
-0.833811137548
-0.581508545880
0.000000000587
-0.813540294680
-0.613264505158
-0.080480588991
-0.785766836605
-0.642600787136
-0.160088564167
-0.749290250834
-0.577881726165
-0.159007752056
-0.800480633963
-0.508464668963
-0.156806370600
-0.846684972440
-0.434170568534
-0.153949050869
-0.887578507601
-0.474055223813
0.077878095080
-0.877044267459
-0.511794003175
0.000000000703
-0.859108199422
-0.546311673987
-0.079388551835
-0.833811137310
-0.474055224847
-0.077878094819
-0.877044266923
-0.396672518137
-0.076471022577
-0.914769422347
-0.436711822327
0.000000000300
-0.899601458558
-0.784676406067
-0.080184422041
0.614697808865
-0.836841804441
-0.068068502349
0.543196532875
-0.703162576538
-0.159637244159
0.692876858637
-0.841911284719
-0.206389104586
0.498586929403
-0.815725381020
-0.145685116475
0.559792773798
-0.607616057154
-0.236505037180
0.758200563490
-0.831462661270
-0.334358240274
0.443705318961
-0.813328273594
-0.280762783728
0.509577647317
-0.789732610807
-0.220692419000
0.572378598154
-0.760543201119
-0.156100863438
0.630243254360
-0.804340875708
-0.456168899114
0.380717337597
-0.794382133521
-0.407797670811
0.450175616425
-0.779197006952
-0.353936343160
0.517282407731
-0.758506734390
-0.294558294149
0.581294198520
-0.732160642277
-0.230598430299
0.640909633134
-0.569213292561
-0.310852061537
0.761161759030
-0.526718716603
-0.383353954167
0.758687774651
-0.751399789006
-0.479206031038
0.453607690521
-0.739331515972
-0.425943955504
0.521498471964
-0.721848072950
-0.367413651247
0.586466169916
-0.698716418352
-0.304196602136
0.647502736654
-0.671374096535
-0.235418066144
0.702734058257
-0.635374380741
-0.309525475839
0.707455564756
-0.594593418296
-0.382294363763
0.707325728610
-0.548553685658
-0.453407939237
0.702502736356
-0.693479363341
-0.496581760156
0.522008551750
-0.679529080167
-0.439136131969
0.587707143743
-0.659942964092
-0.376879131514
0.649951847736
-0.615601269063
-0.448450449547
0.648017956410
-0.565358594526
-0.518096903991
0.641829617321
-0.631299424917
-0.509436957067
0.584752103779
-0.484956689269
0.864860827716
0.129741119988
-0.543196532627
0.836841804595
0.068068502444
-0.434578371979
0.862799820535
0.258298486820
-0.630243255027
0.760543200649
0.156100863031
-0.559792773794
0.815725381023
0.145685116477
-0.375527375620
0.844121093841
0.382673188364
-0.702734059239
0.671374095715
0.235418065551
-0.640909634233
0.732160641870
0.230598428536
-0.572378598609
0.789732610526
0.220692418826
-0.498586930193
0.841911284288
0.206389104436
-0.761161759904
0.569213291892
0.310852060623
-0.707455565524
0.635374380354
0.309525474879
-0.647502737290
0.698716417258
0.304196603294
-0.581294199469
0.758506733804
0.294558293786
-0.509577648868
0.813328272364
0.280762784479
-0.380717338866
0.804340875053
0.456168899209
-0.383353954279
0.758687774720
0.526718716422
-0.707325729244
0.594593417515
0.382294363804
-0.649951848272
0.659942963443
0.376879131724
-0.586466170867
0.721848072362
0.367413650884
-0.517282408233
0.779197007342
0.353936341566
-0.443705320225
0.831462660702
0.334358240010
-0.450175617455
0.794382132797
0.407797671084
-0.453607691327
0.751399788896
0.479206030446
-0.453407939514
0.702502736527
0.548553685210
-0.648017956569
0.615601268261
0.448450450418
-0.587707144880
0.679529079465
0.439136131535
-0.521498472550
0.739331515927
0.425943954865
-0.522008552013
0.693479363882
0.496581759125
-0.518096903637
0.641829617103
0.565358595098
-0.584752104266
0.631299424616
0.509436956881
-0.784676406067
0.080184422041
-0.614697808865
-0.836841804441
0.068068502349
-0.543196532875
-0.703162576538
0.159637244159
-0.692876858637
-0.841911284719
0.206389104586
-0.498586929403
-0.815725381020
0.145685116475
-0.559792773798
-0.607616057154
0.236505037180
-0.758200563490
-0.831462661270
0.334358240274
-0.443705318961
-0.813328273594
0.280762783728
-0.509577647317
-0.789732610807
0.220692419000
-0.572378598154
-0.760543201119
0.156100863438
-0.630243254360
-0.804340875708
0.456168899114
-0.380717337597
-0.794382133521
0.407797670811
-0.450175616425
-0.779197006952
0.353936343160
-0.517282407731
-0.758506734390
0.294558294149
-0.581294198520
-0.732160642277
0.230598430299
-0.640909633134
-0.569213292561
0.310852061537
-0.761161759030
-0.526718716603
0.383353954167
-0.758687774651
-0.751399789006
0.479206031038
-0.453607690521
-0.739331515972
0.425943955504
-0.521498471964
-0.721848072950
0.367413651247
-0.586466169916
-0.698716418352
0.304196602136
-0.647502736654
-0.671374096535
0.235418066144
-0.702734058257
-0.635374380741
0.309525475839
-0.707455564756
-0.594593418296
0.382294363763
-0.707325728610
-0.548553685658
0.453407939237
-0.702502736356
-0.693479363341
0.496581760156
-0.522008551750
-0.679529080167
0.439136131969
-0.587707143743
-0.659942964092
0.376879131514
-0.649951847736
-0.615601269063
0.448450449547
-0.648017956410
-0.565358594526
0.518096903991
-0.641829617321
-0.631299424917
0.509436957067
-0.584752103779
-0.404772267228
-0.914417525905
-0.000000000242
-0.475128030278
-0.878910452610
-0.042068647920
-0.274941127820
-0.961461063295
-0.000000000100
-0.423854150442
-0.888098682191
-0.177843723096
-0.414107657319
-0.905763734660
-0.090038353635
-0.139022338439
-0.990289245329
-0.000000000305
-0.368375818965
-0.878018852623
-0.305584931631
-0.360146850505
-0.905681584990
-0.223685298312
-0.351686179609
-0.926128026527
-0.136395416175
-0.342486066755
-0.938386923566
-0.046187398280
-0.304992860790
-0.851141176155
-0.427244722754
-0.299657894712
-0.887407201448
-0.350305017027
-0.293566394130
-0.917461107185
-0.268484429792
-0.286735905321
-0.940553771256
-0.182047037814
-0.278979218568
-0.955845940041
-0.092353313498
-0.069865277329
-0.996458014556
-0.046800301830
-0.000000000112
-0.995613548117
-0.093561011143
-0.228119698206
-0.890759032311
-0.393077282029
-0.224007892769
-0.923190805247
-0.312312665584
-0.219052519620
-0.948922196764
-0.227074124764
-0.213085806097
-0.967200846724
-0.138264099951
-0.208287254081
-0.976959027145
-0.046556192577
-0.140650141616
-0.985679397250
-0.093025069207
-0.071313327565
-0.987670699409
-0.139359243830
-0.000000000276
-0.982724253745
-0.185075771245
-0.151436196413
-0.922505674230
-0.355035715708
-0.148571012911
-0.950930134710
-0.271401055679
-0.144619341036
-0.972255628853
-0.183859289574
-0.073558102466
-0.970636983972
-0.229026310513
0.000000000354
-0.962031113235
-0.272939805025
-0.075315147199
-0.946148779209
-0.314849354778
0.784676405917
-0.080184421649
0.614697809107
0.810841950166
-0.000000000154
0.585265180796
0.703162576476
-0.159637243997
0.692876858737
0.731997819160
0.081368084070
0.676430652499
0.760078618183
-0.000000000002
0.649831127433
0.607616056965
-0.236505036687
0.758200563795
0.642600787072
0.160088565555
0.749290250592
0.675083156454
0.081167631724
0.733262945629
0.705435607701
0.000000000281
0.708774014329
0.731997819130
-0.081368083169
0.676430652640
0.540289115532
0.235127583816
0.807962060351
0.577881726569
0.159007753167
0.800480633451
0.613264503890
0.080480589694
0.785766837523
0.645995477469
0.000000000586
0.763341236335
0.675083155562
-0.081167630086
0.733262946631
0.540289115347
-0.235127582492
0.807962060860
0.468894831695
-0.231969058117
0.852248785793
0.508464668506
0.156806371490
0.846684972549
0.546311673524
0.079388552528
0.833811137548
0.581508545880
0.000000000587
0.813540294680
0.613264505158
-0.080480588991
0.785766836605
0.642600787136
-0.160088564167
0.749290250834
0.577881726165
-0.159007752056
0.800480633963
0.508464668963
-0.156806370600
0.846684972440
0.434170568534
-0.153949050869
0.887578507601
0.474055223813
0.077878095080
0.877044267459
0.511794003175
0.000000000703
0.859108199422
0.546311673987
-0.079388551835
0.833811137310
0.474055224847
-0.077878094819
0.877044266923
0.396672518137
-0.076471022577
0.914769422347
0.436711822327
0.000000000300
0.899601458558
0.784676406067
-0.080184422041
-0.614697808865
0.836841804441
-0.068068502349
-0.543196532875
0.703162576538
-0.159637244159
-0.692876858637
0.841911284719
-0.206389104586
-0.498586929403
0.815725381020
-0.145685116475
-0.559792773798
0.607616057154
-0.236505037180
-0.758200563490
0.831462661270
-0.334358240274
-0.443705318961
0.813328273594
-0.280762783728
-0.509577647317
0.789732610807
-0.220692419000
-0.572378598154
0.760543201119
-0.156100863438
-0.630243254360
0.804340875708
-0.456168899114
-0.380717337597
0.794382133521
-0.407797670811
-0.450175616425
0.779197006952
-0.353936343160
-0.517282407731
0.758506734390
-0.294558294149
-0.581294198520
0.732160642277
-0.230598430299
-0.640909633134
0.569213292561
-0.310852061537
-0.761161759030
0.526718716603
-0.383353954167
-0.758687774651
0.751399789006
-0.479206031038
-0.453607690521
0.739331515972
-0.425943955504
-0.521498471964
0.721848072950
-0.367413651247
-0.586466169916
0.698716418352
-0.304196602136
-0.647502736654
0.671374096535
-0.235418066144
-0.702734058257
0.635374380741
-0.309525475839
-0.707455564756
0.594593418296
-0.382294363763
-0.707325728610
0.548553685658
-0.453407939237
-0.702502736356
0.693479363341
-0.496581760156
-0.522008551750
0.679529080167
-0.439136131969
-0.587707143743
0.659942964092
-0.376879131514
-0.649951847736
0.615601269063
-0.448450449547
-0.648017956410
0.565358594526
-0.518096903991
-0.641829617321
0.631299424917
-0.509436957067
-0.584752103779
0.404772267228
0.914417525905
-0.000000000242
0.475128030278
0.878910452610
-0.042068647920
0.274941127820
0.961461063295
-0.000000000100
0.423854150442
0.888098682191
-0.177843723096
0.414107657319
0.905763734660
-0.090038353635
0.139022338439
0.990289245329
-0.000000000305
0.368375818965
0.878018852623
-0.305584931631
0.360146850505
0.905681584990
-0.223685298312
0.351686179609
0.926128026527
-0.136395416175
0.342486066755
0.938386923566
-0.046187398280
0.304992860790
0.851141176155
-0.427244722754
0.299657894712
0.887407201448
-0.350305017027
0.293566394130
0.917461107185
-0.268484429792
0.286735905321
0.940553771256
-0.182047037814
0.278979218568
0.955845940041
-0.092353313498
0.069865277329
0.996458014556
-0.046800301830
0.000000000112
0.995613548117
-0.093561011143
0.228119698206
0.890759032311
-0.393077282029
0.224007892769
0.923190805247
-0.312312665584
0.219052519620
0.948922196764
-0.227074124764
0.213085806097
0.967200846724
-0.138264099951
0.208287254081
0.976959027145
-0.046556192577
0.140650141616
0.985679397250
-0.093025069207
0.071313327565
0.987670699409
-0.139359243830
0.000000000276
0.982724253745
-0.185075771245
0.151436196413
0.922505674230
-0.355035715708
0.148571012911
0.950930134710
-0.271401055679
0.144619341036
0.972255628853
-0.183859289574
0.073558102466
0.970636983972
-0.229026310513
-0.000000000354
0.962031113235
-0.272939805025
0.075315147199
0.946148779209
-0.314849354778
0.784676406067
0.080184422041
0.614697808865
0.836841804441
0.068068502349
0.543196532875
0.703162576538
0.159637244159
0.692876858637
0.841911284719
0.206389104586
0.498586929403
0.815725381020
0.145685116475
0.559792773798
0.607616057154
0.236505037180
0.758200563490
0.831462661270
0.334358240274
0.443705318961
0.813328273594
0.280762783728
0.509577647317
0.789732610807
0.220692419000
0.572378598154
0.760543201119
0.156100863438
0.630243254360
0.804340875708
0.456168899114
0.380717337597
0.794382133521
0.407797670811
0.450175616425
0.779197006952
0.353936343160
0.517282407731
0.758506734390
0.294558294149
0.581294198520
0.732160642277
0.230598430299
0.640909633134
0.569213292561
0.310852061537
0.761161759030
0.526718716603
0.383353954167
0.758687774651
0.751399789006
0.479206031038
0.453607690521
0.739331515972
0.425943955504
0.521498471964
0.721848072950
0.367413651247
0.586466169916
0.698716418352
0.304196602136
0.647502736654
0.671374096535
0.235418066144
0.702734058257
0.635374380741
0.309525475839
0.707455564756
0.594593418296
0.382294363763
0.707325728610
0.548553685658
0.453407939237
0.702502736356
0.693479363341
0.496581760156
0.522008551750
0.679529080167
0.439136131969
0.587707143743
0.659942964092
0.376879131514
0.649951847736
0.615601269063
0.448450449547
0.648017956410
0.565358594526
0.518096903991
0.641829617321
0.631299424917
0.509436957067
0.584752103779
0.864860827958
-0.129741119838
-0.484956688877
0.878910452515
-0.042068648169
-0.475128030431
0.862799820635
-0.258298486758
-0.434578371817
0.938386923745
-0.046187397472
-0.342486066372
0.905763734658
-0.090038353639
-0.414107657321
0.844121094146
-0.382673188176
-0.375527375127
0.976959027346
-0.046556191353
-0.208287253410
0.955845940182
-0.092353311396
-0.278979218781
0.926128026701
-0.136395415720
-0.351686179328
0.888098682568
-0.177843722447
-0.423854149924
0.996458014646
-0.046800300447
-0.069865276974
0.985679397381
-0.093025067927
-0.140650141545
0.967200847050
-0.138264100233
-0.213085804437
0.940553771618
-0.182047036866
-0.286735904734
0.905681585861
-0.223685297764
-0.360146848655
0.851141176883
-0.427244721994
-0.304992859821
0.852248785862
-0.468894831514
-0.231969058229
0.987670699544
-0.139359243305
-0.071313326716
0.972255629027
-0.183859289276
-0.144619340240
0.948922197127
-0.227074123814
-0.219052519032
0.917461107294
-0.268484428372
-0.293566395088
0.878018853280
-0.305584930610
-0.368375818248
0.887407202004
-0.350305016508
-0.299657893672
0.890759032726
-0.393077281112
-0.228119698164
0.887578507772
-0.434170568087
-0.153949051146
0.970636983969
-0.229026310890
-0.073558101333
0.950930135144
-0.271401054542
-0.148571012208
0.923190805501
-0.312312664761
-0.224007892871
0.922505674395
-0.355035714909
-0.151436197285
0.914769422128
-0.396672518710
-0.076471022223
0.946148779394
-0.314849354292
-0.075315146898
-0.129741119838
0.484956688877
-0.864860827958
-0.042068648169
0.475128030431
-0.878910452515
-0.258298486758
0.434578371817
-0.862799820635
-0.046187397472
0.342486066372
-0.938386923745
-0.090038353639
0.414107657321
-0.905763734658
-0.382673188176
0.375527375127
-0.844121094146
-0.046556191353
0.208287253410
-0.976959027346
-0.092353311396
0.278979218781
-0.955845940182
-0.136395415720
0.351686179328
-0.926128026701
-0.177843722447
0.423854149924
-0.888098682568
-0.046800300447
0.069865276974
-0.996458014646
-0.093025067927
0.140650141545
-0.985679397381
-0.138264100233
0.213085804437
-0.967200847050
-0.182047036866
0.286735904734
-0.940553771618
-0.223685297764
0.360146848655
-0.905681585861
-0.427244721994
0.304992859821
-0.851141176883
-0.468894831514
0.231969058229
-0.852248785862
-0.139359243305
0.071313326716
-0.987670699544
-0.183859289276
0.144619340240
-0.972255629027
-0.227074123814
0.219052519032
-0.948922197127
-0.268484428372
0.293566395088
-0.917461107294
-0.305584930610
0.368375818248
-0.878018853280
-0.350305016508
0.299657893672
-0.887407202004
-0.393077281112
0.228119698164
-0.890759032726
-0.434170568087
0.153949051146
-0.887578507772
-0.229026310890
0.073558101333
-0.970636983969
-0.271401054542
0.148571012208
-0.950930135144
-0.312312664761
0.224007892871
-0.923190805501
-0.355035714909
0.151436197285
-0.922505674395
-0.396672518710
0.076471022223
-0.914769422128
-0.314849354292
0.075315146898
-0.946148779394
0.404772267228
-0.914417525905
0.000000000242
0.475128030278
-0.878910452610
0.042068647920
0.274941127820
-0.961461063295
0.000000000100
0.423854150442
-0.888098682191
0.177843723096
0.414107657319
-0.905763734660
0.090038353635
0.139022338439
-0.990289245329
0.000000000305
0.368375818965
-0.878018852623
0.305584931631
0.360146850505
-0.905681584990
0.223685298312
0.351686179609
-0.926128026527
0.136395416175
0.342486066755
-0.938386923566
0.046187398280
0.304992860790
-0.851141176155
0.427244722754
0.299657894712
-0.887407201448
0.350305017027
0.293566394130
-0.917461107185
0.268484429792
0.286735905321
-0.940553771256
0.182047037814
0.278979218568
-0.955845940041
0.092353313498
0.069865277329
-0.996458014556
0.046800301830
0.000000000112
-0.995613548117
0.093561011143
0.228119698206
-0.890759032311
0.393077282029
0.224007892769
-0.923190805247
0.312312665584
0.219052519620
-0.948922196764
0.227074124764
0.213085806097
-0.967200846724
0.138264099951
0.208287254081
-0.976959027145
0.046556192577
0.140650141616
-0.985679397250
0.093025069207
0.071313327565
-0.987670699409
0.139359243830
0.000000000276
-0.982724253745
0.185075771245
0.151436196413
-0.922505674230
0.355035715708
0.148571012911
-0.950930134710
0.271401055679
0.144619341036
-0.972255628853
0.183859289574
0.073558102466
-0.970636983972
0.229026310513
-0.000000000354
-0.962031113235
0.272939805025
0.075315147199
-0.946148779209
0.314849354778
-0.914417525905
0.000000000242
0.404772267228
-0.878910452610
0.042068647920
0.475128030278
-0.961461063295
0.000000000100
0.274941127820
-0.888098682191
0.177843723096
0.423854150442
-0.905763734660
0.090038353635
0.414107657319
-0.990289245329
0.000000000305
0.139022338439
-0.878018852623
0.305584931631
0.368375818965
-0.905681584990
0.223685298312
0.360146850505
-0.926128026527
0.136395416175
0.351686179609
-0.938386923566
0.046187398280
0.342486066755
-0.851141176155
0.427244722754
0.304992860790
-0.887407201448
0.350305017027
0.299657894712
-0.917461107185
0.268484429792
0.293566394130
-0.940553771256
0.182047037814
0.286735905321
-0.955845940041
0.092353313498
0.278979218568
-0.996458014556
0.046800301830
0.069865277329
-0.995613548117
0.093561011143
0.000000000112
-0.890759032311
0.393077282029
0.228119698206
-0.923190805247
0.312312665584
0.224007892769
-0.948922196764
0.227074124764
0.219052519620
-0.967200846724
0.138264099951
0.213085806097
-0.976959027145
0.046556192577
0.208287254081
-0.985679397250
0.093025069207
0.140650141616
-0.987670699409
0.139359243830
0.071313327565
-0.982724253745
0.185075771245
0.000000000276
-0.922505674230
0.355035715708
0.151436196413
-0.950930134710
0.271401055679
0.148571012911
-0.972255628853
0.183859289574
0.144619341036
-0.970636983972
0.229026310513
0.073558102466
-0.962031113235
0.272939805025
-0.000000000354
-0.946148779209
0.314849354778
0.075315147199
0.080184421649
-0.614697809107
0.784676405917
0.000000000154
-0.585265180796
0.810841950166
0.159637243997
-0.692876858737
0.703162576476
-0.081368084070
-0.676430652499
0.731997819160
0.000000000002
-0.649831127433
0.760078618183
0.236505036687
-0.758200563795
0.607616056965
-0.160088565555
-0.749290250592
0.642600787072
-0.081167631724
-0.733262945629
0.675083156454
-0.000000000281
-0.708774014329
0.705435607701
0.081368083169
-0.676430652640
0.731997819130
-0.235127583816
-0.807962060351
0.540289115532
-0.159007753167
-0.800480633451
0.577881726569
-0.080480589694
-0.785766837523
0.613264503890
-0.000000000586
-0.763341236335
0.645995477469
0.081167630086
-0.733262946631
0.675083155562
0.235127582492
-0.807962060860
0.540289115347
0.231969058117
-0.852248785793
0.468894831695
-0.156806371490
-0.846684972549
0.508464668506
-0.079388552528
-0.833811137548
0.546311673524
-0.000000000587
-0.813540294680
0.581508545880
0.080480588991
-0.785766836605
0.613264505158
0.160088564167
-0.749290250834
0.642600787136
0.159007752056
-0.800480633963
0.577881726165
0.156806370600
-0.846684972440
0.508464668963
0.153949050869
-0.887578507601
0.434170568534
-0.077878095080
-0.877044267459
0.474055223813
-0.000000000703
-0.859108199422
0.511794003175
0.079388551835
-0.833811137310
0.546311673987
0.077878094819
-0.877044266923
0.474055224847
0.076471022577
-0.914769422347
0.396672518137
-0.000000000300
-0.899601458558
0.436711822327
-0.864860827716
0.129741119988
0.484956689269
-0.836841804595
0.068068502444
0.543196532627
-0.862799820535
0.258298486820
0.434578371979
-0.760543200649
0.156100863031
0.630243255027
-0.815725381023
0.145685116477
0.559792773794
-0.844121093841
0.382673188364
0.375527375620
-0.671374095715
0.235418065551
0.702734059239
-0.732160641870
0.230598428536
0.640909634233
-0.789732610526
0.220692418826
0.572378598609
-0.841911284288
0.206389104436
0.498586930193
-0.569213291892
0.310852060623
0.761161759904
-0.635374380354
0.309525474879
0.707455565524
-0.698716417258
0.304196603294
0.647502737290
-0.758506733804
0.294558293786
0.581294199469
-0.813328272364
0.280762784479
0.509577648868
-0.804340875053
0.456168899209
0.380717338866
-0.758687774720
0.526718716422
0.383353954279
-0.594593417515
0.382294363804
0.707325729244
-0.659942963443
0.376879131724
0.649951848272
-0.721848072362
0.367413650884
0.586466170867
-0.779197007342
0.353936341566
0.517282408233
-0.831462660702
0.334358240010
0.443705320225
-0.794382132797
0.407797671084
0.450175617455
-0.751399788896
0.479206030446
0.453607691327
-0.702502736527
0.548553685210
0.453407939514
-0.615601268261
0.448450450418
0.648017956569
-0.679529079465
0.439136131535
0.587707144880
-0.739331515927
0.425943954865
0.521498472550
-0.693479363882
0.496581759125
0.522008552013
-0.641829617103
0.565358595098
0.518096903637
-0.631299424616
0.509436956881
0.584752104266
-0.484956689269
-0.864860827716
-0.129741119988
-0.543196532627
-0.836841804595
-0.068068502444
-0.434578371979
-0.862799820535
-0.258298486820
-0.630243255027
-0.760543200649
-0.156100863031
-0.559792773794
-0.815725381023
-0.145685116477
-0.375527375620
-0.844121093841
-0.382673188364
-0.702734059239
-0.671374095715
-0.235418065551
-0.640909634233
-0.732160641870
-0.230598428536
-0.572378598609
-0.789732610526
-0.220692418826
-0.498586930193
-0.841911284288
-0.206389104436
-0.761161759904
-0.569213291892
-0.310852060623
-0.707455565524
-0.635374380354
-0.309525474879
-0.647502737290
-0.698716417258
-0.304196603294
-0.581294199469
-0.758506733804
-0.294558293786
-0.509577648868
-0.813328272364
-0.280762784479
-0.380717338866
-0.804340875053
-0.456168899209
-0.383353954279
-0.758687774720
-0.526718716422
-0.707325729244
-0.594593417515
-0.382294363804
-0.649951848272
-0.659942963443
-0.376879131724
-0.586466170867
-0.721848072362
-0.367413650884
-0.517282408233
-0.779197007342
-0.353936341566
-0.443705320225
-0.831462660702
-0.334358240010
-0.450175617455
-0.794382132797
-0.407797671084
-0.453607691327
-0.751399788896
-0.479206030446
-0.453407939514
-0.702502736527
-0.548553685210
-0.648017956569
-0.615601268261
-0.448450450418
-0.587707144880
-0.679529079465
-0.439136131535
-0.521498472550
-0.739331515927
-0.425943954865
-0.522008552013
-0.693479363882
-0.496581759125
-0.518096903637
-0.641829617103
-0.565358595098
-0.584752104266
-0.631299424616
-0.509436956881
0.129741119988
-0.484956689269
0.864860827716
0.068068502444
-0.543196532627
0.836841804595
0.258298486820
-0.434578371979
0.862799820535
0.156100863031
-0.630243255027
0.760543200649
0.145685116477
-0.559792773794
0.815725381023
0.382673188364
-0.375527375620
0.844121093841
0.235418065551
-0.702734059239
0.671374095715
0.230598428536
-0.640909634233
0.732160641870
0.220692418826
-0.572378598609
0.789732610526
0.206389104436
-0.498586930193
0.841911284288
0.310852060623
-0.761161759904
0.569213291892
0.309525474879
-0.707455565524
0.635374380354
0.304196603294
-0.647502737290
0.698716417258
0.294558293786
-0.581294199469
0.758506733804
0.280762784479
-0.509577648868
0.813328272364
0.456168899209
-0.380717338866
0.804340875053
0.526718716422
-0.383353954279
0.758687774720
0.382294363804
-0.707325729244
0.594593417515
0.376879131724
-0.649951848272
0.659942963443
0.367413650884
-0.586466170867
0.721848072362
0.353936341566
-0.517282408233
0.779197007342
0.334358240010
-0.443705320225
0.831462660702
0.407797671084
-0.450175617455
0.794382132797
0.479206030446
-0.453607691327
0.751399788896
0.548553685210
-0.453407939514
0.702502736527
0.448450450418
-0.648017956569
0.615601268261
0.439136131535
-0.587707144880
0.679529079465
0.425943954865
-0.521498472550
0.739331515927
0.496581759125
-0.522008552013
0.693479363882
0.565358595098
-0.518096903637
0.641829617103
0.509436956881
-0.584752104266
0.631299424616
-0.784676405917
0.080184421649
0.614697809107
-0.810841950166
0.000000000154
0.585265180796
-0.703162576476
0.159637243997
0.692876858737
-0.731997819160
-0.081368084070
0.676430652499
-0.760078618183
0.000000000002
0.649831127433
-0.607616056965
0.236505036687
0.758200563795
-0.642600787072
-0.160088565555
0.749290250592
-0.675083156454
-0.081167631724
0.733262945629
-0.705435607701
-0.000000000281
0.708774014329
-0.731997819130
0.081368083169
0.676430652640
-0.540289115532
-0.235127583816
0.807962060351
-0.577881726569
-0.159007753167
0.800480633451
-0.613264503890
-0.080480589694
0.785766837523
-0.645995477469
-0.000000000586
0.763341236335
-0.675083155562
0.081167630086
0.733262946631
-0.540289115347
0.235127582492
0.807962060860
-0.468894831695
0.231969058117
0.852248785793
-0.508464668506
-0.156806371490
0.846684972549
-0.546311673524
-0.079388552528
0.833811137548
-0.581508545880
-0.000000000587
0.813540294680
-0.613264505158
0.080480588991
0.785766836605
-0.642600787136
0.160088564167
0.749290250834
-0.577881726165
0.159007752056
0.800480633963
-0.508464668963
0.156806370600
0.846684972440
-0.434170568534
0.153949050869
0.887578507601
-0.474055223813
-0.077878095080
0.877044267459
-0.511794003175
-0.000000000703
0.859108199422
-0.546311673987
0.079388551835
0.833811137310
-0.474055224847
0.077878094819
0.877044266923
-0.396672518137
0.076471022577
0.914769422347
-0.436711822327
-0.000000000300
0.899601458558
0.484956688877
-0.864860827958
-0.129741119838
0.475128030431
-0.878910452515
-0.042068648169
0.434578371817
-0.862799820635
-0.258298486758
0.342486066372
-0.938386923745
-0.046187397472
0.414107657321
-0.905763734658
-0.090038353639
0.375527375127
-0.844121094146
-0.382673188176
0.208287253410
-0.976959027346
-0.046556191353
0.278979218781
-0.955845940182
-0.092353311396
0.351686179328
-0.926128026701
-0.136395415720
0.423854149924
-0.888098682568
-0.177843722447
0.069865276974
-0.996458014646
-0.046800300447
0.140650141545
-0.985679397381
-0.093025067927
0.213085804437
-0.967200847050
-0.138264100233
0.286735904734
-0.940553771618
-0.182047036866
0.360146848655
-0.905681585861
-0.223685297764
0.304992859821
-0.851141176883
-0.427244721994
0.231969058229
-0.852248785862
-0.468894831514
0.071313326716
-0.987670699544
-0.139359243305
0.144619340240
-0.972255629027
-0.183859289276
0.219052519032
-0.948922197127
-0.227074123814
0.293566395088
-0.917461107294
-0.268484428372
0.368375818248
-0.878018853280
-0.305584930610
0.299657893672
-0.887407202004
-0.350305016508
0.228119698164
-0.890759032726
-0.393077281112
0.153949051146
-0.887578507772
-0.434170568087
0.073558101333
-0.970636983969
-0.229026310890
0.148571012208
-0.950930135144
-0.271401054542
0.224007892871
-0.923190805501
-0.312312664761
0.151436197285
-0.922505674395
-0.355035714909
0.076471022223
-0.914769422128
-0.396672518710
0.075315146898
-0.946148779394
-0.314849354292
0.864860827958
0.129741119838
0.484956688877
0.878910452515
0.042068648169
0.475128030431
0.862799820635
0.258298486758
0.434578371817
0.938386923745
0.046187397472
0.342486066372
0.905763734658
0.090038353639
0.414107657321
0.844121094146
0.382673188176
0.375527375127
0.976959027346
0.046556191353
0.208287253410
0.955845940182
0.092353311396
0.278979218781
0.926128026701
0.136395415720
0.351686179328
0.888098682568
0.177843722447
0.423854149924
0.996458014646
0.046800300447
0.069865276974
0.985679397381
0.093025067927
0.140650141545
0.967200847050
0.138264100233
0.213085804437
0.940553771618
0.182047036866
0.286735904734
0.905681585861
0.223685297764
0.360146848655
0.851141176883
0.427244721994
0.304992859821
0.852248785862
0.468894831514
0.231969058229
0.987670699544
0.139359243305
0.071313326716
0.972255629027
0.183859289276
0.144619340240
0.948922197127
0.227074123814
0.219052519032
0.917461107294
0.268484428372
0.293566395088
0.878018853280
0.305584930610
0.368375818248
0.887407202004
0.350305016508
0.299657893672
0.890759032726
0.393077281112
0.228119698164
0.887578507772
0.434170568087
0.153949051146
0.970636983969
0.229026310890
0.073558101333
0.950930135144
0.271401054542
0.148571012208
0.923190805501
0.312312664761
0.224007892871
0.922505674395
0.355035714909
0.151436197285
0.914769422128
0.396672518710
0.076471022223
0.946148779394
0.314849354292
0.075315146898
0.000000000242
-0.404772267228
0.914417525905
0.042068647920
-0.475128030278
0.878910452610
0.000000000100
-0.274941127820
0.961461063295
0.177843723096
-0.423854150442
0.888098682191
0.090038353635
-0.414107657319
0.905763734660
0.000000000305
-0.139022338439
0.990289245329
0.305584931631
-0.368375818965
0.878018852623
0.223685298312
-0.360146850505
0.905681584990
0.136395416175
-0.351686179609
0.926128026527
0.046187398280
-0.342486066755
0.938386923566
0.427244722754
-0.304992860790
0.851141176155
0.350305017027
-0.299657894712
0.887407201448
0.268484429792
-0.293566394130
0.917461107185
0.182047037814
-0.286735905321
0.940553771256
0.092353313498
-0.278979218568
0.955845940041
0.046800301830
-0.069865277329
0.996458014556
0.093561011143
-0.000000000112
0.995613548117
0.393077282029
-0.228119698206
0.890759032311
0.312312665584
-0.224007892769
0.923190805247
0.227074124764
-0.219052519620
0.948922196764
0.138264099951
-0.213085806097
0.967200846724
0.046556192577
-0.208287254080
0.976959027145
0.093025069207
-0.140650141616
0.985679397250
0.139359243830
-0.071313327565
0.987670699409
0.185075771245
-0.000000000276
0.982724253745
0.355035715708
-0.151436196413
0.922505674230
0.271401055679
-0.148571012911
0.950930134710
0.183859289574
-0.144619341036
0.972255628853
0.229026310513
-0.073558102466
0.970636983972
0.272939805025
0.000000000354
0.962031113235
0.314849354778
-0.075315147199
0.946148779209
0.784676405917
0.080184421649
-0.614697809107
0.810841950166
0.000000000154
-0.585265180796
0.703162576476
0.159637243997
-0.692876858737
0.731997819160
-0.081368084070
-0.676430652499
0.760078618183
0.000000000002
-0.649831127433
0.607616056965
0.236505036687
-0.758200563795
0.642600787072
-0.160088565555
-0.749290250592
0.675083156454
-0.081167631724
-0.733262945629
0.705435607701
-0.000000000281
-0.708774014329
0.731997819130
0.081368083169
-0.676430652640
0.540289115532
-0.235127583816
-0.807962060351
0.577881726569
-0.159007753167
-0.800480633451
0.613264503890
-0.080480589694
-0.785766837523
0.645995477469
-0.000000000586
-0.763341236335
0.675083155562
0.081167630086
-0.733262946631
0.540289115347
0.235127582492
-0.807962060860
0.468894831695
0.231969058117
-0.852248785793
0.508464668506
-0.156806371490
-0.846684972549
0.546311673524
-0.079388552528
-0.833811137548
0.581508545880
-0.000000000587
-0.813540294680
0.613264505158
0.080480588991
-0.785766836605
0.642600787136
0.160088564167
-0.749290250834
0.577881726165
0.159007752056
-0.800480633963
0.508464668963
0.156806370600
-0.846684972440
0.434170568534
0.153949050869
-0.887578507601
0.474055223813
-0.077878095080
-0.877044267459
0.511794003175
-0.000000000703
-0.859108199422
0.546311673987
0.079388551835
-0.833811137310
0.474055224847
0.077878094819
-0.877044266923
0.396672518137
0.076471022577
-0.914769422347
0.436711822327
-0.000000000300
-0.899601458558
-0.614697809107
-0.784676405917
-0.080184421649
-0.585265180796
-0.810841950166
-0.000000000154
-0.692876858737
-0.703162576476
-0.159637243997
-0.676430652499
-0.731997819160
0.081368084070
-0.649831127433
-0.760078618183
-0.000000000002
-0.758200563795
-0.607616056965
-0.236505036687
-0.749290250592
-0.642600787072
0.160088565555
-0.733262945629
-0.675083156454
0.081167631724
-0.708774014329
-0.705435607701
0.000000000281
-0.676430652640
-0.731997819130
-0.081368083169
-0.807962060351
-0.540289115532
0.235127583816
-0.800480633451
-0.577881726569
0.159007753167
-0.785766837523
-0.613264503890
0.080480589694
-0.763341236335
-0.645995477469
0.000000000586
-0.733262946631
-0.675083155562
-0.081167630086
-0.807962060860
-0.540289115347
-0.235127582492
-0.852248785793
-0.468894831695
-0.231969058117
-0.846684972549
-0.508464668506
0.156806371490
-0.833811137548
-0.546311673524
0.079388552528
-0.813540294680
-0.581508545880
0.000000000587
-0.785766836605
-0.613264505158
-0.080480588991
-0.749290250834
-0.642600787136
-0.160088564167
-0.800480633963
-0.577881726165
-0.159007752056
-0.846684972440
-0.508464668963
-0.156806370600
-0.887578507601
-0.434170568534
-0.153949050869
-0.877044267459
-0.474055223813
0.077878095080
-0.859108199422
-0.511794003175
0.000000000703
-0.833811137310
-0.546311673987
-0.079388551835
-0.877044266923
-0.474055224847
-0.077878094819
-0.914769422347
-0.396672518137
-0.076471022577
-0.899601458558
-0.436711822327
0.000000000300
0.484956689269
-0.864860827716
0.129741119988
0.543196532627
-0.836841804595
0.068068502444
0.434578371979
-0.862799820535
0.258298486820
0.630243255027
-0.760543200649
0.156100863031
0.559792773794
-0.815725381023
0.145685116477
0.375527375620
-0.844121093841
0.382673188364
0.702734059239
-0.671374095715
0.235418065551
0.640909634233
-0.732160641870
0.230598428536
0.572378598609
-0.789732610526
0.220692418826
0.498586930193
-0.841911284288
0.206389104436
0.761161759904
-0.569213291892
0.310852060623
0.707455565524
-0.635374380354
0.309525474879
0.647502737290
-0.698716417258
0.304196603294
0.581294199469
-0.758506733804
0.294558293786
0.509577648868
-0.813328272364
0.280762784479
0.380717338866
-0.804340875053
0.456168899209
0.383353954279
-0.758687774720
0.526718716422
0.707325729244
-0.594593417515
0.382294363804
0.649951848272
-0.659942963443
0.376879131724
0.586466170867
-0.721848072362
0.367413650884
0.517282408233
-0.779197007342
0.353936341566
0.443705320225
-0.831462660702
0.334358240010
0.450175617455
-0.794382132797
0.407797671084
0.453607691327
-0.751399788896
0.479206030446
0.453407939514
-0.702502736527
0.548553685210
0.648017956569
-0.615601268261
0.448450450418
0.587707144880
-0.679529079465
0.439136131535
0.521498472550
-0.739331515927
0.425943954865
0.522008552013
-0.693479363882
0.496581759125
0.518096903637
-0.641829617103
0.565358595098
0.584752104266
-0.631299424616
0.509436956881
-0.129741119988
-0.484956689269
-0.864860827716
-0.068068502444
-0.543196532627
-0.836841804595
-0.258298486820
-0.434578371979
-0.862799820535
-0.156100863031
-0.630243255027
-0.760543200649
-0.145685116477
-0.559792773794
-0.815725381023
-0.382673188364
-0.375527375620
-0.844121093841
-0.235418065551
-0.702734059239
-0.671374095715
-0.230598428536
-0.640909634233
-0.732160641870
-0.220692418826
-0.572378598609
-0.789732610526
-0.206389104436
-0.498586930193
-0.841911284288
-0.310852060623
-0.761161759904
-0.569213291892
-0.309525474879
-0.707455565524
-0.635374380354
-0.304196603294
-0.647502737290
-0.698716417258
-0.294558293786
-0.581294199469
-0.758506733804
-0.280762784479
-0.509577648868
-0.813328272364
-0.456168899209
-0.380717338866
-0.804340875053
-0.526718716422
-0.383353954279
-0.758687774720
-0.382294363804
-0.707325729244
-0.594593417515
-0.376879131724
-0.649951848272
-0.659942963443
-0.367413650884
-0.586466170867
-0.721848072362
-0.353936341566
-0.517282408233
-0.779197007342
-0.334358240010
-0.443705320225
-0.831462660702
-0.407797671084
-0.450175617455
-0.794382132797
-0.479206030446
-0.453607691327
-0.751399788896
-0.548553685210
-0.453407939514
-0.702502736527
-0.448450450418
-0.648017956569
-0.615601268261
-0.439136131535
-0.587707144880
-0.679529079465
-0.425943954865
-0.521498472550
-0.739331515927
-0.496581759125
-0.522008552013
-0.693479363882
-0.565358595098
-0.518096903637
-0.641829617103
-0.509436956881
-0.584752104266
-0.631299424616
0.129741119988
0.484956689269
-0.864860827716
0.068068502444
0.543196532627
-0.836841804595
0.258298486820
0.434578371979
-0.862799820535
0.156100863031
0.630243255027
-0.760543200649
0.145685116477
0.559792773794
-0.815725381023
0.382673188364
0.375527375620
-0.844121093841
0.235418065551
0.702734059239
-0.671374095715
0.230598428536
0.640909634233
-0.732160641870
0.220692418826
0.572378598609
-0.789732610526
0.206389104436
0.498586930193
-0.841911284288
0.310852060623
0.761161759904
-0.569213291892
0.309525474879
0.707455565524
-0.635374380354
0.304196603294
0.647502737290
-0.698716417258
0.294558293786
0.581294199469
-0.758506733804
0.280762784479
0.509577648868
-0.813328272364
0.456168899209
0.380717338866
-0.804340875053
0.526718716422
0.383353954279
-0.758687774720
0.382294363804
0.707325729244
-0.594593417515
0.376879131724
0.649951848272
-0.659942963443
0.367413650884
0.586466170867
-0.721848072362
0.353936341566
0.517282408233
-0.779197007342
0.334358240010
0.443705320225
-0.831462660702
0.407797671084
0.450175617455
-0.794382132797
0.479206030446
0.453607691327
-0.751399788896
0.548553685210
0.453407939514
-0.702502736527
0.448450450418
0.648017956569
-0.615601268261
0.439136131535
0.587707144880
-0.679529079465
0.425943954865
0.521498472550
-0.739331515927
0.496581759125
0.522008552013
-0.693479363882
0.565358595098
0.518096903637
-0.641829617103
0.509436956881
0.584752104266
-0.631299424616
-0.864860827716
-0.129741119988
-0.484956689269
-0.836841804595
-0.068068502444
-0.543196532627
-0.862799820535
-0.258298486820
-0.434578371979
-0.760543200649
-0.156100863031
-0.630243255027
-0.815725381023
-0.145685116477
-0.559792773794
-0.844121093841
-0.382673188364
-0.375527375620
-0.671374095715
-0.235418065551
-0.702734059239
-0.732160641870
-0.230598428536
-0.640909634233
-0.789732610526
-0.220692418826
-0.572378598609
-0.841911284288
-0.206389104436
-0.498586930193
-0.569213291892
-0.310852060623
-0.761161759904
-0.635374380354
-0.309525474879
-0.707455565524
-0.698716417258
-0.304196603294
-0.647502737290
-0.758506733804
-0.294558293786
-0.581294199469
-0.813328272364
-0.280762784479
-0.509577648868
-0.804340875053
-0.456168899209
-0.380717338866
-0.758687774720
-0.526718716422
-0.383353954279
-0.594593417515
-0.382294363804
-0.707325729244
-0.659942963443
-0.376879131724
-0.649951848272
-0.721848072362
-0.367413650884
-0.586466170867
-0.779197007342
-0.353936341566
-0.517282408233
-0.831462660702
-0.334358240010
-0.443705320225
-0.794382132797
-0.407797671084
-0.450175617455
-0.751399788896
-0.479206030446
-0.453607691327
-0.702502736527
-0.548553685210
-0.453407939514
-0.615601268261
-0.448450450418
-0.648017956569
-0.679529079465
-0.439136131535
-0.587707144880
-0.739331515927
-0.425943954865
-0.521498472550
-0.693479363882
-0.496581759125
-0.522008552013
-0.641829617103
-0.565358595098
-0.518096903637
-0.631299424616
-0.509436956881
-0.584752104266
-0.614697809107
0.784676405917
0.080184421649
-0.585265180796
0.810841950166
0.000000000154
-0.692876858737
0.703162576476
0.159637243997
-0.676430652499
0.731997819160
-0.081368084070
-0.649831127433
0.760078618183
0.000000000002
-0.758200563795
0.607616056965
0.236505036687
-0.749290250592
0.642600787072
-0.160088565555
-0.733262945629
0.675083156454
-0.081167631724
-0.708774014329
0.705435607701
-0.000000000281
-0.676430652640
0.731997819130
0.081368083169
-0.807962060351
0.540289115532
-0.235127583816
-0.800480633451
0.577881726569
-0.159007753167
-0.785766837523
0.613264503890
-0.080480589694
-0.763341236335
0.645995477469
-0.000000000586
-0.733262946631
0.675083155562
0.081167630086
-0.807962060860
0.540289115347
0.235127582492
-0.852248785793
0.468894831695
0.231969058117
-0.846684972549
0.508464668506
-0.156806371490
-0.833811137548
0.546311673524
-0.079388552528
-0.813540294680
0.581508545880
-0.000000000587
-0.785766836605
0.613264505158
0.080480588991
-0.749290250834
0.642600787136
0.160088564167
-0.800480633963
0.577881726165
0.159007752056
-0.846684972440
0.508464668963
0.156806370600
-0.887578507601
0.434170568534
0.153949050869
-0.877044267459
0.474055223813
-0.077878095080
-0.859108199422
0.511794003175
-0.000000000703
-0.833811137310
0.546311673987
0.079388551835
-0.877044266923
0.474055224847
0.077878094819
-0.914769422347
0.396672518137
0.076471022577
-0.899601458558
0.436711822327
-0.000000000300
0.080184421649
0.614697809107
-0.784676405917
0.000000000154
0.585265180796
-0.810841950166
0.159637243997
0.692876858737
-0.703162576476
-0.081368084070
0.676430652499
-0.731997819160
0.000000000002
0.649831127433
-0.760078618183
0.236505036687
0.758200563795
-0.607616056965
-0.160088565555
0.749290250592
-0.642600787072
-0.081167631724
0.733262945629
-0.675083156454
-0.000000000281
0.708774014329
-0.705435607701
0.081368083169
0.676430652640
-0.731997819130
-0.235127583816
0.807962060351
-0.540289115532
-0.159007753167
0.800480633451
-0.577881726569
-0.080480589694
0.785766837523
-0.613264503890
-0.000000000586
0.763341236335
-0.645995477469
0.081167630086
0.733262946631
-0.675083155562
0.235127582492
0.807962060860
-0.540289115347
0.231969058117
0.852248785793
-0.468894831695
-0.156806371490
0.846684972549
-0.508464668506
-0.079388552528
0.833811137548
-0.546311673524
-0.000000000587
0.813540294680
-0.581508545880
0.080480588991
0.785766836605
-0.613264505158
0.160088564167
0.749290250834
-0.642600787136
0.159007752056
0.800480633963
-0.577881726165
0.156806370600
0.846684972440
-0.508464668963
0.153949050869
0.887578507601
-0.434170568534
-0.077878095080
0.877044267459
-0.474055223813
-0.000000000703
0.859108199422
-0.511794003175
0.079388551835
0.833811137310
-0.546311673987
0.077878094819
0.877044266923
-0.474055224847
0.076471022577
0.914769422347
-0.396672518137
-0.000000000300
0.899601458558
-0.436711822327
0.080184422041
-0.614697808865
-0.784676406067
0.068068502349
-0.543196532875
-0.836841804441
0.159637244159
-0.692876858637
-0.703162576538
0.206389104586
-0.498586929403
-0.841911284719
0.145685116475
-0.559792773798
-0.815725381020
0.236505037180
-0.758200563490
-0.607616057154
0.334358240274
-0.443705318961
-0.831462661270
0.280762783728
-0.509577647317
-0.813328273594
0.220692419000
-0.572378598154
-0.789732610807
0.156100863438
-0.630243254360
-0.760543201119
0.456168899114
-0.380717337597
-0.804340875708
0.407797670811
-0.450175616425
-0.794382133521
0.353936343160
-0.517282407731
-0.779197006952
0.294558294149
-0.581294198520
-0.758506734390
0.230598430299
-0.640909633134
-0.732160642277
0.310852061537
-0.761161759030
-0.569213292561
0.383353954167
-0.758687774651
-0.526718716603
0.479206031038
-0.453607690521
-0.751399789006
0.425943955504
-0.521498471964
-0.739331515972
0.367413651247
-0.586466169916
-0.721848072950
0.304196602136
-0.647502736654
-0.698716418352
0.235418066144
-0.702734058257
-0.671374096535
0.309525475839
-0.707455564756
-0.635374380741
0.382294363763
-0.707325728610
-0.594593418296
0.453407939237
-0.702502736356
-0.548553685658
0.496581760156
-0.522008551750
-0.693479363341
0.439136131969
-0.587707143743
-0.679529080167
0.376879131514
-0.649951847736
-0.659942964092
0.448450449547
-0.648017956410
-0.615601269063
0.518096903991
-0.641829617321
-0.565358594526
0.509436957067
-0.584752103779
-0.631299424917
-0.914417525905
-0.000000000242
-0.404772267228
-0.878910452610
-0.042068647920
-0.475128030278
-0.961461063295
-0.000000000100
-0.274941127820
-0.888098682191
-0.177843723096
-0.423854150442
-0.905763734660
-0.090038353635
-0.414107657319
-0.990289245329
-0.000000000305
-0.139022338439
-0.878018852623
-0.305584931631
-0.368375818965
-0.905681584990
-0.223685298312
-0.360146850505
-0.926128026527
-0.136395416175
-0.351686179609
-0.938386923566
-0.046187398280
-0.342486066755
-0.851141176155
-0.427244722754
-0.304992860790
-0.887407201448
-0.350305017027
-0.299657894712
-0.917461107185
-0.268484429792
-0.293566394130
-0.940553771256
-0.182047037814
-0.286735905321
-0.955845940041
-0.092353313498
-0.278979218568
-0.996458014556
-0.046800301830
-0.069865277329
-0.995613548117
-0.093561011143
-0.000000000112
-0.890759032311
-0.393077282029
-0.228119698206
-0.923190805247
-0.312312665584
-0.224007892769
-0.948922196764
-0.227074124764
-0.219052519620
-0.967200846724
-0.138264099951
-0.213085806097
-0.976959027145
-0.046556192577
-0.208287254080
-0.985679397250
-0.093025069207
-0.140650141616
-0.987670699409
-0.139359243830
-0.071313327565
-0.982724253745
-0.185075771245
-0.000000000276
-0.922505674230
-0.355035715708
-0.151436196413
-0.950930134710
-0.271401055679
-0.148571012911
-0.972255628853
-0.183859289574
-0.144619341036
-0.970636983972
-0.229026310513
-0.073558102466
-0.962031113235
-0.272939805025
0.000000000354
-0.946148779209
-0.314849354778
-0.075315147199
-0.080184422041
0.614697808865
-0.784676406067
-0.068068502349
0.543196532875
-0.836841804441
-0.159637244159
0.692876858637
-0.703162576538
-0.206389104586
0.498586929403
-0.841911284719
-0.145685116475
0.559792773798
-0.815725381020
-0.236505037180
0.758200563490
-0.607616057154
-0.334358240274
0.443705318961
-0.831462661270
-0.280762783728
0.509577647317
-0.813328273594
-0.220692419000
0.572378598154
-0.789732610807
-0.156100863438
0.630243254360
-0.760543201119
-0.456168899114
0.380717337597
-0.804340875708
-0.407797670811
0.450175616425
-0.794382133521
-0.353936343160
0.517282407731
-0.779197006952
-0.294558294149
0.581294198520
-0.758506734390
-0.230598430299
0.640909633134
-0.732160642277
-0.310852061537
0.761161759030
-0.569213292561
-0.383353954167
0.758687774651
-0.526718716603
-0.479206031038
0.453607690521
-0.751399789006
-0.425943955504
0.521498471964
-0.739331515972
-0.367413651247
0.586466169916
-0.721848072950
-0.304196602136
0.647502736654
-0.698716418352
-0.235418066144
0.702734058257
-0.671374096535
-0.309525475839
0.707455564756
-0.635374380741
-0.382294363763
0.707325728610
-0.594593418296
-0.453407939237
0.702502736356
-0.548553685658
-0.496581760156
0.522008551750
-0.693479363341
-0.439136131969
0.587707143743
-0.679529080167
-0.376879131514
0.649951847736
-0.659942964092
-0.448450449547
0.648017956410
-0.615601269063
-0.518096903991
0.641829617321
-0.565358594526
-0.509436957067
0.584752103779
-0.631299424917
0.914417525905
0.000000000242
-0.404772267228
0.878910452610
0.042068647920
-0.475128030278
0.961461063295
0.000000000100
-0.274941127820
0.888098682191
0.177843723096
-0.423854150442
0.905763734660
0.090038353635
-0.414107657319
0.990289245329
0.000000000305
-0.139022338439
0.878018852623
0.305584931631
-0.368375818965
0.905681584990
0.223685298312
-0.360146850505
0.926128026527
0.136395416175
-0.351686179609
0.938386923566
0.046187398280
-0.342486066755
0.851141176155
0.427244722754
-0.304992860790
0.887407201448
0.350305017027
-0.299657894712
0.917461107185
0.268484429792
-0.293566394130
0.940553771256
0.182047037814
-0.286735905321
0.955845940041
0.092353313498
-0.278979218568
0.996458014556
0.046800301830
-0.069865277329
0.995613548117
0.093561011143
-0.000000000112
0.890759032311
0.393077282029
-0.228119698206
0.923190805247
0.312312665584
-0.224007892769
0.948922196764
0.227074124764
-0.219052519620
0.967200846724
0.138264099951
-0.213085806097
0.976959027145
0.046556192577
-0.208287254081
0.985679397250
0.093025069207
-0.140650141616
0.987670699409
0.139359243830
-0.071313327565
0.982724253745
0.185075771245
-0.000000000276
0.922505674230
0.355035715708
-0.151436196413
0.950930134710
0.271401055679
-0.148571012911
0.972255628853
0.183859289574
-0.144619341036
0.970636983972
0.229026310513
-0.073558102466
0.962031113235
0.272939805025
0.000000000354
0.946148779209
0.314849354778
-0.075315147199
-0.080184421649
-0.614697809107
-0.784676405917
-0.000000000154
-0.585265180796
-0.810841950166
-0.159637243997
-0.692876858737
-0.703162576476
0.081368084070
-0.676430652499
-0.731997819160
-0.000000000002
-0.649831127433
-0.760078618183
-0.236505036687
-0.758200563795
-0.607616056965
0.160088565555
-0.749290250592
-0.642600787072
0.081167631724
-0.733262945629
-0.675083156454
0.000000000281
-0.708774014329
-0.705435607701
-0.081368083169
-0.676430652640
-0.731997819130
0.235127583816
-0.807962060351
-0.540289115532
0.159007753167
-0.800480633451
-0.577881726569
0.080480589694
-0.785766837523
-0.613264503890
0.000000000586
-0.763341236335
-0.645995477469
-0.081167630086
-0.733262946631
-0.675083155562
-0.235127582492
-0.807962060860
-0.540289115347
-0.231969058117
-0.852248785793
-0.468894831695
0.156806371490
-0.846684972549
-0.508464668506
0.079388552528
-0.833811137548
-0.546311673524
0.000000000587
-0.813540294680
-0.581508545880
-0.080480588991
-0.785766836605
-0.613264505158
-0.160088564167
-0.749290250834
-0.642600787136
-0.159007752056
-0.800480633963
-0.577881726165
-0.156806370600
-0.846684972440
-0.508464668963
-0.153949050869
-0.887578507601
-0.434170568534
0.077878095080
-0.877044267459
-0.474055223813
0.000000000703
-0.859108199422
-0.511794003175
-0.079388551835
-0.833811137310
-0.546311673987
-0.077878094819
-0.877044266923
-0.474055224847
-0.076471022577
-0.914769422347
-0.396672518137
0.000000000300
-0.899601458558
-0.436711822327
0.864860827716
0.129741119988
-0.484956689269
0.836841804595
0.068068502444
-0.543196532627
0.862799820535
0.258298486820
-0.434578371979
0.760543200649
0.156100863031
-0.630243255027
0.815725381023
0.145685116477
-0.559792773794
0.844121093841
0.382673188364
-0.375527375620
0.671374095715
0.235418065551
-0.702734059239
0.732160641870
0.230598428536
-0.640909634233
0.789732610526
0.220692418826
-0.572378598609
0.841911284288
0.206389104436
-0.498586930193
0.569213291892
0.310852060623
-0.761161759904
0.635374380354
0.309525474879
-0.707455565524
0.698716417258
0.304196603294
-0.647502737290
0.758506733804
0.294558293786
-0.581294199469
0.813328272364
0.280762784479
-0.509577648868
0.804340875053
0.456168899209
-0.380717338866
0.758687774720
0.526718716422
-0.383353954279
0.594593417515
0.382294363804
-0.707325729244
0.659942963443
0.376879131724
-0.649951848272
0.721848072362
0.367413650884
-0.586466170867
0.779197007342
0.353936341566
-0.517282408233
0.831462660702
0.334358240010
-0.443705320225
0.794382132797
0.407797671084
-0.450175617455
0.751399788896
0.479206030446
-0.453607691327
0.702502736527
0.548553685210
-0.453407939514
0.615601268261
0.448450450418
-0.648017956569
0.679529079465
0.439136131535
-0.587707144880
0.739331515927
0.425943954865
-0.521498472550
0.693479363882
0.496581759125
-0.522008552013
0.641829617103
0.565358595098
-0.518096903637
0.631299424616
0.509436956881
-0.584752104266
-0.864860827958
0.129741119838
-0.484956688877
-0.878910452515
0.042068648169
-0.475128030431
-0.862799820635
0.258298486758
-0.434578371817
-0.938386923745
0.046187397472
-0.342486066372
-0.905763734658
0.090038353639
-0.414107657321
-0.844121094146
0.382673188176
-0.375527375127
-0.976959027346
0.046556191353
-0.208287253410
-0.955845940182
0.092353311396
-0.278979218781
-0.926128026701
0.136395415720
-0.351686179328
-0.888098682568
0.177843722447
-0.423854149924
-0.996458014646
0.046800300447
-0.069865276974
-0.985679397381
0.093025067927
-0.140650141545
-0.967200847050
0.138264100233
-0.213085804437
-0.940553771618
0.182047036866
-0.286735904734
-0.905681585861
0.223685297764
-0.360146848655
-0.851141176883
0.427244721994
-0.304992859821
-0.852248785862
0.468894831514
-0.231969058229
-0.987670699544
0.139359243305
-0.071313326716
-0.972255629027
0.183859289276
-0.144619340240
-0.948922197127
0.227074123814
-0.219052519032
-0.917461107294
0.268484428372
-0.293566395088
-0.878018853280
0.305584930610
-0.368375818248
-0.887407202004
0.350305016508
-0.299657893672
-0.890759032726
0.393077281112
-0.228119698164
-0.887578507772
0.434170568087
-0.153949051146
-0.970636983969
0.229026310890
-0.073558101333
-0.950930135144
0.271401054542
-0.148571012208
-0.923190805501
0.312312664761
-0.224007892871
-0.922505674395
0.355035714909
-0.151436197285
-0.914769422128
0.396672518710
-0.076471022223
-0.946148779394
0.314849354292
-0.075315146898
0.129741119838
-0.484956688877
-0.864860827958
0.042068648169
-0.475128030431
-0.878910452515
0.258298486758
-0.434578371817
-0.862799820635
0.046187397472
-0.342486066372
-0.938386923745
0.090038353639
-0.414107657321
-0.905763734658
0.382673188176
-0.375527375127
-0.844121094146
0.046556191353
-0.208287253410
-0.976959027346
0.092353311396
-0.278979218781
-0.955845940182
0.136395415720
-0.351686179328
-0.926128026701
0.177843722447
-0.423854149924
-0.888098682568
0.046800300447
-0.069865276974
-0.996458014646
0.093025067927
-0.140650141545
-0.985679397381
0.138264100233
-0.213085804437
-0.967200847050
0.182047036866
-0.286735904734
-0.940553771618
0.223685297764
-0.360146848655
-0.905681585861
0.427244721994
-0.304992859821
-0.851141176883
0.468894831514
-0.231969058229
-0.852248785862
0.139359243305
-0.071313326716
-0.987670699544
0.183859289276
-0.144619340240
-0.972255629027
0.227074123814
-0.219052519032
-0.948922197127
0.268484428372
-0.293566395088
-0.917461107294
0.305584930610
-0.368375818248
-0.878018853280
0.350305016508
-0.299657893672
-0.887407202004
0.393077281112
-0.228119698164
-0.890759032726
0.434170568087
-0.153949051146
-0.887578507772
0.229026310890
-0.073558101333
-0.970636983969
0.271401054542
-0.148571012208
-0.950930135144
0.312312664761
-0.224007892871
-0.923190805501
0.355035714909
-0.151436197285
-0.922505674395
0.396672518710
-0.076471022223
-0.914769422128
0.314849354292
-0.075315146898
-0.946148779394
0.614697808865
-0.784676406067
-0.080184422041
0.543196532875
-0.836841804441
-0.068068502349
0.692876858637
-0.703162576538
-0.159637244159
0.498586929403
-0.841911284719
-0.206389104586
0.559792773798
-0.815725381020
-0.145685116475
0.758200563490
-0.607616057154
-0.236505037180
0.443705318961
-0.831462661270
-0.334358240274
0.509577647317
-0.813328273594
-0.280762783728
0.572378598154
-0.789732610807
-0.220692419000
0.630243254360
-0.760543201119
-0.156100863438
0.380717337597
-0.804340875708
-0.456168899114
0.450175616425
-0.794382133521
-0.407797670811
0.517282407731
-0.779197006952
-0.353936343160
0.581294198520
-0.758506734390
-0.294558294149
0.640909633134
-0.732160642277
-0.230598430299
0.761161759030
-0.569213292561
-0.310852061537
0.758687774651
-0.526718716603
-0.383353954167
0.453607690521
-0.751399789006
-0.479206031038
0.521498471964
-0.739331515972
-0.425943955504
0.586466169916
-0.721848072950
-0.367413651247
0.647502736654
-0.698716418352
-0.304196602136
0.702734058257
-0.671374096535
-0.235418066144
0.707455564756
-0.635374380741
-0.309525475839
0.707325728610
-0.594593418296
-0.382294363763
0.702502736356
-0.548553685658
-0.453407939237
0.522008551750
-0.693479363341
-0.496581760156
0.587707143743
-0.679529080167
-0.439136131969
0.649951847736
-0.659942964092
-0.376879131514
0.648017956410
-0.615601269063
-0.448450449547
0.641829617321
-0.565358594526
-0.518096903991
0.584752103779
-0.631299424917
-0.509436957067
-0.614697808865
-0.784676406067
0.080184422041
-0.543196532875
-0.836841804441
0.068068502349
-0.692876858637
-0.703162576538
0.159637244159
-0.498586929403
-0.841911284719
0.206389104586
-0.559792773798
-0.815725381020
0.145685116475
-0.758200563490
-0.607616057154
0.236505037180
-0.443705318961
-0.831462661270
0.334358240274
-0.509577647317
-0.813328273594
0.280762783728
-0.572378598154
-0.789732610807
0.220692419000
-0.630243254360
-0.760543201119
0.156100863438
-0.380717337597
-0.804340875708
0.456168899114
-0.450175616425
-0.794382133521
0.407797670811
-0.517282407731
-0.779197006952
0.353936343160
-0.581294198520
-0.758506734390
0.294558294149
-0.640909633134
-0.732160642277
0.230598430299
-0.761161759030
-0.569213292561
0.310852061537
-0.758687774651
-0.526718716603
0.383353954167
-0.453607690521
-0.751399789006
0.479206031038
-0.521498471964
-0.739331515972
0.425943955504
-0.586466169916
-0.721848072950
0.367413651247
-0.647502736654
-0.698716418352
0.304196602136
-0.702734058257
-0.671374096535
0.235418066144
-0.707455564756
-0.635374380741
0.309525475839
-0.707325728610
-0.594593418296
0.382294363763
-0.702502736356
-0.548553685658
0.453407939237
-0.522008551750
-0.693479363341
0.496581760156
-0.587707143743
-0.679529080167
0.439136131969
-0.649951847736
-0.659942964092
0.376879131514
-0.648017956410
-0.615601269063
0.448450449547
-0.641829617321
-0.565358594526
0.518096903991
-0.584752103779
-0.631299424917
0.509436957067
-0.484956688877
-0.864860827958
0.129741119838
-0.475128030431
-0.878910452515
0.042068648169
-0.434578371817
-0.862799820635
0.258298486758
-0.342486066372
-0.938386923745
0.046187397472
-0.414107657321
-0.905763734658
0.090038353639
-0.375527375127
-0.844121094146
0.382673188176
-0.208287253410
-0.976959027346
0.046556191353
-0.278979218781
-0.955845940182
0.092353311396
-0.351686179328
-0.926128026701
0.136395415720
-0.423854149924
-0.888098682568
0.177843722447
-0.069865276974
-0.996458014646
0.046800300447
-0.140650141545
-0.985679397381
0.093025067927
-0.213085804437
-0.967200847050
0.138264100233
-0.286735904734
-0.940553771618
0.182047036866
-0.360146848655
-0.905681585861
0.223685297764
-0.304992859821
-0.851141176883
0.427244721994
-0.231969058229
-0.852248785862
0.468894831514
-0.071313326716
-0.987670699544
0.139359243305
-0.144619340240
-0.972255629027
0.183859289276
-0.219052519032
-0.948922197127
0.227074123814
-0.293566395088
-0.917461107294
0.268484428372
-0.368375818248
-0.878018853280
0.305584930610
-0.299657893672
-0.887407202004
0.350305016508
-0.228119698164
-0.890759032726
0.393077281112
-0.153949051146
-0.887578507772
0.434170568087
-0.073558101333
-0.970636983969
0.229026310890
-0.148571012208
-0.950930135144
0.271401054542
-0.224007892871
-0.923190805501
0.312312664761
-0.151436197285
-0.922505674395
0.355035714909
-0.076471022223
-0.914769422128
0.396672518710
-0.075315146898
-0.946148779394
0.314849354292
0.484956688877
0.864860827958
0.129741119838
0.475128030431
0.878910452515
0.042068648169
0.434578371817
0.862799820635
0.258298486758
0.342486066372
0.938386923745
0.046187397472
0.414107657321
0.905763734658
0.090038353639
0.375527375127
0.844121094146
0.382673188176
0.208287253410
0.976959027346
0.046556191353
0.278979218781
0.955845940182
0.092353311396
0.351686179328
0.926128026701
0.136395415720
0.423854149924
0.888098682568
0.177843722447
0.069865276974
0.996458014646
0.046800300447
0.140650141545
0.985679397381
0.093025067927
0.213085804437
0.967200847050
0.138264100233
0.286735904734
0.940553771618
0.182047036866
0.360146848655
0.905681585861
0.223685297764
0.304992859821
0.851141176883
0.427244721994
0.231969058229
0.852248785862
0.468894831514
0.071313326716
0.987670699544
0.139359243305
0.144619340240
0.972255629027
0.183859289276
0.219052519032
0.948922197127
0.227074123814
0.293566395088
0.917461107294
0.268484428372
0.368375818248
0.878018853280
0.305584930610
0.299657893672
0.887407202004
0.350305016508
0.228119698164
0.890759032726
0.393077281112
0.153949051146
0.887578507772
0.434170568087
0.073558101333
0.970636983969
0.229026310890
0.148571012208
0.950930135144
0.271401054542
0.224007892871
0.923190805501
0.312312664761
0.151436197285
0.922505674395
0.355035714909
0.076471022223
0.914769422128
0.396672518710
0.075315146898
0.946148779394
0.314849354292
-0.000000000242
-0.404772267228
-0.914417525905
-0.042068647920
-0.475128030278
-0.878910452610
-0.000000000100
-0.274941127820
-0.961461063295
-0.177843723096
-0.423854150442
-0.888098682191
-0.090038353635
-0.414107657319
-0.905763734660
-0.000000000305
-0.139022338439
-0.990289245329
-0.305584931631
-0.368375818965
-0.878018852623
-0.223685298312
-0.360146850505
-0.905681584990
-0.136395416175
-0.351686179609
-0.926128026527
-0.046187398280
-0.342486066755
-0.938386923566
-0.427244722754
-0.304992860790
-0.851141176155
-0.350305017027
-0.299657894712
-0.887407201448
-0.268484429792
-0.293566394130
-0.917461107185
-0.182047037814
-0.286735905321
-0.940553771256
-0.092353313498
-0.278979218568
-0.955845940041
-0.046800301830
-0.069865277329
-0.996458014556
-0.093561011143
-0.000000000112
-0.995613548117
-0.393077282029
-0.228119698206
-0.890759032311
-0.312312665584
-0.224007892769
-0.923190805247
-0.227074124764
-0.219052519620
-0.948922196764
-0.138264099951
-0.213085806097
-0.967200846724
-0.046556192577
-0.208287254081
-0.976959027145
-0.093025069207
-0.140650141616
-0.985679397250
-0.139359243830
-0.071313327565
-0.987670699409
-0.185075771245
-0.000000000276
-0.982724253745
-0.355035715708
-0.151436196413
-0.922505674230
-0.271401055679
-0.148571012911
-0.950930134710
-0.183859289574
-0.144619341036
-0.972255628853
-0.229026310513
-0.073558102466
-0.970636983972
-0.272939805025
0.000000000354
-0.962031113235
-0.314849354778
-0.075315147199
-0.946148779209
0.614697809107
-0.784676405917
0.080184421649
0.585265180796
-0.810841950166
0.000000000154
0.692876858737
-0.703162576476
0.159637243997
0.676430652499
-0.731997819160
-0.081368084070
0.649831127433
-0.760078618183
0.000000000002
0.758200563795
-0.607616056965
0.236505036687
0.749290250592
-0.642600787072
-0.160088565555
0.733262945629
-0.675083156454
-0.081167631724
0.708774014329
-0.705435607701
-0.000000000281
0.676430652640
-0.731997819130
0.081368083169
0.807962060351
-0.540289115532
-0.235127583816
0.800480633451
-0.577881726569
-0.159007753167
0.785766837523
-0.613264503890
-0.080480589694
0.763341236335
-0.645995477469
-0.000000000586
0.733262946631
-0.675083155562
0.081167630086
0.807962060860
-0.540289115347
0.235127582492
0.852248785793
-0.468894831695
0.231969058117
0.846684972549
-0.508464668506
-0.156806371490
0.833811137548
-0.546311673524
-0.079388552528
0.813540294680
-0.581508545880
-0.000000000587
0.785766836605
-0.613264505158
0.080480588991
0.749290250834
-0.642600787136
0.160088564167
0.800480633963
-0.577881726165
0.159007752056
0.846684972440
-0.508464668963
0.156806370600
0.887578507601
-0.434170568534
0.153949050869
0.877044267459
-0.474055223813
-0.077878095080
0.859108199422
-0.511794003175
-0.000000000703
0.833811137310
-0.546311673987
0.079388551835
0.877044266923
-0.474055224847
0.077878094819
0.914769422347
-0.396672518137
0.076471022577
0.899601458558
-0.436711822327
-0.000000000300
