0.626532610040
0.773996337317
0.091578154471
0.545536021236
0.834442765918
0.078075091683
0.712910209317
0.677248309832
0.181916904881
0.492907850072
0.837588958908
0.235555911098
0.563663738780
0.809011918958
0.166682046329
0.781854221132
0.562806907576
0.268239373851
0.427389403339
0.820141480304
0.380402747358
0.503927879501
0.802228849847
0.320133666981
0.576609062497
0.777138943784
0.252144901002
0.643084755167
0.744774527382
0.178193437124
0.781035875436
0.515853976365
0.351962549642
0.432805978227
0.773459117860
0.463076643992
0.510642061941
0.759456217755
0.403076838692
0.584703150205
0.738350235391
0.336096944404
0.653361327481
0.709873900283
0.263055168073
0.721639180090
0.638285117224
0.268009333586
0.723535490222
0.593778398819
0.352027850439
0.433948471677
0.719035072718
0.542841862913
0.512714061420
0.708913567010
0.484319982791
0.587767165154
0.692294072825
0.418639076410
0.658154331613
0.668288621586
0.346732164700
0.657245756593
0.619588066358
0.429113788485
0.650739209726
0.563259002753
0.509193260700
0.585444436874
0.638577578589
0.499473209948
0.525731112119
0.850650808352
0.000000000000
0.000000000000
0.525731112119
-0.850650808352
-0.525731112119
0.850650808352
0.000000000000
0.000000000000
0.525731112119
0.850650808352
0.850650808352
-0.000000000000
0.525731112119
-0.850650808352
-0.000000000000
0.525731112119
-0.000000000000
-0.525731112119
0.850650808352
-0.850650808352
-0.000000000000
-0.525731112119
-0.525731112119
-0.850650808352
0.000000000000
0.850650808352
-0.000000000000
-0.525731112119
0.525731112119
-0.850650808352
0.000000000000
0.000000000000
-0.525731112119
-0.850650808352
0.577350269190
0.577350269190
0.577350269190
0.356822089773
0.000000000000
-0.934172358963
-0.577350269190
0.577350269190
-0.577350269190
-0.356822089773
0.000000000000
0.934172358963
0.934172358963
0.356822089773
-0.000000000000
0.000000000000
0.934172358963
-0.356822089773
-0.577350269190
0.577350269190
0.577350269190
0.577350269190
-0.577350269190
0.577350269190
-0.934172358963
-0.356822089773
-0.000000000000
0.577350269190
0.577350269190
-0.577350269190
-0.000000000000
0.934172358963
0.356822089773
-0.577350269190
-0.577350269190
0.577350269190
0.934172358963
-0.356822089773
0.000000000000
0.356822089773
-0.000000000000
0.934172358963
-0.356822089773
-0.000000000000
-0.934172358963
-0.000000000000
-0.934172358963
-0.356822089773
0.577350269190
-0.577350269190
-0.577350269190
0.000000000000
-0.934172358963
0.356822089773
-0.934172358963
0.356822089773
0.000000000000
-0.577350269190
-0.577350269190
-0.577350269190
0.000000000075
0.386777889206
-0.922172903756
0.048253060893
0.467460931013
-0.882695825350
0.000000000104
0.236645569483
-0.971596044889
0.202944032771
0.407528844175
-0.890356086478
0.103015170357
0.396981693529
-0.912027088238
0.000000000432
0.079594424401
-0.996827330887
0.347495240856
0.341236432831
-0.873386944310
0.254931985289
0.333227660708
-0.907727386948
0.155834119327
0.324464162589
-0.932973062017
0.052767127274
0.314714412897
-0.947718559802
0.053633391638
-0.000000000052
-0.998560693850
0.397245897446
0.260458846268
-0.879975503274
0.305459859340
0.255077492119
-0.917403808225
0.207719335214
0.248606205953
-0.946069570455
0.105498536739
0.240872711497
-0.964805884933
0.053245463956
0.159380069843
-0.985780357841
0.106516384515
0.080778127806
-0.991024295312
0.444388113538
0.176193209493
-0.878336585527
0.354532405832
0.172925773625
-0.918914277847
0.258733178356
0.169128089048
-0.951027250878
0.157947589149
0.163909896270
-0.973748481378
0.210000711125
0.083600272685
-0.974120472906
0.260633000550
0.000000000400
-0.965437951929
0.308691420657
0.085971228075
-0.947268998097
-0.626532610040
0.773996337317
-0.091578154471
-0.545536021236
0.834442765918
-0.078075091683
-0.712910209317
0.677248309832
-0.181916904881
-0.492907850072
0.837588958908
-0.235555911098
-0.563663738780
0.809011918958
-0.166682046329
-0.781854221132
0.562806907576
-0.268239373851
-0.427389403339
0.820141480304
-0.380402747358
-0.503927879501
0.802228849847
-0.320133666981
-0.576609062497
0.777138943784
-0.252144901002
-0.643084755167
0.744774527382
-0.178193437124
-0.781035875436
0.515853976365
-0.351962549642
-0.432805978227
0.773459117860
-0.463076643992
-0.510642061941
0.759456217755
-0.403076838692
-0.584703150205
0.738350235391
-0.336096944404
-0.653361327481
0.709873900283
-0.263055168073
-0.721639180090
0.638285117224
-0.268009333586
-0.723535490222
0.593778398819
-0.352027850439
-0.433948471677
0.719035072718
-0.542841862913
-0.512714061420
0.708913567010
-0.484319982791
-0.587767165154
0.692294072825
-0.418639076410
-0.658154331613
0.668288621586
-0.346732164700
-0.657245756593
0.619588066358
-0.429113788485
-0.650739209726
0.563259002753
-0.509193260700
-0.585444436874
0.638577578589
-0.499473209948
-0.000000000075
0.386777889206
0.922172903756
-0.048253060893
0.467460931013
0.882695825350
-0.000000000104
0.236645569483
0.971596044889
-0.202944032771
0.407528844175
0.890356086478
-0.103015170357
0.396981693529
0.912027088238
-0.000000000432
0.079594424401
0.996827330887
-0.347495240856
0.341236432831
0.873386944310
-0.254931985289
0.333227660708
0.907727386948
-0.155834119327
0.324464162589
0.932973062017
-0.052767127274
0.314714412897
0.947718559802
-0.053633391638
-0.000000000052
0.998560693850
-0.397245897446
0.260458846268
0.879975503274
-0.305459859340
0.255077492119
0.917403808225
-0.207719335214
0.248606205953
0.946069570455
-0.105498536739
0.240872711497
0.964805884933
-0.053245463956
0.159380069843
0.985780357841
-0.106516384515
0.080778127806
0.991024295312
-0.444388113538
0.176193209493
0.878336585527
-0.354532405832
0.172925773625
0.918914277847
-0.258733178356
0.169128089048
0.951027250878
-0.157947589149
0.163909896270
0.973748481378
-0.210000711125
0.083600272685
0.974120472906
-0.260633000550
0.000000000400
0.965437951929
-0.308691420657
0.085971228075
0.947268998097
0.626532610115
0.773996337271
-0.091578154349
0.593789082129
0.804620734225
0.000000000902
0.712910209421
0.677248309768
-0.181916904712
0.695851882843
0.712162648841
0.092814431740
0.666678909137
0.745345042321
0.000000000666
0.781854221564
0.562806907308
-0.268239373151
0.774884644195
0.605377610527
0.181856363275
0.758859864791
0.644672218119
0.092354950036
0.732443181824
0.680828161433
0.000000000676
0.695851882442
0.712162649238
-0.092814431705
0.834669267074
0.482706717401
-0.265181899039
0.830051875674
0.527947651346
0.179680719968
0.816101921282
0.570671642484
0.091167595919
0.792422485419
0.609972626109
0.000000000093
0.758859864220
0.644672218815
-0.092354949865
0.774884644046
0.605377610752
-0.181856363159
0.830051874737
0.527947652830
-0.179680719935
0.878336585215
0.444388114355
0.176193208988
0.867246467253
0.489800490093
0.089325499959
0.846500343510
0.532388174584
0.000000000187
0.816101920763
0.570671643050
-0.091167597015
0.867246467718
0.489800489221
-0.089325500223
0.911372210276
0.402178949823
-0.087480207221
0.894135857531
0.447795788588
0.000000000710
-0.478356043555
0.865574491741
-0.148176566439
-0.467460930111
0.882695825908
-0.048253059433
-0.418562474195
0.859165214649
-0.294347735057
-0.314714412435
0.947718559939
-0.052767127570
-0.396981692863
0.912027088649
-0.103015169279
-0.347833797553
0.831046281159
-0.434020423312
-0.159380069556
0.985780357885
-0.053245464006
-0.240872710672
0.964805885100
-0.105498537101
-0.324464161913
0.932973062435
-0.155834118233
-0.407528844603
0.890356086362
-0.202944032420
-0.265181898987
0.834669267042
-0.482706717484
-0.080778126299
0.991024295338
-0.106516385415
-0.163909896200
0.973748481176
-0.157947590471
-0.248606205859
0.946069570512
-0.207719335063
-0.333227661362
0.907727386887
-0.254931984650
-0.341236433002
0.873386944338
-0.347495240617
-0.260458847741
0.879975503269
-0.397245896492
-0.000000000505
0.987229977268
-0.159301512809
-0.083600273666
0.974120472884
-0.210000710837
-0.169128088860
0.951027250994
-0.258733178053
-0.255077493285
0.917403807750
-0.305459859792
-0.172925772908
0.918914277706
-0.354532406548
-0.087480207621
0.911372210523
-0.402178949176
-0.085971227365
0.947268998536
-0.308691419508
-0.148176566485
0.478356043676
0.865574491666
-0.078075091126
0.545536022697
0.834442765015
-0.294347735122
0.418562474364
0.859165214544
-0.178193437636
0.643084755273
0.744774527168
-0.166682045917
0.563663739858
0.809011918292
-0.434020423579
0.347833798252
0.831046280727
-0.268009333783
0.721639180189
0.638285117029
-0.263055168829
0.653361327689
0.709873899810
-0.252144900584
0.576609063591
0.777138943108
-0.235555910565
0.492907850022
0.837588959087
-0.515853976449
0.351962549590
0.781035875404
-0.352027851928
0.723535490259
0.593778397891
-0.346732165742
0.658154330811
0.668288621836
-0.336096944346
0.584703150356
0.738350235298
-0.320133666118
0.503927879570
0.802228850148
-0.380402747088
0.427389403429
0.820141480383
-0.463076642481
0.432805978245
0.773459118754
-0.433948471172
0.719035072406
0.542841863730
-0.429113787754
0.657245756416
0.619588067052
-0.418639076294
0.587767165458
0.692294072638
-0.403076838328
0.510642060970
0.759456218601
-0.484319983684
0.512714061170
0.708913566581
-0.563259002106
0.509193261100
0.650739209973
-0.499473209509
0.585444438023
0.638577577879
0.865574491666
-0.148176566485
0.478356043676
0.834442765015
-0.078075091126
0.545536022697
0.859165214544
-0.294347735122
0.418562474364
0.744774527168
-0.178193437636
0.643084755273
0.809011918292
-0.166682045917
0.563663739858
0.831046280727
-0.434020423579
0.347833798252
0.638285117029
-0.268009333783
0.721639180189
0.709873899810
-0.263055168829
0.653361327689
0.777138943108
-0.252144900584
0.576609063591
0.837588959087
-0.235555910565
0.492907850022
0.781035875404
-0.515853976449
0.351962549590
0.593778397891
-0.352027851928
0.723535490259
0.668288621836
-0.346732165742
0.658154330811
0.738350235298
-0.336096944346
0.584703150356
0.802228850148
-0.320133666118
0.503927879570
0.820141480383
-0.380402747088
0.427389403429
0.773459118754
-0.463076642481
0.432805978245
0.542841863730
-0.433948471172
0.719035072406
0.619588067052
-0.429113787754
0.657245756416
0.692294072638
-0.418639076294
0.587767165458
0.759456218601
-0.403076838328
0.510642060970
0.708913566581
-0.484319983684
0.512714061170
0.650739209973
-0.563259002106
0.509193261100
0.638577577879
-0.499473209509
0.585444438023
-0.865574491741
-0.148176566439
0.478356043555
-0.882695825908
-0.048253059433
0.467460930111
-0.859165214649
-0.294347735057
0.418562474195
-0.947718559939
-0.052767127570
0.314714412435
-0.912027088649
-0.103015169279
0.396981692863
-0.831046281159
-0.434020423312
0.347833797553
-0.985780357885
-0.053245464006
0.159380069556
-0.964805885100
-0.105498537101
0.240872710672
-0.932973062435
-0.155834118233
0.324464161913
-0.890356086362
-0.202944032420
0.407528844603
-0.834669267042
-0.482706717484
0.265181898987
-0.991024295338
-0.106516385415
0.080778126299
-0.973748481176
-0.157947590471
0.163909896200
-0.946069570512
-0.207719335063
0.248606205859
-0.907727386887
-0.254931984650
0.333227661362
-0.873386944338
-0.347495240617
0.341236433002
-0.879975503269
-0.397245896492
0.260458847741
-0.987229977268
-0.159301512809
0.000000000505
-0.974120472884
-0.210000710837
0.083600273666
-0.951027250994
-0.258733178053
0.169128088860
-0.917403807750
-0.305459859792
0.255077493285
-0.918914277706
-0.354532406548
0.172925772908
-0.911372210523
-0.402178949176
0.087480207621
-0.947268998536
-0.308691419508
0.085971227365
0.478356043676
0.865574491666
-0.148176566485
0.545536022697
0.834442765015
-0.078075091126
0.418562474364
0.859165214544
-0.294347735122
0.643084755273
0.744774527168
-0.178193437636
0.563663739858
0.809011918292
-0.166682045917
0.347833798252
0.831046280727
-0.434020423579
0.721639180189
0.638285117029
-0.268009333783
0.653361327689
0.709873899810
-0.263055168829
0.576609063591
0.777138943108
-0.252144900584
0.492907850022
0.837588959087
-0.235555910565
0.351962549590
0.781035875404
-0.515853976449
0.723535490259
0.593778397891
-0.352027851928
0.658154330811
0.668288621836
-0.346732165742
0.584703150356
0.738350235298
-0.336096944346
0.503927879570
0.802228850148
-0.320133666118
0.427389403429
0.820141480383
-0.380402747088
0.432805978245
0.773459118754
-0.463076642481
0.719035072406
0.542841863730
-0.433948471172
0.657245756416
0.619588067052
-0.429113787754
0.587767165458
0.692294072638
-0.418639076294
0.510642060970
0.759456218601
-0.403076838328
0.512714061170
0.708913566581
-0.484319983684
0.509193261100
0.650739209973
-0.563259002106
0.585444438023
0.638577577879
-0.499473209509
-0.091578154349
0.626532610115
0.773996337271
0.000000000902
0.593789082129
0.804620734225
-0.181916904712
0.712910209421
0.677248309768
0.092814431740
0.695851882843
0.712162648841
0.000000000666
0.666678909137
0.745345042321
-0.268239373151
0.781854221564
0.562806907308
0.181856363275
0.774884644195
0.605377610527
0.092354950036
0.758859864791
0.644672218119
0.000000000676
0.732443181824
0.680828161433
-0.092814431705
0.695851882442
0.712162649238
-0.265181899039
0.834669267074
0.482706717401
0.179680719968
0.830051875674
0.527947651346
0.091167595919
0.816101921282
0.570671642484
0.000000000093
0.792422485419
0.609972626109
-0.092354949865
0.758859864220
0.644672218815
-0.181856363159
0.774884644046
0.605377610752
-0.179680719935
0.830051874737
0.527947652830
0.176193208988
0.878336585215
0.444388114355
0.089325499959
0.867246467253
0.489800490093
0.000000000187
0.846500343510
0.532388174584
-0.091167597015
0.816101920763
0.570671643050
-0.089325500223
0.867246467718
0.489800489221
-0.087480207221
0.911372210276
0.402178949823
0.000000000710
0.894135857531
0.447795788588
-0.091578154471
-0.626532610040
0.773996337317
-0.078075091683
-0.545536021236
0.834442765918
-0.181916904881
-0.712910209317
0.677248309832
-0.235555911098
-0.492907850072
0.837588958908
-0.166682046329
-0.563663738780
0.809011918958
-0.268239373851
-0.781854221132
0.562806907576
-0.380402747358
-0.427389403339
0.820141480304
-0.320133666981
-0.503927879501
0.802228849847
-0.252144901002
-0.576609062497
0.777138943784
-0.178193437124
-0.643084755167
0.744774527382
-0.351962549642
-0.781035875436
0.515853976365
-0.463076643992
-0.432805978227
0.773459117860
-0.403076838692
-0.510642061941
0.759456217755
-0.336096944404
-0.584703150205
0.738350235391
-0.263055168073
-0.653361327481
0.709873900283
-0.268009333586
-0.721639180090
0.638285117224
-0.352027850439
-0.723535490222
0.593778398819
-0.542841862913
-0.433948471677
0.719035072718
-0.484319982791
-0.512714061420
0.708913567010
-0.418639076410
-0.587767165154
0.692294072825
-0.346732164700
-0.658154331613
0.668288621586
-0.429113788485
-0.657245756593
0.619588066358
-0.509193260700
-0.650739209726
0.563259002753
-0.499473209948
-0.585444436874
0.638577578589
0.922172903756
-0.000000000075
0.386777889206
0.882695825350
-0.048253060893
0.467460931013
0.971596044889
-0.000000000104
0.236645569483
0.890356086478
-0.202944032771
0.407528844175
0.912027088238
-0.103015170357
0.396981693529
0.996827330887
-0.000000000432
0.079594424401
0.873386944310
-0.347495240856
0.341236432831
0.907727386948
-0.254931985289
0.333227660708
0.932973062017
-0.155834119327
0.324464162589
0.947718559802
-0.052767127274
0.314714412897
0.998560693850
-0.053633391638
-0.000000000052
0.879975503274
-0.397245897446
0.260458846268
0.917403808225
-0.305459859340
0.255077492119
0.946069570455
-0.207719335214
0.248606205953
0.964805884933
-0.105498536739
0.240872711497
0.985780357841
-0.053245463956
0.159380069843
0.991024295312
-0.106516384515
0.080778127806
0.878336585527
-0.444388113538
0.176193209493
0.918914277847
-0.354532405832
0.172925773625
0.951027250878
-0.258733178356
0.169128089048
0.973748481378
-0.157947589149
0.163909896270
0.974120472906
-0.210000711125
0.083600272685
0.965437951929
-0.260633000550
0.000000000400
0.947268998097
-0.308691420657
0.085971228075
0.091578154471
0.626532610040
0.773996337317
0.078075091683
0.545536021236
0.834442765918
0.181916904881
0.712910209317
0.677248309832
0.235555911098
0.492907850072
0.837588958908
0.166682046329
0.563663738780
0.809011918958
0.268239373851
0.781854221132
0.562806907576
0.380402747358
0.427389403339
0.820141480304
0.320133666981
0.503927879501
0.802228849847
0.252144901002
0.576609062497
0.777138943784
0.178193437124
0.643084755167
0.744774527382
0.351962549642
0.781035875436
0.515853976365
0.463076643992
0.432805978227
0.773459117860
0.403076838692
0.510642061941
0.759456217755
0.336096944404
0.584703150205
0.738350235391
0.263055168073
0.653361327481
0.709873900283
0.268009333586
0.721639180090
0.638285117224
0.352027850439
0.723535490222
0.593778398819
0.542841862913
0.433948471677
0.719035072718
0.484319982791
0.512714061420
0.708913567010
0.418639076410
0.587767165154
0.692294072825
0.346732164700
0.658154331613
0.668288621586
0.429113788485
0.657245756593
0.619588066358
0.509193260700
0.650739209726
0.563259002753
0.499473209948
0.585444436874
0.638577578589
-0.148176566439
-0.478356043555
0.865574491741
-0.048253059433
-0.467460930111
0.882695825908
-0.294347735057
-0.418562474195
0.859165214649
-0.052767127570
-0.314714412435
0.947718559939
-0.103015169279
-0.396981692863
0.912027088649
-0.434020423312
-0.347833797553
0.831046281159
-0.053245464006
-0.159380069556
0.985780357885
-0.105498537101
-0.240872710672
0.964805885100
-0.155834118233
-0.324464161913
0.932973062435
-0.202944032420
-0.407528844603
0.890356086362
-0.482706717484
-0.265181898987
0.834669267042
-0.106516385415
-0.080778126299
0.991024295338
-0.157947590471
-0.163909896200
0.973748481176
-0.207719335063
-0.248606205859
0.946069570512
-0.254931984650
-0.333227661362
0.907727386887
-0.347495240617
-0.341236433002
0.873386944338
-0.397245896492
-0.260458847741
0.879975503269
-0.159301512809
-0.000000000505
0.987229977268
-0.210000710837
-0.083600273666
0.974120472884
-0.258733178053
-0.169128088860
0.951027250994
-0.305459859792
-0.255077493285
0.917403807750
-0.354532406548
-0.172925772908
0.918914277706
-0.402178949176
-0.087480207621
0.911372210523
-0.308691419508
-0.085971227365
0.947268998536
0.148176566439
0.478356043555
0.865574491741
0.048253059433
0.467460930111
0.882695825908
0.294347735057
0.418562474195
0.859165214649
0.052767127570
0.314714412435
0.947718559939
0.103015169279
0.396981692863
0.912027088649
0.434020423312
0.347833797553
0.831046281159
0.053245464006
0.159380069556
0.985780357885
0.105498537101
0.240872710672
0.964805885100
0.155834118233
0.324464161913
0.932973062435
0.202944032420
0.407528844603
0.890356086362
0.482706717484
0.265181898987
0.834669267042
0.106516385415
0.080778126299
0.991024295338
0.157947590471
0.163909896200
0.973748481176
0.207719335063
0.248606205859
0.946069570512
0.254931984650
0.333227661362
0.907727386887
0.347495240617
0.341236433002
0.873386944338
0.397245896492
0.260458847741
0.879975503269
0.159301512809
0.000000000505
0.987229977268
0.210000710837
0.083600273666
0.974120472884
0.258733178053
0.169128088860
0.951027250994
0.305459859792
0.255077493285
0.917403807750
0.354532406548
0.172925772908
0.918914277706
0.402178949176
0.087480207621
0.911372210523
0.308691419508
0.085971227365
0.947268998536
-0.386777889206
0.922172903756
0.000000000075
-0.467460931013
0.882695825350
0.048253060893
-0.236645569483
0.971596044889
0.000000000104
-0.407528844175
0.890356086478
0.202944032771
-0.396981693529
0.912027088238
0.103015170357
-0.079594424401
0.996827330887
0.000000000432
-0.341236432831
0.873386944310
0.347495240856
-0.333227660708
0.907727386948
0.254931985289
-0.324464162589
0.932973062017
0.155834119327
-0.314714412897
0.947718559802
0.052767127274
0.000000000052
0.998560693850
0.053633391638
-0.260458846268
0.879975503274
0.397245897446
-0.255077492119
0.917403808225
0.305459859340
-0.248606205953
0.946069570455
0.207719335214
-0.240872711497
0.964805884933
0.105498536739
-0.159380069843
0.985780357841
0.053245463956
-0.080778127806
0.991024295312
0.106516384515
-0.176193209493
0.878336585527
0.444388113538
-0.172925773625
0.918914277847
0.354532405832
-0.169128089048
0.951027250878
0.258733178356
-0.163909896270
0.973748481378
0.157947589149
-0.083600272685
0.974120472906
0.210000711125
-0.000000000400
0.965437951929
0.260633000550
-0.085971228075
0.947268998097
0.308691420657
-0.773996337271
-0.091578154349
-0.626532610115
-0.804620734225
0.000000000902
-0.593789082129
-0.677248309768
-0.181916904712
-0.712910209421
-0.712162648841
0.092814431740
-0.695851882843
-0.745345042321
0.000000000666
-0.666678909137
-0.562806907308
-0.268239373151
-0.781854221564
-0.605377610527
0.181856363275
-0.774884644195
-0.644672218119
0.092354950036
-0.758859864791
-0.680828161433
0.000000000676
-0.732443181824
-0.712162649238
-0.092814431705
-0.695851882442
-0.482706717401
-0.265181899039
-0.834669267074
-0.527947651346
0.179680719968
-0.830051875674
-0.570671642484
0.091167595919
-0.816101921282
-0.609972626109
0.000000000093
-0.792422485419
-0.644672218815
-0.092354949865
-0.758859864220
-0.605377610752
-0.181856363159
-0.774884644046
-0.527947652830
-0.179680719935
-0.830051874737
-0.444388114355
0.176193208988
-0.878336585215
-0.489800490093
0.089325499959
-0.867246467253
-0.532388174584
0.000000000187
-0.846500343510
-0.570671643050
-0.091167597015
-0.816101920763
-0.489800489221
-0.089325500223
-0.867246467718
-0.402178949823
-0.087480207221
-0.911372210276
-0.447795788588
0.000000000710
-0.894135857531
-0.773996337317
-0.091578154471
0.626532610040
-0.834442765918
-0.078075091683
0.545536021236
-0.677248309832
-0.181916904881
0.712910209317
-0.837588958908
-0.235555911098
0.492907850072
-0.809011918958
-0.166682046329
0.563663738780
-0.562806907576
-0.268239373851
0.781854221132
-0.820141480304
-0.380402747358
0.427389403339
-0.802228849847
-0.320133666981
0.503927879501
-0.777138943784
-0.252144901002
0.576609062497
-0.744774527382
-0.178193437124
0.643084755167
-0.515853976365
-0.351962549642
0.781035875436
-0.773459117860
-0.463076643992
0.432805978227
-0.759456217755
-0.403076838692
0.510642061941
-0.738350235391
-0.336096944404
0.584703150205
-0.709873900283
-0.263055168073
0.653361327481
-0.638285117224
-0.268009333586
0.721639180090
-0.593778398819
-0.352027850439
0.723535490222
-0.719035072718
-0.542841862913
0.433948471677
-0.708913567010
-0.484319982791
0.512714061420
-0.692294072825
-0.418639076410
0.587767165154
-0.668288621586
-0.346732164700
0.658154331613
-0.619588066358
-0.429113788485
0.657245756593
-0.563259002753
-0.509193260700
0.650739209726
-0.638577578589
-0.499473209948
0.585444436874
-0.478356043676
0.865574491666
0.148176566485
-0.545536022697
0.834442765015
0.078075091126
-0.418562474364
0.859165214544
0.294347735122
-0.643084755273
0.744774527168
0.178193437636
-0.563663739858
0.809011918292
0.166682045917
-0.347833798252
0.831046280727
0.434020423579
-0.721639180189
0.638285117029
0.268009333783
-0.653361327689
0.709873899810
0.263055168829
-0.576609063591
0.777138943108
0.252144900584
-0.492907850022
0.837588959087
0.235555910565
-0.351962549590
0.781035875404
0.515853976449
-0.723535490259
0.593778397891
0.352027851928
-0.658154330811
0.668288621836
0.346732165742
-0.584703150356
0.738350235298
0.336096944346
-0.503927879570
0.802228850148
0.320133666118
-0.427389403429
0.820141480383
0.380402747088
-0.432805978245
0.773459118754
0.463076642481
-0.719035072406
0.542841863730
0.433948471172
-0.657245756416
0.619588067052
0.429113787754
-0.587767165458
0.692294072638
0.418639076294
-0.510642060970
0.759456218601
0.403076838328
-0.512714061170
0.708913566581
0.484319983684
-0.509193261100
0.650739209973
0.563259002106
-0.585444438023
0.638577577879
0.499473209509
-0.773996337317
0.091578154471
-0.626532610040
-0.834442765918
0.078075091683
-0.545536021236
-0.677248309832
0.181916904881
-0.712910209317
-0.837588958908
0.235555911098
-0.492907850072
-0.809011918958
0.166682046329
-0.563663738780
-0.562806907576
0.268239373851
-0.781854221132
-0.820141480304
0.380402747358
-0.427389403339
-0.802228849847
0.320133666981
-0.503927879501
-0.777138943784
0.252144901002
-0.576609062497
-0.744774527382
0.178193437124
-0.643084755167
-0.515853976365
0.351962549642
-0.781035875436
-0.773459117860
0.463076643992
-0.432805978227
-0.759456217755
0.403076838692
-0.510642061941
-0.738350235391
0.336096944404
-0.584703150205
-0.709873900283
0.263055168073
-0.653361327481
-0.638285117224
0.268009333586
-0.721639180090
-0.593778398819
0.352027850439
-0.723535490222
-0.719035072718
0.542841862913
-0.433948471677
-0.708913567010
0.484319982791
-0.512714061420
-0.692294072825
0.418639076410
-0.587767165154
-0.668288621586
0.346732164700
-0.658154331613
-0.619588066358
0.429113788485
-0.657245756593
-0.563259002753
0.509193260700
-0.650739209726
-0.638577578589
0.499473209948
-0.585444436874
-0.386777889206
-0.922172903756
-0.000000000075
-0.467460931013
-0.882695825350
-0.048253060893
-0.236645569483
-0.971596044889
-0.000000000104
-0.407528844175
-0.890356086478
-0.202944032771
-0.396981693529
-0.912027088238
-0.103015170357
-0.079594424401
-0.996827330887
-0.000000000432
-0.341236432831
-0.873386944310
-0.347495240856
-0.333227660708
-0.907727386948
-0.254931985289
-0.324464162589
-0.932973062017
-0.155834119327
-0.314714412897
-0.947718559802
-0.052767127274
0.000000000052
-0.998560693850
-0.053633391638
-0.260458846268
-0.879975503274
-0.397245897446
-0.255077492119
-0.917403808225
-0.305459859340
-0.248606205953
-0.946069570455
-0.207719335214
-0.240872711497
-0.964805884933
-0.105498536739
-0.159380069843
-0.985780357841
-0.053245463956
-0.080778127806
-0.991024295312
-0.106516384515
-0.176193209493
-0.878336585527
-0.444388113538
-0.172925773625
-0.918914277847
-0.354532405832
-0.169128089048
-0.951027250878
-0.258733178356
-0.163909896270
-0.973748481378
-0.157947589149
-0.083600272685
-0.974120472906
-0.210000711125
-0.000000000400
-0.965437951929
-0.260633000550
-0.085971228075
-0.947268998097
-0.308691420657
0.773996337271
-0.091578154349
0.626532610115
0.804620734225
0.000000000902
0.593789082129
0.677248309768
-0.181916904712
0.712910209421
0.712162648841
0.092814431740
0.695851882843
0.745345042321
0.000000000666
0.666678909137
0.562806907308
-0.268239373151
0.781854221564
0.605377610527
0.181856363275
0.774884644195
0.644672218119
0.092354950036
0.758859864791
0.680828161433
0.000000000676
0.732443181824
0.712162649238
-0.092814431705
0.695851882442
0.482706717401
-0.265181899039
0.834669267074
0.527947651346
0.179680719968
0.830051875674
0.570671642484
0.091167595919
0.816101921282
0.609972626109
0.000000000093
0.792422485419
0.644672218815
-0.092354949865
0.758859864220
0.605377610752
-0.181856363159
0.774884644046
0.527947652830
-0.179680719935
0.830051874737
0.444388114355
0.176193208988
0.878336585215
0.489800490093
0.089325499959
0.867246467253
0.532388174584
0.000000000187
0.846500343510
0.570671643050
-0.091167597015
0.816101920763
0.489800489221
-0.089325500223
0.867246467718
0.402178949823
-0.087480207221
0.911372210276
0.447795788588
0.000000000710
0.894135857531
0.773996337317
-0.091578154471
-0.626532610040
0.834442765918
-0.078075091683
-0.545536021236
0.677248309832
-0.181916904881
-0.712910209317
0.837588958908
-0.235555911098
-0.492907850072
0.809011918958
-0.166682046329
-0.563663738780
0.562806907576
-0.268239373851
-0.781854221132
0.820141480304
-0.380402747358
-0.427389403339
0.802228849847
-0.320133666981
-0.503927879501
0.777138943784
-0.252144901002
-0.576609062497
0.744774527382
-0.178193437124
-0.643084755167
0.515853976365
-0.351962549642
-0.781035875436
0.773459117860
-0.463076643992
-0.432805978227
0.759456217755
-0.403076838692
-0.510642061941
0.738350235391
-0.336096944404
-0.584703150205
0.709873900283
-0.263055168073
-0.653361327481
0.638285117224
-0.268009333586
-0.721639180090
0.593778398819
-0.352027850439
-0.723535490222
0.719035072718
-0.542841862913
-0.433948471677
0.708913567010
-0.484319982791
-0.512714061420
0.692294072825
-0.418639076410
-0.587767165154
0.668288621586
-0.346732164700
-0.658154331613
0.619588066358
-0.429113788485
-0.657245756593
0.563259002753
-0.509193260700
-0.650739209726
0.638577578589
-0.499473209948
-0.585444436874
0.386777889206
0.922172903756
-0.000000000075
0.467460931013
0.882695825350
-0.048253060893
0.236645569483
0.971596044889
-0.000000000104
0.407528844175
0.890356086478
-0.202944032771
0.396981693529
0.912027088238
-0.103015170357
0.079594424401
0.996827330887
-0.000000000432
0.341236432831
0.873386944310
-0.347495240856
0.333227660708
0.907727386948
-0.254931985289
0.324464162589
0.932973062017
-0.155834119327
0.314714412897
0.947718559802
-0.052767127274
-0.000000000052
0.998560693850
-0.053633391638
0.260458846268
0.879975503274
-0.397245897446
0.255077492119
0.917403808225
-0.305459859340
0.248606205953
0.946069570455
-0.207719335214
0.240872711497
0.964805884933
-0.105498536739
0.159380069843
0.985780357841
-0.053245463956
0.080778127806
0.991024295312
-0.106516384515
0.176193209493
0.878336585527
-0.444388113538
0.172925773625
0.918914277847
-0.354532405832
0.169128089048
0.951027250878
-0.258733178356
0.163909896270
0.973748481378
-0.157947589149
0.083600272685
0.974120472906
-0.210000711125
0.000000000400
0.965437951929
-0.260633000550
0.085971228075
0.947268998097
-0.308691420657
0.773996337317
0.091578154471
0.626532610040
0.834442765918
0.078075091683
0.545536021236
0.677248309832
0.181916904881
0.712910209317
0.837588958908
0.235555911098
0.492907850072
0.809011918958
0.166682046329
0.563663738780
0.562806907576
0.268239373851
0.781854221132
0.820141480304
0.380402747358
0.427389403339
0.802228849847
0.320133666981
0.503927879501
0.777138943784
0.252144901002
0.576609062497
0.744774527382
0.178193437124
0.643084755167
0.515853976365
0.351962549642
0.781035875436
0.773459117860
0.463076643992
0.432805978227
0.759456217755
0.403076838692
0.510642061941
0.738350235391
0.336096944404
0.584703150205
0.709873900283
0.263055168073
0.653361327481
0.638285117224
0.268009333586
0.721639180090
0.593778398819
0.352027850439
0.723535490222
0.719035072718
0.542841862913
0.433948471677
0.708913567010
0.484319982791
0.512714061420
0.692294072825
0.418639076410
0.587767165154
0.668288621586
0.346732164700
0.658154331613
0.619588066358
0.429113788485
0.657245756593
0.563259002753
0.509193260700
0.650739209726
0.638577578589
0.499473209948
0.585444436874
0.865574491741
-0.148176566439
-0.478356043555
0.882695825908
-0.048253059433
-0.467460930111
0.859165214649
-0.294347735057
-0.418562474195
0.947718559939
-0.052767127570
-0.314714412435
0.912027088649
-0.103015169279
-0.396981692863
0.831046281159
-0.434020423312
-0.347833797553
0.985780357885
-0.053245464006
-0.159380069556
0.964805885100
-0.105498537101
-0.240872710672
0.932973062435
-0.155834118233
-0.324464161913
0.890356086362
-0.202944032420
-0.407528844603
0.834669267042
-0.482706717484
-0.265181898987
0.991024295338
-0.106516385415
-0.080778126299
0.973748481176
-0.157947590471
-0.163909896200
0.946069570512
-0.207719335063
-0.248606205859
0.907727386887
-0.254931984650
-0.333227661362
0.873386944338
-0.347495240617
-0.341236433002
0.879975503269
-0.397245896492
-0.260458847741
0.987229977268
-0.159301512809
-0.000000000505
0.974120472884
-0.210000710837
-0.083600273666
0.951027250994
-0.258733178053
-0.169128088860
0.917403807750
-0.305459859792
-0.255077493285
0.918914277706
-0.354532406548
-0.172925772908
0.911372210523
-0.402178949176
-0.087480207621
0.947268998536
-0.308691419508
-0.085971227365
-0.148176566439
0.478356043555
-0.865574491741
-0.048253059433
0.467460930111
-0.882695825908
-0.294347735057
0.418562474195
-0.859165214649
-0.052767127570
0.314714412435
-0.947718559939
-0.103015169279
0.396981692863
-0.912027088649
-0.434020423312
0.347833797553
-0.831046281159
-0.053245464006
0.159380069556
-0.985780357885
-0.105498537101
0.240872710672
-0.964805885100
-0.155834118233
0.324464161913
-0.932973062435
-0.202944032420
0.407528844603
-0.890356086362
-0.482706717484
0.265181898987
-0.834669267042
-0.106516385415
0.080778126299
-0.991024295338
-0.157947590471
0.163909896200
-0.973748481176
-0.207719335063
0.248606205859
-0.946069570512
-0.254931984650
0.333227661362
-0.907727386887
-0.347495240617
0.341236433002
-0.873386944338
-0.397245896492
0.260458847741
-0.879975503269
-0.159301512809
0.000000000505
-0.987229977268
-0.210000710837
0.083600273666
-0.974120472884
-0.258733178053
0.169128088860
-0.951027250994
-0.305459859792
0.255077493285
-0.917403807750
-0.354532406548
0.172925772908
-0.918914277706
-0.402178949176
0.087480207621
-0.911372210523
-0.308691419508
0.085971227365
-0.947268998536
0.386777889206
-0.922172903756
0.000000000075
0.467460931013
-0.882695825350
0.048253060893
0.236645569483
-0.971596044889
0.000000000104
0.407528844175
-0.890356086478
0.202944032771
0.396981693529
-0.912027088238
0.103015170357
0.079594424401
-0.996827330887
0.000000000432
0.341236432831
-0.873386944310
0.347495240856
0.333227660708
-0.907727386948
0.254931985289
0.324464162589
-0.932973062017
0.155834119327
0.314714412897
-0.947718559802
0.052767127274
-0.000000000052
-0.998560693850
0.053633391638
0.260458846268
-0.879975503274
0.397245897446
0.255077492119
-0.917403808225
0.305459859340
0.248606205953
-0.946069570455
0.207719335214
0.240872711497
-0.964805884933
0.105498536739
0.159380069843
-0.985780357841
0.053245463956
0.080778127806
-0.991024295312
0.106516384515
0.176193209493
-0.878336585527
0.444388113538
0.172925773625
-0.918914277847
0.354532405832
0.169128089048
-0.951027250878
0.258733178356
0.163909896270
-0.973748481378
0.157947589149
0.083600272685
-0.974120472906
0.210000711125
0.000000000400
-0.965437951929
0.260633000550
0.085971228075
-0.947268998097
0.308691420657
-0.922172903756
0.000000000075
0.386777889206
-0.882695825350
0.048253060893
0.467460931013
-0.971596044889
0.000000000104
0.236645569483
-0.890356086478
0.202944032771
0.407528844175
-0.912027088238
0.103015170357
0.396981693529
-0.996827330887
0.000000000432
0.079594424401
-0.873386944310
0.347495240856
0.341236432831
-0.907727386948
0.254931985289
0.333227660708
-0.932973062017
0.155834119327
0.324464162589
-0.947718559802
0.052767127274
0.314714412897
-0.998560693850
0.053633391638
-0.000000000052
-0.879975503274
0.397245897446
0.260458846268
-0.917403808225
0.305459859340
0.255077492119
-0.946069570455
0.207719335214
0.248606205953
-0.964805884933
0.105498536739
0.240872711497
-0.985780357841
0.053245463956
0.159380069843
-0.991024295312
0.106516384515
0.080778127806
-0.878336585527
0.444388113538
0.176193209493
-0.918914277847
0.354532405832
0.172925773625
-0.951027250878
0.258733178356
0.169128089048
-0.973748481378
0.157947589149
0.163909896270
-0.974120472906
0.210000711125
0.083600272685
-0.965437951929
0.260633000550
0.000000000400
-0.947268998097
0.308691420657
0.085971228075
0.091578154349
-0.626532610115
0.773996337271
-0.000000000902
-0.593789082129
0.804620734225
0.181916904712
-0.712910209421
0.677248309768
-0.092814431740
-0.695851882843
0.712162648841
-0.000000000666
-0.666678909137
0.745345042321
0.268239373151
-0.781854221564
0.562806907308
-0.181856363275
-0.774884644195
0.605377610527
-0.092354950036
-0.758859864791
0.644672218119
-0.000000000676
-0.732443181824
0.680828161433
0.092814431705
-0.695851882442
0.712162649238
0.265181899039
-0.834669267074
0.482706717401
-0.179680719968
-0.830051875674
0.527947651346
-0.091167595919
-0.816101921282
0.570671642484
-0.000000000093
-0.792422485419
0.609972626109
0.092354949865
-0.758859864220
0.644672218815
0.181856363159
-0.774884644046
0.605377610752
0.179680719935
-0.830051874737
0.527947652830
-0.176193208988
-0.878336585215
0.444388114355
-0.089325499959
-0.867246467253
0.489800490093
-0.000000000187
-0.846500343510
0.532388174584
0.091167597015
-0.816101920763
0.570671643050
0.089325500223
-0.867246467718
0.489800489221
0.087480207221
-0.911372210276
0.402178949823
-0.000000000710
-0.894135857531
0.447795788588
-0.865574491666
0.148176566485
0.478356043676
-0.834442765015
0.078075091126
0.545536022697
-0.859165214544
0.294347735122
0.418562474364
-0.744774527168
0.178193437636
0.643084755273
-0.809011918292
0.166682045917
0.563663739858
-0.831046280727
0.434020423579
0.347833798252
-0.638285117029
0.268009333783
0.721639180189
-0.709873899810
0.263055168829
0.653361327689
-0.777138943108
0.252144900584
0.576609063591
-0.837588959087
0.235555910565
0.492907850022
-0.781035875404
0.515853976449
0.351962549590
-0.593778397891
0.352027851928
0.723535490259
-0.668288621836
0.346732165742
0.658154330811
-0.738350235298
0.336096944346
0.584703150356
-0.802228850148
0.320133666118
0.503927879570
-0.820141480383
0.380402747088
0.427389403429
-0.773459118754
0.463076642481
0.432805978245
-0.542841863730
0.433948471172
0.719035072406
-0.619588067052
0.429113787754
0.657245756416
-0.692294072638
0.418639076294
0.587767165458
-0.759456218601
0.403076838328
0.510642060970
-0.708913566581
0.484319983684
0.512714061170
-0.650739209973
0.563259002106
0.509193261100
-0.638577577879
0.499473209509
0.585444438023
-0.478356043676
-0.865574491666
-0.148176566485
-0.545536022697
-0.834442765015
-0.078075091126
-0.418562474364
-0.859165214544
-0.294347735122
-0.643084755273
-0.744774527168
-0.178193437636
-0.563663739858
-0.809011918292
-0.166682045917
-0.347833798252
-0.831046280727
-0.434020423579
-0.721639180189
-0.638285117029
-0.268009333783
-0.653361327689
-0.709873899810
-0.263055168829
-0.576609063591
-0.777138943108
-0.252144900584
-0.492907850022
-0.837588959087
-0.235555910565
-0.351962549590
-0.781035875404
-0.515853976449
-0.723535490259
-0.593778397891
-0.352027851928
-0.658154330811
-0.668288621836
-0.346732165742
-0.584703150356
-0.738350235298
-0.336096944346
-0.503927879570
-0.802228850148
-0.320133666118
-0.427389403429
-0.820141480383
-0.380402747088
-0.432805978245
-0.773459118754
-0.463076642481
-0.719035072406
-0.542841863730
-0.433948471172
-0.657245756416
-0.619588067052
-0.429113787754
-0.587767165458
-0.692294072638
-0.418639076294
-0.510642060970
-0.759456218601
-0.403076838328
-0.512714061170
-0.708913566581
-0.484319983684
-0.509193261100
-0.650739209973
-0.563259002106
-0.585444438023
-0.638577577879
-0.499473209509
0.148176566485
-0.478356043676
0.865574491666
0.078075091126
-0.545536022697
0.834442765015
0.294347735122
-0.418562474364
0.859165214544
0.178193437636
-0.643084755273
0.744774527168
0.166682045917
-0.563663739858
0.809011918292
0.434020423579
-0.347833798252
0.831046280727
0.268009333783
-0.721639180189
0.638285117029
0.263055168829
-0.653361327689
0.709873899810
0.252144900584
-0.576609063591
0.777138943108
0.235555910565
-0.492907850022
0.837588959087
0.515853976449
-0.351962549590
0.781035875404
0.352027851928
-0.723535490259
0.593778397891
0.346732165742
-0.658154330811
0.668288621836
0.336096944346
-0.584703150356
0.738350235298
0.320133666118
-0.503927879570
0.802228850148
0.380402747088
-0.427389403429
0.820141480383
0.463076642481
-0.432805978245
0.773459118754
0.433948471172
-0.719035072406
0.542841863730
0.429113787754
-0.657245756416
0.619588067052
0.418639076294
-0.587767165458
0.692294072638
0.403076838328
-0.510642060970
0.759456218601
0.484319983684
-0.512714061170
0.708913566581
0.563259002106
-0.509193261100
0.650739209973
0.499473209509
-0.585444438023
0.638577577879
-0.773996337271
0.091578154349
0.626532610115
-0.804620734225
-0.000000000902
0.593789082129
-0.677248309768
0.181916904712
0.712910209421
-0.712162648841
-0.092814431740
0.695851882843
-0.745345042321
-0.000000000666
0.666678909137
-0.562806907308
0.268239373151
0.781854221564
-0.605377610527
-0.181856363275
0.774884644195
-0.644672218119
-0.092354950036
0.758859864791
-0.680828161433
-0.000000000676
0.732443181824
-0.712162649238
0.092814431705
0.695851882442
-0.482706717401
0.265181899039
0.834669267074
-0.527947651346
-0.179680719968
0.830051875674
-0.570671642484
-0.091167595919
0.816101921282
-0.609972626109
-0.000000000093
0.792422485419
-0.644672218815
0.092354949865
0.758859864220
-0.605377610752
0.181856363159
0.774884644046
-0.527947652830
0.179680719935
0.830051874737
-0.444388114355
-0.176193208988
0.878336585215
-0.489800490093
-0.089325499959
0.867246467253
-0.532388174584
-0.000000000187
0.846500343510
-0.570671643050
0.091167597015
0.816101920763
-0.489800489221
0.089325500223
0.867246467718
-0.402178949823
0.087480207221
0.911372210276
-0.447795788588
-0.000000000710
0.894135857531
0.478356043555
-0.865574491741
-0.148176566439
0.467460930111
-0.882695825908
-0.048253059433
0.418562474195
-0.859165214649
-0.294347735057
0.314714412435
-0.947718559939
-0.052767127570
0.396981692863
-0.912027088649
-0.103015169279
0.347833797553
-0.831046281159
-0.434020423312
0.159380069556
-0.985780357885
-0.053245464006
0.240872710672
-0.964805885100
-0.105498537101
0.324464161913
-0.932973062435
-0.155834118233
0.407528844603
-0.890356086362
-0.202944032420
0.265181898987
-0.834669267042
-0.482706717484
0.080778126299
-0.991024295338
-0.106516385415
0.163909896200
-0.973748481176
-0.157947590471
0.248606205859
-0.946069570512
-0.207719335063
0.333227661362
-0.907727386887
-0.254931984650
0.341236433002
-0.873386944338
-0.347495240617
0.260458847741
-0.879975503269
-0.397245896492
0.000000000505
-0.987229977268
-0.159301512809
0.083600273666
-0.974120472884
-0.210000710837
0.169128088860
-0.951027250994
-0.258733178053
0.255077493285
-0.917403807750
-0.305459859792
0.172925772908
-0.918914277706
-0.354532406548
0.087480207621
-0.911372210523
-0.402178949176
0.085971227365
-0.947268998536
-0.308691419508
0.865574491741
0.148176566439
0.478356043555
0.882695825908
0.048253059433
0.467460930111
0.859165214649
0.294347735057
0.418562474195
0.947718559939
0.052767127570
0.314714412435
0.912027088649
0.103015169279
0.396981692863
0.831046281159
0.434020423312
0.347833797553
0.985780357885
0.053245464006
0.159380069556
0.964805885100
0.105498537101
0.240872710672
0.932973062435
0.155834118233
0.324464161913
0.890356086362
0.202944032420
0.407528844603
0.834669267042
0.482706717484
0.265181898987
0.991024295338
0.106516385415
0.080778126299
0.973748481176
0.157947590471
0.163909896200
0.946069570512
0.207719335063
0.248606205859
0.907727386887
0.254931984650
0.333227661362
0.873386944338
0.347495240617
0.341236433002
0.879975503269
0.397245896492
0.260458847741
0.987229977268
0.159301512809
0.000000000505
0.974120472884
0.210000710837
0.083600273666
0.951027250994
0.258733178053
0.169128088860
0.917403807750
0.305459859792
0.255077493285
0.918914277706
0.354532406548
0.172925772908
0.911372210523
0.402178949176
0.087480207621
0.947268998536
0.308691419508
0.085971227365
0.000000000075
-0.386777889206
0.922172903756
0.048253060893
-0.467460931013
0.882695825350
0.000000000104
-0.236645569483
0.971596044889
0.202944032771
-0.407528844175
0.890356086478
0.103015170357
-0.396981693529
0.912027088238
0.000000000432
-0.079594424401
0.996827330887
0.347495240856
-0.341236432831
0.873386944310
0.254931985289
-0.333227660708
0.907727386948
0.155834119327
-0.324464162589
0.932973062017
0.052767127274
-0.314714412897
0.947718559802
0.053633391638
0.000000000052
0.998560693850
0.397245897446
-0.260458846268
0.879975503274
0.305459859340
-0.255077492119
0.917403808225
0.207719335214
-0.248606205953
0.946069570455
0.105498536739
-0.240872711497
0.964805884933
0.053245463956
-0.159380069843
0.985780357841
0.106516384515
-0.080778127806
0.991024295312
0.444388113538
-0.176193209493
0.878336585527
0.354532405832
-0.172925773625
0.918914277847
0.258733178356
-0.169128089048
0.951027250878
0.157947589149
-0.163909896270
0.973748481378
0.210000711125
-0.083600272685
0.974120472906
0.260633000550
-0.000000000400
0.965437951929
0.308691420657
-0.085971228075
0.947268998097
0.773996337271
0.091578154349
-0.626532610115
0.804620734225
-0.000000000902
-0.593789082129
0.677248309768
0.181916904712
-0.712910209421
0.712162648841
-0.092814431740
-0.695851882843
0.745345042321
-0.000000000666
-0.666678909137
0.562806907308
0.268239373151
-0.781854221564
0.605377610527
-0.181856363275
-0.774884644195
0.644672218119
-0.092354950036
-0.758859864791
0.680828161433
-0.000000000676
-0.732443181824
0.712162649238
0.092814431705
-0.695851882442
0.482706717401
0.265181899039
-0.834669267074
0.527947651346
-0.179680719968
-0.830051875674
0.570671642484
-0.091167595919
-0.816101921282
0.609972626109
-0.000000000093
-0.792422485419
0.644672218815
0.092354949865
-0.758859864220
0.605377610752
0.181856363159
-0.774884644046
0.527947652830
0.179680719935
-0.830051874737
0.444388114355
-0.176193208988
-0.878336585215
0.489800490093
-0.089325499959
-0.867246467253
0.532388174584
-0.000000000187
-0.846500343510
0.570671643050
0.091167597015
-0.816101920763
0.489800489221
0.089325500223
-0.867246467718
0.402178949823
0.087480207221
-0.911372210276
0.447795788588
-0.000000000710
-0.894135857531
-0.626532610115
-0.773996337271
-0.091578154349
-0.593789082129
-0.804620734225
0.000000000902
-0.712910209421
-0.677248309768
-0.181916904712
-0.695851882843
-0.712162648841
0.092814431740
-0.666678909137
-0.745345042321
0.000000000666
-0.781854221564
-0.562806907308
-0.268239373151
-0.774884644195
-0.605377610527
0.181856363275
-0.758859864791
-0.644672218119
0.092354950036
-0.732443181824
-0.680828161433
0.000000000676
-0.695851882442
-0.712162649238
-0.092814431705
-0.834669267074
-0.482706717401
-0.265181899039
-0.830051875674
-0.527947651346
0.179680719968
-0.816101921282
-0.570671642484
0.091167595919
-0.792422485419
-0.609972626109
0.000000000093
-0.758859864220
-0.644672218815
-0.092354949865
-0.774884644046
-0.605377610752
-0.181856363159
-0.830051874737
-0.527947652830
-0.179680719935
-0.878336585215
-0.444388114355
0.176193208988
-0.867246467253
-0.489800490093
0.089325499959
-0.846500343510
-0.532388174584
0.000000000187
-0.816101920763
-0.570671643050
-0.091167597015
-0.867246467718
-0.489800489221
-0.089325500223
-0.911372210276
-0.402178949823
-0.087480207221
-0.894135857531
-0.447795788588
0.000000000710
0.478356043676
-0.865574491666
0.148176566485
0.545536022697
-0.834442765015
0.078075091126
0.418562474364
-0.859165214544
0.294347735122
0.643084755273
-0.744774527168
0.178193437636
0.563663739858
-0.809011918292
0.166682045917
0.347833798252
-0.831046280727
0.434020423579
0.721639180189
-0.638285117029
0.268009333783
0.653361327689
-0.709873899810
0.263055168829
0.576609063591
-0.777138943108
0.252144900584
0.492907850022
-0.837588959087
0.235555910565
0.351962549590
-0.781035875404
0.515853976449
0.723535490259
-0.593778397891
0.352027851928
0.658154330811
-0.668288621836
0.346732165742
0.584703150356
-0.738350235298
0.336096944346
0.503927879570
-0.802228850148
0.320133666118
0.427389403429
-0.820141480383
0.380402747088
0.432805978245
-0.773459118754
0.463076642481
0.719035072406
-0.542841863730
0.433948471172
0.657245756416
-0.619588067052
0.429113787754
0.587767165458
-0.692294072638
0.418639076294
0.510642060970
-0.759456218601
0.403076838328
0.512714061170
-0.708913566581
0.484319983684
0.509193261100
-0.650739209973
0.563259002106
0.585444438023
-0.638577577879
0.499473209509
-0.148176566485
-0.478356043676
-0.865574491666
-0.078075091126
-0.545536022697
-0.834442765015
-0.294347735122
-0.418562474364
-0.859165214544
-0.178193437636
-0.643084755273
-0.744774527168
-0.166682045917
-0.563663739858
-0.809011918292
-0.434020423579
-0.347833798252
-0.831046280727
-0.268009333783
-0.721639180189
-0.638285117029
-0.263055168829
-0.653361327689
-0.709873899810
-0.252144900584
-0.576609063591
-0.777138943108
-0.235555910565
-0.492907850022
-0.837588959087
-0.515853976449
-0.351962549590
-0.781035875404
-0.352027851928
-0.723535490259
-0.593778397891
-0.346732165742
-0.658154330811
-0.668288621836
-0.336096944346
-0.584703150356
-0.738350235298
-0.320133666118
-0.503927879570
-0.802228850148
-0.380402747088
-0.427389403429
-0.820141480383
-0.463076642481
-0.432805978245
-0.773459118754
-0.433948471172
-0.719035072406
-0.542841863730
-0.429113787754
-0.657245756416
-0.619588067052
-0.418639076294
-0.587767165458
-0.692294072638
-0.403076838328
-0.510642060970
-0.759456218601
-0.484319983684
-0.512714061170
-0.708913566581
-0.563259002106
-0.509193261100
-0.650739209973
-0.499473209509
-0.585444438023
-0.638577577879
0.148176566485
0.478356043676
-0.865574491666
0.078075091126
0.545536022697
-0.834442765015
0.294347735122
0.418562474364
-0.859165214544
0.178193437636
0.643084755273
-0.744774527168
0.166682045917
0.563663739858
-0.809011918292
0.434020423579
0.347833798252
-0.831046280727
0.268009333783
0.721639180189
-0.638285117029
0.263055168829
0.653361327689
-0.709873899810
0.252144900584
0.576609063591
-0.777138943108
0.235555910565
0.492907850022
-0.837588959087
0.515853976449
0.351962549590
-0.781035875404
0.352027851928
0.723535490259
-0.593778397891
0.346732165742
0.658154330811
-0.668288621836
0.336096944346
0.584703150356
-0.738350235298
0.320133666118
0.503927879570
-0.802228850148
0.380402747088
0.427389403429
-0.820141480383
0.463076642481
0.432805978245
-0.773459118754
0.433948471172
0.719035072406
-0.542841863730
0.429113787754
0.657245756416
-0.619588067052
0.418639076294
0.587767165458
-0.692294072638
0.403076838328
0.510642060970
-0.759456218601
0.484319983684
0.512714061170
-0.708913566581
0.563259002106
0.509193261100
-0.650739209973
0.499473209509
0.585444438023
-0.638577577879
-0.865574491666
-0.148176566485
-0.478356043676
-0.834442765015
-0.078075091126
-0.545536022697
-0.859165214544
-0.294347735122
-0.418562474364
-0.744774527168
-0.178193437636
-0.643084755273
-0.809011918292
-0.166682045917
-0.563663739858
-0.831046280727
-0.434020423579
-0.347833798252
-0.638285117029
-0.268009333783
-0.721639180189
-0.709873899810
-0.263055168829
-0.653361327689
-0.777138943108
-0.252144900584
-0.576609063591
-0.837588959087
-0.235555910565
-0.492907850022
-0.781035875404
-0.515853976449
-0.351962549590
-0.593778397891
-0.352027851928
-0.723535490259
-0.668288621836
-0.346732165742
-0.658154330811
-0.738350235298
-0.336096944346
-0.584703150356
-0.802228850148
-0.320133666118
-0.503927879570
-0.820141480383
-0.380402747088
-0.427389403429
-0.773459118754
-0.463076642481
-0.432805978245
-0.542841863730
-0.433948471172
-0.719035072406
-0.619588067052
-0.429113787754
-0.657245756416
-0.692294072638
-0.418639076294
-0.587767165458
-0.759456218601
-0.403076838328
-0.510642060970
-0.708913566581
-0.484319983684
-0.512714061170
-0.650739209973
-0.563259002106
-0.509193261100
-0.638577577879
-0.499473209509
-0.585444438023
-0.626532610115
0.773996337271
0.091578154349
-0.593789082129
0.804620734225
-0.000000000902
-0.712910209421
0.677248309768
0.181916904712
-0.695851882843
0.712162648841
-0.092814431740
-0.666678909137
0.745345042321
-0.000000000666
-0.781854221564
0.562806907308
0.268239373151
-0.774884644195
0.605377610527
-0.181856363275
-0.758859864791
0.644672218119
-0.092354950036
-0.732443181824
0.680828161433
-0.000000000676
-0.695851882442
0.712162649238
0.092814431705
-0.834669267074
0.482706717401
0.265181899039
-0.830051875674
0.527947651346
-0.179680719968
-0.816101921282
0.570671642484
-0.091167595919
-0.792422485419
0.609972626109
-0.000000000093
-0.758859864220
0.644672218815
0.092354949865
-0.774884644046
0.605377610752
0.181856363159
-0.830051874737
0.527947652830
0.179680719935
-0.878336585215
0.444388114355
-0.176193208988
-0.867246467253
0.489800490093
-0.089325499959
-0.846500343510
0.532388174584
-0.000000000187
-0.816101920763
0.570671643050
0.091167597015
-0.867246467718
0.489800489221
0.089325500223
-0.911372210276
0.402178949823
0.087480207221
-0.894135857531
0.447795788588
-0.000000000710
0.091578154349
0.626532610115
-0.773996337271
-0.000000000902
0.593789082129
-0.804620734225
0.181916904712
0.712910209421
-0.677248309768
-0.092814431740
0.695851882843
-0.712162648841
-0.000000000666
0.666678909137
-0.745345042321
0.268239373151
0.781854221564
-0.562806907308
-0.181856363275
0.774884644195
-0.605377610527
-0.092354950036
0.758859864791
-0.644672218119
-0.000000000676
0.732443181824
-0.680828161433
0.092814431705
0.695851882442
-0.712162649238
0.265181899039
0.834669267074
-0.482706717401
-0.179680719968
0.830051875674
-0.527947651346
-0.091167595919
0.816101921282
-0.570671642484
-0.000000000093
0.792422485419
-0.609972626109
0.092354949865
0.758859864220
-0.644672218815
0.181856363159
0.774884644046
-0.605377610752
0.179680719935
0.830051874737
-0.527947652830
-0.176193208988
0.878336585215
-0.444388114355
-0.089325499959
0.867246467253
-0.489800490093
-0.000000000187
0.846500343510
-0.532388174584
0.091167597015
0.816101920763
-0.570671643050
0.089325500223
0.867246467718
-0.489800489221
0.087480207221
0.911372210276
-0.402178949823
-0.000000000710
0.894135857531
-0.447795788588
0.091578154471
-0.626532610040
-0.773996337317
0.078075091683
-0.545536021236
-0.834442765918
0.181916904881
-0.712910209317
-0.677248309832
0.235555911098
-0.492907850072
-0.837588958908
0.166682046329
-0.563663738780
-0.809011918958
0.268239373851
-0.781854221132
-0.562806907576
0.380402747358
-0.427389403339
-0.820141480304
0.320133666981
-0.503927879501
-0.802228849847
0.252144901002
-0.576609062497
-0.777138943784
0.178193437124
-0.643084755167
-0.744774527382
0.351962549642
-0.781035875436
-0.515853976365
0.463076643992
-0.432805978227
-0.773459117860
0.403076838692
-0.510642061941
-0.759456217755
0.336096944404
-0.584703150205
-0.738350235391
0.263055168073
-0.653361327481
-0.709873900283
0.268009333586
-0.721639180090
-0.638285117224
0.352027850439
-0.723535490222
-0.593778398819
0.542841862913
-0.433948471677
-0.719035072718
0.484319982791
-0.512714061420
-0.708913567010
0.418639076410
-0.587767165154
-0.692294072825
0.346732164700
-0.658154331613
-0.668288621586
0.429113788485
-0.657245756593
-0.619588066358
0.509193260700
-0.650739209726
-0.563259002753
0.499473209948
-0.585444436874
-0.638577578589
-0.922172903756
-0.000000000075
-0.386777889206
-0.882695825350
-0.048253060893
-0.467460931013
-0.971596044889
-0.000000000104
-0.236645569483
-0.890356086478
-0.202944032771
-0.407528844175
-0.912027088238
-0.103015170357
-0.396981693529
-0.996827330887
-0.000000000432
-0.079594424401
-0.873386944310
-0.347495240856
-0.341236432831
-0.907727386948
-0.254931985289
-0.333227660708
-0.932973062017
-0.155834119327
-0.324464162589
-0.947718559802
-0.052767127274
-0.314714412897
-0.998560693850
-0.053633391638
0.000000000052
-0.879975503274
-0.397245897446
-0.260458846268
-0.917403808225
-0.305459859340
-0.255077492119
-0.946069570455
-0.207719335214
-0.248606205953
-0.964805884933
-0.105498536739
-0.240872711497
-0.985780357841
-0.053245463956
-0.159380069843
-0.991024295312
-0.106516384515
-0.080778127806
-0.878336585527
-0.444388113538
-0.176193209493
-0.918914277847
-0.354532405832
-0.172925773625
-0.951027250878
-0.258733178356
-0.169128089048
-0.973748481378
-0.157947589149
-0.163909896270
-0.974120472906
-0.210000711125
-0.083600272685
-0.965437951929
-0.260633000550
-0.000000000400
-0.947268998097
-0.308691420657
-0.085971228075
-0.091578154471
0.626532610040
-0.773996337317
-0.078075091683
0.545536021236
-0.834442765918
-0.181916904881
0.712910209317
-0.677248309832
-0.235555911098
0.492907850072
-0.837588958908
-0.166682046329
0.563663738780
-0.809011918958
-0.268239373851
0.781854221132
-0.562806907576
-0.380402747358
0.427389403339
-0.820141480304
-0.320133666981
0.503927879501
-0.802228849847
-0.252144901002
0.576609062497
-0.777138943784
-0.178193437124
0.643084755167
-0.744774527382
-0.351962549642
0.781035875436
-0.515853976365
-0.463076643992
0.432805978227
-0.773459117860
-0.403076838692
0.510642061941
-0.759456217755
-0.336096944404
0.584703150205
-0.738350235391
-0.263055168073
0.653361327481
-0.709873900283
-0.268009333586
0.721639180090
-0.638285117224
-0.352027850439
0.723535490222
-0.593778398819
-0.542841862913
0.433948471677
-0.719035072718
-0.484319982791
0.512714061420
-0.708913567010
-0.418639076410
0.587767165154
-0.692294072825
-0.346732164700
0.658154331613
-0.668288621586
-0.429113788485
0.657245756593
-0.619588066358
-0.509193260700
0.650739209726
-0.563259002753
-0.499473209948
0.585444436874
-0.638577578589
0.922172903756
0.000000000075
-0.386777889206
0.882695825350
0.048253060893
-0.467460931013
0.971596044889
0.000000000104
-0.236645569483
0.890356086478
0.202944032771
-0.407528844175
0.912027088238
0.103015170357
-0.396981693529
0.996827330887
0.000000000432
-0.079594424401
0.873386944310
0.347495240856
-0.341236432831
0.907727386948
0.254931985289
-0.333227660708
0.932973062017
0.155834119327
-0.324464162589
0.947718559802
0.052767127274
-0.314714412897
0.998560693850
0.053633391638
0.000000000052
0.879975503274
0.397245897446
-0.260458846268
0.917403808225
0.305459859340
-0.255077492119
0.946069570455
0.207719335214
-0.248606205953
0.964805884933
0.105498536739
-0.240872711497
0.985780357841
0.053245463956
-0.159380069843
0.991024295312
0.106516384515
-0.080778127806
0.878336585527
0.444388113538
-0.176193209493
0.918914277847
0.354532405832
-0.172925773625
0.951027250878
0.258733178356
-0.169128089048
0.973748481378
0.157947589149
-0.163909896270
0.974120472906
0.210000711125
-0.083600272685
0.965437951929
0.260633000550
-0.000000000400
0.947268998097
0.308691420657
-0.085971228075
-0.091578154349
-0.626532610115
-0.773996337271
0.000000000902
-0.593789082129
-0.804620734225
-0.181916904712
-0.712910209421
-0.677248309768
0.092814431740
-0.695851882843
-0.712162648841
0.000000000666
-0.666678909137
-0.745345042321
-0.268239373151
-0.781854221564
-0.562806907308
0.181856363275
-0.774884644195
-0.605377610527
0.092354950036
-0.758859864791
-0.644672218119
0.000000000676
-0.732443181824
-0.680828161433
-0.092814431705
-0.695851882442
-0.712162649238
-0.265181899039
-0.834669267074
-0.482706717401
0.179680719968
-0.830051875674
-0.527947651346
0.091167595919
-0.816101921282
-0.570671642484
0.000000000093
-0.792422485419
-0.609972626109
-0.092354949865
-0.758859864220
-0.644672218815
-0.181856363159
-0.774884644046
-0.605377610752
-0.179680719935
-0.830051874737
-0.527947652830
0.176193208988
-0.878336585215
-0.444388114355
0.089325499959
-0.867246467253
-0.489800490093
0.000000000187
-0.846500343510
-0.532388174584
-0.091167597015
-0.816101920763
-0.570671643050
-0.089325500223
-0.867246467718
-0.489800489221
-0.087480207221
-0.911372210276
-0.402178949823
0.000000000710
-0.894135857531
-0.447795788588
0.865574491666
0.148176566485
-0.478356043676
0.834442765015
0.078075091126
-0.545536022697
0.859165214544
0.294347735122
-0.418562474364
0.744774527168
0.178193437636
-0.643084755273
0.809011918292
0.166682045917
-0.563663739858
0.831046280727
0.434020423579
-0.347833798252
0.638285117029
0.268009333783
-0.721639180189
0.709873899810
0.263055168829
-0.653361327689
0.777138943108
0.252144900584
-0.576609063591
0.837588959087
0.235555910565
-0.492907850022
0.781035875404
0.515853976449
-0.351962549590
0.593778397891
0.352027851928
-0.723535490259
0.668288621836
0.346732165742
-0.658154330811
0.738350235298
0.336096944346
-0.584703150356
0.802228850148
0.320133666118
-0.503927879570
0.820141480383
0.380402747088
-0.427389403429
0.773459118754
0.463076642481
-0.432805978245
0.542841863730
0.433948471172
-0.719035072406
0.619588067052
0.429113787754
-0.657245756416
0.692294072638
0.418639076294
-0.587767165458
0.759456218601
0.403076838328
-0.510642060970
0.708913566581
0.484319983684
-0.512714061170
0.650739209973
0.563259002106
-0.509193261100
0.638577577879
0.499473209509
-0.585444438023
-0.865574491741
0.148176566439
-0.478356043555
-0.882695825908
0.048253059433
-0.467460930111
-0.859165214649
0.294347735057
-0.418562474195
-0.947718559939
0.052767127570
-0.314714412435
-0.912027088649
0.103015169279
-0.396981692863
-0.831046281159
0.434020423312
-0.347833797553
-0.985780357885
0.053245464006
-0.159380069556
-0.964805885100
0.105498537101
-0.240872710672
-0.932973062435
0.155834118233
-0.324464161913
-0.890356086362
0.202944032420
-0.407528844603
-0.834669267042
0.482706717484
-0.265181898987
-0.991024295338
0.106516385415
-0.080778126299
-0.973748481176
0.157947590471
-0.163909896200
-0.946069570512
0.207719335063
-0.248606205859
-0.907727386887
0.254931984650
-0.333227661362
-0.873386944338
0.347495240617
-0.341236433002
-0.879975503269
0.397245896492
-0.260458847741
-0.987229977268
0.159301512809
-0.000000000505
-0.974120472884
0.210000710837
-0.083600273666
-0.951027250994
0.258733178053
-0.169128088860
-0.917403807750
0.305459859792
-0.255077493285
-0.918914277706
0.354532406548
-0.172925772908
-0.911372210523
0.402178949176
-0.087480207621
-0.947268998536
0.308691419508
-0.085971227365
0.148176566439
-0.478356043555
-0.865574491741
0.048253059433
-0.467460930111
-0.882695825908
0.294347735057
-0.418562474195
-0.859165214649
0.052767127570
-0.314714412435
-0.947718559939
0.103015169279
-0.396981692863
-0.912027088649
0.434020423312
-0.347833797553
-0.831046281159
0.053245464006
-0.159380069556
-0.985780357885
0.105498537101
-0.240872710672
-0.964805885100
0.155834118233
-0.324464161913
-0.932973062435
0.202944032420
-0.407528844603
-0.890356086362
0.482706717484
-0.265181898987
-0.834669267042
0.106516385415
-0.080778126299
-0.991024295338
0.157947590471
-0.163909896200
-0.973748481176
0.207719335063
-0.248606205859
-0.946069570512
0.254931984650
-0.333227661362
-0.907727386887
0.347495240617
-0.341236433002
-0.873386944338
0.397245896492
-0.260458847741
-0.879975503269
0.159301512809
-0.000000000505
-0.987229977268
0.210000710837
-0.083600273666
-0.974120472884
0.258733178053
-0.169128088860
-0.951027250994
0.305459859792
-0.255077493285
-0.917403807750
0.354532406548
-0.172925772908
-0.918914277706
0.402178949176
-0.087480207621
-0.911372210523
0.308691419508
-0.085971227365
-0.947268998536
0.626532610040
-0.773996337317
-0.091578154471
0.545536021236
-0.834442765918
-0.078075091683
0.712910209317
-0.677248309832
-0.181916904881
0.492907850072
-0.837588958908
-0.235555911098
0.563663738780
-0.809011918958
-0.166682046329
0.781854221132
-0.562806907576
-0.268239373851
0.427389403339
-0.820141480304
-0.380402747358
0.503927879501
-0.802228849847
-0.320133666981
0.576609062497
-0.777138943784
-0.252144901002
0.643084755167
-0.744774527382
-0.178193437124
0.781035875436
-0.515853976365
-0.351962549642
0.432805978227
-0.773459117860
-0.463076643992
0.510642061941
-0.759456217755
-0.403076838692
0.584703150205
-0.738350235391
-0.336096944404
0.653361327481
-0.709873900283
-0.263055168073
0.721639180090
-0.638285117224
-0.268009333586
0.723535490222
-0.593778398819
-0.352027850439
0.433948471677
-0.719035072718
-0.542841862913
0.512714061420
-0.708913567010
-0.484319982791
0.587767165154
-0.692294072825
-0.418639076410
0.658154331613
-0.668288621586
-0.346732164700
0.657245756593
-0.619588066358
-0.429113788485
0.650739209726
-0.563259002753
-0.509193260700
0.585444436874
-0.638577578589
-0.499473209948
-0.626532610040
-0.773996337317
0.091578154471
-0.545536021236
-0.834442765918
0.078075091683
-0.712910209317
-0.677248309832
0.181916904881
-0.492907850072
-0.837588958908
0.235555911098
-0.563663738780
-0.809011918958
0.166682046329
-0.781854221132
-0.562806907576
0.268239373851
-0.427389403339
-0.820141480304
0.380402747358
-0.503927879501
-0.802228849847
0.320133666981
-0.576609062497
-0.777138943784
0.252144901002
-0.643084755167
-0.744774527382
0.178193437124
-0.781035875436
-0.515853976365
0.351962549642
-0.432805978227
-0.773459117860
0.463076643992
-0.510642061941
-0.759456217755
0.403076838692
-0.584703150205
-0.738350235391
0.336096944404
-0.653361327481
-0.709873900283
0.263055168073
-0.721639180090
-0.638285117224
0.268009333586
-0.723535490222
-0.593778398819
0.352027850439
-0.433948471677
-0.719035072718
0.542841862913
-0.512714061420
-0.708913567010
0.484319982791
-0.587767165154
-0.692294072825
0.418639076410
-0.658154331613
-0.668288621586
0.346732164700
-0.657245756593
-0.619588066358
0.429113788485
-0.650739209726
-0.563259002753
0.509193260700
-0.585444436874
-0.638577578589
0.499473209948
-0.478356043555
-0.865574491741
0.148176566439
-0.467460930111
-0.882695825908
0.048253059433
-0.418562474195
-0.859165214649
0.294347735057
-0.314714412435
-0.947718559939
0.052767127570
-0.396981692863
-0.912027088649
0.103015169279
-0.347833797553
-0.831046281159
0.434020423312
-0.159380069556
-0.985780357885
0.053245464006
-0.240872710672
-0.964805885100
0.105498537101
-0.324464161913
-0.932973062435
0.155834118233
-0.407528844603
-0.890356086362
0.202944032420
-0.265181898987
-0.834669267042
0.482706717484
-0.080778126299
-0.991024295338
0.106516385415
-0.163909896200
-0.973748481176
0.157947590471
-0.248606205859
-0.946069570512
0.207719335063
-0.333227661362
-0.907727386887
0.254931984650
-0.341236433002
-0.873386944338
0.347495240617
-0.260458847741
-0.879975503269
0.397245896492
-0.000000000505
-0.987229977268
0.159301512809
-0.083600273666
-0.974120472884
0.210000710837
-0.169128088860
-0.951027250994
0.258733178053
-0.255077493285
-0.917403807750
0.305459859792
-0.172925772908
-0.918914277706
0.354532406548
-0.087480207621
-0.911372210523
0.402178949176
-0.085971227365
-0.947268998536
0.308691419508
0.478356043555
0.865574491741
0.148176566439
0.467460930111
0.882695825908
0.048253059433
0.418562474195
0.859165214649
0.294347735057
0.314714412435
0.947718559939
0.052767127570
0.396981692863
0.912027088649
0.103015169279
0.347833797553
0.831046281159
0.434020423312
0.159380069556
0.985780357885
0.053245464006
0.240872710672
0.964805885100
0.105498537101
0.324464161913
0.932973062435
0.155834118233
0.407528844603
0.890356086362
0.202944032420
0.265181898987
0.834669267042
0.482706717484
0.080778126299
0.991024295338
0.106516385415
0.163909896200
0.973748481176
0.157947590471
0.248606205859
0.946069570512
0.207719335063
0.333227661362
0.907727386887
0.254931984650
0.341236433002
0.873386944338
0.347495240617
0.260458847741
0.879975503269
0.397245896492
0.000000000505
0.987229977268
0.159301512809
0.083600273666
0.974120472884
0.210000710837
0.169128088860
0.951027250994
0.258733178053
0.255077493285
0.917403807750
0.305459859792
0.172925772908
0.918914277706
0.354532406548
0.087480207621
0.911372210523
0.402178949176
0.085971227365
0.947268998536
0.308691419508
-0.000000000075
-0.386777889206
-0.922172903756
-0.048253060893
-0.467460931013
-0.882695825350
-0.000000000104
-0.236645569483
-0.971596044889
-0.202944032771
-0.407528844175
-0.890356086478
-0.103015170357
-0.396981693529
-0.912027088238
-0.000000000432
-0.079594424401
-0.996827330887
-0.347495240856
-0.341236432831
-0.873386944310
-0.254931985289
-0.333227660708
-0.907727386948
-0.155834119327
-0.324464162589
-0.932973062017
-0.052767127274
-0.314714412897
-0.947718559802
-0.053633391638
0.000000000052
-0.998560693850
-0.397245897446
-0.260458846268
-0.879975503274
-0.305459859340
-0.255077492119
-0.917403808225
-0.207719335214
-0.248606205953
-0.946069570455
-0.105498536739
-0.240872711497
-0.964805884933
-0.053245463956
-0.159380069843
-0.985780357841
-0.106516384515
-0.080778127806
-0.991024295312
-0.444388113538
-0.176193209493
-0.878336585527
-0.354532405832
-0.172925773625
-0.918914277847
-0.258733178356
-0.169128089048
-0.951027250878
-0.157947589149
-0.163909896270
-0.973748481378
-0.210000711125
-0.083600272685
-0.974120472906
-0.260633000550
-0.000000000400
-0.965437951929
-0.308691420657
-0.085971228075
-0.947268998097
0.626532610115
-0.773996337271
0.091578154349
0.593789082129
-0.804620734225
-0.000000000902
0.712910209421
-0.677248309768
0.181916904712
0.695851882843
-0.712162648841
-0.092814431740
0.666678909137
-0.745345042321
-0.000000000666
0.781854221564
-0.562806907308
0.268239373151
0.774884644195
-0.605377610527
-0.181856363275
0.758859864791
-0.644672218119
-0.092354950036
0.732443181824
-0.680828161433
-0.000000000676
0.695851882442
-0.712162649238
0.092814431705
0.834669267074
-0.482706717401
0.265181899039
0.830051875674
-0.527947651346
-0.179680719968
0.816101921282
-0.570671642484
-0.091167595919
0.792422485419
-0.609972626109
-0.000000000093
0.758859864220
-0.644672218815
0.092354949865
0.774884644046
-0.605377610752
0.181856363159
0.830051874737
-0.527947652830
0.179680719935
0.878336585215
-0.444388114355
-0.176193208988
0.867246467253
-0.489800490093
-0.089325499959
0.846500343510
-0.532388174584
-0.000000000187
0.816101920763
-0.570671643050
0.091167597015
0.867246467718
-0.489800489221
0.089325500223
0.911372210276
-0.402178949823
0.087480207221
0.894135857531
-0.447795788588
-0.000000000710
