0.377144430764
0.844808846246
0.379552488659
0.689459816087
0.707340922672
0.155929410678
0.607234701980
0.791152745020
0.073098226786
0.572974217124
0.788125810679
0.224851624527
0.647013959941
0.698158039246
0.306509849562
0.707268796861
0.594548992813
0.382468749223
0.453676535748
0.751277629286
0.479332373876
0.518138332758
0.777807557490
0.355735957753
0.587676390540
0.677945686970
0.441617601009
0.518215166405
0.641709996387
0.565385993676
0.525731112119
0.850650808352
0.000000000000
0.000000000000
0.525731112119
-0.850650808352
-0.525731112119
0.850650808352
0.000000000000
0.000000000000
0.525731112119
0.850650808352
0.850650808352
-0.000000000000
0.525731112119
-0.850650808352
-0.000000000000
0.525731112119
-0.000000000000
-0.525731112119
0.850650808352
-0.850650808352
-0.000000000000
-0.525731112119
-0.525731112119
-0.850650808352
0.000000000000
0.850650808352
-0.000000000000
-0.525731112119
0.525731112119
-0.850650808352
0.000000000000
0.000000000000
-0.525731112119
-0.850650808352
1.000000000000
0.000000000000
0.000000000000
-0.500000000000
-0.309016994375
-0.809016994375
-1.000000000000
0.000000000000
0.000000000000
0.500000000000
-0.309016994375
0.809016994375
0.500000000000
0.309016994375
-0.809016994375
-0.500000000000
0.309016994375
-0.809016994375
-0.500000000000
-0.309016994375
0.809016994375
0.809016994375
-0.500000000000
-0.309016994375
-0.309016994375
-0.809016994375
0.500000000000
-0.309016994375
0.809016994375
-0.500000000000
-0.809016994375
0.500000000000
0.309016994375
0.000000000000
-1.000000000000
0.000000000000
0.809016994375
0.500000000000
-0.309016994375
-0.000000000000
1.000000000000
0.000000000000
-0.809016994375
-0.500000000000
0.309016994375
0.809016994375
0.500000000000
0.309016994375
0.309016994375
0.809016994375
-0.500000000000
-0.309016994375
-0.809016994375
-0.500000000000
0.000000000000
-0.000000000000
1.000000000000
0.309016994375
0.809016994375
0.500000000000
0.000000000000
0.000000000000
-1.000000000000
0.309016994375
-0.809016994375
0.500000000000
-0.309016994375
0.809016994375
0.500000000000
0.309016994375
-0.809016994375
-0.500000000000
-0.809016994375
0.500000000000
-0.309016994375
-0.809016994375
-0.500000000000
-0.309016994375
0.809016994375
-0.500000000000
0.309016994375
0.500000000000
0.309016994375
0.809016994375
0.500000000000
-0.309016994375
-0.809016994375
-0.500000000000
0.309016994375
0.809016994375
0.379552488689
0.377144430842
-0.844808846198
0.000000001040
0.281231321810
-0.959640007312
0.000000000096
0.415861059988
-0.909428160321
0.138965946098
0.348122591851
-0.927091757523
0.140207396155
0.211628484509
-0.967241061271
0.139515062276
0.071207786741
-0.987656315985
0.393107323489
0.227936423153
-0.890792691494
0.269083022571
0.291278003227
-0.918014951839
0.272934687498
0.146058789648
-0.950880374352
0.396598588407
0.076324002538
-0.914813754985
-0.377144430764
0.844808846246
-0.379552488659
-0.689459816087
0.707340922672
-0.155929410678
-0.607234701980
0.791152745020
-0.073098226786
-0.572974217124
0.788125810679
-0.224851624527
-0.647013959941
0.698158039246
-0.306509849562
-0.707268796861
0.594548992813
-0.382468749223
-0.453676535748
0.751277629286
-0.479332373876
-0.518138332758
0.777807557490
-0.355735957753
-0.587676390540
0.677945686970
-0.441617601009
-0.518215166405
0.641709996387
-0.565385993676
-0.379552488689
0.377144430842
0.844808846198
-0.000000001040
0.281231321810
0.959640007312
-0.000000000096
0.415861059988
0.909428160321
-0.138965946098
0.348122591851
0.927091757523
-0.140207396155
0.211628484509
0.967241061271
-0.139515062276
0.071207786741
0.987656315985
-0.393107323489
0.227936423153
0.890792691494
-0.269083022571
0.291278003227
0.918014951839
-0.272934687498
0.146058789648
0.950880374352
-0.396598588407
0.076324002538
0.914813754985
0.756696919453
0.610232507722
0.234576338554
0.689459817127
0.707340922029
-0.155929408995
0.607234702076
0.791152744960
-0.073098226631
0.711940163222
0.702240132712
-0.000000000461
0.787221356096
0.611505102948
-0.079649517109
0.846783859137
0.508323942384
-0.156728636518
0.846783859237
0.508323942143
0.156728636756
0.787221355329
0.611505103745
0.079649518562
0.860611078038
0.509262773387
0.000000000072
0.914813754812
0.396598588862
0.076324002257
-0.142568092288
0.989784996381
0.000000000048
-0.437160730805
0.863270332707
-0.252299084639
-0.488959286619
0.864250971746
-0.118275415302
-0.348122592313
0.927091757238
-0.138965946844
-0.291278001618
0.918014952510
-0.269083022025
-0.227936423260
0.890792691607
-0.393107323173
-0.071207786397
0.987656316020
-0.139515062208
-0.211628484664
0.967241061498
-0.140207394350
-0.146058789575
0.950880374396
-0.272934687382
-0.000000000281
0.961984582537
-0.273103758598
-0.234576338476
0.756696919501
0.610232507692
-0.252299085282
0.437160732488
0.863270331667
-0.118275415361
0.488959286774
0.864250971650
-0.224851624812
0.572974216378
0.788125811140
-0.355735958323
0.518138334071
0.777807556355
-0.479332373602
0.453676535964
0.751277629331
-0.382468749351
0.707268797029
0.594548992530
-0.306509848094
0.647013960980
0.698158038927
-0.441617600964
0.587676390657
0.677945686898
-0.518215166124
0.641709996214
0.565385994131
0.610232507692
-0.234576338476
0.756696919501
0.863270331667
-0.252299085282
0.437160732488
0.864250971650
-0.118275415361
0.488959286774
0.788125811140
-0.224851624812
0.572974216378
0.777807556355
-0.355735958323
0.518138334071
0.751277629331
-0.479332373602
0.453676535964
0.594548992530
-0.382468749351
0.707268797029
0.698158038927
-0.306509848094
0.647013960980
0.677945686898
-0.441617600964
0.587676390657
0.565385994131
-0.518215166124
0.641709996214
-0.989784996381
0.000000000048
0.142568092288
-0.863270332707
-0.252299084639
0.437160730805
-0.864250971746
-0.118275415302
0.488959286619
-0.927091757238
-0.138965946844
0.348122592313
-0.918014952510
-0.269083022025
0.291278001618
-0.890792691607
-0.393107323173
0.227936423260
-0.987656316020
-0.139515062208
0.071207786397
-0.967241061498
-0.140207394350
0.211628484664
-0.950880374396
-0.272934687382
0.146058789575
-0.961984582537
-0.273103758598
0.000000000281
0.756696919501
0.610232507692
-0.234576338476
0.437160732488
0.863270331667
-0.252299085282
0.488959286774
0.864250971650
-0.118275415361
0.572974216378
0.788125811140
-0.224851624812
0.518138334071
0.777807556355
-0.355735958323
0.453676535964
0.751277629331
-0.479332373602
0.707268797029
0.594548992530
-0.382468749351
0.647013960980
0.698158038927
-0.306509848094
0.587676390657
0.677945686898
-0.441617600964
0.641709996214
0.565385994131
-0.518215166124
0.234576338554
0.756696919453
0.610232507722
-0.155929408995
0.689459817127
0.707340922029
-0.073098226631
0.607234702076
0.791152744960
-0.000000000461
0.711940163222
0.702240132712
-0.079649517109
0.787221356096
0.611505102948
-0.156728636518
0.846783859137
0.508323942384
0.156728636756
0.846783859237
0.508323942143
0.079649518562
0.787221355329
0.611505103745
0.000000000072
0.860611078038
0.509262773387
0.076324002257
0.914813754812
0.396598588862
-0.379552488659
-0.377144430764
0.844808846246
-0.155929410678
-0.689459816087
0.707340922672
-0.073098226786
-0.607234701980
0.791152745020
-0.224851624527
-0.572974217124
0.788125810679
-0.306509849562
-0.647013959941
0.698158039246
-0.382468749223
-0.707268796861
0.594548992813
-0.479332373876
-0.453676535748
0.751277629286
-0.355735957753
-0.518138332758
0.777807557490
-0.441617601009
-0.587676390540
0.677945686970
-0.565385993676
-0.518215166405
0.641709996387
0.844808846198
-0.379552488689
0.377144430842
0.959640007312
-0.000000001040
0.281231321810
0.909428160321
-0.000000000096
0.415861059988
0.927091757523
-0.138965946098
0.348122591851
0.967241061271
-0.140207396155
0.211628484509
0.987656315985
-0.139515062276
0.071207786741
0.890792691494
-0.393107323489
0.227936423153
0.918014951839
-0.269083022571
0.291278003227
0.950880374352
-0.272934687498
0.146058789648
0.914813754985
-0.396598588407
0.076324002538
0.379552488659
0.377144430764
0.844808846246
0.155929410678
0.689459816087
0.707340922672
0.073098226786
0.607234701980
0.791152745020
0.224851624527
0.572974217124
0.788125810679
0.306509849562
0.647013959941
0.698158039246
0.382468749223
0.707268796861
0.594548992813
0.479332373876
0.453676535748
0.751277629286
0.355735957753
0.518138332758
0.777807557490
0.441617601009
0.587676390540
0.677945686970
0.565385993676
0.518215166405
0.641709996387
0.000000000048
-0.142568092288
0.989784996381
-0.252299084639
-0.437160730805
0.863270332707
-0.118275415302
-0.488959286619
0.864250971746
-0.138965946844
-0.348122592313
0.927091757238
-0.269083022025
-0.291278001618
0.918014952510
-0.393107323173
-0.227936423260
0.890792691607
-0.139515062208
-0.071207786397
0.987656316020
-0.140207394350
-0.211628484664
0.967241061498
-0.272934687382
-0.146058789575
0.950880374396
-0.273103758598
-0.000000000281
0.961984582537
-0.000000000048
0.142568092288
0.989784996381
0.252299084639
0.437160730805
0.863270332707
0.118275415302
0.488959286619
0.864250971746
0.138965946844
0.348122592313
0.927091757238
0.269083022025
0.291278001618
0.918014952510
0.393107323173
0.227936423260
0.890792691607
0.139515062208
0.071207786397
0.987656316020
0.140207394350
0.211628484664
0.967241061498
0.272934687382
0.146058789575
0.950880374396
0.273103758598
0.000000000281
0.961984582537
-0.377144430842
0.844808846198
0.379552488689
-0.281231321810
0.959640007312
0.000000001040
-0.415861059988
0.909428160321
0.000000000096
-0.348122591851
0.927091757523
0.138965946098
-0.211628484509
0.967241061271
0.140207396155
-0.071207786741
0.987656315985
0.139515062276
-0.227936423153
0.890792691494
0.393107323489
-0.291278003227
0.918014951839
0.269083022571
-0.146058789648
0.950880374352
0.272934687498
-0.076324002538
0.914813754985
0.396598588407
-0.610232507722
0.234576338554
-0.756696919453
-0.707340922029
-0.155929408995
-0.689459817127
-0.791152744960
-0.073098226631
-0.607234702076
-0.702240132712
-0.000000000461
-0.711940163222
-0.611505102948
-0.079649517109
-0.787221356096
-0.508323942384
-0.156728636518
-0.846783859137
-0.508323942143
0.156728636756
-0.846783859237
-0.611505103745
0.079649518562
-0.787221355329
-0.509262773387
0.000000000072
-0.860611078038
-0.396598588862
0.076324002257
-0.914813754812
-0.844808846246
-0.379552488659
0.377144430764
-0.707340922672
-0.155929410678
0.689459816087
-0.791152745020
-0.073098226786
0.607234701980
-0.788125810679
-0.224851624527
0.572974217124
-0.698158039246
-0.306509849562
0.647013959941
-0.594548992813
-0.382468749223
0.707268796861
-0.751277629286
-0.479332373876
0.453676535748
-0.777807557490
-0.355735957753
0.518138332758
-0.677945686970
-0.441617601009
0.587676390540
-0.641709996387
-0.565385993676
0.518215166405
-0.756696919501
0.610232507692
0.234576338476
-0.437160732488
0.863270331667
0.252299085282
-0.488959286774
0.864250971650
0.118275415361
-0.572974216378
0.788125811140
0.224851624812
-0.518138334071
0.777807556355
0.355735958323
-0.453676535964
0.751277629331
0.479332373602
-0.707268797029
0.594548992530
0.382468749351
-0.647013960980
0.698158038927
0.306509848094
-0.587676390657
0.677945686898
0.441617600964
-0.641709996214
0.565385994131
0.518215166124
-0.844808846246
0.379552488659
-0.377144430764
-0.707340922672
0.155929410678
-0.689459816087
-0.791152745020
0.073098226786
-0.607234701980
-0.788125810679
0.224851624527
-0.572974217124
-0.698158039246
0.306509849562
-0.647013959941
-0.594548992813
0.382468749223
-0.707268796861
-0.751277629286
0.479332373876
-0.453676535748
-0.777807557490
0.355735957753
-0.518138332758
-0.677945686970
0.441617601009
-0.587676390540
-0.641709996387
0.565385993676
-0.518215166405
-0.377144430842
-0.844808846198
-0.379552488689
-0.281231321810
-0.959640007312
-0.000000001040
-0.415861059988
-0.909428160321
-0.000000000096
-0.348122591851
-0.927091757523
-0.138965946098
-0.211628484509
-0.967241061271
-0.140207396155
-0.071207786741
-0.987656315985
-0.139515062276
-0.227936423153
-0.890792691494
-0.393107323489
-0.291278003227
-0.918014951839
-0.269083022571
-0.146058789648
-0.950880374352
-0.272934687498
-0.076324002538
-0.914813754985
-0.396598588407
0.610232507722
0.234576338554
0.756696919453
0.707340922029
-0.155929408995
0.689459817127
0.791152744960
-0.073098226631
0.607234702076
0.702240132712
-0.000000000461
0.711940163222
0.611505102948
-0.079649517109
0.787221356096
0.508323942384
-0.156728636518
0.846783859137
0.508323942143
0.156728636756
0.846783859237
0.611505103745
0.079649518562
0.787221355329
0.509262773387
0.000000000072
0.860611078038
0.396598588862
0.076324002257
0.914813754812
0.844808846246
-0.379552488659
-0.377144430764
0.707340922672
-0.155929410678
-0.689459816087
0.791152745020
-0.073098226786
-0.607234701980
0.788125810679
-0.224851624527
-0.572974217124
0.698158039246
-0.306509849562
-0.647013959941
0.594548992813
-0.382468749223
-0.707268796861
0.751277629286
-0.479332373876
-0.453676535748
0.777807557490
-0.355735957753
-0.518138332758
0.677945686970
-0.441617601009
-0.587676390540
0.641709996387
-0.565385993676
-0.518215166405
0.377144430842
0.844808846198
-0.379552488689
0.281231321810
0.959640007312
-0.000000001040
0.415861059988
0.909428160321
-0.000000000096
0.348122591851
0.927091757523
-0.138965946098
0.211628484509
0.967241061271
-0.140207396155
0.071207786741
0.987656315985
-0.139515062276
0.227936423153
0.890792691494
-0.393107323489
0.291278003227
0.918014951839
-0.269083022571
0.146058789648
0.950880374352
-0.272934687498
0.076324002538
0.914813754985
-0.396598588407
0.844808846246
0.379552488659
0.377144430764
0.707340922672
0.155929410678
0.689459816087
0.791152745020
0.073098226786
0.607234701980
0.788125810679
0.224851624527
0.572974217124
0.698158039246
0.306509849562
0.647013959941
0.594548992813
0.382468749223
0.707268796861
0.751277629286
0.479332373876
0.453676535748
0.777807557490
0.355735957753
0.518138332758
0.677945686970
0.441617601009
0.587676390540
0.641709996387
0.565385993676
0.518215166405
0.989784996381
0.000000000048
-0.142568092288
0.863270332707
-0.252299084639
-0.437160730805
0.864250971746
-0.118275415302
-0.488959286619
0.927091757238
-0.138965946844
-0.348122592313
0.918014952510
-0.269083022025
-0.291278001618
0.890792691607
-0.393107323173
-0.227936423260
0.987656316020
-0.139515062208
-0.071207786397
0.967241061498
-0.140207394350
-0.211628484664
0.950880374396
-0.272934687382
-0.146058789575
0.961984582537
-0.273103758598
-0.000000000281
0.000000000048
0.142568092288
-0.989784996381
-0.252299084639
0.437160730805
-0.863270332707
-0.118275415302
0.488959286619
-0.864250971746
-0.138965946844
0.348122592313
-0.927091757238
-0.269083022025
0.291278001618
-0.918014952510
-0.393107323173
0.227936423260
-0.890792691607
-0.139515062208
0.071207786397
-0.987656316020
-0.140207394350
0.211628484664
-0.967241061498
-0.272934687382
0.146058789575
-0.950880374396
-0.273103758598
0.000000000281
-0.961984582537
0.377144430842
-0.844808846198
0.379552488689
0.281231321810
-0.959640007312
0.000000001040
0.415861059988
-0.909428160321
0.000000000096
0.348122591851
-0.927091757523
0.138965946098
0.211628484509
-0.967241061271
0.140207396155
0.071207786741
-0.987656315985
0.139515062276
0.227936423153
-0.890792691494
0.393107323489
0.291278003227
-0.918014951839
0.269083022571
0.146058789648
-0.950880374352
0.272934687498
0.076324002538
-0.914813754985
0.396598588407
-0.844808846198
0.379552488689
0.377144430842
-0.959640007312
0.000000001040
0.281231321810
-0.909428160321
0.000000000096
0.415861059988
-0.927091757523
0.138965946098
0.348122591851
-0.967241061271
0.140207396155
0.211628484509
-0.987656315985
0.139515062276
0.071207786741
-0.890792691494
0.393107323489
0.227936423153
-0.918014951839
0.269083022571
0.291278003227
-0.950880374352
0.272934687498
0.146058789648
-0.914813754985
0.396598588407
0.076324002538
-0.234576338554
-0.756696919453
0.610232507722
0.155929408995
-0.689459817127
0.707340922029
0.073098226631
-0.607234702076
0.791152744960
0.000000000461
-0.711940163222
0.702240132712
0.079649517109
-0.787221356096
0.611505102948
0.156728636518
-0.846783859137
0.508323942384
-0.156728636756
-0.846783859237
0.508323942143
-0.079649518562
-0.787221355329
0.611505103745
-0.000000000072
-0.860611078038
0.509262773387
-0.076324002257
-0.914813754812
0.396598588862
-0.610232507692
0.234576338476
0.756696919501
-0.863270331667
0.252299085282
0.437160732488
-0.864250971650
0.118275415361
0.488959286774
-0.788125811140
0.224851624812
0.572974216378
-0.777807556355
0.355735958323
0.518138334071
-0.751277629331
0.479332373602
0.453676535964
-0.594548992530
0.382468749351
0.707268797029
-0.698158038927
0.306509848094
0.647013960980
-0.677945686898
0.441617600964
0.587676390657
-0.565385994131
0.518215166124
0.641709996214
-0.756696919501
-0.610232507692
-0.234576338476
-0.437160732488
-0.863270331667
-0.252299085282
-0.488959286774
-0.864250971650
-0.118275415361
-0.572974216378
-0.788125811140
-0.224851624812
-0.518138334071
-0.777807556355
-0.355735958323
-0.453676535964
-0.751277629331
-0.479332373602
-0.707268797029
-0.594548992530
-0.382468749351
-0.647013960980
-0.698158038927
-0.306509848094
-0.587676390657
-0.677945686898
-0.441617600964
-0.641709996214
-0.565385994131
-0.518215166124
0.234576338476
-0.756696919501
0.610232507692
0.252299085282
-0.437160732488
0.863270331667
0.118275415361
-0.488959286774
0.864250971650
0.224851624812
-0.572974216378
0.788125811140
0.355735958323
-0.518138334071
0.777807556355
0.479332373602
-0.453676535964
0.751277629331
0.382468749351
-0.707268797029
0.594548992530
0.306509848094
-0.647013960980
0.698158038927
0.441617600964
-0.587676390657
0.677945686898
0.518215166124
-0.641709996214
0.565385994131
-0.610232507722
-0.234576338554
0.756696919453
-0.707340922029
0.155929408995
0.689459817127
-0.791152744960
0.073098226631
0.607234702076
-0.702240132712
0.000000000461
0.711940163222
-0.611505102948
0.079649517109
0.787221356096
-0.508323942384
0.156728636518
0.846783859137
-0.508323942143
-0.156728636756
0.846783859237
-0.611505103745
-0.079649518562
0.787221355329
-0.509262773387
-0.000000000072
0.860611078038
-0.396598588862
-0.076324002257
0.914813754812
0.142568092288
-0.989784996381
0.000000000048
0.437160730805
-0.863270332707
-0.252299084639
0.488959286619
-0.864250971746
-0.118275415302
0.348122592313
-0.927091757238
-0.138965946844
0.291278001618
-0.918014952510
-0.269083022025
0.227936423260
-0.890792691607
-0.393107323173
0.071207786397
-0.987656316020
-0.139515062208
0.211628484664
-0.967241061498
-0.140207394350
0.146058789575
-0.950880374396
-0.272934687382
0.000000000281
-0.961984582537
-0.273103758598
0.989784996381
-0.000000000048
0.142568092288
0.863270332707
0.252299084639
0.437160730805
0.864250971746
0.118275415302
0.488959286619
0.927091757238
0.138965946844
0.348122592313
0.918014952510
0.269083022025
0.291278001618
0.890792691607
0.393107323173
0.227936423260
0.987656316020
0.139515062208
0.071207786397
0.967241061498
0.140207394350
0.211628484664
0.950880374396
0.272934687382
0.146058789575
0.961984582537
0.273103758598
0.000000000281
0.379552488689
-0.377144430842
0.844808846198
0.000000001040
-0.281231321810
0.959640007312
0.000000000096
-0.415861059988
0.909428160321
0.138965946098
-0.348122591851
0.927091757523
0.140207396155
-0.211628484509
0.967241061271
0.139515062276
-0.071207786741
0.987656315985
0.393107323489
-0.227936423153
0.890792691494
0.269083022571
-0.291278003227
0.918014951839
0.272934687498
-0.146058789648
0.950880374352
0.396598588407
-0.076324002538
0.914813754985
0.610232507722
-0.234576338554
-0.756696919453
0.707340922029
0.155929408995
-0.689459817127
0.791152744960
0.073098226631
-0.607234702076
0.702240132712
0.000000000461
-0.711940163222
0.611505102948
0.079649517109
-0.787221356096
0.508323942384
0.156728636518
-0.846783859137
0.508323942143
-0.156728636756
-0.846783859237
0.611505103745
-0.079649518562
-0.787221355329
0.509262773387
-0.000000000072
-0.860611078038
0.396598588862
-0.076324002257
-0.914813754812
-0.756696919453
-0.610232507722
0.234576338554
-0.689459817127
-0.707340922029
-0.155929408995
-0.607234702076
-0.791152744960
-0.073098226631
-0.711940163222
-0.702240132712
-0.000000000461
-0.787221356096
-0.611505102948
-0.079649517109
-0.846783859137
-0.508323942384
-0.156728636518
-0.846783859237
-0.508323942143
0.156728636756
-0.787221355329
-0.611505103745
0.079649518562
-0.860611078038
-0.509262773387
0.000000000072
-0.914813754812
-0.396598588862
0.076324002257
0.756696919501
-0.610232507692
0.234576338476
0.437160732488
-0.863270331667
0.252299085282
0.488959286774
-0.864250971650
0.118275415361
0.572974216378
-0.788125811140
0.224851624812
0.518138334071
-0.777807556355
0.355735958323
0.453676535964
-0.751277629331
0.479332373602
0.707268797029
-0.594548992530
0.382468749351
0.647013960980
-0.698158038927
0.306509848094
0.587676390657
-0.677945686898
0.441617600964
0.641709996214
-0.565385994131
0.518215166124
-0.234576338476
-0.756696919501
-0.610232507692
-0.252299085282
-0.437160732488
-0.863270331667
-0.118275415361
-0.488959286774
-0.864250971650
-0.224851624812
-0.572974216378
-0.788125811140
-0.355735958323
-0.518138334071
-0.777807556355
-0.479332373602
-0.453676535964
-0.751277629331
-0.382468749351
-0.707268797029
-0.594548992530
-0.306509848094
-0.647013960980
-0.698158038927
-0.441617600964
-0.587676390657
-0.677945686898
-0.518215166124
-0.641709996214
-0.565385994131
0.234576338476
0.756696919501
-0.610232507692
0.252299085282
0.437160732488
-0.863270331667
0.118275415361
0.488959286774
-0.864250971650
0.224851624812
0.572974216378
-0.788125811140
0.355735958323
0.518138334071
-0.777807556355
0.479332373602
0.453676535964
-0.751277629331
0.382468749351
0.707268797029
-0.594548992530
0.306509848094
0.647013960980
-0.698158038927
0.441617600964
0.587676390657
-0.677945686898
0.518215166124
0.641709996214
-0.565385994131
-0.610232507692
-0.234576338476
-0.756696919501
-0.863270331667
-0.252299085282
-0.437160732488
-0.864250971650
-0.118275415361
-0.488959286774
-0.788125811140
-0.224851624812
-0.572974216378
-0.777807556355
-0.355735958323
-0.518138334071
-0.751277629331
-0.479332373602
-0.453676535964
-0.594548992530
-0.382468749351
-0.707268797029
-0.698158038927
-0.306509848094
-0.647013960980
-0.677945686898
-0.441617600964
-0.587676390657
-0.565385994131
-0.518215166124
-0.641709996214
-0.756696919453
0.610232507722
-0.234576338554
-0.689459817127
0.707340922029
0.155929408995
-0.607234702076
0.791152744960
0.073098226631
-0.711940163222
0.702240132712
0.000000000461
-0.787221356096
0.611505102948
0.079649517109
-0.846783859137
0.508323942384
0.156728636518
-0.846783859237
0.508323942143
-0.156728636756
-0.787221355329
0.611505103745
-0.079649518562
-0.860611078038
0.509262773387
-0.000000000072
-0.914813754812
0.396598588862
-0.076324002257
-0.234576338554
0.756696919453
-0.610232507722
0.155929408995
0.689459817127
-0.707340922029
0.073098226631
0.607234702076
-0.791152744960
0.000000000461
0.711940163222
-0.702240132712
0.079649517109
0.787221356096
-0.611505102948
0.156728636518
0.846783859137
-0.508323942384
-0.156728636756
0.846783859237
-0.508323942143
-0.079649518562
0.787221355329
-0.611505103745
-0.000000000072
0.860611078038
-0.509262773387
-0.076324002257
0.914813754812
-0.396598588862
0.379552488659
-0.377144430764
-0.844808846246
0.155929410678
-0.689459816087
-0.707340922672
0.073098226786
-0.607234701980
-0.791152745020
0.224851624527
-0.572974217124
-0.788125810679
0.306509849562
-0.647013959941
-0.698158039246
0.382468749223
-0.707268796861
-0.594548992813
0.479332373876
-0.453676535748
-0.751277629286
0.355735957753
-0.518138332758
-0.777807557490
0.441617601009
-0.587676390540
-0.677945686970
0.565385993676
-0.518215166405
-0.641709996387
-0.844808846198
-0.379552488689
-0.377144430842
-0.959640007312
-0.000000001040
-0.281231321810
-0.909428160321
-0.000000000096
-0.415861059988
-0.927091757523
-0.138965946098
-0.348122591851
-0.967241061271
-0.140207396155
-0.211628484509
-0.987656315985
-0.139515062276
-0.071207786741
-0.890792691494
-0.393107323489
-0.227936423153
-0.918014951839
-0.269083022571
-0.291278003227
-0.950880374352
-0.272934687498
-0.146058789648
-0.914813754985
-0.396598588407
-0.076324002538
-0.379552488659
0.377144430764
-0.844808846246
-0.155929410678
0.689459816087
-0.707340922672
-0.073098226786
0.607234701980
-0.791152745020
-0.224851624527
0.572974217124
-0.788125810679
-0.306509849562
0.647013959941
-0.698158039246
-0.382468749223
0.707268796861
-0.594548992813
-0.479332373876
0.453676535748
-0.751277629286
-0.355735957753
0.518138332758
-0.777807557490
-0.441617601009
0.587676390540
-0.677945686970
-0.565385993676
0.518215166405
-0.641709996387
0.844808846198
0.379552488689
-0.377144430842
0.959640007312
0.000000001040
-0.281231321810
0.909428160321
0.000000000096
-0.415861059988
0.927091757523
0.138965946098
-0.348122591851
0.967241061271
0.140207396155
-0.211628484509
0.987656315985
0.139515062276
-0.071207786741
0.890792691494
0.393107323489
-0.227936423153
0.918014951839
0.269083022571
-0.291278003227
0.950880374352
0.272934687498
-0.146058789648
0.914813754985
0.396598588407
-0.076324002538
0.234576338554
-0.756696919453
-0.610232507722
-0.155929408995
-0.689459817127
-0.707340922029
-0.073098226631
-0.607234702076
-0.791152744960
-0.000000000461
-0.711940163222
-0.702240132712
-0.079649517109
-0.787221356096
-0.611505102948
-0.156728636518
-0.846783859137
-0.508323942384
0.156728636756
-0.846783859237
-0.508323942143
0.079649518562
-0.787221355329
-0.611505103745
0.000000000072
-0.860611078038
-0.509262773387
0.076324002257
-0.914813754812
-0.396598588862
0.610232507692
0.234576338476
-0.756696919501
0.863270331667
0.252299085282
-0.437160732488
0.864250971650
0.118275415361
-0.488959286774
0.788125811140
0.224851624812
-0.572974216378
0.777807556355
0.355735958323
-0.518138334071
0.751277629331
0.479332373602
-0.453676535964
0.594548992530
0.382468749351
-0.707268797029
0.698158038927
0.306509848094
-0.647013960980
0.677945686898
0.441617600964
-0.587676390657
0.565385994131
0.518215166124
-0.641709996214
-0.989784996381
-0.000000000048
-0.142568092288
-0.863270332707
0.252299084639
-0.437160730805
-0.864250971746
0.118275415302
-0.488959286619
-0.927091757238
0.138965946844
-0.348122592313
-0.918014952510
0.269083022025
-0.291278001618
-0.890792691607
0.393107323173
-0.227936423260
-0.987656316020
0.139515062208
-0.071207786397
-0.967241061498
0.140207394350
-0.211628484664
-0.950880374396
0.272934687382
-0.146058789575
-0.961984582537
0.273103758598
-0.000000000281
-0.000000000048
-0.142568092288
-0.989784996381
0.252299084639
-0.437160730805
-0.863270332707
0.118275415302
-0.488959286619
-0.864250971746
0.138965946844
-0.348122592313
-0.927091757238
0.269083022025
-0.291278001618
-0.918014952510
0.393107323173
-0.227936423260
-0.890792691607
0.139515062208
-0.071207786397
-0.987656316020
0.140207394350
-0.211628484664
-0.967241061498
0.272934687382
-0.146058789575
-0.950880374396
0.273103758598
-0.000000000281
-0.961984582537
0.377144430764
-0.844808846246
-0.379552488659
0.689459816087
-0.707340922672
-0.155929410678
0.607234701980
-0.791152745020
-0.073098226786
0.572974217124
-0.788125810679
-0.224851624527
0.647013959941
-0.698158039246
-0.306509849562
0.707268796861
-0.594548992813
-0.382468749223
0.453676535748
-0.751277629286
-0.479332373876
0.518138332758
-0.777807557490
-0.355735957753
0.587676390540
-0.677945686970
-0.441617601009
0.518215166405
-0.641709996387
-0.565385993676
-0.377144430764
-0.844808846246
0.379552488659
-0.689459816087
-0.707340922672
0.155929410678
-0.607234701980
-0.791152745020
0.073098226786
-0.572974217124
-0.788125810679
0.224851624527
-0.647013959941
-0.698158039246
0.306509849562
-0.707268796861
-0.594548992813
0.382468749223
-0.453676535748
-0.751277629286
0.479332373876
-0.518138332758
-0.777807557490
0.355735957753
-0.587676390540
-0.677945686970
0.441617601009
-0.518215166405
-0.641709996387
0.565385993676
-0.142568092288
-0.989784996381
-0.000000000048
-0.437160730805
-0.863270332707
0.252299084639
-0.488959286619
-0.864250971746
0.118275415302
-0.348122592313
-0.927091757238
0.138965946844
-0.291278001618
-0.918014952510
0.269083022025
-0.227936423260
-0.890792691607
0.393107323173
-0.071207786397
-0.987656316020
0.139515062208
-0.211628484664
-0.967241061498
0.140207394350
-0.146058789575
-0.950880374396
0.272934687382
-0.000000000281
-0.961984582537
0.273103758598
0.142568092288
0.989784996381
-0.000000000048
0.437160730805
0.863270332707
0.252299084639
0.488959286619
0.864250971746
0.118275415302
0.348122592313
0.927091757238
0.138965946844
0.291278001618
0.918014952510
0.269083022025
0.227936423260
0.890792691607
0.393107323173
0.071207786397
0.987656316020
0.139515062208
0.211628484664
0.967241061498
0.140207394350
0.146058789575
0.950880374396
0.272934687382
0.000000000281
0.961984582537
0.273103758598
-0.379552488689
-0.377144430842
-0.844808846198
-0.000000001040
-0.281231321810
-0.959640007312
-0.000000000096
-0.415861059988
-0.909428160321
-0.138965946098
-0.348122591851
-0.927091757523
-0.140207396155
-0.211628484509
-0.967241061271
-0.139515062276
-0.071207786741
-0.987656315985
-0.393107323489
-0.227936423153
-0.890792691494
-0.269083022571
-0.291278003227
-0.918014951839
-0.272934687498
-0.146058789648
-0.950880374352
-0.396598588407
-0.076324002538
-0.914813754985
0.756696919453
-0.610232507722
-0.234576338554
0.689459817127
-0.707340922029
0.155929408995
0.607234702076
-0.791152744960
0.073098226631
0.711940163222
-0.702240132712
0.000000000461
0.787221356096
-0.611505102948
0.079649517109
0.846783859137
-0.508323942384
0.156728636518
0.846783859237
-0.508323942143
-0.156728636756
0.787221355329
-0.611505103745
-0.079649518562
0.860611078038
-0.509262773387
-0.000000000072
0.914813754812
-0.396598588862
-0.076324002257
