0.474099979270
0.859414881561
0.191403424754
0.555785223842
0.825380305760
0.099247850473
0.404144308064
0.832969641313
0.377927182021
0.497433576733
0.814404724631
0.298839055742
0.583691244945
0.784798882436
0.208315253167
0.774981800001
0.549265198875
0.312587509302
0.416859110352
0.770846430212
0.481688969301
0.513004141860
0.758644576184
0.401603233877
0.603244488593
0.733499855269
0.313167765427
0.682045315392
0.699966616463
0.211803974441
0.696112993173
0.644254954997
0.316800021617
0.698650429025
0.579136981629
0.420104670925
0.520818179939
0.690394710284
0.502099160981
0.612538776826
0.672237909865
0.415803366299
0.612382689025
0.598732633982
0.516242845168
0.525731112119
0.850650808352
0.000000000000
0.000000000000
0.525731112119
-0.850650808352
-0.525731112119
0.850650808352
0.000000000000
0.000000000000
0.525731112119
0.850650808352
0.850650808352
-0.000000000000
0.525731112119
-0.850650808352
-0.000000000000
0.525731112119
-0.000000000000
-0.525731112119
0.850650808352
-0.850650808352
-0.000000000000
-0.525731112119
-0.525731112119
-0.850650808352
0.000000000000
0.850650808352
-0.000000000000
-0.525731112119
0.525731112119
-0.850650808352
0.000000000000
0.000000000000
-0.525731112119
-0.850650808352
0.183372437393
0.453074581397
-0.872409292073
0.057457127069
0.446375689556
-0.892999116641
0.361079133823
0.360035545238
-0.860230355941
0.244713986522
0.355732305872
-0.901980926273
0.119201149366
0.350387492318
-0.928988531262
0.035129988125
0.048588579126
-0.998200898573
0.419469653980
0.253966828086
-0.871519397157
0.302835837004
0.254427739866
-0.918453581305
0.178399720674
0.250417166832
-0.951559132277
0.046631937085
0.249619307603
-0.967220586896
0.107325834524
0.147702451599
-0.983191309479
0.169509773076
0.042584469050
-0.984608043755
0.359141362429
0.146549804375
-0.921705287296
0.237855539652
0.146665318441
-0.960163541603
0.296476449440
0.037026795424
-0.954322131855
-0.474099979270
0.859414881561
-0.191403424754
-0.555785223842
0.825380305760
-0.099247850473
-0.404144308064
0.832969641313
-0.377927182021
-0.497433576733
0.814404724631
-0.298839055742
-0.583691244945
0.784798882436
-0.208315253167
-0.774981800001
0.549265198875
-0.312587509302
-0.416859110352
0.770846430212
-0.481688969301
-0.513004141860
0.758644576184
-0.401603233877
-0.603244488593
0.733499855269
-0.313167765427
-0.682045315392
0.699966616463
-0.211803974441
-0.696112993173
0.644254954997
-0.316800021617
-0.698650429025
0.579136981629
-0.420104670925
-0.520818179939
0.690394710284
-0.502099160981
-0.612538776826
0.672237909865
-0.415803366299
-0.612382689025
0.598732633982
-0.516242845168
-0.183372437393
0.453074581397
0.872409292073
-0.057457127069
0.446375689556
0.892999116641
-0.361079133823
0.360035545238
0.860230355941
-0.244713986522
0.355732305872
0.901980926273
-0.119201149366
0.350387492318
0.928988531262
-0.035129988125
0.048588579126
0.998200898573
-0.419469653980
0.253966828086
0.871519397157
-0.302835837004
0.254427739866
0.918453581305
-0.178399720674
0.250417166832
0.951559132277
-0.046631937085
0.249619307603
0.967220586896
-0.107325834524
0.147702451599
0.983191309479
-0.169509773076
0.042584469050
0.984608043755
-0.359141362429
0.146549804375
0.921705287296
-0.237855539652
0.146665318441
0.960163541603
-0.296476449440
0.037026795424
0.954322131855
0.657472416664
0.746084482652
0.105299411549
0.613242350911
0.789869848335
-0.006280265979
0.765223441887
0.609810463982
0.206311129133
0.742147563255
0.663163163438
0.097116491973
0.702892394311
0.711128520630
-0.015443741994
0.810111788126
0.527553672189
-0.255745994491
0.836328764332
0.511599926803
0.197027188088
0.815839978864
0.571481735904
0.088395443407
0.781644209267
0.623242764309
-0.024510953793
0.728677252477
0.671146494383
-0.136351915276
0.803438827698
0.577923941390
-0.143143173486
0.868160202101
0.474374180443
-0.145832096662
0.879959542368
0.468433141536
0.079003770196
0.850394316478
0.525235101947
-0.030945018729
0.908859138465
0.415500111364
-0.036533873110
-0.347775169849
0.937487907406
-0.012994410512
-0.452655955535
0.889117698808
-0.067618810882
-0.153724416105
0.987737646003
-0.027260714628
-0.258615813899
0.962002219180
-0.087576201641
-0.365831234312
0.919443773796
-0.144189648826
-0.304334573617
0.840141181491
-0.448935699698
-0.056939639998
0.993288896104
-0.100672966945
-0.166032296459
0.973084969782
-0.159809005121
-0.274928120625
0.936410529736
-0.218059277008
-0.385971222880
0.882950468824
-0.267253970433
-0.290845625085
0.894723963007
-0.338936354482
-0.188416565713
0.894478851367
-0.405471062126
-0.067546034179
0.970532302517
-0.231310577013
-0.177610337170
0.941038468246
-0.287925631738
-0.073560668534
0.931742956532
-0.355589497873
-0.126324809422
0.644478006151
0.754115470012
-0.103129268306
0.545623540029
0.831660571739
-0.250419891959
0.737962727259
0.626658512180
-0.238817762834
0.654571361614
0.717288232658
-0.217860010633
0.558702745485
0.800242624430
-0.470647226384
0.361176088428
0.805011193366
-0.359919470354
0.735655797387
0.573819242124
-0.346971845401
0.656030973743
0.670249132777
-0.328316367968
0.563584932259
0.758010809062
-0.296074092513
0.461423282044
0.836318531739
-0.405267368089
0.464502473216
0.787398128483
-0.510233863313
0.462689139975
0.724969078291
-0.453272145760
0.648648965356
0.611390940088
-0.434928439656
0.562468684740
0.703182928594
-0.538822020491
0.553269640592
0.635266507092
0.754115470012
-0.126324809422
0.644478006151
0.831660571739
-0.103129268306
0.545623540029
0.626658512180
-0.250419891959
0.737962727259
0.717288232658
-0.238817762834
0.654571361614
0.800242624430
-0.217860010633
0.558702745485
0.805011193366
-0.470647226384
0.361176088428
0.573819242124
-0.359919470354
0.735655797387
0.670249132777
-0.346971845401
0.656030973743
0.758010809062
-0.328316367968
0.563584932259
0.836318531739
-0.296074092513
0.461423282044
0.787398128483
-0.405267368089
0.464502473216
0.724969078291
-0.510233863313
0.462689139975
0.611390940088
-0.453272145760
0.648648965356
0.703182928594
-0.434928439656
0.562468684740
0.635266507092
-0.538822020491
0.553269640592
-0.937487907406
-0.012994410512
0.347775169849
-0.889117698808
-0.067618810882
0.452655955535
-0.987737646003
-0.027260714628
0.153724416105
-0.962002219180
-0.087576201641
0.258615813899
-0.919443773796
-0.144189648826
0.365831234312
-0.840141181491
-0.448935699698
0.304334573617
-0.993288896104
-0.100672966945
0.056939639998
-0.973084969782
-0.159809005121
0.166032296459
-0.936410529736
-0.218059277008
0.274928120625
-0.882950468824
-0.267253970433
0.385971222880
-0.894723963007
-0.338936354482
0.290845625085
-0.894478851367
-0.405471062126
0.188416565713
-0.970532302517
-0.231310577013
0.067546034179
-0.941038468246
-0.287925631738
0.177610337170
-0.931742956532
-0.355589497873
0.073560668534
0.644478006151
0.754115470012
-0.126324809422
0.545623540029
0.831660571739
-0.103129268306
0.737962727259
0.626658512180
-0.250419891959
0.654571361614
0.717288232658
-0.238817762834
0.558702745485
0.800242624430
-0.217860010633
0.361176088428
0.805011193366
-0.470647226384
0.735655797387
0.573819242124
-0.359919470354
0.656030973743
0.670249132777
-0.346971845401
0.563584932259
0.758010809062
-0.328316367968
0.461423282044
0.836318531739
-0.296074092513
0.464502473216
0.787398128483
-0.405267368089
0.462689139975
0.724969078291
-0.510233863313
0.648648965356
0.611390940088
-0.453272145760
0.562468684740
0.703182928594
-0.434928439656
0.553269640592
0.635266507092
-0.538822020491
0.105299411549
0.657472416664
0.746084482652
-0.006280265979
0.613242350911
0.789869848335
0.206311129133
0.765223441887
0.609810463982
0.097116491973
0.742147563255
0.663163163438
-0.015443741994
0.702892394311
0.711128520630
-0.255745994491
0.810111788126
0.527553672189
0.197027188088
0.836328764332
0.511599926803
0.088395443407
0.815839978864
0.571481735904
-0.024510953793
0.781644209267
0.623242764309
-0.136351915276
0.728677252477
0.671146494383
-0.143143173486
0.803438827698
0.577923941390
-0.145832096662
0.868160202101
0.474374180443
0.079003770196
0.879959542368
0.468433141536
-0.030945018729
0.850394316478
0.525235101947
-0.036533873110
0.908859138465
0.415500111364
-0.191403424754
-0.474099979270
0.859414881561
-0.099247850473
-0.555785223842
0.825380305760
-0.377927182021
-0.404144308064
0.832969641313
-0.298839055742
-0.497433576733
0.814404724631
-0.208315253167
-0.583691244945
0.784798882436
-0.312587509302
-0.774981800001
0.549265198875
-0.481688969301
-0.416859110352
0.770846430212
-0.401603233877
-0.513004141860
0.758644576184
-0.313167765427
-0.603244488593
0.733499855269
-0.211803974441
-0.682045315392
0.699966616463
-0.316800021617
-0.696112993173
0.644254954997
-0.420104670925
-0.698650429025
0.579136981629
-0.502099160981
-0.520818179939
0.690394710284
-0.415803366299
-0.612538776826
0.672237909865
-0.516242845168
-0.612382689025
0.598732633982
0.872409292073
-0.183372437393
0.453074581397
0.892999116641
-0.057457127069
0.446375689556
0.860230355941
-0.361079133823
0.360035545238
0.901980926273
-0.244713986522
0.355732305872
0.928988531262
-0.119201149366
0.350387492318
0.998200898573
-0.035129988125
0.048588579126
0.871519397157
-0.419469653980
0.253966828086
0.918453581305
-0.302835837004
0.254427739866
0.951559132277
-0.178399720674
0.250417166832
0.967220586896
-0.046631937085
0.249619307603
0.983191309479
-0.107325834524
0.147702451599
0.984608043755
-0.169509773076
0.042584469050
0.921705287296
-0.359141362429
0.146549804375
0.960163541603
-0.237855539652
0.146665318441
0.954322131855
-0.296476449440
0.037026795424
0.191403424754
0.474099979270
0.859414881561
0.099247850473
0.555785223842
0.825380305760
0.377927182021
0.404144308064
0.832969641313
0.298839055742
0.497433576733
0.814404724631
0.208315253167
0.583691244945
0.784798882436
0.312587509302
0.774981800001
0.549265198875
0.481688969301
0.416859110352
0.770846430212
0.401603233877
0.513004141860
0.758644576184
0.313167765427
0.603244488593
0.733499855269
0.211803974441
0.682045315392
0.699966616463
0.316800021617
0.696112993173
0.644254954997
0.420104670925
0.698650429025
0.579136981629
0.502099160981
0.520818179939
0.690394710284
0.415803366299
0.612538776826
0.672237909865
0.516242845168
0.612382689025
0.598732633982
-0.012994410512
-0.347775169849
0.937487907406
-0.067618810882
-0.452655955535
0.889117698808
-0.027260714628
-0.153724416105
0.987737646003
-0.087576201641
-0.258615813899
0.962002219180
-0.144189648826
-0.365831234312
0.919443773796
-0.448935699698
-0.304334573617
0.840141181491
-0.100672966945
-0.056939639998
0.993288896104
-0.159809005121
-0.166032296459
0.973084969782
-0.218059277008
-0.274928120625
0.936410529736
-0.267253970433
-0.385971222880
0.882950468824
-0.338936354482
-0.290845625085
0.894723963007
-0.405471062126
-0.188416565713
0.894478851367
-0.231310577013
-0.067546034179
0.970532302517
-0.287925631738
-0.177610337170
0.941038468246
-0.355589497873
-0.073560668534
0.931742956532
0.012994410512
0.347775169849
0.937487907406
0.067618810882
0.452655955535
0.889117698808
0.027260714628
0.153724416105
0.987737646003
0.087576201641
0.258615813899
0.962002219180
0.144189648826
0.365831234312
0.919443773796
0.448935699698
0.304334573617
0.840141181491
0.100672966945
0.056939639998
0.993288896104
0.159809005121
0.166032296459
0.973084969782
0.218059277008
0.274928120625
0.936410529736
0.267253970433
0.385971222880
0.882950468824
0.338936354482
0.290845625085
0.894723963007
0.405471062126
0.188416565713
0.894478851367
0.231310577013
0.067546034179
0.970532302517
0.287925631738
0.177610337170
0.941038468246
0.355589497873
0.073560668534
0.931742956532
-0.453074581397
0.872409292073
0.183372437393
-0.446375689556
0.892999116641
0.057457127069
-0.360035545238
0.860230355941
0.361079133823
-0.355732305872
0.901980926273
0.244713986522
-0.350387492318
0.928988531262
0.119201149366
-0.048588579126
0.998200898573
0.035129988125
-0.253966828086
0.871519397157
0.419469653980
-0.254427739866
0.918453581305
0.302835837004
-0.250417166832
0.951559132277
0.178399720674
-0.249619307603
0.967220586896
0.046631937085
-0.147702451599
0.983191309479
0.107325834524
-0.042584469050
0.984608043755
0.169509773076
-0.146549804375
0.921705287296
0.359141362429
-0.146665318441
0.960163541603
0.237855539652
-0.037026795424
0.954322131855
0.296476449440
-0.746084482652
0.105299411549
-0.657472416664
-0.789869848335
-0.006280265979
-0.613242350911
-0.609810463982
0.206311129133
-0.765223441887
-0.663163163438
0.097116491973
-0.742147563255
-0.711128520630
-0.015443741994
-0.702892394311
-0.527553672189
-0.255745994491
-0.810111788126
-0.511599926803
0.197027188088
-0.836328764332
-0.571481735904
0.088395443407
-0.815839978864
-0.623242764309
-0.024510953793
-0.781644209267
-0.671146494383
-0.136351915276
-0.728677252477
-0.577923941390
-0.143143173486
-0.803438827698
-0.474374180443
-0.145832096662
-0.868160202101
-0.468433141536
0.079003770196
-0.879959542368
-0.525235101947
-0.030945018729
-0.850394316478
-0.415500111364
-0.036533873110
-0.908859138465
-0.859414881561
-0.191403424754
0.474099979270
-0.825380305760
-0.099247850473
0.555785223842
-0.832969641313
-0.377927182021
0.404144308064
-0.814404724631
-0.298839055742
0.497433576733
-0.784798882436
-0.208315253167
0.583691244945
-0.549265198875
-0.312587509302
0.774981800001
-0.770846430212
-0.481688969301
0.416859110352
-0.758644576184
-0.401603233877
0.513004141860
-0.733499855269
-0.313167765427
0.603244488593
-0.699966616463
-0.211803974441
0.682045315392
-0.644254954997
-0.316800021617
0.696112993173
-0.579136981629
-0.420104670925
0.698650429025
-0.690394710284
-0.502099160981
0.520818179939
-0.672237909865
-0.415803366299
0.612538776826
-0.598732633982
-0.516242845168
0.612382689025
-0.644478006151
0.754115470012
0.126324809422
-0.545623540029
0.831660571739
0.103129268306
-0.737962727259
0.626658512180
0.250419891959
-0.654571361614
0.717288232658
0.238817762834
-0.558702745485
0.800242624430
0.217860010633
-0.361176088428
0.805011193366
0.470647226384
-0.735655797387
0.573819242124
0.359919470354
-0.656030973743
0.670249132777
0.346971845401
-0.563584932259
0.758010809062
0.328316367968
-0.461423282044
0.836318531739
0.296074092513
-0.464502473216
0.787398128483
0.405267368089
-0.462689139975
0.724969078291
0.510233863313
-0.648648965356
0.611390940088
0.453272145760
-0.562468684740
0.703182928594
0.434928439656
-0.553269640592
0.635266507092
0.538822020491
-0.859414881561
0.191403424754
-0.474099979270
-0.825380305760
0.099247850473
-0.555785223842
-0.832969641313
0.377927182021
-0.404144308064
-0.814404724631
0.298839055742
-0.497433576733
-0.784798882436
0.208315253167
-0.583691244945
-0.549265198875
0.312587509302
-0.774981800001
-0.770846430212
0.481688969301
-0.416859110352
-0.758644576184
0.401603233877
-0.513004141860
-0.733499855269
0.313167765427
-0.603244488593
-0.699966616463
0.211803974441
-0.682045315392
-0.644254954997
0.316800021617
-0.696112993173
-0.579136981629
0.420104670925
-0.698650429025
-0.690394710284
0.502099160981
-0.520818179939
-0.672237909865
0.415803366299
-0.612538776826
-0.598732633982
0.516242845168
-0.612382689025
-0.453074581397
-0.872409292073
-0.183372437393
-0.446375689556
-0.892999116641
-0.057457127069
-0.360035545238
-0.860230355941
-0.361079133823
-0.355732305872
-0.901980926273
-0.244713986522
-0.350387492318
-0.928988531262
-0.119201149366
-0.048588579126
-0.998200898573
-0.035129988125
-0.253966828086
-0.871519397157
-0.419469653980
-0.254427739866
-0.918453581305
-0.302835837004
-0.250417166832
-0.951559132277
-0.178399720674
-0.249619307603
-0.967220586896
-0.046631937085
-0.147702451599
-0.983191309479
-0.107325834524
-0.042584469050
-0.984608043755
-0.169509773076
-0.146549804375
-0.921705287296
-0.359141362429
-0.146665318441
-0.960163541603
-0.237855539652
-0.037026795424
-0.954322131855
-0.296476449440
0.746084482652
0.105299411549
0.657472416664
0.789869848335
-0.006280265979
0.613242350911
0.609810463982
0.206311129133
0.765223441887
0.663163163438
0.097116491973
0.742147563255
0.711128520630
-0.015443741994
0.702892394311
0.527553672189
-0.255745994491
0.810111788126
0.511599926803
0.197027188088
0.836328764332
0.571481735904
0.088395443407
0.815839978864
0.623242764309
-0.024510953793
0.781644209267
0.671146494383
-0.136351915276
0.728677252477
0.577923941390
-0.143143173486
0.803438827698
0.474374180443
-0.145832096662
0.868160202101
0.468433141536
0.079003770196
0.879959542368
0.525235101947
-0.030945018729
0.850394316478
0.415500111364
-0.036533873110
0.908859138465
0.859414881561
-0.191403424754
-0.474099979270
0.825380305760
-0.099247850473
-0.555785223842
0.832969641313
-0.377927182021
-0.404144308064
0.814404724631
-0.298839055742
-0.497433576733
0.784798882436
-0.208315253167
-0.583691244945
0.549265198875
-0.312587509302
-0.774981800001
0.770846430212
-0.481688969301
-0.416859110352
0.758644576184
-0.401603233877
-0.513004141860
0.733499855269
-0.313167765427
-0.603244488593
0.699966616463
-0.211803974441
-0.682045315392
0.644254954997
-0.316800021617
-0.696112993173
0.579136981629
-0.420104670925
-0.698650429025
0.690394710284
-0.502099160981
-0.520818179939
0.672237909865
-0.415803366299
-0.612538776826
0.598732633982
-0.516242845168
-0.612382689025
0.453074581397
0.872409292073
-0.183372437393
0.446375689556
0.892999116641
-0.057457127069
0.360035545238
0.860230355941
-0.361079133823
0.355732305872
0.901980926273
-0.244713986522
0.350387492318
0.928988531262
-0.119201149366
0.048588579126
0.998200898573
-0.035129988125
0.253966828086
0.871519397157
-0.419469653980
0.254427739866
0.918453581305
-0.302835837004
0.250417166832
0.951559132277
-0.178399720674
0.249619307603
0.967220586896
-0.046631937085
0.147702451599
0.983191309479
-0.107325834524
0.042584469050
0.984608043755
-0.169509773076
0.146549804375
0.921705287296
-0.359141362429
0.146665318441
0.960163541603
-0.237855539652
0.037026795424
0.954322131855
-0.296476449440
0.859414881561
0.191403424754
0.474099979270
0.825380305760
0.099247850473
0.555785223842
0.832969641313
0.377927182021
0.404144308064
0.814404724631
0.298839055742
0.497433576733
0.784798882436
0.208315253167
0.583691244945
0.549265198875
0.312587509302
0.774981800001
0.770846430212
0.481688969301
0.416859110352
0.758644576184
0.401603233877
0.513004141860
0.733499855269
0.313167765427
0.603244488593
0.699966616463
0.211803974441
0.682045315392
0.644254954997
0.316800021617
0.696112993173
0.579136981629
0.420104670925
0.698650429025
0.690394710284
0.502099160981
0.520818179939
0.672237909865
0.415803366299
0.612538776826
0.598732633982
0.516242845168
0.612382689025
0.937487907406
-0.012994410512
-0.347775169849
0.889117698808
-0.067618810882
-0.452655955535
0.987737646003
-0.027260714628
-0.153724416105
0.962002219180
-0.087576201641
-0.258615813899
0.919443773796
-0.144189648826
-0.365831234312
0.840141181491
-0.448935699698
-0.304334573617
0.993288896104
-0.100672966945
-0.056939639998
0.973084969782
-0.159809005121
-0.166032296459
0.936410529736
-0.218059277008
-0.274928120625
0.882950468824
-0.267253970433
-0.385971222880
0.894723963007
-0.338936354482
-0.290845625085
0.894478851367
-0.405471062126
-0.188416565713
0.970532302517
-0.231310577013
-0.067546034179
0.941038468246
-0.287925631738
-0.177610337170
0.931742956532
-0.355589497873
-0.073560668534
-0.012994410512
0.347775169849
-0.937487907406
-0.067618810882
0.452655955535
-0.889117698808
-0.027260714628
0.153724416105
-0.987737646003
-0.087576201641
0.258615813899
-0.962002219180
-0.144189648826
0.365831234312
-0.919443773796
-0.448935699698
0.304334573617
-0.840141181491
-0.100672966945
0.056939639998
-0.993288896104
-0.159809005121
0.166032296459
-0.973084969782
-0.218059277008
0.274928120625
-0.936410529736
-0.267253970433
0.385971222880
-0.882950468824
-0.338936354482
0.290845625085
-0.894723963007
-0.405471062126
0.188416565713
-0.894478851367
-0.231310577013
0.067546034179
-0.970532302517
-0.287925631738
0.177610337170
-0.941038468246
-0.355589497873
0.073560668534
-0.931742956532
0.453074581397
-0.872409292073
0.183372437393
0.446375689556
-0.892999116641
0.057457127069
0.360035545238
-0.860230355941
0.361079133823
0.355732305872
-0.901980926273
0.244713986522
0.350387492318
-0.928988531262
0.119201149366
0.048588579126
-0.998200898573
0.035129988125
0.253966828086
-0.871519397157
0.419469653980
0.254427739866
-0.918453581305
0.302835837004
0.250417166832
-0.951559132277
0.178399720674
0.249619307603
-0.967220586896
0.046631937085
0.147702451599
-0.983191309479
0.107325834524
0.042584469050
-0.984608043755
0.169509773076
0.146549804375
-0.921705287296
0.359141362429
0.146665318441
-0.960163541603
0.237855539652
0.037026795424
-0.954322131855
0.296476449440
-0.872409292073
0.183372437393
0.453074581397
-0.892999116641
0.057457127069
0.446375689556
-0.860230355941
0.361079133823
0.360035545238
-0.901980926273
0.244713986522
0.355732305872
-0.928988531262
0.119201149366
0.350387492318
-0.998200898573
0.035129988125
0.048588579126
-0.871519397157
0.419469653980
0.253966828086
-0.918453581305
0.302835837004
0.254427739866
-0.951559132277
0.178399720674
0.250417166832
-0.967220586896
0.046631937085
0.249619307603
-0.983191309479
0.107325834524
0.147702451599
-0.984608043755
0.169509773076
0.042584469050
-0.921705287296
0.359141362429
0.146549804375
-0.960163541603
0.237855539652
0.146665318441
-0.954322131855
0.296476449440
0.037026795424
-0.105299411549
-0.657472416664
0.746084482652
0.006280265979
-0.613242350911
0.789869848335
-0.206311129133
-0.765223441887
0.609810463982
-0.097116491973
-0.742147563255
0.663163163438
0.015443741994
-0.702892394311
0.711128520630
0.255745994491
-0.810111788126
0.527553672189
-0.197027188088
-0.836328764332
0.511599926803
-0.088395443407
-0.815839978864
0.571481735904
0.024510953793
-0.781644209267
0.623242764309
0.136351915276
-0.728677252477
0.671146494383
0.143143173486
-0.803438827698
0.577923941390
0.145832096662
-0.868160202101
0.474374180443
-0.079003770196
-0.879959542368
0.468433141536
0.030945018729
-0.850394316478
0.525235101947
0.036533873110
-0.908859138465
0.415500111364
-0.754115470012
0.126324809422
0.644478006151
-0.831660571739
0.103129268306
0.545623540029
-0.626658512180
0.250419891959
0.737962727259
-0.717288232658
0.238817762834
0.654571361614
-0.800242624430
0.217860010633
0.558702745485
-0.805011193366
0.470647226384
0.361176088428
-0.573819242124
0.359919470354
0.735655797387
-0.670249132777
0.346971845401
0.656030973743
-0.758010809062
0.328316367968
0.563584932259
-0.836318531739
0.296074092513
0.461423282044
-0.787398128483
0.405267368089
0.464502473216
-0.724969078291
0.510233863313
0.462689139975
-0.611390940088
0.453272145760
0.648648965356
-0.703182928594
0.434928439656
0.562468684740
-0.635266507092
0.538822020491
0.553269640592
-0.644478006151
-0.754115470012
-0.126324809422
-0.545623540029
-0.831660571739
-0.103129268306
-0.737962727259
-0.626658512180
-0.250419891959
-0.654571361614
-0.717288232658
-0.238817762834
-0.558702745485
-0.800242624430
-0.217860010633
-0.361176088428
-0.805011193366
-0.470647226384
-0.735655797387
-0.573819242124
-0.359919470354
-0.656030973743
-0.670249132777
-0.346971845401
-0.563584932259
-0.758010809062
-0.328316367968
-0.461423282044
-0.836318531739
-0.296074092513
-0.464502473216
-0.787398128483
-0.405267368089
-0.462689139975
-0.724969078291
-0.510233863313
-0.648648965356
-0.611390940088
-0.453272145760
-0.562468684740
-0.703182928594
-0.434928439656
-0.553269640592
-0.635266507092
-0.538822020491
0.126324809422
-0.644478006151
0.754115470012
0.103129268306
-0.545623540029
0.831660571739
0.250419891959
-0.737962727259
0.626658512180
0.238817762834
-0.654571361614
0.717288232658
0.217860010633
-0.558702745485
0.800242624430
0.470647226384
-0.361176088428
0.805011193366
0.359919470354
-0.735655797387
0.573819242124
0.346971845401
-0.656030973743
0.670249132777
0.328316367968
-0.563584932259
0.758010809062
0.296074092513
-0.461423282044
0.836318531739
0.405267368089
-0.464502473216
0.787398128483
0.510233863313
-0.462689139975
0.724969078291
0.453272145760
-0.648648965356
0.611390940088
0.434928439656
-0.562468684740
0.703182928594
0.538822020491
-0.553269640592
0.635266507092
-0.746084482652
-0.105299411549
0.657472416664
-0.789869848335
0.006280265979
0.613242350911
-0.609810463982
-0.206311129133
0.765223441887
-0.663163163438
-0.097116491973
0.742147563255
-0.711128520630
0.015443741994
0.702892394311
-0.527553672189
0.255745994491
0.810111788126
-0.511599926803
-0.197027188088
0.836328764332
-0.571481735904
-0.088395443407
0.815839978864
-0.623242764309
0.024510953793
0.781644209267
-0.671146494383
0.136351915276
0.728677252477
-0.577923941390
0.143143173486
0.803438827698
-0.474374180443
0.145832096662
0.868160202101
-0.468433141536
-0.079003770196
0.879959542368
-0.525235101947
0.030945018729
0.850394316478
-0.415500111364
0.036533873110
0.908859138465
0.347775169849
-0.937487907406
-0.012994410512
0.452655955535
-0.889117698808
-0.067618810882
0.153724416105
-0.987737646003
-0.027260714628
0.258615813899
-0.962002219180
-0.087576201641
0.365831234312
-0.919443773796
-0.144189648826
0.304334573617
-0.840141181491
-0.448935699698
0.056939639998
-0.993288896104
-0.100672966945
0.166032296459
-0.973084969782
-0.159809005121
0.274928120625
-0.936410529736
-0.218059277008
0.385971222880
-0.882950468824
-0.267253970433
0.290845625085
-0.894723963007
-0.338936354482
0.188416565713
-0.894478851367
-0.405471062126
0.067546034179
-0.970532302517
-0.231310577013
0.177610337170
-0.941038468246
-0.287925631738
0.073560668534
-0.931742956532
-0.355589497873
0.937487907406
0.012994410512
0.347775169849
0.889117698808
0.067618810882
0.452655955535
0.987737646003
0.027260714628
0.153724416105
0.962002219180
0.087576201641
0.258615813899
0.919443773796
0.144189648826
0.365831234312
0.840141181491
0.448935699698
0.304334573617
0.993288896104
0.100672966945
0.056939639998
0.973084969782
0.159809005121
0.166032296459
0.936410529736
0.218059277008
0.274928120625
0.882950468824
0.267253970433
0.385971222880
0.894723963007
0.338936354482
0.290845625085
0.894478851367
0.405471062126
0.188416565713
0.970532302517
0.231310577013
0.067546034179
0.941038468246
0.287925631738
0.177610337170
0.931742956532
0.355589497873
0.073560668534
0.183372437393
-0.453074581397
0.872409292073
0.057457127069
-0.446375689556
0.892999116641
0.361079133823
-0.360035545238
0.860230355941
0.244713986522
-0.355732305872
0.901980926273
0.119201149366
-0.350387492318
0.928988531262
0.035129988125
-0.048588579126
0.998200898573
0.419469653980
-0.253966828086
0.871519397157
0.302835837004
-0.254427739866
0.918453581305
0.178399720674
-0.250417166832
0.951559132277
0.046631937085
-0.249619307603
0.967220586896
0.107325834524
-0.147702451599
0.983191309479
0.169509773076
-0.042584469050
0.984608043755
0.359141362429
-0.146549804375
0.921705287296
0.237855539652
-0.146665318441
0.960163541603
0.296476449440
-0.037026795424
0.954322131855
0.746084482652
-0.105299411549
-0.657472416664
0.789869848335
0.006280265979
-0.613242350911
0.609810463982
-0.206311129133
-0.765223441887
0.663163163438
-0.097116491973
-0.742147563255
0.711128520630
0.015443741994
-0.702892394311
0.527553672189
0.255745994491
-0.810111788126
0.511599926803
-0.197027188088
-0.836328764332
0.571481735904
-0.088395443407
-0.815839978864
0.623242764309
0.024510953793
-0.781644209267
0.671146494383
0.136351915276
-0.728677252477
0.577923941390
0.143143173486
-0.803438827698
0.474374180443
0.145832096662
-0.868160202101
0.468433141536
-0.079003770196
-0.879959542368
0.525235101947
0.030945018729
-0.850394316478
0.415500111364
0.036533873110
-0.908859138465
-0.657472416664
-0.746084482652
0.105299411549
-0.613242350911
-0.789869848335
-0.006280265979
-0.765223441887
-0.609810463982
0.206311129133
-0.742147563255
-0.663163163438
0.097116491973
-0.702892394311
-0.711128520630
-0.015443741994
-0.810111788126
-0.527553672189
-0.255745994491
-0.836328764332
-0.511599926803
0.197027188088
-0.815839978864
-0.571481735904
0.088395443407
-0.781644209267
-0.623242764309
-0.024510953793
-0.728677252477
-0.671146494383
-0.136351915276
-0.803438827698
-0.577923941390
-0.143143173486
-0.868160202101
-0.474374180443
-0.145832096662
-0.879959542368
-0.468433141536
0.079003770196
-0.850394316478
-0.525235101947
-0.030945018729
-0.908859138465
-0.415500111364
-0.036533873110
0.644478006151
-0.754115470012
0.126324809422
0.545623540029
-0.831660571739
0.103129268306
0.737962727259
-0.626658512180
0.250419891959
0.654571361614
-0.717288232658
0.238817762834
0.558702745485
-0.800242624430
0.217860010633
0.361176088428
-0.805011193366
0.470647226384
0.735655797387
-0.573819242124
0.359919470354
0.656030973743
-0.670249132777
0.346971845401
0.563584932259
-0.758010809062
0.328316367968
0.461423282044
-0.836318531739
0.296074092513
0.464502473216
-0.787398128483
0.405267368089
0.462689139975
-0.724969078291
0.510233863313
0.648648965356
-0.611390940088
0.453272145760
0.562468684740
-0.703182928594
0.434928439656
0.553269640592
-0.635266507092
0.538822020491
-0.126324809422
-0.644478006151
-0.754115470012
-0.103129268306
-0.545623540029
-0.831660571739
-0.250419891959
-0.737962727259
-0.626658512180
-0.238817762834
-0.654571361614
-0.717288232658
-0.217860010633
-0.558702745485
-0.800242624430
-0.470647226384
-0.361176088428
-0.805011193366
-0.359919470354
-0.735655797387
-0.573819242124
-0.346971845401
-0.656030973743
-0.670249132777
-0.328316367968
-0.563584932259
-0.758010809062
-0.296074092513
-0.461423282044
-0.836318531739
-0.405267368089
-0.464502473216
-0.787398128483
-0.510233863313
-0.462689139975
-0.724969078291
-0.453272145760
-0.648648965356
-0.611390940088
-0.434928439656
-0.562468684740
-0.703182928594
-0.538822020491
-0.553269640592
-0.635266507092
0.126324809422
0.644478006151
-0.754115470012
0.103129268306
0.545623540029
-0.831660571739
0.250419891959
0.737962727259
-0.626658512180
0.238817762834
0.654571361614
-0.717288232658
0.217860010633
0.558702745485
-0.800242624430
0.470647226384
0.361176088428
-0.805011193366
0.359919470354
0.735655797387
-0.573819242124
0.346971845401
0.656030973743
-0.670249132777
0.328316367968
0.563584932259
-0.758010809062
0.296074092513
0.461423282044
-0.836318531739
0.405267368089
0.464502473216
-0.787398128483
0.510233863313
0.462689139975
-0.724969078291
0.453272145760
0.648648965356
-0.611390940088
0.434928439656
0.562468684740
-0.703182928594
0.538822020491
0.553269640592
-0.635266507092
-0.754115470012
-0.126324809422
-0.644478006151
-0.831660571739
-0.103129268306
-0.545623540029
-0.626658512180
-0.250419891959
-0.737962727259
-0.717288232658
-0.238817762834
-0.654571361614
-0.800242624430
-0.217860010633
-0.558702745485
-0.805011193366
-0.470647226384
-0.361176088428
-0.573819242124
-0.359919470354
-0.735655797387
-0.670249132777
-0.346971845401
-0.656030973743
-0.758010809062
-0.328316367968
-0.563584932259
-0.836318531739
-0.296074092513
-0.461423282044
-0.787398128483
-0.405267368089
-0.464502473216
-0.724969078291
-0.510233863313
-0.462689139975
-0.611390940088
-0.453272145760
-0.648648965356
-0.703182928594
-0.434928439656
-0.562468684740
-0.635266507092
-0.538822020491
-0.553269640592
-0.657472416664
0.746084482652
-0.105299411549
-0.613242350911
0.789869848335
0.006280265979
-0.765223441887
0.609810463982
-0.206311129133
-0.742147563255
0.663163163438
-0.097116491973
-0.702892394311
0.711128520630
0.015443741994
-0.810111788126
0.527553672189
0.255745994491
-0.836328764332
0.511599926803
-0.197027188088
-0.815839978864
0.571481735904
-0.088395443407
-0.781644209267
0.623242764309
0.024510953793
-0.728677252477
0.671146494383
0.136351915276
-0.803438827698
0.577923941390
0.143143173486
-0.868160202101
0.474374180443
0.145832096662
-0.879959542368
0.468433141536
-0.079003770196
-0.850394316478
0.525235101947
0.030945018729
-0.908859138465
0.415500111364
0.036533873110
-0.105299411549
0.657472416664
-0.746084482652
0.006280265979
0.613242350911
-0.789869848335
-0.206311129133
0.765223441887
-0.609810463982
-0.097116491973
0.742147563255
-0.663163163438
0.015443741994
0.702892394311
-0.711128520630
0.255745994491
0.810111788126
-0.527553672189
-0.197027188088
0.836328764332
-0.511599926803
-0.088395443407
0.815839978864
-0.571481735904
0.024510953793
0.781644209267
-0.623242764309
0.136351915276
0.728677252477
-0.671146494383
0.143143173486
0.803438827698
-0.577923941390
0.145832096662
0.868160202101
-0.474374180443
-0.079003770196
0.879959542368
-0.468433141536
0.030945018729
0.850394316478
-0.525235101947
0.036533873110
0.908859138465
-0.415500111364
0.191403424754
-0.474099979270
-0.859414881561
0.099247850473
-0.555785223842
-0.825380305760
0.377927182021
-0.404144308064
-0.832969641313
0.298839055742
-0.497433576733
-0.814404724631
0.208315253167
-0.583691244945
-0.784798882436
0.312587509302
-0.774981800001
-0.549265198875
0.481688969301
-0.416859110352
-0.770846430212
0.401603233877
-0.513004141860
-0.758644576184
0.313167765427
-0.603244488593
-0.733499855269
0.211803974441
-0.682045315392
-0.699966616463
0.316800021617
-0.696112993173
-0.644254954997
0.420104670925
-0.698650429025
-0.579136981629
0.502099160981
-0.520818179939
-0.690394710284
0.415803366299
-0.612538776826
-0.672237909865
0.516242845168
-0.612382689025
-0.598732633982
-0.872409292073
-0.183372437393
-0.453074581397
-0.892999116641
-0.057457127069
-0.446375689556
-0.860230355941
-0.361079133823
-0.360035545238
-0.901980926273
-0.244713986522
-0.355732305872
-0.928988531262
-0.119201149366
-0.350387492318
-0.998200898573
-0.035129988125
-0.048588579126
-0.871519397157
-0.419469653980
-0.253966828086
-0.918453581305
-0.302835837004
-0.254427739866
-0.951559132277
-0.178399720674
-0.250417166832
-0.967220586896
-0.046631937085
-0.249619307603
-0.983191309479
-0.107325834524
-0.147702451599
-0.984608043755
-0.169509773076
-0.042584469050
-0.921705287296
-0.359141362429
-0.146549804375
-0.960163541603
-0.237855539652
-0.146665318441
-0.954322131855
-0.296476449440
-0.037026795424
-0.191403424754
0.474099979270
-0.859414881561
-0.099247850473
0.555785223842
-0.825380305760
-0.377927182021
0.404144308064
-0.832969641313
-0.298839055742
0.497433576733
-0.814404724631
-0.208315253167
0.583691244945
-0.784798882436
-0.312587509302
0.774981800001
-0.549265198875
-0.481688969301
0.416859110352
-0.770846430212
-0.401603233877
0.513004141860
-0.758644576184
-0.313167765427
0.603244488593
-0.733499855269
-0.211803974441
0.682045315392
-0.699966616463
-0.316800021617
0.696112993173
-0.644254954997
-0.420104670925
0.698650429025
-0.579136981629
-0.502099160981
0.520818179939
-0.690394710284
-0.415803366299
0.612538776826
-0.672237909865
-0.516242845168
0.612382689025
-0.598732633982
0.872409292073
0.183372437393
-0.453074581397
0.892999116641
0.057457127069
-0.446375689556
0.860230355941
0.361079133823
-0.360035545238
0.901980926273
0.244713986522
-0.355732305872
0.928988531262
0.119201149366
-0.350387492318
0.998200898573
0.035129988125
-0.048588579126
0.871519397157
0.419469653980
-0.253966828086
0.918453581305
0.302835837004
-0.254427739866
0.951559132277
0.178399720674
-0.250417166832
0.967220586896
0.046631937085
-0.249619307603
0.983191309479
0.107325834524
-0.147702451599
0.984608043755
0.169509773076
-0.042584469050
0.921705287296
0.359141362429
-0.146549804375
0.960163541603
0.237855539652
-0.146665318441
0.954322131855
0.296476449440
-0.037026795424
0.105299411549
-0.657472416664
-0.746084482652
-0.006280265979
-0.613242350911
-0.789869848335
0.206311129133
-0.765223441887
-0.609810463982
0.097116491973
-0.742147563255
-0.663163163438
-0.015443741994
-0.702892394311
-0.711128520630
-0.255745994491
-0.810111788126
-0.527553672189
0.197027188088
-0.836328764332
-0.511599926803
0.088395443407
-0.815839978864
-0.571481735904
-0.024510953793
-0.781644209267
-0.623242764309
-0.136351915276
-0.728677252477
-0.671146494383
-0.143143173486
-0.803438827698
-0.577923941390
-0.145832096662
-0.868160202101
-0.474374180443
0.079003770196
-0.879959542368
-0.468433141536
-0.030945018729
-0.850394316478
-0.525235101947
-0.036533873110
-0.908859138465
-0.415500111364
0.754115470012
0.126324809422
-0.644478006151
0.831660571739
0.103129268306
-0.545623540029
0.626658512180
0.250419891959
-0.737962727259
0.717288232658
0.238817762834
-0.654571361614
0.800242624430
0.217860010633
-0.558702745485
0.805011193366
0.470647226384
-0.361176088428
0.573819242124
0.359919470354
-0.735655797387
0.670249132777
0.346971845401
-0.656030973743
0.758010809062
0.328316367968
-0.563584932259
0.836318531739
0.296074092513
-0.461423282044
0.787398128483
0.405267368089
-0.464502473216
0.724969078291
0.510233863313
-0.462689139975
0.611390940088
0.453272145760
-0.648648965356
0.703182928594
0.434928439656
-0.562468684740
0.635266507092
0.538822020491
-0.553269640592
-0.937487907406
0.012994410512
-0.347775169849
-0.889117698808
0.067618810882
-0.452655955535
-0.987737646003
0.027260714628
-0.153724416105
-0.962002219180
0.087576201641
-0.258615813899
-0.919443773796
0.144189648826
-0.365831234312
-0.840141181491
0.448935699698
-0.304334573617
-0.993288896104
0.100672966945
-0.056939639998
-0.973084969782
0.159809005121
-0.166032296459
-0.936410529736
0.218059277008
-0.274928120625
-0.882950468824
0.267253970433
-0.385971222880
-0.894723963007
0.338936354482
-0.290845625085
-0.894478851367
0.405471062126
-0.188416565713
-0.970532302517
0.231310577013
-0.067546034179
-0.941038468246
0.287925631738
-0.177610337170
-0.931742956532
0.355589497873
-0.073560668534
0.012994410512
-0.347775169849
-0.937487907406
0.067618810882
-0.452655955535
-0.889117698808
0.027260714628
-0.153724416105
-0.987737646003
0.087576201641
-0.258615813899
-0.962002219180
0.144189648826
-0.365831234312
-0.919443773796
0.448935699698
-0.304334573617
-0.840141181491
0.100672966945
-0.056939639998
-0.993288896104
0.159809005121
-0.166032296459
-0.973084969782
0.218059277008
-0.274928120625
-0.936410529736
0.267253970433
-0.385971222880
-0.882950468824
0.338936354482
-0.290845625085
-0.894723963007
0.405471062126
-0.188416565713
-0.894478851367
0.231310577013
-0.067546034179
-0.970532302517
0.287925631738
-0.177610337170
-0.941038468246
0.355589497873
-0.073560668534
-0.931742956532
0.474099979270
-0.859414881561
-0.191403424754
0.555785223842
-0.825380305760
-0.099247850473
0.404144308064
-0.832969641313
-0.377927182021
0.497433576733
-0.814404724631
-0.298839055742
0.583691244945
-0.784798882436
-0.208315253167
0.774981800001
-0.549265198875
-0.312587509302
0.416859110352
-0.770846430212
-0.481688969301
0.513004141860
-0.758644576184
-0.401603233877
0.603244488593
-0.733499855269
-0.313167765427
0.682045315392
-0.699966616463
-0.211803974441
0.696112993173
-0.644254954997
-0.316800021617
0.698650429025
-0.579136981629
-0.420104670925
0.520818179939
-0.690394710284
-0.502099160981
0.612538776826
-0.672237909865
-0.415803366299
0.612382689025
-0.598732633982
-0.516242845168
-0.474099979270
-0.859414881561
0.191403424754
-0.555785223842
-0.825380305760
0.099247850473
-0.404144308064
-0.832969641313
0.377927182021
-0.497433576733
-0.814404724631
0.298839055742
-0.583691244945
-0.784798882436
0.208315253167
-0.774981800001
-0.549265198875
0.312587509302
-0.416859110352
-0.770846430212
0.481688969301
-0.513004141860
-0.758644576184
0.401603233877
-0.603244488593
-0.733499855269
0.313167765427
-0.682045315392
-0.699966616463
0.211803974441
-0.696112993173
-0.644254954997
0.316800021617
-0.698650429025
-0.579136981629
0.420104670925
-0.520818179939
-0.690394710284
0.502099160981
-0.612538776826
-0.672237909865
0.415803366299
-0.612382689025
-0.598732633982
0.516242845168
-0.347775169849
-0.937487907406
0.012994410512
-0.452655955535
-0.889117698808
0.067618810882
-0.153724416105
-0.987737646003
0.027260714628
-0.258615813899
-0.962002219180
0.087576201641
-0.365831234312
-0.919443773796
0.144189648826
-0.304334573617
-0.840141181491
0.448935699698
-0.056939639998
-0.993288896104
0.100672966945
-0.166032296459
-0.973084969782
0.159809005121
-0.274928120625
-0.936410529736
0.218059277008
-0.385971222880
-0.882950468824
0.267253970433
-0.290845625085
-0.894723963007
0.338936354482
-0.188416565713
-0.894478851367
0.405471062126
-0.067546034179
-0.970532302517
0.231310577013
-0.177610337170
-0.941038468246
0.287925631738
-0.073560668534
-0.931742956532
0.355589497873
0.347775169849
0.937487907406
0.012994410512
0.452655955535
0.889117698808
0.067618810882
0.153724416105
0.987737646003
0.027260714628
0.258615813899
0.962002219180
0.087576201641
0.365831234312
0.919443773796
0.144189648826
0.304334573617
0.840141181491
0.448935699698
0.056939639998
0.993288896104
0.100672966945
0.166032296459
0.973084969782
0.159809005121
0.274928120625
0.936410529736
0.218059277008
0.385971222880
0.882950468824
0.267253970433
0.290845625085
0.894723963007
0.338936354482
0.188416565713
0.894478851367
0.405471062126
0.067546034179
0.970532302517
0.231310577013
0.177610337170
0.941038468246
0.287925631738
0.073560668534
0.931742956532
0.355589497873
-0.183372437393
-0.453074581397
-0.872409292073
-0.057457127069
-0.446375689556
-0.892999116641
-0.361079133823
-0.360035545238
-0.860230355941
-0.244713986522
-0.355732305872
-0.901980926273
-0.119201149366
-0.350387492318
-0.928988531262
-0.035129988125
-0.048588579126
-0.998200898573
-0.419469653980
-0.253966828086
-0.871519397157
-0.302835837004
-0.254427739866
-0.918453581305
-0.178399720674
-0.250417166832
-0.951559132277
-0.046631937085
-0.249619307603
-0.967220586896
-0.107325834524
-0.147702451599
-0.983191309479
-0.169509773076
-0.042584469050
-0.984608043755
-0.359141362429
-0.146549804375
-0.921705287296
-0.237855539652
-0.146665318441
-0.960163541603
-0.296476449440
-0.037026795424
-0.954322131855
0.657472416664
-0.746084482652
-0.105299411549
0.613242350911
-0.789869848335
0.006280265979
0.765223441887
-0.609810463982
-0.206311129133
0.742147563255
-0.663163163438
-0.097116491973
0.702892394311
-0.711128520630
0.015443741994
0.810111788126
-0.527553672189
0.255745994491
0.836328764332
-0.511599926803
-0.197027188088
0.815839978864
-0.571481735904
-0.088395443407
0.781644209267
-0.623242764309
0.024510953793
0.728677252477
-0.671146494383
0.136351915276
0.803438827698
-0.577923941390
0.143143173486
0.868160202101
-0.474374180443
0.145832096662
0.879959542368
-0.468433141536
-0.079003770196
0.850394316478
-0.525235101947
0.030945018729
0.908859138465
-0.415500111364
0.036533873110
