0.573672732338
0.817787974607
0.046069781412
0.622510312591
0.776097570080
0.100764440323
0.666013264097
0.729959954973
0.153573422772
0.705046345014
0.678757683374
0.205420686989
0.739455579314
0.622547226027
0.256203820400
0.768844241276
0.561671626288
0.305619889534
0.353229966946
0.792735636234
0.496788487684
0.398623870220
0.810777764302
0.428647205759
0.441440553870
0.822747715283
0.358073224907
0.481292704120
0.828693483490
0.285699918413
0.517917772755
0.828796820249
0.211794738860
0.550793083850
0.823586151469
0.135398780978
0.596195768565
0.780020747799
0.190047990117
0.637509041931
0.731354734395
0.242285934247
0.674430097919
0.677578466479
0.293311208080
0.706532490905
0.618954764213
0.343084303273
0.733360107522
0.555900020059
0.391354213460
0.437859617639
0.754408269655
0.489026704707
0.482169630006
0.769375712145
0.419014870215
0.523803691845
0.778297706041
0.346240340197
0.562155643012
0.781550575513
0.270480555575
0.602153535932
0.729473902378
0.324467170779
0.637456831057
0.672563457396
0.375908478642
0.667635807302
0.610934609082
0.425466017720
0.473228846677
0.692135545425
0.544979674329
0.518997125328
0.710538784508
0.475159572788
0.562237661798
0.722835223656
0.401743762986
0.595922800247
0.662456440739
0.453902500840
0.624199845362
0.597313106060
0.503578798579
0.551021657418
0.646456244867
0.527702052799
0.525731112119
0.850650808352
0.000000000000
0.000000000000
0.525731112119
-0.850650808352
-0.525731112119
0.850650808352
0.000000000000
0.000000000000
0.525731112119
0.850650808352
0.850650808352
-0.000000000000
0.525731112119
-0.850650808352
-0.000000000000
0.525731112119
-0.000000000000
-0.525731112119
0.850650808352
-0.850650808352
-0.000000000000
-0.525731112119
-0.525731112119
-0.850650808352
0.000000000000
0.850650808352
-0.000000000000
-0.525731112119
0.525731112119
-0.850650808352
0.000000000000
0.000000000000
-0.525731112119
-0.850650808352
0.577350269190
0.577350269190
0.577350269190
0.356822089773
0.000000000000
-0.934172358963
-0.577350269190
0.577350269190
-0.577350269190
-0.356822089773
0.000000000000
0.934172358963
0.934172358963
0.356822089773
-0.000000000000
0.000000000000
0.934172358963
-0.356822089773
-0.577350269190
0.577350269190
0.577350269190
0.577350269190
-0.577350269190
0.577350269190
-0.934172358963
-0.356822089773
-0.000000000000
0.577350269190
0.577350269190
-0.577350269190
-0.000000000000
0.934172358963
0.356822089773
-0.577350269190
-0.577350269190
0.577350269190
0.934172358963
-0.356822089773
0.000000000000
0.356822089773
-0.000000000000
0.934172358963
-0.356822089773
-0.000000000000
-0.934172358963
-0.000000000000
-0.934172358963
-0.356822089773
0.577350269190
-0.577350269190
-0.577350269190
0.000000000000
-0.934172358963
0.356822089773
-0.934172358963
0.356822089773
0.000000000000
-0.577350269190
-0.577350269190
-0.577350269190
0.003145251869
0.461294855045
-0.887241322358
0.010092326803
0.385127637562
-0.922808131588
0.016806908158
0.307953880315
-0.951252824141
0.023413313488
0.228544854986
-0.973251799901
0.029923127713
0.147045034863
-0.988677077791
0.036395641595
0.064006009577
-0.997285610049
0.470264129316
0.283788295209
-0.835652949603
0.398015046771
0.318427836841
-0.860341638693
0.323210073351
0.350167638142
-0.879157479456
0.246570106754
0.378849527223
-0.892006848728
0.168498959021
0.404567949565
-0.898850863599
0.088645490040
0.428391379088
-0.899234565294
0.096693836504
0.351791421415
-0.931070941336
0.103259959183
0.273534313894
-0.956303487368
0.109461964182
0.193106528589
-0.975052791911
0.115562327290
0.110872224593
-0.987093054542
0.121714709120
0.027434720450
-0.992185902791
0.409826082012
0.230509695493
-0.882557569106
0.335655506009
0.263931981234
-0.904253996711
0.258719691285
0.294671658276
-0.919909090699
0.179257954399
0.323331772592
-0.929151844758
0.186842520099
0.241847522761
-0.952155264869
0.193221470154
0.159176033531
-0.968157246433
0.199180511872
0.075212661829
-0.977072248706
0.418165040730
0.141223825644
-0.897325932859
0.344482166337
0.176879233677
-0.921979269707
0.267267068984
0.210173106204
-0.940423085247
0.273963735067
0.124836995559
-0.953603479654
0.279883784112
0.038558694373
-0.959259242582
0.351175065755
0.088868005407
-0.932082909835
-0.573672732338
0.817787974607
-0.046069781412
-0.622510312591
0.776097570080
-0.100764440323
-0.666013264097
0.729959954973
-0.153573422772
-0.705046345014
0.678757683374
-0.205420686989
-0.739455579314
0.622547226027
-0.256203820400
-0.768844241276
0.561671626288
-0.305619889534
-0.353229966946
0.792735636234
-0.496788487684
-0.398623870220
0.810777764302
-0.428647205759
-0.441440553870
0.822747715283
-0.358073224907
-0.481292704120
0.828693483490
-0.285699918413
-0.517917772755
0.828796820249
-0.211794738860
-0.550793083850
0.823586151469
-0.135398780978
-0.596195768565
0.780020747799
-0.190047990117
-0.637509041931
0.731354734395
-0.242285934247
-0.674430097919
0.677578466479
-0.293311208080
-0.706532490905
0.618954764213
-0.343084303273
-0.733360107522
0.555900020059
-0.391354213460
-0.437859617639
0.754408269655
-0.489026704707
-0.482169630006
0.769375712145
-0.419014870215
-0.523803691845
0.778297706041
-0.346240340197
-0.562155643012
0.781550575513
-0.270480555575
-0.602153535932
0.729473902378
-0.324467170779
-0.637456831057
0.672563457396
-0.375908478642
-0.667635807302
0.610934609082
-0.425466017720
-0.473228846677
0.692135545425
-0.544979674329
-0.518997125328
0.710538784508
-0.475159572788
-0.562237661798
0.722835223656
-0.401743762986
-0.595922800247
0.662456440739
-0.453902500840
-0.624199845362
0.597313106060
-0.503578798579
-0.551021657418
0.646456244867
-0.527702052799
-0.003145251869
0.461294855045
0.887241322358
-0.010092326803
0.385127637562
0.922808131588
-0.016806908158
0.307953880315
0.951252824141
-0.023413313488
0.228544854986
0.973251799901
-0.029923127713
0.147045034863
0.988677077791
-0.036395641595
0.064006009577
0.997285610049
-0.470264129316
0.283788295209
0.835652949603
-0.398015046771
0.318427836841
0.860341638693
-0.323210073351
0.350167638142
0.879157479456
-0.246570106754
0.378849527223
0.892006848728
-0.168498959021
0.404567949565
0.898850863599
-0.088645490040
0.428391379088
0.899234565294
-0.096693836504
0.351791421415
0.931070941336
-0.103259959183
0.273534313894
0.956303487368
-0.109461964182
0.193106528589
0.975052791911
-0.115562327290
0.110872224593
0.987093054542
-0.121714709120
0.027434720450
0.992185902791
-0.409826082012
0.230509695493
0.882557569106
-0.335655506009
0.263931981234
0.904253996711
-0.258719691285
0.294671658276
0.919909090699
-0.179257954399
0.323331772592
0.929151844758
-0.186842520099
0.241847522761
0.952155264869
-0.193221470154
0.159176033531
0.968157246433
-0.199180511872
0.075212661829
0.977072248706
-0.418165040730
0.141223825644
0.897325932859
-0.344482166337
0.176879233677
0.921979269707
-0.267267068984
0.210173106204
0.940423085247
-0.273963735067
0.124836995559
0.953603479654
-0.279883784112
0.038558694373
0.959259242582
-0.351175065755
0.088868005407
0.932082909835
0.576817984208
0.815844102049
-0.040980656984
0.632602639393
0.769860169091
-0.084434712531
0.682820172255
0.719572714486
-0.126379274126
0.728459658502
0.664287459849
-0.167537149976
0.769378707027
0.604053716050
-0.207787182710
0.805239882871
0.539177882740
-0.246730504391
0.823494096262
0.502096420627
0.264114857240
0.796638916991
0.564790937364
0.215354667950
0.764650627221
0.622992904446
0.164891659281
0.727862810874
0.676304776907
0.113258894924
0.686416731776
0.724658736506
0.060842303904
0.639438573890
0.768800225676
0.008032634856
0.692889605069
0.720260670337
-0.033594076151
0.740769001114
0.667536569943
-0.075207810612
0.783892062101
0.609927252139
-0.116198029558
0.822094818195
0.547533318129
-0.156100529899
0.855074816642
0.480676192892
-0.194415677173
0.847685699651
0.501121821495
0.174085825464
0.817825136015
0.561929200921
0.124087147018
0.782523383130
0.618400143269
0.072376913861
0.741413597411
0.670763066941
0.019564907396
0.788996056031
0.613998874414
-0.022149622716
0.830678301210
0.553146021485
-0.063269572577
0.866816319174
0.487834282848
-0.103185179615
0.891393887407
0.433695337347
0.131625574479
0.863479291665
0.497637097193
0.082224280864
0.829504730781
0.557655090951
0.030703438703
0.869886535314
0.493137540783
-0.010619865816
0.904083629474
0.424335414579
-0.050717322987
0.902196723174
0.429418118229
0.040511139595
-0.502275512029
0.861913883461
-0.069453347751
-0.469562350093
0.870624609414
-0.146710561508
-0.434333154442
0.873146137258
-0.221292869168
-0.396082004962
0.869708146838
-0.294494116527
-0.354832217573
0.860257536450
-0.366129851765
-0.310736513968
0.844797772274
-0.435613983761
-0.019673437970
0.998884908311
-0.042917313369
-0.103073168891
0.993438143122
-0.049563874391
-0.185275978860
0.981066129353
-0.056409764172
-0.265590632299
0.962004695320
-0.063313365238
-0.343725645661
0.936453475366
-0.070054043350
-0.420358744232
0.904199006654
-0.075648413824
-0.385385497566
0.910308660455
-0.151050193537
-0.348742124506
0.909822504190
-0.224948752973
-0.309304558147
0.903238460219
-0.297474325432
-0.266972754493
0.890617621402
-0.368138290329
-0.221850397624
0.872030406352
-0.436285882732
-0.056423870029
0.990148526203
-0.128149299451
-0.139844834216
0.980944071135
-0.134878284566
-0.222294744415
0.964640483466
-0.141611384658
-0.303766865195
0.941243622516
-0.147601269245
-0.263997145477
0.938466045193
-0.222681362491
-0.222445606108
0.929054500127
-0.295593789037
-0.178397841444
0.913300300568
-0.366137639624
-0.009598251164
0.978675011676
-0.205190387434
-0.094654952814
0.972796669981
-0.211440485199
-0.179469667501
0.959398853937
-0.217587861591
-0.135456861376
0.947040041623
-0.291147038914
-0.089276017359
0.927914213158
-0.361946136522
-0.048356865812
0.957120171028
-0.285626664968
-0.071397220310
0.507364636457
0.858768631591
-0.152947962497
0.485892077885
0.860532282611
-0.231680109655
0.461527303087
0.856339229100
-0.308964340052
0.433965541975
0.846294833350
-0.384623361741
0.403248855263
0.830334408737
-0.458107727309
0.369625899111
0.808402130679
-0.333556528976
0.780576782893
0.528620778995
-0.295550701329
0.747075042599
0.595423096352
-0.256164575010
0.708240863049
0.657856056002
-0.215702071821
0.664549445636
0.715434588566
-0.174192127094
0.616362688426
0.767954516345
-0.130434339618
0.563790160066
0.815553516614
-0.210810270999
0.541839411533
0.813614823950
-0.288766917425
0.515820248141
0.806562545007
-0.365125539772
0.486417736669
0.793776496036
-0.439559736413
0.453956527867
0.775055294112
-0.511509709899
0.418788933910
0.750315697233
-0.381435747611
0.719536400200
0.580322444190
-0.342324795790
0.682946851449
0.645288565127
-0.301508947430
0.640911998473
0.705920792181
-0.258388777817
0.593812328167
0.761985668117
-0.338156390455
0.566314693540
0.751623525094
-0.415011224948
0.535084512173
0.735833029973
-0.489237965858
0.500678679549
0.714119788697
-0.463630595512
0.686203499973
0.560509970946
-0.424342172514
0.652038806465
0.628314503644
-0.382767994296
0.611916869191
0.692131784953
-0.460465938871
0.578739496400
0.673076306556
-0.534923828003
0.542137492952
0.648030429047
-0.502664791606
0.616570058206
0.605945105273
0.858768631591
-0.071397220310
0.507364636457
0.860532282611
-0.152947962497
0.485892077885
0.856339229100
-0.231680109655
0.461527303087
0.846294833350
-0.308964340052
0.433965541975
0.830334408737
-0.384623361741
0.403248855263
0.808402130679
-0.458107727309
0.369625899111
0.528620778995
-0.333556528976
0.780576782893
0.595423096352
-0.295550701329
0.747075042599
0.657856056002
-0.256164575010
0.708240863049
0.715434588566
-0.215702071821
0.664549445636
0.767954516345
-0.174192127094
0.616362688426
0.815553516614
-0.130434339618
0.563790160066
0.813614823950
-0.210810270999
0.541839411533
0.806562545007
-0.288766917425
0.515820248141
0.793776496036
-0.365125539772
0.486417736669
0.775055294112
-0.439559736413
0.453956527867
0.750315697233
-0.511509709899
0.418788933910
0.580322444190
-0.381435747611
0.719536400200
0.645288565127
-0.342324795790
0.682946851449
0.705920792181
-0.301508947430
0.640911998473
0.761985668117
-0.258388777817
0.593812328167
0.751623525094
-0.338156390455
0.566314693540
0.735833029973
-0.415011224948
0.535084512173
0.714119788697
-0.489237965858
0.500678679549
0.560509970946
-0.463630595512
0.686203499973
0.628314503644
-0.424342172514
0.652038806465
0.692131784953
-0.382767994296
0.611916869191
0.673076306556
-0.460465938871
0.578739496400
0.648030429047
-0.534923828003
0.542137492952
0.605945105273
-0.502664791606
0.616570058206
-0.861913883461
-0.069453347751
0.502275512029
-0.870624609414
-0.146710561508
0.469562350093
-0.873146137258
-0.221292869168
0.434333154442
-0.869708146838
-0.294494116527
0.396082004962
-0.860257536450
-0.366129851765
0.354832217573
-0.844797772274
-0.435613983761
0.310736513968
-0.998884908311
-0.042917313369
0.019673437970
-0.993438143122
-0.049563874391
0.103073168891
-0.981066129353
-0.056409764172
0.185275978860
-0.962004695320
-0.063313365238
0.265590632299
-0.936453475366
-0.070054043350
0.343725645661
-0.904199006654
-0.075648413824
0.420358744232
-0.910308660455
-0.151050193537
0.385385497566
-0.909822504190
-0.224948752973
0.348742124506
-0.903238460219
-0.297474325432
0.309304558147
-0.890617621402
-0.368138290329
0.266972754493
-0.872030406352
-0.436285882732
0.221850397624
-0.990148526203
-0.128149299451
0.056423870029
-0.980944071135
-0.134878284566
0.139844834216
-0.964640483466
-0.141611384658
0.222294744415
-0.941243622516
-0.147601269245
0.303766865195
-0.938466045193
-0.222681362491
0.263997145477
-0.929054500127
-0.295593789037
0.222445606108
-0.913300300568
-0.366137639624
0.178397841444
-0.978675011676
-0.205190387434
0.009598251164
-0.972796669981
-0.211440485199
0.094654952814
-0.959398853937
-0.217587861591
0.179469667501
-0.947040041623
-0.291147038914
0.135456861376
-0.927914213158
-0.361946136522
0.089276017359
-0.957120171028
-0.285626664968
0.048356865812
0.507364636457
0.858768631591
-0.071397220310
0.485892077885
0.860532282611
-0.152947962497
0.461527303087
0.856339229100
-0.231680109655
0.433965541975
0.846294833350
-0.308964340052
0.403248855263
0.830334408737
-0.384623361741
0.369625899111
0.808402130679
-0.458107727309
0.780576782893
0.528620778995
-0.333556528976
0.747075042599
0.595423096352
-0.295550701329
0.708240863049
0.657856056002
-0.256164575010
0.664549445636
0.715434588566
-0.215702071821
0.616362688426
0.767954516345
-0.174192127094
0.563790160066
0.815553516614
-0.130434339618
0.541839411533
0.813614823950
-0.210810270999
0.515820248141
0.806562545007
-0.288766917425
0.486417736669
0.793776496036
-0.365125539772
0.453956527867
0.775055294112
-0.439559736413
0.418788933910
0.750315697233
-0.511509709899
0.719536400200
0.580322444190
-0.381435747611
0.682946851449
0.645288565127
-0.342324795790
0.640911998473
0.705920792181
-0.301508947430
0.593812328167
0.761985668117
-0.258388777817
0.566314693540
0.751623525094
-0.338156390455
0.535084512173
0.735833029973
-0.415011224948
0.500678679549
0.714119788697
-0.489237965858
0.686203499973
0.560509970946
-0.463630595512
0.652038806465
0.628314503644
-0.424342172514
0.611916869191
0.692131784953
-0.382767994296
0.578739496400
0.673076306556
-0.460465938871
0.542137492952
0.648030429047
-0.534923828003
0.616570058206
0.605945105273
-0.502664791606
-0.040980656984
0.576817984208
0.815844102049
-0.084434712531
0.632602639393
0.769860169091
-0.126379274126
0.682820172255
0.719572714486
-0.167537149976
0.728459658502
0.664287459849
-0.207787182710
0.769378707027
0.604053716050
-0.246730504391
0.805239882871
0.539177882740
0.264114857240
0.823494096262
0.502096420627
0.215354667950
0.796638916991
0.564790937364
0.164891659281
0.764650627221
0.622992904446
0.113258894924
0.727862810874
0.676304776907
0.060842303904
0.686416731776
0.724658736506
0.008032634856
0.639438573890
0.768800225676
-0.033594076151
0.692889605069
0.720260670337
-0.075207810612
0.740769001114
0.667536569943
-0.116198029558
0.783892062101
0.609927252139
-0.156100529899
0.822094818195
0.547533318129
-0.194415677173
0.855074816642
0.480676192892
0.174085825464
0.847685699651
0.501121821495
0.124087147018
0.817825136015
0.561929200921
0.072376913861
0.782523383130
0.618400143269
0.019564907396
0.741413597411
0.670763066941
-0.022149622716
0.788996056031
0.613998874414
-0.063269572577
0.830678301210
0.553146021485
-0.103185179615
0.866816319174
0.487834282848
0.131625574479
0.891393887407
0.433695337347
0.082224280864
0.863479291665
0.497637097193
0.030703438703
0.829504730781
0.557655090951
-0.010619865816
0.869886535314
0.493137540783
-0.050717322987
0.904083629474
0.424335414579
0.040511139595
0.902196723174
0.429418118229
-0.046069781412
-0.573672732338
0.817787974607
-0.100764440323
-0.622510312591
0.776097570080
-0.153573422772
-0.666013264097
0.729959954973
-0.205420686989
-0.705046345014
0.678757683374
-0.256203820400
-0.739455579314
0.622547226027
-0.305619889534
-0.768844241276
0.561671626288
-0.496788487684
-0.353229966946
0.792735636234
-0.428647205759
-0.398623870220
0.810777764302
-0.358073224907
-0.441440553870
0.822747715283
-0.285699918413
-0.481292704120
0.828693483490
-0.211794738860
-0.517917772755
0.828796820249
-0.135398780978
-0.550793083850
0.823586151469
-0.190047990117
-0.596195768565
0.780020747799
-0.242285934247
-0.637509041931
0.731354734395
-0.293311208080
-0.674430097919
0.677578466479
-0.343084303273
-0.706532490905
0.618954764213
-0.391354213460
-0.733360107522
0.555900020059
-0.489026704707
-0.437859617639
0.754408269655
-0.419014870215
-0.482169630006
0.769375712145
-0.346240340197
-0.523803691845
0.778297706041
-0.270480555575
-0.562155643012
0.781550575513
-0.324467170779
-0.602153535932
0.729473902378
-0.375908478642
-0.637456831057
0.672563457396
-0.425466017720
-0.667635807302
0.610934609082
-0.544979674329
-0.473228846677
0.692135545425
-0.475159572788
-0.518997125328
0.710538784508
-0.401743762986
-0.562237661798
0.722835223656
-0.453902500840
-0.595922800247
0.662456440739
-0.503578798579
-0.624199845362
0.597313106060
-0.527702052799
-0.551021657418
0.646456244867
0.887241322358
-0.003145251869
0.461294855045
0.922808131588
-0.010092326803
0.385127637562
0.951252824141
-0.016806908158
0.307953880315
0.973251799901
-0.023413313488
0.228544854986
0.988677077791
-0.029923127713
0.147045034863
0.997285610049
-0.036395641595
0.064006009577
0.835652949603
-0.470264129316
0.283788295209
0.860341638693
-0.398015046771
0.318427836841
0.879157479456
-0.323210073351
0.350167638142
0.892006848728
-0.246570106754
0.378849527223
0.898850863599
-0.168498959021
0.404567949565
0.899234565294
-0.088645490040
0.428391379088
0.931070941336
-0.096693836504
0.351791421415
0.956303487368
-0.103259959183
0.273534313894
0.975052791911
-0.109461964182
0.193106528589
0.987093054542
-0.115562327290
0.110872224593
0.992185902791
-0.121714709120
0.027434720450
0.882557569106
-0.409826082012
0.230509695493
0.904253996711
-0.335655506009
0.263931981234
0.919909090699
-0.258719691285
0.294671658276
0.929151844758
-0.179257954399
0.323331772592
0.952155264869
-0.186842520099
0.241847522761
0.968157246433
-0.193221470154
0.159176033531
0.977072248706
-0.199180511872
0.075212661829
0.897325932859
-0.418165040730
0.141223825644
0.921979269707
-0.344482166337
0.176879233677
0.940423085247
-0.267267068984
0.210173106204
0.953603479654
-0.273963735067
0.124836995559
0.959259242582
-0.279883784112
0.038558694373
0.932082909835
-0.351175065755
0.088868005407
0.046069781412
0.573672732338
0.817787974607
0.100764440323
0.622510312591
0.776097570080
0.153573422772
0.666013264097
0.729959954973
0.205420686989
0.705046345014
0.678757683374
0.256203820400
0.739455579314
0.622547226027
0.305619889534
0.768844241276
0.561671626288
0.496788487684
0.353229966946
0.792735636234
0.428647205759
0.398623870220
0.810777764302
0.358073224907
0.441440553870
0.822747715283
0.285699918413
0.481292704120
0.828693483490
0.211794738860
0.517917772755
0.828796820249
0.135398780978
0.550793083850
0.823586151469
0.190047990117
0.596195768565
0.780020747799
0.242285934247
0.637509041931
0.731354734395
0.293311208080
0.674430097919
0.677578466479
0.343084303273
0.706532490905
0.618954764213
0.391354213460
0.733360107522
0.555900020059
0.489026704707
0.437859617639
0.754408269655
0.419014870215
0.482169630006
0.769375712145
0.346240340197
0.523803691845
0.778297706041
0.270480555575
0.562155643012
0.781550575513
0.324467170779
0.602153535932
0.729473902378
0.375908478642
0.637456831057
0.672563457396
0.425466017720
0.667635807302
0.610934609082
0.544979674329
0.473228846677
0.692135545425
0.475159572788
0.518997125328
0.710538784508
0.401743762986
0.562237661798
0.722835223656
0.453902500840
0.595922800247
0.662456440739
0.503578798579
0.624199845362
0.597313106060
0.527702052799
0.551021657418
0.646456244867
-0.069453347751
-0.502275512029
0.861913883461
-0.146710561508
-0.469562350093
0.870624609414
-0.221292869168
-0.434333154442
0.873146137258
-0.294494116527
-0.396082004962
0.869708146838
-0.366129851765
-0.354832217573
0.860257536450
-0.435613983761
-0.310736513968
0.844797772274
-0.042917313369
-0.019673437970
0.998884908311
-0.049563874391
-0.103073168891
0.993438143122
-0.056409764172
-0.185275978860
0.981066129353
-0.063313365238
-0.265590632299
0.962004695320
-0.070054043350
-0.343725645661
0.936453475366
-0.075648413824
-0.420358744232
0.904199006654
-0.151050193537
-0.385385497566
0.910308660455
-0.224948752973
-0.348742124506
0.909822504190
-0.297474325432
-0.309304558147
0.903238460219
-0.368138290329
-0.266972754493
0.890617621402
-0.436285882732
-0.221850397624
0.872030406352
-0.128149299451
-0.056423870029
0.990148526203
-0.134878284566
-0.139844834216
0.980944071135
-0.141611384658
-0.222294744415
0.964640483466
-0.147601269245
-0.303766865195
0.941243622516
-0.222681362491
-0.263997145477
0.938466045193
-0.295593789037
-0.222445606108
0.929054500127
-0.366137639624
-0.178397841444
0.913300300568
-0.205190387434
-0.009598251164
0.978675011676
-0.211440485199
-0.094654952814
0.972796669981
-0.217587861591
-0.179469667501
0.959398853937
-0.291147038914
-0.135456861376
0.947040041623
-0.361946136522
-0.089276017359
0.927914213158
-0.285626664968
-0.048356865812
0.957120171028
0.069453347751
0.502275512029
0.861913883461
0.146710561508
0.469562350093
0.870624609414
0.221292869168
0.434333154442
0.873146137258
0.294494116527
0.396082004962
0.869708146838
0.366129851765
0.354832217573
0.860257536450
0.435613983761
0.310736513968
0.844797772274
0.042917313369
0.019673437970
0.998884908311
0.049563874391
0.103073168891
0.993438143122
0.056409764172
0.185275978860
0.981066129353
0.063313365238
0.265590632299
0.962004695320
0.070054043350
0.343725645661
0.936453475366
0.075648413824
0.420358744232
0.904199006654
0.151050193537
0.385385497566
0.910308660455
0.224948752973
0.348742124506
0.909822504190
0.297474325432
0.309304558147
0.903238460219
0.368138290329
0.266972754493
0.890617621402
0.436285882732
0.221850397624
0.872030406352
0.128149299451
0.056423870029
0.990148526203
0.134878284566
0.139844834216
0.980944071135
0.141611384658
0.222294744415
0.964640483466
0.147601269245
0.303766865195
0.941243622516
0.222681362491
0.263997145477
0.938466045193
0.295593789037
0.222445606108
0.929054500127
0.366137639624
0.178397841444
0.913300300568
0.205190387434
0.009598251164
0.978675011676
0.211440485199
0.094654952814
0.972796669981
0.217587861591
0.179469667501
0.959398853937
0.291147038914
0.135456861376
0.947040041623
0.361946136522
0.089276017359
0.927914213158
0.285626664968
0.048356865812
0.957120171028
-0.461294855045
0.887241322358
0.003145251869
-0.385127637562
0.922808131588
0.010092326803
-0.307953880315
0.951252824141
0.016806908158
-0.228544854986
0.973251799901
0.023413313488
-0.147045034863
0.988677077791
0.029923127713
-0.064006009577
0.997285610049
0.036395641595
-0.283788295209
0.835652949603
0.470264129316
-0.318427836841
0.860341638693
0.398015046771
-0.350167638142
0.879157479456
0.323210073351
-0.378849527223
0.892006848728
0.246570106754
-0.404567949565
0.898850863599
0.168498959021
-0.428391379088
0.899234565294
0.088645490040
-0.351791421415
0.931070941336
0.096693836504
-0.273534313894
0.956303487368
0.103259959183
-0.193106528589
0.975052791911
0.109461964182
-0.110872224593
0.987093054542
0.115562327290
-0.027434720450
0.992185902791
0.121714709120
-0.230509695493
0.882557569106
0.409826082012
-0.263931981234
0.904253996711
0.335655506009
-0.294671658276
0.919909090699
0.258719691285
-0.323331772592
0.929151844758
0.179257954399
-0.241847522761
0.952155264869
0.186842520099
-0.159176033531
0.968157246433
0.193221470154
-0.075212661829
0.977072248706
0.199180511872
-0.141223825644
0.897325932859
0.418165040730
-0.176879233677
0.921979269707
0.344482166337
-0.210173106204
0.940423085247
0.267267068984
-0.124836995559
0.953603479654
0.273963735067
-0.038558694373
0.959259242582
0.279883784112
-0.088868005407
0.932082909835
0.351175065755
-0.815844102049
-0.040980656984
-0.576817984208
-0.769860169091
-0.084434712531
-0.632602639393
-0.719572714486
-0.126379274126
-0.682820172255
-0.664287459849
-0.167537149976
-0.728459658502
-0.604053716050
-0.207787182710
-0.769378707027
-0.539177882740
-0.246730504391
-0.805239882871
-0.502096420627
0.264114857240
-0.823494096262
-0.564790937364
0.215354667950
-0.796638916991
-0.622992904446
0.164891659281
-0.764650627221
-0.676304776907
0.113258894924
-0.727862810874
-0.724658736506
0.060842303904
-0.686416731776
-0.768800225676
0.008032634856
-0.639438573890
-0.720260670337
-0.033594076151
-0.692889605069
-0.667536569943
-0.075207810612
-0.740769001114
-0.609927252139
-0.116198029558
-0.783892062101
-0.547533318129
-0.156100529899
-0.822094818195
-0.480676192892
-0.194415677173
-0.855074816642
-0.501121821495
0.174085825464
-0.847685699651
-0.561929200921
0.124087147018
-0.817825136015
-0.618400143269
0.072376913861
-0.782523383130
-0.670763066941
0.019564907396
-0.741413597411
-0.613998874414
-0.022149622716
-0.788996056031
-0.553146021485
-0.063269572577
-0.830678301210
-0.487834282848
-0.103185179615
-0.866816319174
-0.433695337347
0.131625574479
-0.891393887407
-0.497637097193
0.082224280864
-0.863479291665
-0.557655090951
0.030703438703
-0.829504730781
-0.493137540783
-0.010619865816
-0.869886535314
-0.424335414579
-0.050717322987
-0.904083629474
-0.429418118229
0.040511139595
-0.902196723174
-0.817787974607
-0.046069781412
0.573672732338
-0.776097570080
-0.100764440323
0.622510312591
-0.729959954973
-0.153573422772
0.666013264097
-0.678757683374
-0.205420686989
0.705046345014
-0.622547226027
-0.256203820400
0.739455579314
-0.561671626288
-0.305619889534
0.768844241276
-0.792735636234
-0.496788487684
0.353229966946
-0.810777764302
-0.428647205759
0.398623870220
-0.822747715283
-0.358073224907
0.441440553870
-0.828693483490
-0.285699918413
0.481292704120
-0.828796820249
-0.211794738860
0.517917772755
-0.823586151469
-0.135398780978
0.550793083850
-0.780020747799
-0.190047990117
0.596195768565
-0.731354734395
-0.242285934247
0.637509041931
-0.677578466479
-0.293311208080
0.674430097919
-0.618954764213
-0.343084303273
0.706532490905
-0.555900020059
-0.391354213460
0.733360107522
-0.754408269655
-0.489026704707
0.437859617639
-0.769375712145
-0.419014870215
0.482169630006
-0.778297706041
-0.346240340197
0.523803691845
-0.781550575513
-0.270480555575
0.562155643012
-0.729473902378
-0.324467170779
0.602153535932
-0.672563457396
-0.375908478642
0.637456831057
-0.610934609082
-0.425466017720
0.667635807302
-0.692135545425
-0.544979674329
0.473228846677
-0.710538784508
-0.475159572788
0.518997125328
-0.722835223656
-0.401743762986
0.562237661798
-0.662456440739
-0.453902500840
0.595922800247
-0.597313106060
-0.503578798579
0.624199845362
-0.646456244867
-0.527702052799
0.551021657418
-0.507364636457
0.858768631591
0.071397220310
-0.485892077885
0.860532282611
0.152947962497
-0.461527303087
0.856339229100
0.231680109655
-0.433965541975
0.846294833350
0.308964340052
-0.403248855263
0.830334408737
0.384623361741
-0.369625899111
0.808402130679
0.458107727309
-0.780576782893
0.528620778995
0.333556528976
-0.747075042599
0.595423096352
0.295550701329
-0.708240863049
0.657856056002
0.256164575010
-0.664549445636
0.715434588566
0.215702071821
-0.616362688426
0.767954516345
0.174192127094
-0.563790160066
0.815553516614
0.130434339618
-0.541839411533
0.813614823950
0.210810270999
-0.515820248141
0.806562545007
0.288766917425
-0.486417736669
0.793776496036
0.365125539772
-0.453956527867
0.775055294112
0.439559736413
-0.418788933910
0.750315697233
0.511509709899
-0.719536400200
0.580322444190
0.381435747611
-0.682946851449
0.645288565127
0.342324795790
-0.640911998473
0.705920792181
0.301508947430
-0.593812328167
0.761985668117
0.258388777817
-0.566314693540
0.751623525094
0.338156390455
-0.535084512173
0.735833029973
0.415011224948
-0.500678679549
0.714119788697
0.489237965858
-0.686203499973
0.560509970946
0.463630595512
-0.652038806465
0.628314503644
0.424342172514
-0.611916869191
0.692131784953
0.382767994296
-0.578739496400
0.673076306556
0.460465938871
-0.542137492952
0.648030429047
0.534923828003
-0.616570058206
0.605945105273
0.502664791606
-0.817787974607
0.046069781412
-0.573672732338
-0.776097570080
0.100764440323
-0.622510312591
-0.729959954973
0.153573422772
-0.666013264097
-0.678757683374
0.205420686989
-0.705046345014
-0.622547226027
0.256203820400
-0.739455579314
-0.561671626288
0.305619889534
-0.768844241276
-0.792735636234
0.496788487684
-0.353229966946
-0.810777764302
0.428647205759
-0.398623870220
-0.822747715283
0.358073224907
-0.441440553870
-0.828693483490
0.285699918413
-0.481292704120
-0.828796820249
0.211794738860
-0.517917772755
-0.823586151469
0.135398780978
-0.550793083850
-0.780020747799
0.190047990117
-0.596195768565
-0.731354734395
0.242285934247
-0.637509041931
-0.677578466479
0.293311208080
-0.674430097919
-0.618954764213
0.343084303273
-0.706532490905
-0.555900020059
0.391354213460
-0.733360107522
-0.754408269655
0.489026704707
-0.437859617639
-0.769375712145
0.419014870215
-0.482169630006
-0.778297706041
0.346240340197
-0.523803691845
-0.781550575513
0.270480555575
-0.562155643012
-0.729473902378
0.324467170779
-0.602153535932
-0.672563457396
0.375908478642
-0.637456831057
-0.610934609082
0.425466017720
-0.667635807302
-0.692135545425
0.544979674329
-0.473228846677
-0.710538784508
0.475159572788
-0.518997125328
-0.722835223656
0.401743762986
-0.562237661798
-0.662456440739
0.453902500840
-0.595922800247
-0.597313106060
0.503578798579
-0.624199845362
-0.646456244867
0.527702052799
-0.551021657418
-0.461294855045
-0.887241322358
-0.003145251869
-0.385127637562
-0.922808131588
-0.010092326803
-0.307953880315
-0.951252824141
-0.016806908158
-0.228544854986
-0.973251799901
-0.023413313488
-0.147045034863
-0.988677077791
-0.029923127713
-0.064006009577
-0.997285610049
-0.036395641595
-0.283788295209
-0.835652949603
-0.470264129316
-0.318427836841
-0.860341638693
-0.398015046771
-0.350167638142
-0.879157479456
-0.323210073351
-0.378849527223
-0.892006848728
-0.246570106754
-0.404567949565
-0.898850863599
-0.168498959021
-0.428391379088
-0.899234565294
-0.088645490040
-0.351791421415
-0.931070941336
-0.096693836504
-0.273534313894
-0.956303487368
-0.103259959183
-0.193106528589
-0.975052791911
-0.109461964182
-0.110872224593
-0.987093054542
-0.115562327290
-0.027434720450
-0.992185902791
-0.121714709120
-0.230509695493
-0.882557569106
-0.409826082012
-0.263931981234
-0.904253996711
-0.335655506009
-0.294671658276
-0.919909090699
-0.258719691285
-0.323331772592
-0.929151844758
-0.179257954399
-0.241847522761
-0.952155264869
-0.186842520099
-0.159176033531
-0.968157246433
-0.193221470154
-0.075212661829
-0.977072248706
-0.199180511872
-0.141223825644
-0.897325932859
-0.418165040730
-0.176879233677
-0.921979269707
-0.344482166337
-0.210173106204
-0.940423085247
-0.267267068984
-0.124836995559
-0.953603479654
-0.273963735067
-0.038558694373
-0.959259242582
-0.279883784112
-0.088868005407
-0.932082909835
-0.351175065755
0.815844102049
-0.040980656984
0.576817984208
0.769860169091
-0.084434712531
0.632602639393
0.719572714486
-0.126379274126
0.682820172255
0.664287459849
-0.167537149976
0.728459658502
0.604053716050
-0.207787182710
0.769378707027
0.539177882740
-0.246730504391
0.805239882871
0.502096420627
0.264114857240
0.823494096262
0.564790937364
0.215354667950
0.796638916991
0.622992904446
0.164891659281
0.764650627221
0.676304776907
0.113258894924
0.727862810874
0.724658736506
0.060842303904
0.686416731776
0.768800225676
0.008032634856
0.639438573890
0.720260670337
-0.033594076151
0.692889605069
0.667536569943
-0.075207810612
0.740769001114
0.609927252139
-0.116198029558
0.783892062101
0.547533318129
-0.156100529899
0.822094818195
0.480676192892
-0.194415677173
0.855074816642
0.501121821495
0.174085825464
0.847685699651
0.561929200921
0.124087147018
0.817825136015
0.618400143269
0.072376913861
0.782523383130
0.670763066941
0.019564907396
0.741413597411
0.613998874414
-0.022149622716
0.788996056031
0.553146021485
-0.063269572577
0.830678301210
0.487834282848
-0.103185179615
0.866816319174
0.433695337347
0.131625574479
0.891393887407
0.497637097193
0.082224280864
0.863479291665
0.557655090951
0.030703438703
0.829504730781
0.493137540783
-0.010619865816
0.869886535314
0.424335414579
-0.050717322987
0.904083629474
0.429418118229
0.040511139595
0.902196723174
0.817787974607
-0.046069781412
-0.573672732338
0.776097570080
-0.100764440323
-0.622510312591
0.729959954973
-0.153573422772
-0.666013264097
0.678757683374
-0.205420686989
-0.705046345014
0.622547226027
-0.256203820400
-0.739455579314
0.561671626288
-0.305619889534
-0.768844241276
0.792735636234
-0.496788487684
-0.353229966946
0.810777764302
-0.428647205759
-0.398623870220
0.822747715283
-0.358073224907
-0.441440553870
0.828693483490
-0.285699918413
-0.481292704120
0.828796820249
-0.211794738860
-0.517917772755
0.823586151469
-0.135398780978
-0.550793083850
0.780020747799
-0.190047990117
-0.596195768565
0.731354734395
-0.242285934247
-0.637509041931
0.677578466479
-0.293311208080
-0.674430097919
0.618954764213
-0.343084303273
-0.706532490905
0.555900020059
-0.391354213460
-0.733360107522
0.754408269655
-0.489026704707
-0.437859617639
0.769375712145
-0.419014870215
-0.482169630006
0.778297706041
-0.346240340197
-0.523803691845
0.781550575513
-0.270480555575
-0.562155643012
0.729473902378
-0.324467170779
-0.602153535932
0.672563457396
-0.375908478642
-0.637456831057
0.610934609082
-0.425466017720
-0.667635807302
0.692135545425
-0.544979674329
-0.473228846677
0.710538784508
-0.475159572788
-0.518997125328
0.722835223656
-0.401743762986
-0.562237661798
0.662456440739
-0.453902500840
-0.595922800247
0.597313106060
-0.503578798579
-0.624199845362
0.646456244867
-0.527702052799
-0.551021657418
0.461294855045
0.887241322358
-0.003145251869
0.385127637562
0.922808131588
-0.010092326803
0.307953880315
0.951252824141
-0.016806908158
0.228544854986
0.973251799901
-0.023413313488
0.147045034863
0.988677077791
-0.029923127713
0.064006009577
0.997285610049
-0.036395641595
0.283788295209
0.835652949603
-0.470264129316
0.318427836841
0.860341638693
-0.398015046771
0.350167638142
0.879157479456
-0.323210073351
0.378849527223
0.892006848728
-0.246570106754
0.404567949565
0.898850863599
-0.168498959021
0.428391379088
0.899234565294
-0.088645490040
0.351791421415
0.931070941336
-0.096693836504
0.273534313894
0.956303487368
-0.103259959183
0.193106528589
0.975052791911
-0.109461964182
0.110872224593
0.987093054542
-0.115562327290
0.027434720450
0.992185902791
-0.121714709120
0.230509695493
0.882557569106
-0.409826082012
0.263931981234
0.904253996711
-0.335655506009
0.294671658276
0.919909090699
-0.258719691285
0.323331772592
0.929151844758
-0.179257954399
0.241847522761
0.952155264869
-0.186842520099
0.159176033531
0.968157246433
-0.193221470154
0.075212661829
0.977072248706
-0.199180511872
0.141223825644
0.897325932859
-0.418165040730
0.176879233677
0.921979269707
-0.344482166337
0.210173106204
0.940423085247
-0.267267068984
0.124836995559
0.953603479654
-0.273963735067
0.038558694373
0.959259242582
-0.279883784112
0.088868005407
0.932082909835
-0.351175065755
0.817787974607
0.046069781412
0.573672732338
0.776097570080
0.100764440323
0.622510312591
0.729959954973
0.153573422772
0.666013264097
0.678757683374
0.205420686989
0.705046345014
0.622547226027
0.256203820400
0.739455579314
0.561671626288
0.305619889534
0.768844241276
0.792735636234
0.496788487684
0.353229966946
0.810777764302
0.428647205759
0.398623870220
0.822747715283
0.358073224907
0.441440553870
0.828693483490
0.285699918413
0.481292704120
0.828796820249
0.211794738860
0.517917772755
0.823586151469
0.135398780978
0.550793083850
0.780020747799
0.190047990117
0.596195768565
0.731354734395
0.242285934247
0.637509041931
0.677578466479
0.293311208080
0.674430097919
0.618954764213
0.343084303273
0.706532490905
0.555900020059
0.391354213460
0.733360107522
0.754408269655
0.489026704707
0.437859617639
0.769375712145
0.419014870215
0.482169630006
0.778297706041
0.346240340197
0.523803691845
0.781550575513
0.270480555575
0.562155643012
0.729473902378
0.324467170779
0.602153535932
0.672563457396
0.375908478642
0.637456831057
0.610934609082
0.425466017720
0.667635807302
0.692135545425
0.544979674329
0.473228846677
0.710538784508
0.475159572788
0.518997125328
0.722835223656
0.401743762986
0.562237661798
0.662456440739
0.453902500840
0.595922800247
0.597313106060
0.503578798579
0.624199845362
0.646456244867
0.527702052799
0.551021657418
0.861913883461
-0.069453347751
-0.502275512029
0.870624609414
-0.146710561508
-0.469562350093
0.873146137258
-0.221292869168
-0.434333154442
0.869708146838
-0.294494116527
-0.396082004962
0.860257536450
-0.366129851765
-0.354832217573
0.844797772274
-0.435613983761
-0.310736513968
0.998884908311
-0.042917313369
-0.019673437970
0.993438143122
-0.049563874391
-0.103073168891
0.981066129353
-0.056409764172
-0.185275978860
0.962004695320
-0.063313365238
-0.265590632299
0.936453475366
-0.070054043350
-0.343725645661
0.904199006654
-0.075648413824
-0.420358744232
0.910308660455
-0.151050193537
-0.385385497566
0.909822504190
-0.224948752973
-0.348742124506
0.903238460219
-0.297474325432
-0.309304558147
0.890617621402
-0.368138290329
-0.266972754493
0.872030406352
-0.436285882732
-0.221850397624
0.990148526203
-0.128149299451
-0.056423870029
0.980944071135
-0.134878284566
-0.139844834216
0.964640483466
-0.141611384658
-0.222294744415
0.941243622516
-0.147601269245
-0.303766865195
0.938466045193
-0.222681362491
-0.263997145477
0.929054500127
-0.295593789037
-0.222445606108
0.913300300568
-0.366137639624
-0.178397841444
0.978675011676
-0.205190387434
-0.009598251164
0.972796669981
-0.211440485199
-0.094654952814
0.959398853937
-0.217587861591
-0.179469667501
0.947040041623
-0.291147038914
-0.135456861376
0.927914213158
-0.361946136522
-0.089276017359
0.957120171028
-0.285626664968
-0.048356865812
-0.069453347751
0.502275512029
-0.861913883461
-0.146710561508
0.469562350093
-0.870624609414
-0.221292869168
0.434333154442
-0.873146137258
-0.294494116527
0.396082004962
-0.869708146838
-0.366129851765
0.354832217573
-0.860257536450
-0.435613983761
0.310736513968
-0.844797772274
-0.042917313369
0.019673437970
-0.998884908311
-0.049563874391
0.103073168891
-0.993438143122
-0.056409764172
0.185275978860
-0.981066129353
-0.063313365238
0.265590632299
-0.962004695320
-0.070054043350
0.343725645661
-0.936453475366
-0.075648413824
0.420358744232
-0.904199006654
-0.151050193537
0.385385497566
-0.910308660455
-0.224948752973
0.348742124506
-0.909822504190
-0.297474325432
0.309304558147
-0.903238460219
-0.368138290329
0.266972754493
-0.890617621402
-0.436285882732
0.221850397624
-0.872030406352
-0.128149299451
0.056423870029
-0.990148526203
-0.134878284566
0.139844834216
-0.980944071135
-0.141611384658
0.222294744415
-0.964640483466
-0.147601269245
0.303766865195
-0.941243622516
-0.222681362491
0.263997145477
-0.938466045193
-0.295593789037
0.222445606108
-0.929054500127
-0.366137639624
0.178397841444
-0.913300300568
-0.205190387434
0.009598251164
-0.978675011676
-0.211440485199
0.094654952814
-0.972796669981
-0.217587861591
0.179469667501
-0.959398853937
-0.291147038914
0.135456861376
-0.947040041623
-0.361946136522
0.089276017359
-0.927914213158
-0.285626664968
0.048356865812
-0.957120171028
0.461294855045
-0.887241322358
0.003145251869
0.385127637562
-0.922808131588
0.010092326803
0.307953880315
-0.951252824141
0.016806908158
0.228544854986
-0.973251799901
0.023413313488
0.147045034863
-0.988677077791
0.029923127713
0.064006009577
-0.997285610049
0.036395641595
0.283788295209
-0.835652949603
0.470264129316
0.318427836841
-0.860341638693
0.398015046771
0.350167638142
-0.879157479456
0.323210073351
0.378849527223
-0.892006848728
0.246570106754
0.404567949565
-0.898850863599
0.168498959021
0.428391379088
-0.899234565294
0.088645490040
0.351791421415
-0.931070941336
0.096693836504
0.273534313894
-0.956303487368
0.103259959183
0.193106528589
-0.975052791911
0.109461964182
0.110872224593
-0.987093054542
0.115562327290
0.027434720450
-0.992185902791
0.121714709120
0.230509695493
-0.882557569106
0.409826082012
0.263931981234
-0.904253996711
0.335655506009
0.294671658276
-0.919909090699
0.258719691285
0.323331772592
-0.929151844758
0.179257954399
0.241847522761
-0.952155264869
0.186842520099
0.159176033531
-0.968157246433
0.193221470154
0.075212661829
-0.977072248706
0.199180511872
0.141223825644
-0.897325932859
0.418165040730
0.176879233677
-0.921979269707
0.344482166337
0.210173106204
-0.940423085247
0.267267068984
0.124836995559
-0.953603479654
0.273963735067
0.038558694373
-0.959259242582
0.279883784112
0.088868005407
-0.932082909835
0.351175065755
-0.887241322358
0.003145251869
0.461294855045
-0.922808131588
0.010092326803
0.385127637562
-0.951252824141
0.016806908158
0.307953880315
-0.973251799901
0.023413313488
0.228544854986
-0.988677077791
0.029923127713
0.147045034863
-0.997285610049
0.036395641595
0.064006009577
-0.835652949603
0.470264129316
0.283788295209
-0.860341638693
0.398015046771
0.318427836841
-0.879157479456
0.323210073351
0.350167638142
-0.892006848728
0.246570106754
0.378849527223
-0.898850863599
0.168498959021
0.404567949565
-0.899234565294
0.088645490040
0.428391379088
-0.931070941336
0.096693836504
0.351791421415
-0.956303487368
0.103259959183
0.273534313894
-0.975052791911
0.109461964182
0.193106528589
-0.987093054542
0.115562327290
0.110872224593
-0.992185902791
0.121714709120
0.027434720450
-0.882557569106
0.409826082012
0.230509695493
-0.904253996711
0.335655506009
0.263931981234
-0.919909090699
0.258719691285
0.294671658276
-0.929151844758
0.179257954399
0.323331772592
-0.952155264869
0.186842520099
0.241847522761
-0.968157246433
0.193221470154
0.159176033531
-0.977072248706
0.199180511872
0.075212661829
-0.897325932859
0.418165040730
0.141223825644
-0.921979269707
0.344482166337
0.176879233677
-0.940423085247
0.267267068984
0.210173106204
-0.953603479654
0.273963735067
0.124836995559
-0.959259242582
0.279883784112
0.038558694373
-0.932082909835
0.351175065755
0.088868005407
0.040980656984
-0.576817984208
0.815844102049
0.084434712531
-0.632602639393
0.769860169091
0.126379274126
-0.682820172255
0.719572714486
0.167537149976
-0.728459658502
0.664287459849
0.207787182710
-0.769378707027
0.604053716050
0.246730504391
-0.805239882871
0.539177882740
-0.264114857240
-0.823494096262
0.502096420627
-0.215354667950
-0.796638916991
0.564790937364
-0.164891659281
-0.764650627221
0.622992904446
-0.113258894924
-0.727862810874
0.676304776907
-0.060842303904
-0.686416731776
0.724658736506
-0.008032634856
-0.639438573890
0.768800225676
0.033594076151
-0.692889605069
0.720260670337
0.075207810612
-0.740769001114
0.667536569943
0.116198029558
-0.783892062101
0.609927252139
0.156100529899
-0.822094818195
0.547533318129
0.194415677173
-0.855074816642
0.480676192892
-0.174085825464
-0.847685699651
0.501121821495
-0.124087147018
-0.817825136015
0.561929200921
-0.072376913861
-0.782523383130
0.618400143269
-0.019564907396
-0.741413597411
0.670763066941
0.022149622716
-0.788996056031
0.613998874414
0.063269572577
-0.830678301210
0.553146021485
0.103185179615
-0.866816319174
0.487834282848
-0.131625574479
-0.891393887407
0.433695337347
-0.082224280864
-0.863479291665
0.497637097193
-0.030703438703
-0.829504730781
0.557655090951
0.010619865816
-0.869886535314
0.493137540783
0.050717322987
-0.904083629474
0.424335414579
-0.040511139595
-0.902196723174
0.429418118229
-0.858768631591
0.071397220310
0.507364636457
-0.860532282611
0.152947962497
0.485892077885
-0.856339229100
0.231680109655
0.461527303087
-0.846294833350
0.308964340052
0.433965541975
-0.830334408737
0.384623361741
0.403248855263
-0.808402130679
0.458107727309
0.369625899111
-0.528620778995
0.333556528976
0.780576782893
-0.595423096352
0.295550701329
0.747075042599
-0.657856056002
0.256164575010
0.708240863049
-0.715434588566
0.215702071821
0.664549445636
-0.767954516345
0.174192127094
0.616362688426
-0.815553516614
0.130434339618
0.563790160066
-0.813614823950
0.210810270999
0.541839411533
-0.806562545007
0.288766917425
0.515820248141
-0.793776496036
0.365125539772
0.486417736669
-0.775055294112
0.439559736413
0.453956527867
-0.750315697233
0.511509709899
0.418788933910
-0.580322444190
0.381435747611
0.719536400200
-0.645288565127
0.342324795790
0.682946851449
-0.705920792181
0.301508947430
0.640911998473
-0.761985668117
0.258388777817
0.593812328167
-0.751623525094
0.338156390455
0.566314693540
-0.735833029973
0.415011224948
0.535084512173
-0.714119788697
0.489237965858
0.500678679549
-0.560509970946
0.463630595512
0.686203499973
-0.628314503644
0.424342172514
0.652038806465
-0.692131784953
0.382767994296
0.611916869191
-0.673076306556
0.460465938871
0.578739496400
-0.648030429047
0.534923828003
0.542137492952
-0.605945105273
0.502664791606
0.616570058206
-0.507364636457
-0.858768631591
-0.071397220310
-0.485892077885
-0.860532282611
-0.152947962497
-0.461527303087
-0.856339229100
-0.231680109655
-0.433965541975
-0.846294833350
-0.308964340052
-0.403248855263
-0.830334408737
-0.384623361741
-0.369625899111
-0.808402130679
-0.458107727309
-0.780576782893
-0.528620778995
-0.333556528976
-0.747075042599
-0.595423096352
-0.295550701329
-0.708240863049
-0.657856056002
-0.256164575010
-0.664549445636
-0.715434588566
-0.215702071821
-0.616362688426
-0.767954516345
-0.174192127094
-0.563790160066
-0.815553516614
-0.130434339618
-0.541839411533
-0.813614823950
-0.210810270999
-0.515820248141
-0.806562545007
-0.288766917425
-0.486417736669
-0.793776496036
-0.365125539772
-0.453956527867
-0.775055294112
-0.439559736413
-0.418788933910
-0.750315697233
-0.511509709899
-0.719536400200
-0.580322444190
-0.381435747611
-0.682946851449
-0.645288565127
-0.342324795790
-0.640911998473
-0.705920792181
-0.301508947430
-0.593812328167
-0.761985668117
-0.258388777817
-0.566314693540
-0.751623525094
-0.338156390455
-0.535084512173
-0.735833029973
-0.415011224948
-0.500678679549
-0.714119788697
-0.489237965858
-0.686203499973
-0.560509970946
-0.463630595512
-0.652038806465
-0.628314503644
-0.424342172514
-0.611916869191
-0.692131784953
-0.382767994296
-0.578739496400
-0.673076306556
-0.460465938871
-0.542137492952
-0.648030429047
-0.534923828003
-0.616570058206
-0.605945105273
-0.502664791606
0.071397220310
-0.507364636457
0.858768631591
0.152947962497
-0.485892077885
0.860532282611
0.231680109655
-0.461527303087
0.856339229100
0.308964340052
-0.433965541975
0.846294833350
0.384623361741
-0.403248855263
0.830334408737
0.458107727309
-0.369625899111
0.808402130679
0.333556528976
-0.780576782893
0.528620778995
0.295550701329
-0.747075042599
0.595423096352
0.256164575010
-0.708240863049
0.657856056002
0.215702071821
-0.664549445636
0.715434588566
0.174192127094
-0.616362688426
0.767954516345
0.130434339618
-0.563790160066
0.815553516614
0.210810270999
-0.541839411533
0.813614823950
0.288766917425
-0.515820248141
0.806562545007
0.365125539772
-0.486417736669
0.793776496036
0.439559736413
-0.453956527867
0.775055294112
0.511509709899
-0.418788933910
0.750315697233
0.381435747611
-0.719536400200
0.580322444190
0.342324795790
-0.682946851449
0.645288565127
0.301508947430
-0.640911998473
0.705920792181
0.258388777817
-0.593812328167
0.761985668117
0.338156390455
-0.566314693540
0.751623525094
0.415011224948
-0.535084512173
0.735833029973
0.489237965858
-0.500678679549
0.714119788697
0.463630595512
-0.686203499973
0.560509970946
0.424342172514
-0.652038806465
0.628314503644
0.382767994296
-0.611916869191
0.692131784953
0.460465938871
-0.578739496400
0.673076306556
0.534923828003
-0.542137492952
0.648030429047
0.502664791606
-0.616570058206
0.605945105273
-0.815844102049
0.040980656984
0.576817984208
-0.769860169091
0.084434712531
0.632602639393
-0.719572714486
0.126379274126
0.682820172255
-0.664287459849
0.167537149976
0.728459658502
-0.604053716050
0.207787182710
0.769378707027
-0.539177882740
0.246730504391
0.805239882871
-0.502096420627
-0.264114857240
0.823494096262
-0.564790937364
-0.215354667950
0.796638916991
-0.622992904446
-0.164891659281
0.764650627221
-0.676304776907
-0.113258894924
0.727862810874
-0.724658736506
-0.060842303904
0.686416731776
-0.768800225676
-0.008032634856
0.639438573890
-0.720260670337
0.033594076151
0.692889605069
-0.667536569943
0.075207810612
0.740769001114
-0.609927252139
0.116198029558
0.783892062101
-0.547533318129
0.156100529899
0.822094818195
-0.480676192892
0.194415677173
0.855074816642
-0.501121821495
-0.174085825464
0.847685699651
-0.561929200921
-0.124087147018
0.817825136015
-0.618400143269
-0.072376913861
0.782523383130
-0.670763066941
-0.019564907396
0.741413597411
-0.613998874414
0.022149622716
0.788996056031
-0.553146021485
0.063269572577
0.830678301210
-0.487834282848
0.103185179615
0.866816319174
-0.433695337347
-0.131625574479
0.891393887407
-0.497637097193
-0.082224280864
0.863479291665
-0.557655090951
-0.030703438703
0.829504730781
-0.493137540783
0.010619865816
0.869886535314
-0.424335414579
0.050717322987
0.904083629474
-0.429418118229
-0.040511139595
0.902196723174
0.502275512029
-0.861913883461
-0.069453347751
0.469562350093
-0.870624609414
-0.146710561508
0.434333154442
-0.873146137258
-0.221292869168
0.396082004962
-0.869708146838
-0.294494116527
0.354832217573
-0.860257536450
-0.366129851765
0.310736513968
-0.844797772274
-0.435613983761
0.019673437970
-0.998884908311
-0.042917313369
0.103073168891
-0.993438143122
-0.049563874391
0.185275978860
-0.981066129353
-0.056409764172
0.265590632299
-0.962004695320
-0.063313365238
0.343725645661
-0.936453475366
-0.070054043350
0.420358744232
-0.904199006654
-0.075648413824
0.385385497566
-0.910308660455
-0.151050193537
0.348742124506
-0.909822504190
-0.224948752973
0.309304558147
-0.903238460219
-0.297474325432
0.266972754493
-0.890617621402
-0.368138290329
0.221850397624
-0.872030406352
-0.436285882732
0.056423870029
-0.990148526203
-0.128149299451
0.139844834216
-0.980944071135
-0.134878284566
0.222294744415
-0.964640483466
-0.141611384658
0.303766865195
-0.941243622516
-0.147601269245
0.263997145477
-0.938466045193
-0.222681362491
0.222445606108
-0.929054500127
-0.295593789037
0.178397841444
-0.913300300568
-0.366137639624
0.009598251164
-0.978675011676
-0.205190387434
0.094654952814
-0.972796669981
-0.211440485199
0.179469667501
-0.959398853937
-0.217587861591
0.135456861376
-0.947040041623
-0.291147038914
0.089276017359
-0.927914213158
-0.361946136522
0.048356865812
-0.957120171028
-0.285626664968
0.861913883461
0.069453347751
0.502275512029
0.870624609414
0.146710561508
0.469562350093
0.873146137258
0.221292869168
0.434333154442
0.869708146838
0.294494116527
0.396082004962
0.860257536450
0.366129851765
0.354832217573
0.844797772274
0.435613983761
0.310736513968
0.998884908311
0.042917313369
0.019673437970
0.993438143122
0.049563874391
0.103073168891
0.981066129353
0.056409764172
0.185275978860
0.962004695320
0.063313365238
0.265590632299
0.936453475366
0.070054043350
0.343725645661
0.904199006654
0.075648413824
0.420358744232
0.910308660455
0.151050193537
0.385385497566
0.909822504190
0.224948752973
0.348742124506
0.903238460219
0.297474325432
0.309304558147
0.890617621402
0.368138290329
0.266972754493
0.872030406352
0.436285882732
0.221850397624
0.990148526203
0.128149299451
0.056423870029
0.980944071135
0.134878284566
0.139844834216
0.964640483466
0.141611384658
0.222294744415
0.941243622516
0.147601269245
0.303766865195
0.938466045193
0.222681362491
0.263997145477
0.929054500127
0.295593789037
0.222445606108
0.913300300568
0.366137639624
0.178397841444
0.978675011676
0.205190387434
0.009598251164
0.972796669981
0.211440485199
0.094654952814
0.959398853937
0.217587861591
0.179469667501
0.947040041623
0.291147038914
0.135456861376
0.927914213158
0.361946136522
0.089276017359
0.957120171028
0.285626664968
0.048356865812
0.003145251869
-0.461294855045
0.887241322358
0.010092326803
-0.385127637562
0.922808131588
0.016806908158
-0.307953880315
0.951252824141
0.023413313488
-0.228544854986
0.973251799901
0.029923127713
-0.147045034863
0.988677077791
0.036395641595
-0.064006009577
0.997285610049
0.470264129316
-0.283788295209
0.835652949603
0.398015046771
-0.318427836841
0.860341638693
0.323210073351
-0.350167638142
0.879157479456
0.246570106754
-0.378849527223
0.892006848728
0.168498959021
-0.404567949565
0.898850863599
0.088645490040
-0.428391379088
0.899234565294
0.096693836504
-0.351791421415
0.931070941336
0.103259959183
-0.273534313894
0.956303487368
0.109461964182
-0.193106528589
0.975052791911
0.115562327290
-0.110872224593
0.987093054542
0.121714709120
-0.027434720450
0.992185902791
0.409826082012
-0.230509695493
0.882557569106
0.335655506009
-0.263931981234
0.904253996711
0.258719691285
-0.294671658276
0.919909090699
0.179257954399
-0.323331772592
0.929151844758
0.186842520099
-0.241847522761
0.952155264869
0.193221470154
-0.159176033531
0.968157246433
0.199180511872
-0.075212661829
0.977072248706
0.418165040730
-0.141223825644
0.897325932859
0.344482166337
-0.176879233677
0.921979269707
0.267267068984
-0.210173106204
0.940423085247
0.273963735067
-0.124836995559
0.953603479654
0.279883784112
-0.038558694373
0.959259242582
0.351175065755
-0.088868005407
0.932082909835
0.815844102049
0.040980656984
-0.576817984208
0.769860169091
0.084434712531
-0.632602639393
0.719572714486
0.126379274126
-0.682820172255
0.664287459849
0.167537149976
-0.728459658502
0.604053716050
0.207787182710
-0.769378707027
0.539177882740
0.246730504391
-0.805239882871
0.502096420627
-0.264114857240
-0.823494096262
0.564790937364
-0.215354667950
-0.796638916991
0.622992904446
-0.164891659281
-0.764650627221
0.676304776907
-0.113258894924
-0.727862810874
0.724658736506
-0.060842303904
-0.686416731776
0.768800225676
-0.008032634856
-0.639438573890
0.720260670337
0.033594076151
-0.692889605069
0.667536569943
0.075207810612
-0.740769001114
0.609927252139
0.116198029558
-0.783892062101
0.547533318129
0.156100529899
-0.822094818195
0.480676192892
0.194415677173
-0.855074816642
0.501121821495
-0.174085825464
-0.847685699651
0.561929200921
-0.124087147018
-0.817825136015
0.618400143269
-0.072376913861
-0.782523383130
0.670763066941
-0.019564907396
-0.741413597411
0.613998874414
0.022149622716
-0.788996056031
0.553146021485
0.063269572577
-0.830678301210
0.487834282848
0.103185179615
-0.866816319174
0.433695337347
-0.131625574479
-0.891393887407
0.497637097193
-0.082224280864
-0.863479291665
0.557655090951
-0.030703438703
-0.829504730781
0.493137540783
0.010619865816
-0.869886535314
0.424335414579
0.050717322987
-0.904083629474
0.429418118229
-0.040511139595
-0.902196723174
-0.576817984208
-0.815844102049
-0.040980656984
-0.632602639393
-0.769860169091
-0.084434712531
-0.682820172255
-0.719572714486
-0.126379274126
-0.728459658502
-0.664287459849
-0.167537149976
-0.769378707027
-0.604053716050
-0.207787182710
-0.805239882871
-0.539177882740
-0.246730504391
-0.823494096262
-0.502096420627
0.264114857240
-0.796638916991
-0.564790937364
0.215354667950
-0.764650627221
-0.622992904446
0.164891659281
-0.727862810874
-0.676304776907
0.113258894924
-0.686416731776
-0.724658736506
0.060842303904
-0.639438573890
-0.768800225676
0.008032634856
-0.692889605069
-0.720260670337
-0.033594076151
-0.740769001114
-0.667536569943
-0.075207810612
-0.783892062101
-0.609927252139
-0.116198029558
-0.822094818195
-0.547533318129
-0.156100529899
-0.855074816642
-0.480676192892
-0.194415677173
-0.847685699651
-0.501121821495
0.174085825464
-0.817825136015
-0.561929200921
0.124087147018
-0.782523383130
-0.618400143269
0.072376913861
-0.741413597411
-0.670763066941
0.019564907396
-0.788996056031
-0.613998874414
-0.022149622716
-0.830678301210
-0.553146021485
-0.063269572577
-0.866816319174
-0.487834282848
-0.103185179615
-0.891393887407
-0.433695337347
0.131625574479
-0.863479291665
-0.497637097193
0.082224280864
-0.829504730781
-0.557655090951
0.030703438703
-0.869886535314
-0.493137540783
-0.010619865816
-0.904083629474
-0.424335414579
-0.050717322987
-0.902196723174
-0.429418118229
0.040511139595
0.507364636457
-0.858768631591
0.071397220310
0.485892077885
-0.860532282611
0.152947962497
0.461527303087
-0.856339229100
0.231680109655
0.433965541975
-0.846294833350
0.308964340052
0.403248855263
-0.830334408737
0.384623361741
0.369625899111
-0.808402130679
0.458107727309
0.780576782893
-0.528620778995
0.333556528976
0.747075042599
-0.595423096352
0.295550701329
0.708240863049
-0.657856056002
0.256164575010
0.664549445636
-0.715434588566
0.215702071821
0.616362688426
-0.767954516345
0.174192127094
0.563790160066
-0.815553516614
0.130434339618
0.541839411533
-0.813614823950
0.210810270999
0.515820248141
-0.806562545007
0.288766917425
0.486417736669
-0.793776496036
0.365125539772
0.453956527867
-0.775055294112
0.439559736413
0.418788933910
-0.750315697233
0.511509709899
0.719536400200
-0.580322444190
0.381435747611
0.682946851449
-0.645288565127
0.342324795790
0.640911998473
-0.705920792181
0.301508947430
0.593812328167
-0.761985668117
0.258388777817
0.566314693540
-0.751623525094
0.338156390455
0.535084512173
-0.735833029973
0.415011224948
0.500678679549
-0.714119788697
0.489237965858
0.686203499973
-0.560509970946
0.463630595512
0.652038806465
-0.628314503644
0.424342172514
0.611916869191
-0.692131784953
0.382767994296
0.578739496400
-0.673076306556
0.460465938871
0.542137492952
-0.648030429047
0.534923828003
0.616570058206
-0.605945105273
0.502664791606
-0.071397220310
-0.507364636457
-0.858768631591
-0.152947962497
-0.485892077885
-0.860532282611
-0.231680109655
-0.461527303087
-0.856339229100
-0.308964340052
-0.433965541975
-0.846294833350
-0.384623361741
-0.403248855263
-0.830334408737
-0.458107727309
-0.369625899111
-0.808402130679
-0.333556528976
-0.780576782893
-0.528620778995
-0.295550701329
-0.747075042599
-0.595423096352
-0.256164575010
-0.708240863049
-0.657856056002
-0.215702071821
-0.664549445636
-0.715434588566
-0.174192127094
-0.616362688426
-0.767954516345
-0.130434339618
-0.563790160066
-0.815553516614
-0.210810270999
-0.541839411533
-0.813614823950
-0.288766917425
-0.515820248141
-0.806562545007
-0.365125539772
-0.486417736669
-0.793776496036
-0.439559736413
-0.453956527867
-0.775055294112
-0.511509709899
-0.418788933910
-0.750315697233
-0.381435747611
-0.719536400200
-0.580322444190
-0.342324795790
-0.682946851449
-0.645288565127
-0.301508947430
-0.640911998473
-0.705920792181
-0.258388777817
-0.593812328167
-0.761985668117
-0.338156390455
-0.566314693540
-0.751623525094
-0.415011224948
-0.535084512173
-0.735833029973
-0.489237965858
-0.500678679549
-0.714119788697
-0.463630595512
-0.686203499973
-0.560509970946
-0.424342172514
-0.652038806465
-0.628314503644
-0.382767994296
-0.611916869191
-0.692131784953
-0.460465938871
-0.578739496400
-0.673076306556
-0.534923828003
-0.542137492952
-0.648030429047
-0.502664791606
-0.616570058206
-0.605945105273
0.071397220310
0.507364636457
-0.858768631591
0.152947962497
0.485892077885
-0.860532282611
0.231680109655
0.461527303087
-0.856339229100
0.308964340052
0.433965541975
-0.846294833350
0.384623361741
0.403248855263
-0.830334408737
0.458107727309
0.369625899111
-0.808402130679
0.333556528976
0.780576782893
-0.528620778995
0.295550701329
0.747075042599
-0.595423096352
0.256164575010
0.708240863049
-0.657856056002
0.215702071821
0.664549445636
-0.715434588566
0.174192127094
0.616362688426
-0.767954516345
0.130434339618
0.563790160066
-0.815553516614
0.210810270999
0.541839411533
-0.813614823950
0.288766917425
0.515820248141
-0.806562545007
0.365125539772
0.486417736669
-0.793776496036
0.439559736413
0.453956527867
-0.775055294112
0.511509709899
0.418788933910
-0.750315697233
0.381435747611
0.719536400200
-0.580322444190
0.342324795790
0.682946851449
-0.645288565127
0.301508947430
0.640911998473
-0.705920792181
0.258388777817
0.593812328167
-0.761985668117
0.338156390455
0.566314693540
-0.751623525094
0.415011224948
0.535084512173
-0.735833029973
0.489237965858
0.500678679549
-0.714119788697
0.463630595512
0.686203499973
-0.560509970946
0.424342172514
0.652038806465
-0.628314503644
0.382767994296
0.611916869191
-0.692131784953
0.460465938871
0.578739496400
-0.673076306556
0.534923828003
0.542137492952
-0.648030429047
0.502664791606
0.616570058206
-0.605945105273
-0.858768631591
-0.071397220310
-0.507364636457
-0.860532282611
-0.152947962497
-0.485892077885
-0.856339229100
-0.231680109655
-0.461527303087
-0.846294833350
-0.308964340052
-0.433965541975
-0.830334408737
-0.384623361741
-0.403248855263
-0.808402130679
-0.458107727309
-0.369625899111
-0.528620778995
-0.333556528976
-0.780576782893
-0.595423096352
-0.295550701329
-0.747075042599
-0.657856056002
-0.256164575010
-0.708240863049
-0.715434588566
-0.215702071821
-0.664549445636
-0.767954516345
-0.174192127094
-0.616362688426
-0.815553516614
-0.130434339618
-0.563790160066
-0.813614823950
-0.210810270999
-0.541839411533
-0.806562545007
-0.288766917425
-0.515820248141
-0.793776496036
-0.365125539772
-0.486417736669
-0.775055294112
-0.439559736413
-0.453956527867
-0.750315697233
-0.511509709899
-0.418788933910
-0.580322444190
-0.381435747611
-0.719536400200
-0.645288565127
-0.342324795790
-0.682946851449
-0.705920792181
-0.301508947430
-0.640911998473
-0.761985668117
-0.258388777817
-0.593812328167
-0.751623525094
-0.338156390455
-0.566314693540
-0.735833029973
-0.415011224948
-0.535084512173
-0.714119788697
-0.489237965858
-0.500678679549
-0.560509970946
-0.463630595512
-0.686203499973
-0.628314503644
-0.424342172514
-0.652038806465
-0.692131784953
-0.382767994296
-0.611916869191
-0.673076306556
-0.460465938871
-0.578739496400
-0.648030429047
-0.534923828003
-0.542137492952
-0.605945105273
-0.502664791606
-0.616570058206
-0.576817984208
0.815844102049
0.040980656984
-0.632602639393
0.769860169091
0.084434712531
-0.682820172255
0.719572714486
0.126379274126
-0.728459658502
0.664287459849
0.167537149976
-0.769378707027
0.604053716050
0.207787182710
-0.805239882871
0.539177882740
0.246730504391
-0.823494096262
0.502096420627
-0.264114857240
-0.796638916991
0.564790937364
-0.215354667950
-0.764650627221
0.622992904446
-0.164891659281
-0.727862810874
0.676304776907
-0.113258894924
-0.686416731776
0.724658736506
-0.060842303904
-0.639438573890
0.768800225676
-0.008032634856
-0.692889605069
0.720260670337
0.033594076151
-0.740769001114
0.667536569943
0.075207810612
-0.783892062101
0.609927252139
0.116198029558
-0.822094818195
0.547533318129
0.156100529899
-0.855074816642
0.480676192892
0.194415677173
-0.847685699651
0.501121821495
-0.174085825464
-0.817825136015
0.561929200921
-0.124087147018
-0.782523383130
0.618400143269
-0.072376913861
-0.741413597411
0.670763066941
-0.019564907396
-0.788996056031
0.613998874414
0.022149622716
-0.830678301210
0.553146021485
0.063269572577
-0.866816319174
0.487834282848
0.103185179615
-0.891393887407
0.433695337347
-0.131625574479
-0.863479291665
0.497637097193
-0.082224280864
-0.829504730781
0.557655090951
-0.030703438703
-0.869886535314
0.493137540783
0.010619865816
-0.904083629474
0.424335414579
0.050717322987
-0.902196723174
0.429418118229
-0.040511139595
0.040980656984
0.576817984208
-0.815844102049
0.084434712531
0.632602639393
-0.769860169091
0.126379274126
0.682820172255
-0.719572714486
0.167537149976
0.728459658502
-0.664287459849
0.207787182710
0.769378707027
-0.604053716050
0.246730504391
0.805239882871
-0.539177882740
-0.264114857240
0.823494096262
-0.502096420627
-0.215354667950
0.796638916991
-0.564790937364
-0.164891659281
0.764650627221
-0.622992904446
-0.113258894924
0.727862810874
-0.676304776907
-0.060842303904
0.686416731776
-0.724658736506
-0.008032634856
0.639438573890
-0.768800225676
0.033594076151
0.692889605069
-0.720260670337
0.075207810612
0.740769001114
-0.667536569943
0.116198029558
0.783892062101
-0.609927252139
0.156100529899
0.822094818195
-0.547533318129
0.194415677173
0.855074816642
-0.480676192892
-0.174085825464
0.847685699651
-0.501121821495
-0.124087147018
0.817825136015
-0.561929200921
-0.072376913861
0.782523383130
-0.618400143269
-0.019564907396
0.741413597411
-0.670763066941
0.022149622716
0.788996056031
-0.613998874414
0.063269572577
0.830678301210
-0.553146021485
0.103185179615
0.866816319174
-0.487834282848
-0.131625574479
0.891393887407
-0.433695337347
-0.082224280864
0.863479291665
-0.497637097193
-0.030703438703
0.829504730781
-0.557655090951
0.010619865816
0.869886535314
-0.493137540783
0.050717322987
0.904083629474
-0.424335414579
-0.040511139595
0.902196723174
-0.429418118229
0.046069781412
-0.573672732338
-0.817787974607
0.100764440323
-0.622510312591
-0.776097570080
0.153573422772
-0.666013264097
-0.729959954973
0.205420686989
-0.705046345014
-0.678757683374
0.256203820400
-0.739455579314
-0.622547226027
0.305619889534
-0.768844241276
-0.561671626288
0.496788487684
-0.353229966946
-0.792735636234
0.428647205759
-0.398623870220
-0.810777764302
0.358073224907
-0.441440553870
-0.822747715283
0.285699918413
-0.481292704120
-0.828693483490
0.211794738860
-0.517917772755
-0.828796820249
0.135398780978
-0.550793083850
-0.823586151469
0.190047990117
-0.596195768565
-0.780020747799
0.242285934247
-0.637509041931
-0.731354734395
0.293311208080
-0.674430097919
-0.677578466479
0.343084303273
-0.706532490905
-0.618954764213
0.391354213460
-0.733360107522
-0.555900020059
0.489026704707
-0.437859617639
-0.754408269655
0.419014870215
-0.482169630006
-0.769375712145
0.346240340197
-0.523803691845
-0.778297706041
0.270480555575
-0.562155643012
-0.781550575513
0.324467170779
-0.602153535932
-0.729473902378
0.375908478642
-0.637456831057
-0.672563457396
0.425466017720
-0.667635807302
-0.610934609082
0.544979674329
-0.473228846677
-0.692135545425
0.475159572788
-0.518997125328
-0.710538784508
0.401743762986
-0.562237661798
-0.722835223656
0.453902500840
-0.595922800247
-0.662456440739
0.503578798579
-0.624199845362
-0.597313106060
0.527702052799
-0.551021657418
-0.646456244867
-0.887241322358
-0.003145251869
-0.461294855045
-0.922808131588
-0.010092326803
-0.385127637562
-0.951252824141
-0.016806908158
-0.307953880315
-0.973251799901
-0.023413313488
-0.228544854986
-0.988677077791
-0.029923127713
-0.147045034863
-0.997285610049
-0.036395641595
-0.064006009577
-0.835652949603
-0.470264129316
-0.283788295209
-0.860341638693
-0.398015046771
-0.318427836841
-0.879157479456
-0.323210073351
-0.350167638142
-0.892006848728
-0.246570106754
-0.378849527223
-0.898850863599
-0.168498959021
-0.404567949565
-0.899234565294
-0.088645490040
-0.428391379088
-0.931070941336
-0.096693836504
-0.351791421415
-0.956303487368
-0.103259959183
-0.273534313894
-0.975052791911
-0.109461964182
-0.193106528589
-0.987093054542
-0.115562327290
-0.110872224593
-0.992185902791
-0.121714709120
-0.027434720450
-0.882557569106
-0.409826082012
-0.230509695493
-0.904253996711
-0.335655506009
-0.263931981234
-0.919909090699
-0.258719691285
-0.294671658276
-0.929151844758
-0.179257954399
-0.323331772592
-0.952155264869
-0.186842520099
-0.241847522761
-0.968157246433
-0.193221470154
-0.159176033531
-0.977072248706
-0.199180511872
-0.075212661829
-0.897325932859
-0.418165040730
-0.141223825644
-0.921979269707
-0.344482166337
-0.176879233677
-0.940423085247
-0.267267068984
-0.210173106204
-0.953603479654
-0.273963735067
-0.124836995559
-0.959259242582
-0.279883784112
-0.038558694373
-0.932082909835
-0.351175065755
-0.088868005407
-0.046069781412
0.573672732338
-0.817787974607
-0.100764440323
0.622510312591
-0.776097570080
-0.153573422772
0.666013264097
-0.729959954973
-0.205420686989
0.705046345014
-0.678757683374
-0.256203820400
0.739455579314
-0.622547226027
-0.305619889534
0.768844241276
-0.561671626288
-0.496788487684
0.353229966946
-0.792735636234
-0.428647205759
0.398623870220
-0.810777764302
-0.358073224907
0.441440553870
-0.822747715283
-0.285699918413
0.481292704120
-0.828693483490
-0.211794738860
0.517917772755
-0.828796820249
-0.135398780978
0.550793083850
-0.823586151469
-0.190047990117
0.596195768565
-0.780020747799
-0.242285934247
0.637509041931
-0.731354734395
-0.293311208080
0.674430097919
-0.677578466479
-0.343084303273
0.706532490905
-0.618954764213
-0.391354213460
0.733360107522
-0.555900020059
-0.489026704707
0.437859617639
-0.754408269655
-0.419014870215
0.482169630006
-0.769375712145
-0.346240340197
0.523803691845
-0.778297706041
-0.270480555575
0.562155643012
-0.781550575513
-0.324467170779
0.602153535932
-0.729473902378
-0.375908478642
0.637456831057
-0.672563457396
-0.425466017720
0.667635807302
-0.610934609082
-0.544979674329
0.473228846677
-0.692135545425
-0.475159572788
0.518997125328
-0.710538784508
-0.401743762986
0.562237661798
-0.722835223656
-0.453902500840
0.595922800247
-0.662456440739
-0.503578798579
0.624199845362
-0.597313106060
-0.527702052799
0.551021657418
-0.646456244867
0.887241322358
0.003145251869
-0.461294855045
0.922808131588
0.010092326803
-0.385127637562
0.951252824141
0.016806908158
-0.307953880315
0.973251799901
0.023413313488
-0.228544854986
0.988677077791
0.029923127713
-0.147045034863
0.997285610049
0.036395641595
-0.064006009577
0.835652949603
0.470264129316
-0.283788295209
0.860341638693
0.398015046771
-0.318427836841
0.879157479456
0.323210073351
-0.350167638142
0.892006848728
0.246570106754
-0.378849527223
0.898850863599
0.168498959021
-0.404567949565
0.899234565294
0.088645490040
-0.428391379088
0.931070941336
0.096693836504
-0.351791421415
0.956303487368
0.103259959183
-0.273534313894
0.975052791911
0.109461964182
-0.193106528589
0.987093054542
0.115562327290
-0.110872224593
0.992185902791
0.121714709120
-0.027434720450
0.882557569106
0.409826082012
-0.230509695493
0.904253996711
0.335655506009
-0.263931981234
0.919909090699
0.258719691285
-0.294671658276
0.929151844758
0.179257954399
-0.323331772592
0.952155264869
0.186842520099
-0.241847522761
0.968157246433
0.193221470154
-0.159176033531
0.977072248706
0.199180511872
-0.075212661829
0.897325932859
0.418165040730
-0.141223825644
0.921979269707
0.344482166337
-0.176879233677
0.940423085247
0.267267068984
-0.210173106204
0.953603479654
0.273963735067
-0.124836995559
0.959259242582
0.279883784112
-0.038558694373
0.932082909835
0.351175065755
-0.088868005407
-0.040980656984
-0.576817984208
-0.815844102049
-0.084434712531
-0.632602639393
-0.769860169091
-0.126379274126
-0.682820172255
-0.719572714486
-0.167537149976
-0.728459658502
-0.664287459849
-0.207787182710
-0.769378707027
-0.604053716050
-0.246730504391
-0.805239882871
-0.539177882740
0.264114857240
-0.823494096262
-0.502096420627
0.215354667950
-0.796638916991
-0.564790937364
0.164891659281
-0.764650627221
-0.622992904446
0.113258894924
-0.727862810874
-0.676304776907
0.060842303904
-0.686416731776
-0.724658736506
0.008032634856
-0.639438573890
-0.768800225676
-0.033594076151
-0.692889605069
-0.720260670337
-0.075207810612
-0.740769001114
-0.667536569943
-0.116198029558
-0.783892062101
-0.609927252139
-0.156100529899
-0.822094818195
-0.547533318129
-0.194415677173
-0.855074816642
-0.480676192892
0.174085825464
-0.847685699651
-0.501121821495
0.124087147018
-0.817825136015
-0.561929200921
0.072376913861
-0.782523383130
-0.618400143269
0.019564907396
-0.741413597411
-0.670763066941
-0.022149622716
-0.788996056031
-0.613998874414
-0.063269572577
-0.830678301210
-0.553146021485
-0.103185179615
-0.866816319174
-0.487834282848
0.131625574479
-0.891393887407
-0.433695337347
0.082224280864
-0.863479291665
-0.497637097193
0.030703438703
-0.829504730781
-0.557655090951
-0.010619865816
-0.869886535314
-0.493137540783
-0.050717322987
-0.904083629474
-0.424335414579
0.040511139595
-0.902196723174
-0.429418118229
0.858768631591
0.071397220310
-0.507364636457
0.860532282611
0.152947962497
-0.485892077885
0.856339229100
0.231680109655
-0.461527303087
0.846294833350
0.308964340052
-0.433965541975
0.830334408737
0.384623361741
-0.403248855263
0.808402130679
0.458107727309
-0.369625899111
0.528620778995
0.333556528976
-0.780576782893
0.595423096352
0.295550701329
-0.747075042599
0.657856056002
0.256164575010
-0.708240863049
0.715434588566
0.215702071821
-0.664549445636
0.767954516345
0.174192127094
-0.616362688426
0.815553516614
0.130434339618
-0.563790160066
0.813614823950
0.210810270999
-0.541839411533
0.806562545007
0.288766917425
-0.515820248141
0.793776496036
0.365125539772
-0.486417736669
0.775055294112
0.439559736413
-0.453956527867
0.750315697233
0.511509709899
-0.418788933910
0.580322444190
0.381435747611
-0.719536400200
0.645288565127
0.342324795790
-0.682946851449
0.705920792181
0.301508947430
-0.640911998473
0.761985668117
0.258388777817
-0.593812328167
0.751623525094
0.338156390455
-0.566314693540
0.735833029973
0.415011224948
-0.535084512173
0.714119788697
0.489237965858
-0.500678679549
0.560509970946
0.463630595512
-0.686203499973
0.628314503644
0.424342172514
-0.652038806465
0.692131784953
0.382767994296
-0.611916869191
0.673076306556
0.460465938871
-0.578739496400
0.648030429047
0.534923828003
-0.542137492952
0.605945105273
0.502664791606
-0.616570058206
-0.861913883461
0.069453347751
-0.502275512029
-0.870624609414
0.146710561508
-0.469562350093
-0.873146137258
0.221292869168
-0.434333154442
-0.869708146838
0.294494116527
-0.396082004962
-0.860257536450
0.366129851765
-0.354832217573
-0.844797772274
0.435613983761
-0.310736513968
-0.998884908311
0.042917313369
-0.019673437970
-0.993438143122
0.049563874391
-0.103073168891
-0.981066129353
0.056409764172
-0.185275978860
-0.962004695320
0.063313365238
-0.265590632299
-0.936453475366
0.070054043350
-0.343725645661
-0.904199006654
0.075648413824
-0.420358744232
-0.910308660455
0.151050193537
-0.385385497566
-0.909822504190
0.224948752973
-0.348742124506
-0.903238460219
0.297474325432
-0.309304558147
-0.890617621402
0.368138290329
-0.266972754493
-0.872030406352
0.436285882732
-0.221850397624
-0.990148526203
0.128149299451
-0.056423870029
-0.980944071135
0.134878284566
-0.139844834216
-0.964640483466
0.141611384658
-0.222294744415
-0.941243622516
0.147601269245
-0.303766865195
-0.938466045193
0.222681362491
-0.263997145477
-0.929054500127
0.295593789037
-0.222445606108
-0.913300300568
0.366137639624
-0.178397841444
-0.978675011676
0.205190387434
-0.009598251164
-0.972796669981
0.211440485199
-0.094654952814
-0.959398853937
0.217587861591
-0.179469667501
-0.947040041623
0.291147038914
-0.135456861376
-0.927914213158
0.361946136522
-0.089276017359
-0.957120171028
0.285626664968
-0.048356865812
0.069453347751
-0.502275512029
-0.861913883461
0.146710561508
-0.469562350093
-0.870624609414
0.221292869168
-0.434333154442
-0.873146137258
0.294494116527
-0.396082004962
-0.869708146838
0.366129851765
-0.354832217573
-0.860257536450
0.435613983761
-0.310736513968
-0.844797772274
0.042917313369
-0.019673437970
-0.998884908311
0.049563874391
-0.103073168891
-0.993438143122
0.056409764172
-0.185275978860
-0.981066129353
0.063313365238
-0.265590632299
-0.962004695320
0.070054043350
-0.343725645661
-0.936453475366
0.075648413824
-0.420358744232
-0.904199006654
0.151050193537
-0.385385497566
-0.910308660455
0.224948752973
-0.348742124506
-0.909822504190
0.297474325432
-0.309304558147
-0.903238460219
0.368138290329
-0.266972754493
-0.890617621402
0.436285882732
-0.221850397624
-0.872030406352
0.128149299451
-0.056423870029
-0.990148526203
0.134878284566
-0.139844834216
-0.980944071135
0.141611384658
-0.222294744415
-0.964640483466
0.147601269245
-0.303766865195
-0.941243622516
0.222681362491
-0.263997145477
-0.938466045193
0.295593789037
-0.222445606108
-0.929054500127
0.366137639624
-0.178397841444
-0.913300300568
0.205190387434
-0.009598251164
-0.978675011676
0.211440485199
-0.094654952814
-0.972796669981
0.217587861591
-0.179469667501
-0.959398853937
0.291147038914
-0.135456861376
-0.947040041623
0.361946136522
-0.089276017359
-0.927914213158
0.285626664968
-0.048356865812
-0.957120171028
0.573672732338
-0.817787974607
-0.046069781412
0.622510312591
-0.776097570080
-0.100764440323
0.666013264097
-0.729959954973
-0.153573422772
0.705046345014
-0.678757683374
-0.205420686989
0.739455579314
-0.622547226027
-0.256203820400
0.768844241276
-0.561671626288
-0.305619889534
0.353229966946
-0.792735636234
-0.496788487684
0.398623870220
-0.810777764302
-0.428647205759
0.441440553870
-0.822747715283
-0.358073224907
0.481292704120
-0.828693483490
-0.285699918413
0.517917772755
-0.828796820249
-0.211794738860
0.550793083850
-0.823586151469
-0.135398780978
0.596195768565
-0.780020747799
-0.190047990117
0.637509041931
-0.731354734395
-0.242285934247
0.674430097919
-0.677578466479
-0.293311208080
0.706532490905
-0.618954764213
-0.343084303273
0.733360107522
-0.555900020059
-0.391354213460
0.437859617639
-0.754408269655
-0.489026704707
0.482169630006
-0.769375712145
-0.419014870215
0.523803691845
-0.778297706041
-0.346240340197
0.562155643012
-0.781550575513
-0.270480555575
0.602153535932
-0.729473902378
-0.324467170779
0.637456831057
-0.672563457396
-0.375908478642
0.667635807302
-0.610934609082
-0.425466017720
0.473228846677
-0.692135545425
-0.544979674329
0.518997125328
-0.710538784508
-0.475159572788
0.562237661798
-0.722835223656
-0.401743762986
0.595922800247
-0.662456440739
-0.453902500840
0.624199845362
-0.597313106060
-0.503578798579
0.551021657418
-0.646456244867
-0.527702052799
-0.573672732338
-0.817787974607
0.046069781412
-0.622510312591
-0.776097570080
0.100764440323
-0.666013264097
-0.729959954973
0.153573422772
-0.705046345014
-0.678757683374
0.205420686989
-0.739455579314
-0.622547226027
0.256203820400
-0.768844241276
-0.561671626288
0.305619889534
-0.353229966946
-0.792735636234
0.496788487684
-0.398623870220
-0.810777764302
0.428647205759
-0.441440553870
-0.822747715283
0.358073224907
-0.481292704120
-0.828693483490
0.285699918413
-0.517917772755
-0.828796820249
0.211794738860
-0.550793083850
-0.823586151469
0.135398780978
-0.596195768565
-0.780020747799
0.190047990117
-0.637509041931
-0.731354734395
0.242285934247
-0.674430097919
-0.677578466479
0.293311208080
-0.706532490905
-0.618954764213
0.343084303273
-0.733360107522
-0.555900020059
0.391354213460
-0.437859617639
-0.754408269655
0.489026704707
-0.482169630006
-0.769375712145
0.419014870215
-0.523803691845
-0.778297706041
0.346240340197
-0.562155643012
-0.781550575513
0.270480555575
-0.602153535932
-0.729473902378
0.324467170779
-0.637456831057
-0.672563457396
0.375908478642
-0.667635807302
-0.610934609082
0.425466017720
-0.473228846677
-0.692135545425
0.544979674329
-0.518997125328
-0.710538784508
0.475159572788
-0.562237661798
-0.722835223656
0.401743762986
-0.595922800247
-0.662456440739
0.453902500840
-0.624199845362
-0.597313106060
0.503578798579
-0.551021657418
-0.646456244867
0.527702052799
-0.502275512029
-0.861913883461
0.069453347751
-0.469562350093
-0.870624609414
0.146710561508
-0.434333154442
-0.873146137258
0.221292869168
-0.396082004962
-0.869708146838
0.294494116527
-0.354832217573
-0.860257536450
0.366129851765
-0.310736513968
-0.844797772274
0.435613983761
-0.019673437970
-0.998884908311
0.042917313369
-0.103073168891
-0.993438143122
0.049563874391
-0.185275978860
-0.981066129353
0.056409764172
-0.265590632299
-0.962004695320
0.063313365238
-0.343725645661
-0.936453475366
0.070054043350
-0.420358744232
-0.904199006654
0.075648413824
-0.385385497566
-0.910308660455
0.151050193537
-0.348742124506
-0.909822504190
0.224948752973
-0.309304558147
-0.903238460219
0.297474325432
-0.266972754493
-0.890617621402
0.368138290329
-0.221850397624
-0.872030406352
0.436285882732
-0.056423870029
-0.990148526203
0.128149299451
-0.139844834216
-0.980944071135
0.134878284566
-0.222294744415
-0.964640483466
0.141611384658
-0.303766865195
-0.941243622516
0.147601269245
-0.263997145477
-0.938466045193
0.222681362491
-0.222445606108
-0.929054500127
0.295593789037
-0.178397841444
-0.913300300568
0.366137639624
-0.009598251164
-0.978675011676
0.205190387434
-0.094654952814
-0.972796669981
0.211440485199
-0.179469667501
-0.959398853937
0.217587861591
-0.135456861376
-0.947040041623
0.291147038914
-0.089276017359
-0.927914213158
0.361946136522
-0.048356865812
-0.957120171028
0.285626664968
0.502275512029
0.861913883461
0.069453347751
0.469562350093
0.870624609414
0.146710561508
0.434333154442
0.873146137258
0.221292869168
0.396082004962
0.869708146838
0.294494116527
0.354832217573
0.860257536450
0.366129851765
0.310736513968
0.844797772274
0.435613983761
0.019673437970
0.998884908311
0.042917313369
0.103073168891
0.993438143122
0.049563874391
0.185275978860
0.981066129353
0.056409764172
0.265590632299
0.962004695320
0.063313365238
0.343725645661
0.936453475366
0.070054043350
0.420358744232
0.904199006654
0.075648413824
0.385385497566
0.910308660455
0.151050193537
0.348742124506
0.909822504190
0.224948752973
0.309304558147
0.903238460219
0.297474325432
0.266972754493
0.890617621402
0.368138290329
0.221850397624
0.872030406352
0.436285882732
0.056423870029
0.990148526203
0.128149299451
0.139844834216
0.980944071135
0.134878284566
0.222294744415
0.964640483466
0.141611384658
0.303766865195
0.941243622516
0.147601269245
0.263997145477
0.938466045193
0.222681362491
0.222445606108
0.929054500127
0.295593789037
0.178397841444
0.913300300568
0.366137639624
0.009598251164
0.978675011676
0.205190387434
0.094654952814
0.972796669981
0.211440485199
0.179469667501
0.959398853937
0.217587861591
0.135456861376
0.947040041623
0.291147038914
0.089276017359
0.927914213158
0.361946136522
0.048356865812
0.957120171028
0.285626664968
-0.003145251869
-0.461294855045
-0.887241322358
-0.010092326803
-0.385127637562
-0.922808131588
-0.016806908158
-0.307953880315
-0.951252824141
-0.023413313488
-0.228544854986
-0.973251799901
-0.029923127713
-0.147045034863
-0.988677077791
-0.036395641595
-0.064006009577
-0.997285610049
-0.470264129316
-0.283788295209
-0.835652949603
-0.398015046771
-0.318427836841
-0.860341638693
-0.323210073351
-0.350167638142
-0.879157479456
-0.246570106754
-0.378849527223
-0.892006848728
-0.168498959021
-0.404567949565
-0.898850863599
-0.088645490040
-0.428391379088
-0.899234565294
-0.096693836504
-0.351791421415
-0.931070941336
-0.103259959183
-0.273534313894
-0.956303487368
-0.109461964182
-0.193106528589
-0.975052791911
-0.115562327290
-0.110872224593
-0.987093054542
-0.121714709120
-0.027434720450
-0.992185902791
-0.409826082012
-0.230509695493
-0.882557569106
-0.335655506009
-0.263931981234
-0.904253996711
-0.258719691285
-0.294671658276
-0.919909090699
-0.179257954399
-0.323331772592
-0.929151844758
-0.186842520099
-0.241847522761
-0.952155264869
-0.193221470154
-0.159176033531
-0.968157246433
-0.199180511872
-0.075212661829
-0.977072248706
-0.418165040730
-0.141223825644
-0.897325932859
-0.344482166337
-0.176879233677
-0.921979269707
-0.267267068984
-0.210173106204
-0.940423085247
-0.273963735067
-0.124836995559
-0.953603479654
-0.279883784112
-0.038558694373
-0.959259242582
-0.351175065755
-0.088868005407
-0.932082909835
0.576817984208
-0.815844102049
0.040980656984
0.632602639393
-0.769860169091
0.084434712531
0.682820172255
-0.719572714486
0.126379274126
0.728459658502
-0.664287459849
0.167537149976
0.769378707027
-0.604053716050
0.207787182710
0.805239882871
-0.539177882740
0.246730504391
0.823494096262
-0.502096420627
-0.264114857240
0.796638916991
-0.564790937364
-0.215354667950
0.764650627221
-0.622992904446
-0.164891659281
0.727862810874
-0.676304776907
-0.113258894924
0.686416731776
-0.724658736506
-0.060842303904
0.639438573890
-0.768800225676
-0.008032634856
0.692889605069
-0.720260670337
0.033594076151
0.740769001114
-0.667536569943
0.075207810612
0.783892062101
-0.609927252139
0.116198029558
0.822094818195
-0.547533318129
0.156100529899
0.855074816642
-0.480676192892
0.194415677173
0.847685699651
-0.501121821495
-0.174085825464
0.817825136015
-0.561929200921
-0.124087147018
0.782523383130
-0.618400143269
-0.072376913861
0.741413597411
-0.670763066941
-0.019564907396
0.788996056031
-0.613998874414
0.022149622716
0.830678301210
-0.553146021485
0.063269572577
0.866816319174
-0.487834282848
0.103185179615
0.891393887407
-0.433695337347
-0.131625574479
0.863479291665
-0.497637097193
-0.082224280864
0.829504730781
-0.557655090951
-0.030703438703
0.869886535314
-0.493137540783
0.010619865816
0.904083629474
-0.424335414579
0.050717322987
0.902196723174
-0.429418118229
-0.040511139595
