0.580799086019
0.760826881044
0.289507994295
0.525731112119
0.850650808352
0.000000000000
0.000000000000
0.525731112119
-0.850650808352
-0.525731112119
0.850650808352
0.000000000000
0.000000000000
0.525731112119
0.850650808352
0.850650808352
-0.000000000000
0.525731112119
-0.850650808352
-0.000000000000
0.525731112119
-0.000000000000
-0.525731112119
0.850650808352
-0.850650808352
-0.000000000000
-0.525731112119
-0.525731112119
-0.850650808352
0.000000000000
0.850650808352
-0.000000000000
-0.525731112119
0.525731112119
-0.850650808352
0.000000000000
0.000000000000
-0.525731112119
-0.850650808352
0.577350269190
0.577350269190
0.577350269190
0.356822089773
0.000000000000
-0.934172358963
-0.577350269190
0.577350269190
-0.577350269190
-0.356822089773
0.000000000000
0.934172358963
0.934172358963
0.356822089773
-0.000000000000
0.000000000000
0.934172358963
-0.356822089773
-0.577350269190
0.577350269190
0.577350269190
0.577350269190
-0.577350269190
0.577350269190
-0.934172358963
-0.356822089773
-0.000000000000
0.577350269190
0.577350269190
-0.577350269190
-0.000000000000
0.934172358963
0.356822089773
-0.577350269190
-0.577350269190
0.577350269190
0.934172358963
-0.356822089773
0.000000000000
0.356822089773
-0.000000000000
0.934172358963
-0.356822089773
-0.000000000000
-0.934172358963
-0.000000000000
-0.934172358963
-0.356822089773
0.577350269190
-0.577350269190
-0.577350269190
0.000000000000
-0.934172358963
0.356822089773
-0.934172358963
0.356822089773
0.000000000000
-0.577350269190
-0.577350269190
-0.577350269190
1.000000000000
0.000000000000
0.000000000000
-0.500000000000
-0.309016994375
-0.809016994375
-1.000000000000
0.000000000000
0.000000000000
0.500000000000
-0.309016994375
0.809016994375
0.500000000000
0.309016994375
-0.809016994375
-0.500000000000
0.309016994375
-0.809016994375
-0.500000000000
-0.309016994375
0.809016994375
0.809016994375
-0.500000000000
-0.309016994375
-0.309016994375
-0.809016994375
0.500000000000
-0.309016994375
0.809016994375
-0.500000000000
-0.809016994375
0.500000000000
0.309016994375
0.000000000000
-1.000000000000
0.000000000000
0.809016994375
0.500000000000
-0.309016994375
-0.000000000000
1.000000000000
0.000000000000
-0.809016994375
-0.500000000000
0.309016994375
0.809016994375
0.500000000000
0.309016994375
0.309016994375
0.809016994375
-0.500000000000
-0.309016994375
-0.809016994375
-0.500000000000
0.000000000000
-0.000000000000
1.000000000000
0.309016994375
0.809016994375
0.500000000000
0.000000000000
0.000000000000
-1.000000000000
0.309016994375
-0.809016994375
0.500000000000
-0.309016994375
0.809016994375
0.500000000000
0.309016994375
-0.809016994375
-0.500000000000
-0.809016994375
0.500000000000
-0.309016994375
-0.809016994375
-0.500000000000
-0.309016994375
0.809016994375
-0.500000000000
0.309016994375
0.500000000000
0.309016994375
0.809016994375
0.500000000000
-0.309016994375
-0.809016994375
-0.500000000000
0.309016994375
0.809016994375
0.178925780402
0.291291091497
-0.939752661673
-0.580799086019
0.760826881044
-0.289507994295
-0.178925780402
0.291291091497
0.939752661673
0.759724866421
0.650244667292
-0.000000000141
-0.291291091638
0.939752661586
-0.178925780630
-0.289507994382
0.580799085791
0.760826881184
0.760826881184
-0.289507994382
0.580799085791
-0.939752661586
-0.178925780630
0.291291091638
0.580799085791
0.760826881184
-0.289507994382
-0.000000000141
0.759724866421
0.650244667292
-0.289507994295
-0.580799086019
0.760826881044
0.939752661673
-0.178925780402
0.291291091497
0.289507994295
0.580799086019
0.760826881044
-0.178925780630
-0.291291091638
0.939752661586
0.178925780630
0.291291091638
0.939752661586
-0.291291091497
0.939752661673
0.178925780402
-0.650244667292
-0.000000000141
-0.759724866421
-0.760826881044
-0.289507994295
0.580799086019
-0.580799085791
0.760826881184
0.289507994382
-0.760826881044
0.289507994295
-0.580799086019
-0.291291091497
-0.939752661673
-0.178925780402
0.650244667292
-0.000000000141
0.759724866421
0.760826881044
-0.289507994295
-0.580799086019
0.291291091497
0.939752661673
-0.178925780402
0.760826881044
0.289507994295
0.580799086019
0.939752661586
-0.178925780630
-0.291291091638
-0.178925780630
0.291291091638
-0.939752661586
0.291291091497
-0.939752661673
0.178925780402
-0.939752661673
0.178925780402
0.291291091497
0.000000000141
-0.759724866421
0.650244667292
-0.760826881184
0.289507994382
0.580799085791
-0.580799085791
-0.760826881184
-0.289507994382
0.289507994382
-0.580799085791
0.760826881184
-0.650244667292
0.000000000141
0.759724866421
0.291291091638
-0.939752661586
-0.178925780630
0.939752661586
0.178925780630
0.291291091638
0.178925780402
-0.291291091497
0.939752661673
0.650244667292
0.000000000141
-0.759724866421
-0.759724866421
-0.650244667292
-0.000000000141
0.580799085791
-0.760826881184
0.289507994382
-0.289507994382
-0.580799085791
-0.760826881184
0.289507994382
0.580799085791
-0.760826881184
-0.760826881184
-0.289507994382
-0.580799085791
-0.759724866421
0.650244667292
0.000000000141
0.000000000141
0.759724866421
-0.650244667292
0.289507994295
-0.580799086019
-0.760826881044
-0.939752661673
-0.178925780402
-0.291291091497
-0.289507994295
0.580799086019
-0.760826881044
0.939752661673
0.178925780402
-0.291291091497
-0.000000000141
-0.759724866421
-0.650244667292
0.760826881184
0.289507994382
-0.580799085791
-0.939752661586
0.178925780630
-0.291291091638
0.178925780630
-0.291291091638
-0.939752661586
0.580799086019
-0.760826881044
-0.289507994295
-0.580799086019
-0.760826881044
0.289507994295
-0.291291091638
-0.939752661586
0.178925780630
0.291291091638
0.939752661586
0.178925780630
-0.178925780402
-0.291291091497
-0.939752661673
0.759724866421
-0.650244667292
0.000000000141
