0.780939594377
0.564683165401
0.266957436021
0.421281902585
0.859865749255
0.288361668418
0.482853664085
0.865126633551
0.135676995103
0.577157692984
0.775268849917
0.256607107810
0.657787806354
0.667513570748
0.348913792617
0.719177683350
0.542790199164
0.433776739191
0.511219107080
0.758098008577
0.404898053772
0.585354303475
0.637579982635
0.500851380298
0.525731112119
0.850650808352
0.000000000000
0.000000000000
0.525731112119
-0.850650808352
-0.525731112119
0.850650808352
0.000000000000
0.000000000000
0.525731112119
0.850650808352
0.850650808352
-0.000000000000
0.525731112119
-0.850650808352
-0.000000000000
0.525731112119
-0.000000000000
-0.525731112119
0.850650808352
-0.850650808352
-0.000000000000
-0.525731112119
-0.525731112119
-0.850650808352
0.000000000000
0.850650808352
-0.000000000000
-0.525731112119
0.525731112119
-0.850650808352
0.000000000000
0.000000000000
-0.525731112119
-0.850650808352
-0.000000000126
0.082035952994
-0.996629370637
0.288361668384
0.421281902498
-0.859865749309
0.135676994795
0.482853663279
-0.865126634049
0.158591914437
0.320550585321
-0.933860764207
0.159656321959
0.162305315547
-0.973738590898
0.159075308017
-0.000000000222
-0.987266451562
0.306225021002
0.252889753518
-0.917754329370
0.309543176487
0.084502923571
-0.947123158728
-0.780939594377
0.564683165401
-0.266957436021
-0.421281902585
0.859865749255
-0.288361668418
-0.482853664085
0.865126633551
-0.135676995103
-0.577157692984
0.775268849917
-0.256607107810
-0.657787806354
0.667513570748
-0.348913792617
-0.719177683350
0.542790199164
-0.433776739191
-0.511219107080
0.758098008577
-0.404898053772
-0.585354303475
0.637579982635
-0.500851380298
0.000000000126
0.082035952994
0.996629370637
-0.288361668384
0.421281902498
0.859865749309
-0.135676994795
0.482853663279
0.865126634049
-0.158591914437
0.320550585321
0.933860764207
-0.159656321959
0.162305315547
0.973738590898
-0.159075308017
-0.000000000222
0.987266451562
-0.306225021002
0.252889753518
0.917754329370
-0.309543176487
0.084502923571
0.947123158728
0.780939594251
0.564683165479
-0.266957436225
0.709643570970
0.681648437141
0.178217312081
0.618530658880
0.781273639276
0.083852993967
0.735749607421
0.677253656454
0.000000000091
0.817444128313
0.568840537259
-0.090584437169
0.878252991367
0.444476252039
-0.176387484048
0.817444128083
0.568840537392
0.090584438416
0.894897479962
0.446271778580
0.000000000243
-0.348993389219
0.831640601500
-0.431946205236
-0.243064590417
0.970010105558
-0.000000000054
-0.399000669312
0.916950634379
-0.000000000498
-0.320550585230
0.933860764263
-0.158591914290
-0.252889752715
0.917754329876
-0.306225020150
-0.176387483827
0.878252991230
-0.444476252397
-0.162305315102
0.973738591163
-0.159656320793
-0.084502923328
0.947123158878
-0.309543176093
-0.431946205158
0.348993389015
0.831640601626
-0.178217312168
0.709643570916
0.681648437174
-0.083852994773
0.618530658382
0.781273639584
-0.256607107753
0.577157693131
0.775268849826
-0.404898053639
0.511219108164
0.758098007917
-0.542790199523
0.433776738969
0.719177683213
-0.348913791979
0.657787807289
0.667513570161
-0.500851380148
0.585354303869
0.637579982391
0.831640601626
-0.431946205158
0.348993389015
0.681648437174
-0.178217312168
0.709643570916
0.781273639584
-0.083852994773
0.618530658382
0.775268849826
-0.256607107753
0.577157693131
0.758098007917
-0.404898053639
0.511219108164
0.719177683213
-0.542790199523
0.433776738969
0.667513570161
-0.348913791979
0.657787807289
0.637579982391
-0.500851380148
0.585354303869
-0.831640601500
-0.431946205236
0.348993389219
-0.970010105558
-0.000000000054
0.243064590417
-0.916950634379
-0.000000000498
0.399000669312
-0.933860764263
-0.158591914290
0.320550585230
-0.917754329876
-0.306225020150
0.252889752715
-0.878252991230
-0.444476252397
0.176387483827
-0.973738591163
-0.159656320793
0.162305315102
-0.947123158878
-0.309543176093
0.084502923328
0.348993389015
0.831640601626
-0.431946205158
0.709643570916
0.681648437174
-0.178217312168
0.618530658382
0.781273639584
-0.083852994773
0.577157693131
0.775268849826
-0.256607107753
0.511219108164
0.758098007917
-0.404898053639
0.433776738969
0.719177683213
-0.542790199523
0.657787807289
0.667513570161
-0.348913791979
0.585354303869
0.637579982391
-0.500851380148
-0.266957436225
0.780939594251
0.564683165479
0.178217312081
0.709643570970
0.681648437141
0.083852993967
0.618530658880
0.781273639276
0.000000000091
0.735749607421
0.677253656454
-0.090584437169
0.817444128313
0.568840537259
-0.176387484048
0.878252991367
0.444476252039
0.090584438416
0.817444128083
0.568840537392
0.000000000243
0.894897479962
0.446271778580
-0.266957436021
-0.780939594377
0.564683165401
-0.288361668418
-0.421281902585
0.859865749255
-0.135676995103
-0.482853664085
0.865126633551
-0.256607107810
-0.577157692984
0.775268849917
-0.348913792617
-0.657787806354
0.667513570748
-0.433776739191
-0.719177683350
0.542790199164
-0.404898053772
-0.511219107080
0.758098008577
-0.500851380298
-0.585354303475
0.637579982635
0.996629370637
0.000000000126
0.082035952994
0.859865749309
-0.288361668384
0.421281902498
0.865126634049
-0.135676994795
0.482853663279
0.933860764207
-0.158591914437
0.320550585321
0.973738590898
-0.159656321959
0.162305315547
0.987266451562
-0.159075308017
-0.000000000222
0.917754329370
-0.306225021002
0.252889753518
0.947123158728
-0.309543176487
0.084502923571
0.266957436021
0.780939594377
0.564683165401
0.288361668418
0.421281902585
0.859865749255
0.135676995103
0.482853664085
0.865126633551
0.256607107810
0.577157692984
0.775268849917
0.348913792617
0.657787806354
0.667513570748
0.433776739191
0.719177683350
0.542790199164
0.404898053772
0.511219107080
0.758098008577
0.500851380298
0.585354303475
0.637579982635
-0.431946205236
-0.348993389219
0.831640601500
-0.000000000054
-0.243064590417
0.970010105558
-0.000000000498
-0.399000669312
0.916950634379
-0.158591914290
-0.320550585230
0.933860764263
-0.306225020150
-0.252889752715
0.917754329876
-0.444476252397
-0.176387483827
0.878252991230
-0.159656320793
-0.162305315102
0.973738591163
-0.309543176093
-0.084502923328
0.947123158878
0.431946205236
0.348993389219
0.831640601500
0.000000000054
0.243064590417
0.970010105558
0.000000000498
0.399000669312
0.916950634379
0.158591914290
0.320550585230
0.933860764263
0.306225020150
0.252889752715
0.917754329876
0.444476252397
0.176387483827
0.878252991230
0.159656320793
0.162305315102
0.973738591163
0.309543176093
0.084502923328
0.947123158878
-0.082035952994
0.996629370637
-0.000000000126
-0.421281902498
0.859865749309
0.288361668384
-0.482853663279
0.865126634049
0.135676994795
-0.320550585321
0.933860764207
0.158591914437
-0.162305315547
0.973738590898
0.159656321959
0.000000000222
0.987266451562
0.159075308017
-0.252889753518
0.917754329370
0.306225021002
-0.084502923571
0.947123158728
0.309543176487
-0.564683165479
-0.266957436225
-0.780939594251
-0.681648437141
0.178217312081
-0.709643570970
-0.781273639276
0.083852993967
-0.618530658880
-0.677253656454
0.000000000091
-0.735749607421
-0.568840537259
-0.090584437169
-0.817444128313
-0.444476252039
-0.176387484048
-0.878252991367
-0.568840537392
0.090584438416
-0.817444128083
-0.446271778580
0.000000000243
-0.894897479962
-0.564683165401
-0.266957436021
0.780939594377
-0.859865749255
-0.288361668418
0.421281902585
-0.865126633551
-0.135676995103
0.482853664085
-0.775268849917
-0.256607107810
0.577157692984
-0.667513570748
-0.348913792617
0.657787806354
-0.542790199164
-0.433776739191
0.719177683350
-0.758098008577
-0.404898053772
0.511219107080
-0.637579982635
-0.500851380298
0.585354303475
-0.348993389015
0.831640601626
0.431946205158
-0.709643570916
0.681648437174
0.178217312168
-0.618530658382
0.781273639584
0.083852994773
-0.577157693131
0.775268849826
0.256607107753
-0.511219108164
0.758098007917
0.404898053639
-0.433776738969
0.719177683213
0.542790199523
-0.657787807289
0.667513570161
0.348913791979
-0.585354303869
0.637579982391
0.500851380148
-0.564683165401
0.266957436021
-0.780939594377
-0.859865749255
0.288361668418
-0.421281902585
-0.865126633551
0.135676995103
-0.482853664085
-0.775268849917
0.256607107810
-0.577157692984
-0.667513570748
0.348913792617
-0.657787806354
-0.542790199164
0.433776739191
-0.719177683350
-0.758098008577
0.404898053772
-0.511219107080
-0.637579982635
0.500851380298
-0.585354303475
-0.082035952994
-0.996629370637
0.000000000126
-0.421281902498
-0.859865749309
-0.288361668384
-0.482853663279
-0.865126634049
-0.135676994795
-0.320550585321
-0.933860764207
-0.158591914437
-0.162305315547
-0.973738590898
-0.159656321959
0.000000000222
-0.987266451562
-0.159075308017
-0.252889753518
-0.917754329370
-0.306225021002
-0.084502923571
-0.947123158728
-0.309543176487
0.564683165479
-0.266957436225
0.780939594251
0.681648437141
0.178217312081
0.709643570970
0.781273639276
0.083852993967
0.618530658880
0.677253656454
0.000000000091
0.735749607421
0.568840537259
-0.090584437169
0.817444128313
0.444476252039
-0.176387484048
0.878252991367
0.568840537392
0.090584438416
0.817444128083
0.446271778580
0.000000000243
0.894897479962
0.564683165401
-0.266957436021
-0.780939594377
0.859865749255
-0.288361668418
-0.421281902585
0.865126633551
-0.135676995103
-0.482853664085
0.775268849917
-0.256607107810
-0.577157692984
0.667513570748
-0.348913792617
-0.657787806354
0.542790199164
-0.433776739191
-0.719177683350
0.758098008577
-0.404898053772
-0.511219107080
0.637579982635
-0.500851380298
-0.585354303475
0.082035952994
0.996629370637
0.000000000126
0.421281902498
0.859865749309
-0.288361668384
0.482853663279
0.865126634049
-0.135676994795
0.320550585321
0.933860764207
-0.158591914437
0.162305315547
0.973738590898
-0.159656321959
-0.000000000222
0.987266451562
-0.159075308017
0.252889753518
0.917754329370
-0.306225021002
0.084502923571
0.947123158728
-0.309543176487
0.564683165401
0.266957436021
0.780939594377
0.859865749255
0.288361668418
0.421281902585
0.865126633551
0.135676995103
0.482853664085
0.775268849917
0.256607107810
0.577157692984
0.667513570748
0.348913792617
0.657787806354
0.542790199164
0.433776739191
0.719177683350
0.758098008577
0.404898053772
0.511219107080
0.637579982635
0.500851380298
0.585354303475
0.831640601500
-0.431946205236
-0.348993389219
0.970010105558
-0.000000000054
-0.243064590417
0.916950634379
-0.000000000498
-0.399000669312
0.933860764263
-0.158591914290
-0.320550585230
0.917754329876
-0.306225020150
-0.252889752715
0.878252991230
-0.444476252397
-0.176387483827
0.973738591163
-0.159656320793
-0.162305315102
0.947123158878
-0.309543176093
-0.084502923328
-0.431946205236
0.348993389219
-0.831640601500
-0.000000000054
0.243064590417
-0.970010105558
-0.000000000498
0.399000669312
-0.916950634379
-0.158591914290
0.320550585230
-0.933860764263
-0.306225020150
0.252889752715
-0.917754329876
-0.444476252397
0.176387483827
-0.878252991230
-0.159656320793
0.162305315102
-0.973738591163
-0.309543176093
0.084502923328
-0.947123158878
0.082035952994
-0.996629370637
-0.000000000126
0.421281902498
-0.859865749309
0.288361668384
0.482853663279
-0.865126634049
0.135676994795
0.320550585321
-0.933860764207
0.158591914437
0.162305315547
-0.973738590898
0.159656321959
-0.000000000222
-0.987266451562
0.159075308017
0.252889753518
-0.917754329370
0.306225021002
0.084502923571
-0.947123158728
0.309543176487
-0.996629370637
-0.000000000126
0.082035952994
-0.859865749309
0.288361668384
0.421281902498
-0.865126634049
0.135676994795
0.482853663279
-0.933860764207
0.158591914437
0.320550585321
-0.973738590898
0.159656321959
0.162305315547
-0.987266451562
0.159075308017
-0.000000000222
-0.917754329370
0.306225021002
0.252889753518
-0.947123158728
0.309543176487
0.084502923571
0.266957436225
-0.780939594251
0.564683165479
-0.178217312081
-0.709643570970
0.681648437141
-0.083852993967
-0.618530658880
0.781273639276
-0.000000000091
-0.735749607421
0.677253656454
0.090584437169
-0.817444128313
0.568840537259
0.176387484048
-0.878252991367
0.444476252039
-0.090584438416
-0.817444128083
0.568840537392
-0.000000000243
-0.894897479962
0.446271778580
-0.831640601626
0.431946205158
0.348993389015
-0.681648437174
0.178217312168
0.709643570916
-0.781273639584
0.083852994773
0.618530658382
-0.775268849826
0.256607107753
0.577157693131
-0.758098007917
0.404898053639
0.511219108164
-0.719177683213
0.542790199523
0.433776738969
-0.667513570161
0.348913791979
0.657787807289
-0.637579982391
0.500851380148
0.585354303869
-0.348993389015
-0.831640601626
-0.431946205158
-0.709643570916
-0.681648437174
-0.178217312168
-0.618530658382
-0.781273639584
-0.083852994773
-0.577157693131
-0.775268849826
-0.256607107753
-0.511219108164
-0.758098007917
-0.404898053639
-0.433776738969
-0.719177683213
-0.542790199523
-0.657787807289
-0.667513570161
-0.348913791979
-0.585354303869
-0.637579982391
-0.500851380148
0.431946205158
-0.348993389015
0.831640601626
0.178217312168
-0.709643570916
0.681648437174
0.083852994773
-0.618530658382
0.781273639584
0.256607107753
-0.577157693131
0.775268849826
0.404898053639
-0.511219108164
0.758098007917
0.542790199523
-0.433776738969
0.719177683213
0.348913791979
-0.657787807289
0.667513570161
0.500851380148
-0.585354303869
0.637579982391
-0.564683165479
0.266957436225
0.780939594251
-0.681648437141
-0.178217312081
0.709643570970
-0.781273639276
-0.083852993967
0.618530658880
-0.677253656454
-0.000000000091
0.735749607421
-0.568840537259
0.090584437169
0.817444128313
-0.444476252039
0.176387484048
0.878252991367
-0.568840537392
-0.090584438416
0.817444128083
-0.446271778580
-0.000000000243
0.894897479962
0.348993389219
-0.831640601500
-0.431946205236
0.243064590417
-0.970010105558
-0.000000000054
0.399000669312
-0.916950634379
-0.000000000498
0.320550585230
-0.933860764263
-0.158591914290
0.252889752715
-0.917754329876
-0.306225020150
0.176387483827
-0.878252991230
-0.444476252397
0.162305315102
-0.973738591163
-0.159656320793
0.084502923328
-0.947123158878
-0.309543176093
0.831640601500
0.431946205236
0.348993389219
0.970010105558
0.000000000054
0.243064590417
0.916950634379
0.000000000498
0.399000669312
0.933860764263
0.158591914290
0.320550585230
0.917754329876
0.306225020150
0.252889752715
0.878252991230
0.444476252397
0.176387483827
0.973738591163
0.159656320793
0.162305315102
0.947123158878
0.309543176093
0.084502923328
-0.000000000126
-0.082035952994
0.996629370637
0.288361668384
-0.421281902498
0.859865749309
0.135676994795
-0.482853663279
0.865126634049
0.158591914437
-0.320550585321
0.933860764207
0.159656321959
-0.162305315547
0.973738590898
0.159075308017
0.000000000222
0.987266451562
0.306225021002
-0.252889753518
0.917754329370
0.309543176487
-0.084502923571
0.947123158728
0.564683165479
0.266957436225
-0.780939594251
0.681648437141
-0.178217312081
-0.709643570970
0.781273639276
-0.083852993967
-0.618530658880
0.677253656454
-0.000000000091
-0.735749607421
0.568840537259
0.090584437169
-0.817444128313
0.444476252039
0.176387484048
-0.878252991367
0.568840537392
-0.090584438416
-0.817444128083
0.446271778580
-0.000000000243
-0.894897479962
-0.780939594251
-0.564683165479
-0.266957436225
-0.709643570970
-0.681648437141
0.178217312081
-0.618530658880
-0.781273639276
0.083852993967
-0.735749607421
-0.677253656454
0.000000000091
-0.817444128313
-0.568840537259
-0.090584437169
-0.878252991367
-0.444476252039
-0.176387484048
-0.817444128083
-0.568840537392
0.090584438416
-0.894897479962
-0.446271778580
0.000000000243
0.348993389015
-0.831640601626
0.431946205158
0.709643570916
-0.681648437174
0.178217312168
0.618530658382
-0.781273639584
0.083852994773
0.577157693131
-0.775268849826
0.256607107753
0.511219108164
-0.758098007917
0.404898053639
0.433776738969
-0.719177683213
0.542790199523
0.657787807289
-0.667513570161
0.348913791979
0.585354303869
-0.637579982391
0.500851380148
-0.431946205158
-0.348993389015
-0.831640601626
-0.178217312168
-0.709643570916
-0.681648437174
-0.083852994773
-0.618530658382
-0.781273639584
-0.256607107753
-0.577157693131
-0.775268849826
-0.404898053639
-0.511219108164
-0.758098007917
-0.542790199523
-0.433776738969
-0.719177683213
-0.348913791979
-0.657787807289
-0.667513570161
-0.500851380148
-0.585354303869
-0.637579982391
0.431946205158
0.348993389015
-0.831640601626
0.178217312168
0.709643570916
-0.681648437174
0.083852994773
0.618530658382
-0.781273639584
0.256607107753
0.577157693131
-0.775268849826
0.404898053639
0.511219108164
-0.758098007917
0.542790199523
0.433776738969
-0.719177683213
0.348913791979
0.657787807289
-0.667513570161
0.500851380148
0.585354303869
-0.637579982391
-0.831640601626
-0.431946205158
-0.348993389015
-0.681648437174
-0.178217312168
-0.709643570916
-0.781273639584
-0.083852994773
-0.618530658382
-0.775268849826
-0.256607107753
-0.577157693131
-0.758098007917
-0.404898053639
-0.511219108164
-0.719177683213
-0.542790199523
-0.433776738969
-0.667513570161
-0.348913791979
-0.657787807289
-0.637579982391
-0.500851380148
-0.585354303869
-0.780939594251
0.564683165479
0.266957436225
-0.709643570970
0.681648437141
-0.178217312081
-0.618530658880
0.781273639276
-0.083852993967
-0.735749607421
0.677253656454
-0.000000000091
-0.817444128313
0.568840537259
0.090584437169
-0.878252991367
0.444476252039
0.176387484048
-0.817444128083
0.568840537392
-0.090584438416
-0.894897479962
0.446271778580
-0.000000000243
0.266957436225
0.780939594251
-0.564683165479
-0.178217312081
0.709643570970
-0.681648437141
-0.083852993967
0.618530658880
-0.781273639276
-0.000000000091
0.735749607421
-0.677253656454
0.090584437169
0.817444128313
-0.568840537259
0.176387484048
0.878252991367
-0.444476252039
-0.090584438416
0.817444128083
-0.568840537392
-0.000000000243
0.894897479962
-0.446271778580
0.266957436021
-0.780939594377
-0.564683165401
0.288361668418
-0.421281902585
-0.859865749255
0.135676995103
-0.482853664085
-0.865126633551
0.256607107810
-0.577157692984
-0.775268849917
0.348913792617
-0.657787806354
-0.667513570748
0.433776739191
-0.719177683350
-0.542790199164
0.404898053772
-0.511219107080
-0.758098008577
0.500851380298
-0.585354303475
-0.637579982635
-0.996629370637
0.000000000126
-0.082035952994
-0.859865749309
-0.288361668384
-0.421281902498
-0.865126634049
-0.135676994795
-0.482853663279
-0.933860764207
-0.158591914437
-0.320550585321
-0.973738590898
-0.159656321959
-0.162305315547
-0.987266451562
-0.159075308017
0.000000000222
-0.917754329370
-0.306225021002
-0.252889753518
-0.947123158728
-0.309543176487
-0.084502923571
-0.266957436021
0.780939594377
-0.564683165401
-0.288361668418
0.421281902585
-0.859865749255
-0.135676995103
0.482853664085
-0.865126633551
-0.256607107810
0.577157692984
-0.775268849917
-0.348913792617
0.657787806354
-0.667513570748
-0.433776739191
0.719177683350
-0.542790199164
-0.404898053772
0.511219107080
-0.758098008577
-0.500851380298
0.585354303475
-0.637579982635
0.996629370637
-0.000000000126
-0.082035952994
0.859865749309
0.288361668384
-0.421281902498
0.865126634049
0.135676994795
-0.482853663279
0.933860764207
0.158591914437
-0.320550585321
0.973738590898
0.159656321959
-0.162305315547
0.987266451562
0.159075308017
0.000000000222
0.917754329370
0.306225021002
-0.252889753518
0.947123158728
0.309543176487
-0.084502923571
-0.266957436225
-0.780939594251
-0.564683165479
0.178217312081
-0.709643570970
-0.681648437141
0.083852993967
-0.618530658880
-0.781273639276
0.000000000091
-0.735749607421
-0.677253656454
-0.090584437169
-0.817444128313
-0.568840537259
-0.176387484048
-0.878252991367
-0.444476252039
0.090584438416
-0.817444128083
-0.568840537392
0.000000000243
-0.894897479962
-0.446271778580
0.831640601626
0.431946205158
-0.348993389015
0.681648437174
0.178217312168
-0.709643570916
0.781273639584
0.083852994773
-0.618530658382
0.775268849826
0.256607107753
-0.577157693131
0.758098007917
0.404898053639
-0.511219108164
0.719177683213
0.542790199523
-0.433776738969
0.667513570161
0.348913791979
-0.657787807289
0.637579982391
0.500851380148
-0.585354303869
-0.831640601500
0.431946205236
-0.348993389219
-0.970010105558
0.000000000054
-0.243064590417
-0.916950634379
0.000000000498
-0.399000669312
-0.933860764263
0.158591914290
-0.320550585230
-0.917754329876
0.306225020150
-0.252889752715
-0.878252991230
0.444476252397
-0.176387483827
-0.973738591163
0.159656320793
-0.162305315102
-0.947123158878
0.309543176093
-0.084502923328
0.431946205236
-0.348993389219
-0.831640601500
0.000000000054
-0.243064590417
-0.970010105558
0.000000000498
-0.399000669312
-0.916950634379
0.158591914290
-0.320550585230
-0.933860764263
0.306225020150
-0.252889752715
-0.917754329876
0.444476252397
-0.176387483827
-0.878252991230
0.159656320793
-0.162305315102
-0.973738591163
0.309543176093
-0.084502923328
-0.947123158878
0.780939594377
-0.564683165401
-0.266957436021
0.421281902585
-0.859865749255
-0.288361668418
0.482853664085
-0.865126633551
-0.135676995103
0.577157692984
-0.775268849917
-0.256607107810
0.657787806354
-0.667513570748
-0.348913792617
0.719177683350
-0.542790199164
-0.433776739191
0.511219107080
-0.758098008577
-0.404898053772
0.585354303475
-0.637579982635
-0.500851380298
-0.780939594377
-0.564683165401
0.266957436021
-0.421281902585
-0.859865749255
0.288361668418
-0.482853664085
-0.865126633551
0.135676995103
-0.577157692984
-0.775268849917
0.256607107810
-0.657787806354
-0.667513570748
0.348913792617
-0.719177683350
-0.542790199164
0.433776739191
-0.511219107080
-0.758098008577
0.404898053772
-0.585354303475
-0.637579982635
0.500851380298
-0.348993389219
-0.831640601500
0.431946205236
-0.243064590417
-0.970010105558
0.000000000054
-0.399000669312
-0.916950634379
0.000000000498
-0.320550585230
-0.933860764263
0.158591914290
-0.252889752715
-0.917754329876
0.306225020150
-0.176387483827
-0.878252991230
0.444476252397
-0.162305315102
-0.973738591163
0.159656320793
-0.084502923328
-0.947123158878
0.309543176093
0.348993389219
0.831640601500
0.431946205236
0.243064590417
0.970010105558
0.000000000054
0.399000669312
0.916950634379
0.000000000498
0.320550585230
0.933860764263
0.158591914290
0.252889752715
0.917754329876
0.306225020150
0.176387483827
0.878252991230
0.444476252397
0.162305315102
0.973738591163
0.159656320793
0.084502923328
0.947123158878
0.309543176093
0.000000000126
-0.082035952994
-0.996629370637
-0.288361668384
-0.421281902498
-0.859865749309
-0.135676994795
-0.482853663279
-0.865126634049
-0.158591914437
-0.320550585321
-0.933860764207
-0.159656321959
-0.162305315547
-0.973738590898
-0.159075308017
0.000000000222
-0.987266451562
-0.306225021002
-0.252889753518
-0.917754329370
-0.309543176487
-0.084502923571
-0.947123158728
0.780939594251
-0.564683165479
0.266957436225
0.709643570970
-0.681648437141
-0.178217312081
0.618530658880
-0.781273639276
-0.083852993967
0.735749607421
-0.677253656454
-0.000000000091
0.817444128313
-0.568840537259
0.090584437169
0.878252991367
-0.444476252039
0.176387484048
0.817444128083
-0.568840537392
-0.090584438416
0.894897479962
-0.446271778580
-0.000000000243
