0.448215797544
0.841910834890
0.300480856175
0.576797422487
0.801586182322
0.157366850772
0.754689486697
0.574824677315
0.316259970623
0.478001903277
0.748615149874
0.459444814795
0.617852401920
0.717462636065
0.321723134532
0.630741248839
0.609627536498
0.480124716878
0.525731112119
0.850650808352
0.000000000000
0.000000000000
0.525731112119
-0.850650808352
-0.525731112119
0.850650808352
0.000000000000
0.000000000000
0.525731112119
0.850650808352
0.850650808352
-0.000000000000
0.525731112119
-0.850650808352
-0.000000000000
0.525731112119
-0.000000000000
-0.525731112119
0.850650808352
-0.850650808352
-0.000000000000
-0.525731112119
-0.525731112119
-0.850650808352
0.000000000000
0.850650808352
-0.000000000000
-0.525731112119
0.525731112119
-0.850650808352
0.000000000000
0.000000000000
-0.525731112119
-0.850650808352
0.279150976087
0.392373446499
-0.876423305847
0.086617498176
0.391573212709
-0.916061039505
0.056145541602
0.073701070556
-0.995698664435
0.364032515066
0.228209259641
-0.902995493781
0.173061429733
0.228651005931
-0.958002327255
0.261443699971
0.058226913883
-0.963460854547
-0.448215797544
0.841910834890
-0.300480856175
-0.576797422487
0.801586182322
-0.157366850772
-0.754689486697
0.574824677315
-0.316259970623
-0.478001903277
0.748615149874
-0.459444814795
-0.617852401920
0.717462636065
-0.321723134532
-0.630741248839
0.609627536498
-0.480124716878
-0.279150976087
0.392373446499
0.876423305847
-0.086617498176
0.391573212709
0.916061039505
-0.056145541602
0.073701070556
0.995698664435
-0.364032515066
0.228209259641
0.902995493781
-0.173061429733
0.228651005931
0.958002327255
-0.261443699971
0.058226913883
0.963460854547
0.727366773631
0.669386043675
0.151194911127
0.663414920663
0.748053624429
-0.017216794703
0.810835028300
0.540124824288
-0.225414575994
0.842034418343
0.523630682553
0.129572167592
0.790913831653
0.610504790348
-0.041703859082
0.892184948810
0.448046443771
-0.057099924180
-0.241178535371
0.969866899850
-0.034512470957
-0.408790007412
0.905420475201
-0.114474857183
-0.299115646550
0.856384794911
-0.420873987120
-0.098637092049
0.983075497349
-0.154380343907
-0.270354865013
0.932227924880
-0.240539691190
-0.115326838063
0.928171160649
-0.353833318049
-0.207037262172
0.692854302673
0.690715923763
-0.168007415076
0.548940063481
0.818802977025
-0.455573840147
0.389961041180
0.800239253308
-0.379364811228
0.687654074436
0.619042982282
-0.347497536907
0.550374140463
0.759166495147
-0.515414410776
0.538351630760
0.666727460678
0.690715923763
-0.207037262172
0.692854302673
0.818802977025
-0.168007415076
0.548940063481
0.800239253308
-0.455573840147
0.389961041180
0.619042982282
-0.379364811228
0.687654074436
0.759166495147
-0.347497536907
0.550374140463
0.666727460678
-0.515414410776
0.538351630760
-0.969866899850
-0.034512470957
0.241178535371
-0.905420475201
-0.114474857183
0.408790007412
-0.856384794911
-0.420873987120
0.299115646550
-0.983075497349
-0.154380343907
0.098637092049
-0.932227924880
-0.240539691190
0.270354865013
-0.928171160649
-0.353833318049
0.115326838063
0.692854302673
0.690715923763
-0.207037262172
0.548940063481
0.818802977025
-0.168007415076
0.389961041180
0.800239253308
-0.455573840147
0.687654074436
0.619042982282
-0.379364811228
0.550374140463
0.759166495147
-0.347497536907
0.538351630760
0.666727460678
-0.515414410776
0.151194911127
0.727366773631
0.669386043675
-0.017216794703
0.663414920663
0.748053624429
-0.225414575994
0.810835028300
0.540124824288
0.129572167592
0.842034418343
0.523630682553
-0.041703859082
0.790913831653
0.610504790348
-0.057099924180
0.892184948810
0.448046443771
-0.300480856175
-0.448215797544
0.841910834890
-0.157366850772
-0.576797422487
0.801586182322
-0.316259970623
-0.754689486697
0.574824677315
-0.459444814795
-0.478001903277
0.748615149874
-0.321723134532
-0.617852401920
0.717462636065
-0.480124716878
-0.630741248839
0.609627536498
0.876423305847
-0.279150976087
0.392373446499
0.916061039505
-0.086617498176
0.391573212709
0.995698664435
-0.056145541602
0.073701070556
0.902995493781
-0.364032515066
0.228209259641
0.958002327255
-0.173061429733
0.228651005931
0.963460854547
-0.261443699971
0.058226913883
0.300480856175
0.448215797544
0.841910834890
0.157366850772
0.576797422487
0.801586182322
0.316259970623
0.754689486697
0.574824677315
0.459444814795
0.478001903277
0.748615149874
0.321723134532
0.617852401920
0.717462636065
0.480124716878
0.630741248839
0.609627536498
-0.034512470957
-0.241178535371
0.969866899850
-0.114474857183
-0.408790007412
0.905420475201
-0.420873987120
-0.299115646550
0.856384794911
-0.154380343907
-0.098637092049
0.983075497349
-0.240539691190
-0.270354865013
0.932227924880
-0.353833318049
-0.115326838063
0.928171160649
0.034512470957
0.241178535371
0.969866899850
0.114474857183
0.408790007412
0.905420475201
0.420873987120
0.299115646550
0.856384794911
0.154380343907
0.098637092049
0.983075497349
0.240539691190
0.270354865013
0.932227924880
0.353833318049
0.115326838063
0.928171160649
-0.392373446499
0.876423305847
0.279150976087
-0.391573212709
0.916061039505
0.086617498176
-0.073701070556
0.995698664435
0.056145541602
-0.228209259641
0.902995493781
0.364032515066
-0.228651005931
0.958002327255
0.173061429733
-0.058226913883
0.963460854547
0.261443699971
-0.669386043675
0.151194911127
-0.727366773631
-0.748053624429
-0.017216794703
-0.663414920663
-0.540124824288
-0.225414575994
-0.810835028300
-0.523630682553
0.129572167592
-0.842034418343
-0.610504790348
-0.041703859082
-0.790913831653
-0.448046443771
-0.057099924180
-0.892184948810
-0.841910834890
-0.300480856175
0.448215797544
-0.801586182322
-0.157366850772
0.576797422487
-0.574824677315
-0.316259970623
0.754689486697
-0.748615149874
-0.459444814795
0.478001903277
-0.717462636065
-0.321723134532
0.617852401920
-0.609627536498
-0.480124716878
0.630741248839
-0.692854302673
0.690715923763
0.207037262172
-0.548940063481
0.818802977025
0.168007415076
-0.389961041180
0.800239253308
0.455573840147
-0.687654074436
0.619042982282
0.379364811228
-0.550374140463
0.759166495147
0.347497536907
-0.538351630760
0.666727460678
0.515414410776
-0.841910834890
0.300480856175
-0.448215797544
-0.801586182322
0.157366850772
-0.576797422487
-0.574824677315
0.316259970623
-0.754689486697
-0.748615149874
0.459444814795
-0.478001903277
-0.717462636065
0.321723134532
-0.617852401920
-0.609627536498
0.480124716878
-0.630741248839
-0.392373446499
-0.876423305847
-0.279150976087
-0.391573212709
-0.916061039505
-0.086617498176
-0.073701070556
-0.995698664435
-0.056145541602
-0.228209259641
-0.902995493781
-0.364032515066
-0.228651005931
-0.958002327255
-0.173061429733
-0.058226913883
-0.963460854547
-0.261443699971
0.669386043675
0.151194911127
0.727366773631
0.748053624429
-0.017216794703
0.663414920663
0.540124824288
-0.225414575994
0.810835028300
0.523630682553
0.129572167592
0.842034418343
0.610504790348
-0.041703859082
0.790913831653
0.448046443771
-0.057099924180
0.892184948810
0.841910834890
-0.300480856175
-0.448215797544
0.801586182322
-0.157366850772
-0.576797422487
0.574824677315
-0.316259970623
-0.754689486697
0.748615149874
-0.459444814795
-0.478001903277
0.717462636065
-0.321723134532
-0.617852401920
0.609627536498
-0.480124716878
-0.630741248839
0.392373446499
0.876423305847
-0.279150976087
0.391573212709
0.916061039505
-0.086617498176
0.073701070556
0.995698664435
-0.056145541602
0.228209259641
0.902995493781
-0.364032515066
0.228651005931
0.958002327255
-0.173061429733
0.058226913883
0.963460854547
-0.261443699971
0.841910834890
0.300480856175
0.448215797544
0.801586182322
0.157366850772
0.576797422487
0.574824677315
0.316259970623
0.754689486697
0.748615149874
0.459444814795
0.478001903277
0.717462636065
0.321723134532
0.617852401920
0.609627536498
0.480124716878
0.630741248839
0.969866899850
-0.034512470957
-0.241178535371
0.905420475201
-0.114474857183
-0.408790007412
0.856384794911
-0.420873987120
-0.299115646550
0.983075497349
-0.154380343907
-0.098637092049
0.932227924880
-0.240539691190
-0.270354865013
0.928171160649
-0.353833318049
-0.115326838063
-0.034512470957
0.241178535371
-0.969866899850
-0.114474857183
0.408790007412
-0.905420475201
-0.420873987120
0.299115646550
-0.856384794911
-0.154380343907
0.098637092049
-0.983075497349
-0.240539691190
0.270354865013
-0.932227924880
-0.353833318049
0.115326838063
-0.928171160649
0.392373446499
-0.876423305847
0.279150976087
0.391573212709
-0.916061039505
0.086617498176
0.073701070556
-0.995698664435
0.056145541602
0.228209259641
-0.902995493781
0.364032515066
0.228651005931
-0.958002327255
0.173061429733
0.058226913883
-0.963460854547
0.261443699971
-0.876423305847
0.279150976087
0.392373446499
-0.916061039505
0.086617498176
0.391573212709
-0.995698664435
0.056145541602
0.073701070556
-0.902995493781
0.364032515066
0.228209259641
-0.958002327255
0.173061429733
0.228651005931
-0.963460854547
0.261443699971
0.058226913883
-0.151194911127
-0.727366773631
0.669386043675
0.017216794703
-0.663414920663
0.748053624429
0.225414575994
-0.810835028300
0.540124824288
-0.129572167592
-0.842034418343
0.523630682553
0.041703859082
-0.790913831653
0.610504790348
0.057099924180
-0.892184948810
0.448046443771
-0.690715923763
0.207037262172
0.692854302673
-0.818802977025
0.168007415076
0.548940063481
-0.800239253308
0.455573840147
0.389961041180
-0.619042982282
0.379364811228
0.687654074436
-0.759166495147
0.347497536907
0.550374140463
-0.666727460678
0.515414410776
0.538351630760
-0.692854302673
-0.690715923763
-0.207037262172
-0.548940063481
-0.818802977025
-0.168007415076
-0.389961041180
-0.800239253308
-0.455573840147
-0.687654074436
-0.619042982282
-0.379364811228
-0.550374140463
-0.759166495147
-0.347497536907
-0.538351630760
-0.666727460678
-0.515414410776
0.207037262172
-0.692854302673
0.690715923763
0.168007415076
-0.548940063481
0.818802977025
0.455573840147
-0.389961041180
0.800239253308
0.379364811228
-0.687654074436
0.619042982282
0.347497536907
-0.550374140463
0.759166495147
0.515414410776
-0.538351630760
0.666727460678
-0.669386043675
-0.151194911127
0.727366773631
-0.748053624429
0.017216794703
0.663414920663
-0.540124824288
0.225414575994
0.810835028300
-0.523630682553
-0.129572167592
0.842034418343
-0.610504790348
0.041703859082
0.790913831653
-0.448046443771
0.057099924180
0.892184948810
0.241178535371
-0.969866899850
-0.034512470957
0.408790007412
-0.905420475201
-0.114474857183
0.299115646550
-0.856384794911
-0.420873987120
0.098637092049
-0.983075497349
-0.154380343907
0.270354865013
-0.932227924880
-0.240539691190
0.115326838063
-0.928171160649
-0.353833318049
0.969866899850
0.034512470957
0.241178535371
0.905420475201
0.114474857183
0.408790007412
0.856384794911
0.420873987120
0.299115646550
0.983075497349
0.154380343907
0.098637092049
0.932227924880
0.240539691190
0.270354865013
0.928171160649
0.353833318049
0.115326838063
0.279150976087
-0.392373446499
0.876423305847
0.086617498176
-0.391573212709
0.916061039505
0.056145541602
-0.073701070556
0.995698664435
0.364032515066
-0.228209259641
0.902995493781
0.173061429733
-0.228651005931
0.958002327255
0.261443699971
-0.058226913883
0.963460854547
0.669386043675
-0.151194911127
-0.727366773631
0.748053624429
0.017216794703
-0.663414920663
0.540124824288
0.225414575994
-0.810835028300
0.523630682553
-0.129572167592
-0.842034418343
0.610504790348
0.041703859082
-0.790913831653
0.448046443771
0.057099924180
-0.892184948810
-0.727366773631
-0.669386043675
0.151194911127
-0.663414920663
-0.748053624429
-0.017216794703
-0.810835028300
-0.540124824288
-0.225414575994
-0.842034418343
-0.523630682553
0.129572167592
-0.790913831653
-0.610504790348
-0.041703859082
-0.892184948810
-0.448046443771
-0.057099924180
0.692854302673
-0.690715923763
0.207037262172
0.548940063481
-0.818802977025
0.168007415076
0.389961041180
-0.800239253308
0.455573840147
0.687654074436
-0.619042982282
0.379364811228
0.550374140463
-0.759166495147
0.347497536907
0.538351630760
-0.666727460678
0.515414410776
-0.207037262172
-0.692854302673
-0.690715923763
-0.168007415076
-0.548940063481
-0.818802977025
-0.455573840147
-0.389961041180
-0.800239253308
-0.379364811228
-0.687654074436
-0.619042982282
-0.347497536907
-0.550374140463
-0.759166495147
-0.515414410776
-0.538351630760
-0.666727460678
0.207037262172
0.692854302673
-0.690715923763
0.168007415076
0.548940063481
-0.818802977025
0.455573840147
0.389961041180
-0.800239253308
0.379364811228
0.687654074436
-0.619042982282
0.347497536907
0.550374140463
-0.759166495147
0.515414410776
0.538351630760
-0.666727460678
-0.690715923763
-0.207037262172
-0.692854302673
-0.818802977025
-0.168007415076
-0.548940063481
-0.800239253308
-0.455573840147
-0.389961041180
-0.619042982282
-0.379364811228
-0.687654074436
-0.759166495147
-0.347497536907
-0.550374140463
-0.666727460678
-0.515414410776
-0.538351630760
-0.727366773631
0.669386043675
-0.151194911127
-0.663414920663
0.748053624429
0.017216794703
-0.810835028300
0.540124824288
0.225414575994
-0.842034418343
0.523630682553
-0.129572167592
-0.790913831653
0.610504790348
0.041703859082
-0.892184948810
0.448046443771
0.057099924180
-0.151194911127
0.727366773631
-0.669386043675
0.017216794703
0.663414920663
-0.748053624429
0.225414575994
0.810835028300
-0.540124824288
-0.129572167592
0.842034418343
-0.523630682553
0.041703859082
0.790913831653
-0.610504790348
0.057099924180
0.892184948810
-0.448046443771
0.300480856175
-0.448215797544
-0.841910834890
0.157366850772
-0.576797422487
-0.801586182322
0.316259970623
-0.754689486697
-0.574824677315
0.459444814795
-0.478001903277
-0.748615149874
0.321723134532
-0.617852401920
-0.717462636065
0.480124716878
-0.630741248839
-0.609627536498
-0.876423305847
-0.279150976087
-0.392373446499
-0.916061039505
-0.086617498176
-0.391573212709
-0.995698664435
-0.056145541602
-0.073701070556
-0.902995493781
-0.364032515066
-0.228209259641
-0.958002327255
-0.173061429733
-0.228651005931
-0.963460854547
-0.261443699971
-0.058226913883
-0.300480856175
0.448215797544
-0.841910834890
-0.157366850772
0.576797422487
-0.801586182322
-0.316259970623
0.754689486697
-0.574824677315
-0.459444814795
0.478001903277
-0.748615149874
-0.321723134532
0.617852401920
-0.717462636065
-0.480124716878
0.630741248839
-0.609627536498
0.876423305847
0.279150976087
-0.392373446499
0.916061039505
0.086617498176
-0.391573212709
0.995698664435
0.056145541602
-0.073701070556
0.902995493781
0.364032515066
-0.228209259641
0.958002327255
0.173061429733
-0.228651005931
0.963460854547
0.261443699971
-0.058226913883
0.151194911127
-0.727366773631
-0.669386043675
-0.017216794703
-0.663414920663
-0.748053624429
-0.225414575994
-0.810835028300
-0.540124824288
0.129572167592
-0.842034418343
-0.523630682553
-0.041703859082
-0.790913831653
-0.610504790348
-0.057099924180
-0.892184948810
-0.448046443771
0.690715923763
0.207037262172
-0.692854302673
0.818802977025
0.168007415076
-0.548940063481
0.800239253308
0.455573840147
-0.389961041180
0.619042982282
0.379364811228
-0.687654074436
0.759166495147
0.347497536907
-0.550374140463
0.666727460678
0.515414410776
-0.538351630760
-0.969866899850
0.034512470957
-0.241178535371
-0.905420475201
0.114474857183
-0.408790007412
-0.856384794911
0.420873987120
-0.299115646550
-0.983075497349
0.154380343907
-0.098637092049
-0.932227924880
0.240539691190
-0.270354865013
-0.928171160649
0.353833318049
-0.115326838063
0.034512470957
-0.241178535371
-0.969866899850
0.114474857183
-0.408790007412
-0.905420475201
0.420873987120
-0.299115646550
-0.856384794911
0.154380343907
-0.098637092049
-0.983075497349
0.240539691190
-0.270354865013
-0.932227924880
0.353833318049
-0.115326838063
-0.928171160649
0.448215797544
-0.841910834890
-0.300480856175
0.576797422487
-0.801586182322
-0.157366850772
0.754689486697
-0.574824677315
-0.316259970623
0.478001903277
-0.748615149874
-0.459444814795
0.617852401920
-0.717462636065
-0.321723134532
0.630741248839
-0.609627536498
-0.480124716878
-0.448215797544
-0.841910834890
0.300480856175
-0.576797422487
-0.801586182322
0.157366850772
-0.754689486697
-0.574824677315
0.316259970623
-0.478001903277
-0.748615149874
0.459444814795
-0.617852401920
-0.717462636065
0.321723134532
-0.630741248839
-0.609627536498
0.480124716878
-0.241178535371
-0.969866899850
0.034512470957
-0.408790007412
-0.905420475201
0.114474857183
-0.299115646550
-0.856384794911
0.420873987120
-0.098637092049
-0.983075497349
0.154380343907
-0.270354865013
-0.932227924880
0.240539691190
-0.115326838063
-0.928171160649
0.353833318049
0.241178535371
0.969866899850
0.034512470957
0.408790007412
0.905420475201
0.114474857183
0.299115646550
0.856384794911
0.420873987120
0.098637092049
0.983075497349
0.154380343907
0.270354865013
0.932227924880
0.240539691190
0.115326838063
0.928171160649
0.353833318049
-0.279150976087
-0.392373446499
-0.876423305847
-0.086617498176
-0.391573212709
-0.916061039505
-0.056145541602
-0.073701070556
-0.995698664435
-0.364032515066
-0.228209259641
-0.902995493781
-0.173061429733
-0.228651005931
-0.958002327255
-0.261443699971
-0.058226913883
-0.963460854547
0.727366773631
-0.669386043675
-0.151194911127
0.663414920663
-0.748053624429
0.017216794703
0.810835028300
-0.540124824288
0.225414575994
0.842034418343
-0.523630682553
-0.129572167592
0.790913831653
-0.610504790348
0.041703859082
0.892184948810
-0.448046443771
0.057099924180
