0.794726012275
0.534908580128
0.286850791038
0.371704578865
0.842460601591
0.389994667679
0.723127014004
0.663007516880
0.193670736507
0.679429796059
0.719232582487
0.145188307093
0.475894114003
0.865752630401
0.154910216612
0.504324800801
0.860507830512
0.071991450363
0.558439426124
0.817873508204
0.138666260960
0.609303704929
0.769837818574
0.189996653269
0.655554831494
0.716379020829
0.238849244131
0.696927530225
0.657447133679
0.286452935107
0.732943381649
0.593356978614
0.332748396281
0.377399600577
0.763054649811
0.524706720832
0.419918116648
0.786817231681
0.452313408203
0.459749921225
0.804030957632
0.377046720054
0.496409840416
0.814736034721
0.299637220760
0.529525004793
0.819143767003
0.220469404406
0.579372392502
0.766971181612
0.275831175509
0.624258183874
0.709781477228
0.326361723323
0.663770999759
0.647542329039
0.374295327222
0.697392465547
0.580525955185
0.420277722887
0.464288100600
0.724592375569
0.509315667252
0.505903892685
0.745109566953
0.434595196248
0.544499750715
0.759074899834
0.356826733744
0.587675895076
0.698203731794
0.408838099075
0.625173574779
0.632362191565
0.457467004358
0.503548155073
0.656291107181
0.561890770664
0.547136001755
0.680592064280
0.487274704477
0.582396754995
0.610857938882
0.536345595932
0.525731112119
0.850650808352
0.000000000000
0.000000000000
0.525731112119
-0.850650808352
-0.525731112119
0.850650808352
0.000000000000
0.000000000000
0.525731112119
0.850650808352
0.850650808352
-0.000000000000
0.525731112119
-0.850650808352
-0.000000000000
0.525731112119
-0.000000000000
-0.525731112119
0.850650808352
-0.850650808352
-0.000000000000
-0.525731112119
-0.525731112119
-0.850650808352
0.000000000000
0.850650808352
-0.000000000000
-0.525731112119
0.525731112119
-0.850650808352
0.000000000000
0.000000000000
-0.525731112119
-0.850650808352
0.000000000359
0.043740892577
-0.999042909147
0.389994667418
0.371704578182
-0.842460602013
0.000000000260
0.216090443882
-0.976373350754
0.000000000690
0.299321875127
-0.954152197016
0.154910216559
0.475894113864
-0.865752630487
0.071991449814
0.504324799363
-0.860507831400
0.085700461885
0.419773163905
-0.903573971348
0.086951637756
0.339528351946
-0.936568156044
0.086828973698
0.257560596523
-0.962352985367
0.086443864687
0.173296985809
-0.981068607676
0.086084806741
0.087169720445
-0.992467050277
0.471593708356
0.238347928670
-0.848993309242
0.399110071753
0.280629973505
-0.872902038373
0.323621473496
0.319880809880
-0.890474822419
0.245973964193
0.355917610775
-0.901565007794
0.166730337348
0.388834300711
-0.906095404027
0.170473041629
0.303541217011
-0.937444223223
0.171237627301
0.218138028014
-0.960777537066
0.171027365009
0.131608565860
-0.976436800725
0.170707973227
0.044010378374
-0.984338292698
0.403812338053
0.188076798832
-0.895300348138
0.328894471956
0.229175803853
-0.916136931493
0.250996060341
0.267431450693
-0.930312526452
0.252675841222
0.178837796257
-0.950879572760
0.252922457296
0.089668998357
-0.963322220926
0.405610210289
0.094400336231
-0.909158365649
0.330960030073
0.137898871224
-0.933514520406
0.331479808733
0.046051160976
-0.942337745702
-0.794726012275
0.534908580128
-0.286850791038
-0.371704578865
0.842460601591
-0.389994667679
-0.723127014004
0.663007516880
-0.193670736507
-0.679429796059
0.719232582487
-0.145188307093
-0.475894114003
0.865752630401
-0.154910216612
-0.504324800801
0.860507830512
-0.071991450363
-0.558439426124
0.817873508204
-0.138666260960
-0.609303704929
0.769837818574
-0.189996653269
-0.655554831494
0.716379020829
-0.238849244131
-0.696927530225
0.657447133679
-0.286452935107
-0.732943381649
0.593356978614
-0.332748396281
-0.377399600577
0.763054649811
-0.524706720832
-0.419918116648
0.786817231681
-0.452313408203
-0.459749921225
0.804030957632
-0.377046720054
-0.496409840416
0.814736034721
-0.299637220760
-0.529525004793
0.819143767003
-0.220469404406
-0.579372392502
0.766971181612
-0.275831175509
-0.624258183874
0.709781477228
-0.326361723323
-0.663770999759
0.647542329039
-0.374295327222
-0.697392465547
0.580525955185
-0.420277722887
-0.464288100600
0.724592375569
-0.509315667252
-0.505903892685
0.745109566953
-0.434595196248
-0.544499750715
0.759074899834
-0.356826733744
-0.587675895076
0.698203731794
-0.408838099075
-0.625173574779
0.632362191565
-0.457467004358
-0.503548155073
0.656291107181
-0.561890770664
-0.547136001755
0.680592064280
-0.487274704477
-0.582396754995
0.610857938882
-0.536345595932
-0.000000000359
0.043740892577
0.999042909147
-0.389994667418
0.371704578182
0.842460602013
-0.000000000260
0.216090443882
0.976373350754
-0.000000000690
0.299321875127
0.954152197016
-0.154910216559
0.475894113864
0.865752630487
-0.071991449814
0.504324799363
0.860507831400
-0.085700461885
0.419773163905
0.903573971348
-0.086951637756
0.339528351946
0.936568156044
-0.086828973698
0.257560596523
0.962352985367
-0.086443864687
0.173296985809
0.981068607676
-0.086084806741
0.087169720445
0.992467050277
-0.471593708356
0.238347928670
0.848993309242
-0.399110071753
0.280629973505
0.872902038373
-0.323621473496
0.319880809880
0.890474822419
-0.245973964193
0.355917610775
0.901565007794
-0.166730337348
0.388834300711
0.906095404027
-0.170473041629
0.303541217011
0.937444223223
-0.171237627301
0.218138028014
0.960777537066
-0.171027365009
0.131608565860
0.976436800725
-0.170707973227
0.044010378374
0.984338292698
-0.403812338053
0.188076798832
0.895300348138
-0.328894471956
0.229175803853
0.916136931493
-0.250996060341
0.267431450693
0.930312526452
-0.252675841222
0.178837796257
0.950879572760
-0.252922457296
0.089668998357
0.963322220926
-0.405610210289
0.094400336231
0.909158365649
-0.330960030073
0.137898871224
0.933514520406
-0.331479808733
0.046051160976
0.942337745702
0.794726012634
0.534908579906
-0.286850790457
0.761699246284
0.601430641695
0.241029959635
0.723127014263
0.663007516719
-0.193670736087
0.679429796749
0.719232582061
-0.145188305976
0.630804330561
0.770012851363
0.095739778985
0.576316250615
0.816014667627
0.044493162335
0.644139888009
0.764907709907
-0.000000000778
0.696255342685
0.716098751063
-0.049305948001
0.742383805192
0.662715763875
-0.098357013479
0.783371394913
0.604021887183
-0.146583823924
0.819028188390
0.540153642133
-0.193460253059
0.848993308932
0.471593709167
0.238347928169
0.819028188401
0.540153642086
0.193460253145
0.783371394721
0.604021887522
0.146583823552
0.742383804609
0.662715764503
0.098357013651
0.696255342141
0.716098751566
0.049305948379
0.749845434130
0.661613047720
0.000000000012
0.795495811175
0.603950803403
-0.049293422198
0.834798364768
0.541841604458
-0.097567237632
0.868100438774
0.475022625580
-0.144066420054
0.868100438654
0.475022625575
0.144066420795
0.834798364640
0.541841604573
0.097567238088
0.795495811055
0.603950803501
0.049293422930
0.840351736298
0.542041473783
0.000000000158
0.878096032075
0.476047516438
-0.048229871935
0.909158365362
0.405610211039
0.094400335768
0.878096031827
0.476047516777
0.048229873099
0.913876563728
0.405992150500
0.000000001183
-0.330591683034
0.821759370945
-0.464134329019
-0.130674618547
0.991425309374
-0.000000000422
-0.409761179968
0.856678253226
-0.313365833875
-0.444510181103
0.864420889154
-0.234919614529
-0.380154334879
0.924923067975
-0.000000000086
-0.459831637027
0.888006117991
-0.000000000888
-0.419773164683
0.903573970867
-0.085700463145
-0.388834299948
0.906095404332
-0.166730337470
-0.355917610001
0.901565008006
-0.245973964539
-0.319880809733
0.890474822290
-0.323621473997
-0.280629973504
0.872902038414
-0.399110071663
-0.000000000501
0.996300429999
-0.085938659431
-0.087169720360
0.992467050289
-0.086084806692
-0.173296986327
0.981068607576
-0.086443864788
-0.257560597124
0.962352985263
-0.086828973073
-0.339528352332
0.936568155972
-0.086951637024
-0.303541216999
0.937444223230
-0.170473041610
-0.267431450211
0.930312526726
-0.250996059838
-0.229175803492
0.916136931680
-0.328894471686
-0.188076798429
0.895300348467
-0.403812337513
-0.044010378037
0.984338292827
-0.170707972569
-0.131608565764
0.976436800820
-0.171027364540
-0.218138027764
0.960777537244
-0.171237626618
-0.178837796099
0.950879572858
-0.252675840966
-0.137898870292
0.933514520797
-0.330960029360
-0.000000000463
0.967500981703
-0.252867258467
-0.089668998126
0.963322221254
-0.252922456126
-0.046051159793
0.942337746433
-0.331479806820
-0.464134329241
0.330591683615
0.821759370585
-0.241029960318
0.761699245861
0.601430641956
-0.313365834035
0.409761180389
0.856678252967
-0.234919614955
0.444510182220
0.864420888464
-0.095739779124
0.630804330476
0.770012851416
-0.044493163773
0.576316249726
0.816014668176
-0.138666261441
0.558439424865
0.817873508982
-0.220469404981
0.529525005215
0.819143766576
-0.299637221492
0.496409840653
0.814736034307
-0.377046720493
0.459749920915
0.804030957603
-0.452313408144
0.419918116726
0.786817231673
-0.377399600075
0.763054649502
0.524706721643
-0.332748396288
0.732943381709
0.593356978536
-0.286452934898
0.696927529933
0.657447134079
-0.238849243292
0.655554831536
0.716379021070
-0.189996652461
0.609303705117
0.769837818624
-0.275831175502
0.579372392520
0.766971181601
-0.356826733663
0.544499751337
0.759074899425
-0.434595196267
0.505903893082
0.745109566671
-0.509315667118
0.464288101261
0.724592375240
-0.420277722563
0.697392466084
0.580525954774
-0.374295326921
0.663771000100
0.647542328865
-0.326361722951
0.624258184437
0.709781476904
-0.408838098978
0.587675895332
0.698203731636
-0.487274704487
0.547136002715
0.680592063501
-0.503548154610
0.656291106895
0.561890771413
-0.457467003629
0.625173575701
0.632362191181
-0.536345595202
0.582396756908
0.610857937699
0.821759370585
-0.464134329241
0.330591683615
0.601430641956
-0.241029960318
0.761699245861
0.856678252967
-0.313365834035
0.409761180389
0.864420888464
-0.234919614955
0.444510182220
0.770012851416
-0.095739779124
0.630804330476
0.816014668176
-0.044493163773
0.576316249726
0.817873508982
-0.138666261441
0.558439424865
0.819143766576
-0.220469404981
0.529525005215
0.814736034307
-0.299637221492
0.496409840653
0.804030957603
-0.377046720493
0.459749920915
0.786817231673
-0.452313408144
0.419918116726
0.524706721643
-0.377399600075
0.763054649502
0.593356978536
-0.332748396288
0.732943381709
0.657447134079
-0.286452934898
0.696927529933
0.716379021070
-0.238849243292
0.655554831536
0.769837818624
-0.189996652461
0.609303705117
0.766971181601
-0.275831175502
0.579372392520
0.759074899425
-0.356826733663
0.544499751337
0.745109566671
-0.434595196267
0.505903893082
0.724592375240
-0.509315667118
0.464288101261
0.580525954774
-0.420277722563
0.697392466084
0.647542328865
-0.374295326921
0.663771000100
0.709781476904
-0.326361722951
0.624258184437
0.698203731636
-0.408838098978
0.587675895332
0.680592063501
-0.487274704487
0.547136002715
0.561890771413
-0.503548154610
0.656291106895
0.632362191181
-0.457467003629
0.625173575701
0.610857937699
-0.536345595202
0.582396756908
-0.821759370945
-0.464134329019
0.330591683034
-0.991425309374
-0.000000000422
0.130674618547
-0.856678253226
-0.313365833875
0.409761179968
-0.864420889154
-0.234919614529
0.444510181103
-0.924923067975
-0.000000000086
0.380154334879
-0.888006117991
-0.000000000888
0.459831637027
-0.903573970867
-0.085700463145
0.419773164683
-0.906095404332
-0.166730337470
0.388834299948
-0.901565008006
-0.245973964539
0.355917610001
-0.890474822290
-0.323621473997
0.319880809733
-0.872902038414
-0.399110071663
0.280629973504
-0.996300429999
-0.085938659431
0.000000000501
-0.992467050289
-0.086084806692
0.087169720360
-0.981068607576
-0.086443864788
0.173296986327
-0.962352985263
-0.086828973073
0.257560597124
-0.936568155972
-0.086951637024
0.339528352332
-0.937444223230
-0.170473041610
0.303541216999
-0.930312526726
-0.250996059838
0.267431450211
-0.916136931680
-0.328894471686
0.229175803492
-0.895300348467
-0.403812337513
0.188076798429
-0.984338292827
-0.170707972569
0.044010378037
-0.976436800820
-0.171027364540
0.131608565764
-0.960777537244
-0.171237626618
0.218138027764
-0.950879572858
-0.252675840966
0.178837796099
-0.933514520797
-0.330960029360
0.137898870292
-0.967500981703
-0.252867258467
0.000000000463
-0.963322221254
-0.252922456126
0.089668998126
-0.942337746433
-0.331479806820
0.046051159793
0.330591683615
0.821759370585
-0.464134329241
0.761699245861
0.601430641956
-0.241029960318
0.409761180389
0.856678252967
-0.313365834035
0.444510182220
0.864420888464
-0.234919614955
0.630804330476
0.770012851416
-0.095739779124
0.576316249726
0.816014668176
-0.044493163773
0.558439424865
0.817873508982
-0.138666261441
0.529525005215
0.819143766576
-0.220469404981
0.496409840653
0.814736034307
-0.299637221492
0.459749920915
0.804030957603
-0.377046720493
0.419918116726
0.786817231673
-0.452313408144
0.763054649502
0.524706721643
-0.377399600075
0.732943381709
0.593356978536
-0.332748396288
0.696927529933
0.657447134079
-0.286452934898
0.655554831536
0.716379021070
-0.238849243292
0.609303705117
0.769837818624
-0.189996652461
0.579372392520
0.766971181601
-0.275831175502
0.544499751337
0.759074899425
-0.356826733663
0.505903893082
0.745109566671
-0.434595196267
0.464288101261
0.724592375240
-0.509315667118
0.697392466084
0.580525954774
-0.420277722563
0.663771000100
0.647542328865
-0.374295326921
0.624258184437
0.709781476904
-0.326361722951
0.587675895332
0.698203731636
-0.408838098978
0.547136002715
0.680592063501
-0.487274704487
0.656291106895
0.561890771413
-0.503548154610
0.625173575701
0.632362191181
-0.457467003629
0.582396756908
0.610857937699
-0.536345595202
-0.286850790457
0.794726012634
0.534908579906
0.241029959635
0.761699246284
0.601430641695
-0.193670736087
0.723127014263
0.663007516719
-0.145188305976
0.679429796749
0.719232582061
0.095739778985
0.630804330561
0.770012851363
0.044493162335
0.576316250615
0.816014667627
-0.000000000778
0.644139888009
0.764907709907
-0.049305948001
0.696255342685
0.716098751063
-0.098357013479
0.742383805192
0.662715763875
-0.146583823924
0.783371394913
0.604021887183
-0.193460253059
0.819028188390
0.540153642133
0.238347928169
0.848993308932
0.471593709167
0.193460253145
0.819028188401
0.540153642086
0.146583823552
0.783371394721
0.604021887522
0.098357013651
0.742383804609
0.662715764503
0.049305948379
0.696255342141
0.716098751566
0.000000000012
0.749845434130
0.661613047720
-0.049293422198
0.795495811175
0.603950803403
-0.097567237632
0.834798364768
0.541841604458
-0.144066420054
0.868100438774
0.475022625580
0.144066420795
0.868100438654
0.475022625575
0.097567238088
0.834798364640
0.541841604573
0.049293422930
0.795495811055
0.603950803501
0.000000000158
0.840351736298
0.542041473783
-0.048229871935
0.878096032075
0.476047516438
0.094400335768
0.909158365362
0.405610211039
0.048229873099
0.878096031827
0.476047516777
0.000000001183
0.913876563728
0.405992150500
-0.286850791038
-0.794726012275
0.534908580128
-0.389994667679
-0.371704578865
0.842460601591
-0.193670736507
-0.723127014004
0.663007516880
-0.145188307093
-0.679429796059
0.719232582487
-0.154910216612
-0.475894114003
0.865752630401
-0.071991450363
-0.504324800801
0.860507830512
-0.138666260960
-0.558439426124
0.817873508204
-0.189996653269
-0.609303704929
0.769837818574
-0.238849244131
-0.655554831494
0.716379020829
-0.286452935107
-0.696927530225
0.657447133679
-0.332748396281
-0.732943381649
0.593356978614
-0.524706720832
-0.377399600577
0.763054649811
-0.452313408203
-0.419918116648
0.786817231681
-0.377046720054
-0.459749921225
0.804030957632
-0.299637220760
-0.496409840416
0.814736034721
-0.220469404406
-0.529525004793
0.819143767003
-0.275831175509
-0.579372392502
0.766971181612
-0.326361723323
-0.624258183874
0.709781477228
-0.374295327222
-0.663770999759
0.647542329039
-0.420277722887
-0.697392465547
0.580525955185
-0.509315667252
-0.464288100600
0.724592375569
-0.434595196248
-0.505903892685
0.745109566953
-0.356826733744
-0.544499750715
0.759074899834
-0.408838099075
-0.587675895076
0.698203731794
-0.457467004358
-0.625173574779
0.632362191565
-0.561890770664
-0.503548155073
0.656291107181
-0.487274704477
-0.547136001755
0.680592064280
-0.536345595932
-0.582396754995
0.610857938882
0.999042909147
-0.000000000359
0.043740892577
0.842460602013
-0.389994667418
0.371704578182
0.976373350754
-0.000000000260
0.216090443882
0.954152197016
-0.000000000690
0.299321875127
0.865752630487
-0.154910216559
0.475894113864
0.860507831400
-0.071991449814
0.504324799363
0.903573971348
-0.085700461885
0.419773163905
0.936568156044
-0.086951637756
0.339528351946
0.962352985367
-0.086828973698
0.257560596523
0.981068607676
-0.086443864687
0.173296985809
0.992467050277
-0.086084806741
0.087169720445
0.848993309242
-0.471593708356
0.238347928670
0.872902038373
-0.399110071753
0.280629973505
0.890474822419
-0.323621473496
0.319880809880
0.901565007794
-0.245973964193
0.355917610775
0.906095404027
-0.166730337348
0.388834300711
0.937444223223
-0.170473041629
0.303541217011
0.960777537066
-0.171237627301
0.218138028014
0.976436800725
-0.171027365009
0.131608565860
0.984338292698
-0.170707973227
0.044010378374
0.895300348138
-0.403812338053
0.188076798832
0.916136931493
-0.328894471956
0.229175803853
0.930312526452
-0.250996060341
0.267431450693
0.950879572760
-0.252675841222
0.178837796257
0.963322220926
-0.252922457296
0.089668998357
0.909158365649
-0.405610210289
0.094400336231
0.933514520406
-0.330960030073
0.137898871224
0.942337745702
-0.331479808733
0.046051160976
0.286850791038
0.794726012275
0.534908580128
0.389994667679
0.371704578865
0.842460601591
0.193670736507
0.723127014004
0.663007516880
0.145188307093
0.679429796059
0.719232582487
0.154910216612
0.475894114003
0.865752630401
0.071991450363
0.504324800801
0.860507830512
0.138666260960
0.558439426124
0.817873508204
0.189996653269
0.609303704929
0.769837818574
0.238849244131
0.655554831494
0.716379020829
0.286452935107
0.696927530225
0.657447133679
0.332748396281
0.732943381649
0.593356978614
0.524706720832
0.377399600577
0.763054649811
0.452313408203
0.419918116648
0.786817231681
0.377046720054
0.459749921225
0.804030957632
0.299637220760
0.496409840416
0.814736034721
0.220469404406
0.529525004793
0.819143767003
0.275831175509
0.579372392502
0.766971181612
0.326361723323
0.624258183874
0.709781477228
0.374295327222
0.663770999759
0.647542329039
0.420277722887
0.697392465547
0.580525955185
0.509315667252
0.464288100600
0.724592375569
0.434595196248
0.505903892685
0.745109566953
0.356826733744
0.544499750715
0.759074899834
0.408838099075
0.587675895076
0.698203731794
0.457467004358
0.625173574779
0.632362191565
0.561890770664
0.503548155073
0.656291107181
0.487274704477
0.547136001755
0.680592064280
0.536345595932
0.582396754995
0.610857938882
-0.464134329019
-0.330591683034
0.821759370945
-0.000000000422
-0.130674618547
0.991425309374
-0.313365833875
-0.409761179968
0.856678253226
-0.234919614529
-0.444510181103
0.864420889154
-0.000000000086
-0.380154334879
0.924923067975
-0.000000000888
-0.459831637027
0.888006117991
-0.085700463145
-0.419773164683
0.903573970867
-0.166730337470
-0.388834299948
0.906095404332
-0.245973964539
-0.355917610001
0.901565008006
-0.323621473997
-0.319880809733
0.890474822290
-0.399110071663
-0.280629973504
0.872902038414
-0.085938659431
-0.000000000501
0.996300429999
-0.086084806692
-0.087169720360
0.992467050289
-0.086443864788
-0.173296986327
0.981068607576
-0.086828973073
-0.257560597124
0.962352985263
-0.086951637024
-0.339528352332
0.936568155972
-0.170473041610
-0.303541216999
0.937444223230
-0.250996059838
-0.267431450211
0.930312526726
-0.328894471686
-0.229175803492
0.916136931680
-0.403812337513
-0.188076798429
0.895300348467
-0.170707972569
-0.044010378037
0.984338292827
-0.171027364540
-0.131608565764
0.976436800820
-0.171237626618
-0.218138027764
0.960777537244
-0.252675840966
-0.178837796099
0.950879572858
-0.330960029360
-0.137898870292
0.933514520797
-0.252867258467
-0.000000000463
0.967500981703
-0.252922456126
-0.089668998126
0.963322221254
-0.331479806820
-0.046051159793
0.942337746433
0.464134329019
0.330591683034
0.821759370945
0.000000000422
0.130674618547
0.991425309374
0.313365833875
0.409761179968
0.856678253226
0.234919614529
0.444510181103
0.864420889154
0.000000000086
0.380154334879
0.924923067975
0.000000000888
0.459831637027
0.888006117991
0.085700463145
0.419773164683
0.903573970867
0.166730337470
0.388834299948
0.906095404332
0.245973964539
0.355917610001
0.901565008006
0.323621473997
0.319880809733
0.890474822290
0.399110071663
0.280629973504
0.872902038414
0.085938659431
0.000000000501
0.996300429999
0.086084806692
0.087169720360
0.992467050289
0.086443864788
0.173296986327
0.981068607576
0.086828973073
0.257560597124
0.962352985263
0.086951637024
0.339528352332
0.936568155972
0.170473041610
0.303541216999
0.937444223230
0.250996059838
0.267431450211
0.930312526726
0.328894471686
0.229175803492
0.916136931680
0.403812337513
0.188076798429
0.895300348467
0.170707972569
0.044010378037
0.984338292827
0.171027364540
0.131608565764
0.976436800820
0.171237626618
0.218138027764
0.960777537244
0.252675840966
0.178837796099
0.950879572858
0.330960029360
0.137898870292
0.933514520797
0.252867258467
0.000000000463
0.967500981703
0.252922456126
0.089668998126
0.963322221254
0.331479806820
0.046051159793
0.942337746433
-0.043740892577
0.999042909147
0.000000000359
-0.371704578182
0.842460602013
0.389994667418
-0.216090443882
0.976373350754
0.000000000260
-0.299321875127
0.954152197016
0.000000000690
-0.475894113864
0.865752630487
0.154910216559
-0.504324799363
0.860507831400
0.071991449814
-0.419773163905
0.903573971348
0.085700461885
-0.339528351946
0.936568156044
0.086951637756
-0.257560596523
0.962352985367
0.086828973698
-0.173296985809
0.981068607676
0.086443864687
-0.087169720445
0.992467050277
0.086084806741
-0.238347928670
0.848993309242
0.471593708356
-0.280629973505
0.872902038373
0.399110071753
-0.319880809880
0.890474822419
0.323621473496
-0.355917610775
0.901565007794
0.245973964193
-0.388834300711
0.906095404027
0.166730337348
-0.303541217011
0.937444223223
0.170473041629
-0.218138028014
0.960777537066
0.171237627301
-0.131608565860
0.976436800725
0.171027365009
-0.044010378374
0.984338292698
0.170707973227
-0.188076798832
0.895300348138
0.403812338053
-0.229175803853
0.916136931493
0.328894471956
-0.267431450693
0.930312526452
0.250996060341
-0.178837796257
0.950879572760
0.252675841222
-0.089668998357
0.963322220926
0.252922457296
-0.094400336231
0.909158365649
0.405610210289
-0.137898871224
0.933514520406
0.330960030073
-0.046051160976
0.942337745702
0.331479808733
-0.534908579906
-0.286850790457
-0.794726012634
-0.601430641695
0.241029959635
-0.761699246284
-0.663007516719
-0.193670736087
-0.723127014263
-0.719232582061
-0.145188305976
-0.679429796749
-0.770012851363
0.095739778985
-0.630804330561
-0.816014667627
0.044493162335
-0.576316250615
-0.764907709907
-0.000000000778
-0.644139888009
-0.716098751063
-0.049305948001
-0.696255342685
-0.662715763875
-0.098357013479
-0.742383805192
-0.604021887183
-0.146583823924
-0.783371394913
-0.540153642133
-0.193460253059
-0.819028188390
-0.471593709167
0.238347928169
-0.848993308932
-0.540153642086
0.193460253145
-0.819028188401
-0.604021887522
0.146583823552
-0.783371394721
-0.662715764503
0.098357013651
-0.742383804609
-0.716098751566
0.049305948379
-0.696255342141
-0.661613047720
0.000000000012
-0.749845434130
-0.603950803403
-0.049293422198
-0.795495811175
-0.541841604458
-0.097567237632
-0.834798364768
-0.475022625580
-0.144066420054
-0.868100438774
-0.475022625575
0.144066420795
-0.868100438654
-0.541841604573
0.097567238088
-0.834798364640
-0.603950803501
0.049293422930
-0.795495811055
-0.542041473783
0.000000000158
-0.840351736298
-0.476047516438
-0.048229871935
-0.878096032075
-0.405610211039
0.094400335768
-0.909158365362
-0.476047516777
0.048229873099
-0.878096031827
-0.405992150500
0.000000001183
-0.913876563728
-0.534908580128
-0.286850791038
0.794726012275
-0.842460601591
-0.389994667679
0.371704578865
-0.663007516880
-0.193670736507
0.723127014004
-0.719232582487
-0.145188307093
0.679429796059
-0.865752630401
-0.154910216612
0.475894114003
-0.860507830512
-0.071991450363
0.504324800801
-0.817873508204
-0.138666260960
0.558439426124
-0.769837818574
-0.189996653269
0.609303704929
-0.716379020829
-0.238849244131
0.655554831494
-0.657447133679
-0.286452935107
0.696927530225
-0.593356978614
-0.332748396281
0.732943381649
-0.763054649811
-0.524706720832
0.377399600577
-0.786817231681
-0.452313408203
0.419918116648
-0.804030957632
-0.377046720054
0.459749921225
-0.814736034721
-0.299637220760
0.496409840416
-0.819143767003
-0.220469404406
0.529525004793
-0.766971181612
-0.275831175509
0.579372392502
-0.709781477228
-0.326361723323
0.624258183874
-0.647542329039
-0.374295327222
0.663770999759
-0.580525955185
-0.420277722887
0.697392465547
-0.724592375569
-0.509315667252
0.464288100600
-0.745109566953
-0.434595196248
0.505903892685
-0.759074899834
-0.356826733744
0.544499750715
-0.698203731794
-0.408838099075
0.587675895076
-0.632362191565
-0.457467004358
0.625173574779
-0.656291107181
-0.561890770664
0.503548155073
-0.680592064280
-0.487274704477
0.547136001755
-0.610857938882
-0.536345595932
0.582396754995
-0.330591683615
0.821759370585
0.464134329241
-0.761699245861
0.601430641956
0.241029960318
-0.409761180389
0.856678252967
0.313365834035
-0.444510182220
0.864420888464
0.234919614955
-0.630804330476
0.770012851416
0.095739779124
-0.576316249726
0.816014668176
0.044493163773
-0.558439424865
0.817873508982
0.138666261441
-0.529525005215
0.819143766576
0.220469404981
-0.496409840653
0.814736034307
0.299637221492
-0.459749920915
0.804030957603
0.377046720493
-0.419918116726
0.786817231673
0.452313408144
-0.763054649502
0.524706721643
0.377399600075
-0.732943381709
0.593356978536
0.332748396288
-0.696927529933
0.657447134079
0.286452934898
-0.655554831536
0.716379021070
0.238849243292
-0.609303705117
0.769837818624
0.189996652461
-0.579372392520
0.766971181601
0.275831175502
-0.544499751337
0.759074899425
0.356826733663
-0.505903893082
0.745109566671
0.434595196267
-0.464288101261
0.724592375240
0.509315667118
-0.697392466084
0.580525954774
0.420277722563
-0.663771000100
0.647542328865
0.374295326921
-0.624258184437
0.709781476904
0.326361722951
-0.587675895332
0.698203731636
0.408838098978
-0.547136002715
0.680592063501
0.487274704487
-0.656291106895
0.561890771413
0.503548154610
-0.625173575701
0.632362191181
0.457467003629
-0.582396756908
0.610857937699
0.536345595202
-0.534908580128
0.286850791038
-0.794726012275
-0.842460601591
0.389994667679
-0.371704578865
-0.663007516880
0.193670736507
-0.723127014004
-0.719232582487
0.145188307093
-0.679429796059
-0.865752630401
0.154910216612
-0.475894114003
-0.860507830512
0.071991450363
-0.504324800801
-0.817873508204
0.138666260960
-0.558439426124
-0.769837818574
0.189996653269
-0.609303704929
-0.716379020829
0.238849244131
-0.655554831494
-0.657447133679
0.286452935107
-0.696927530225
-0.593356978614
0.332748396281
-0.732943381649
-0.763054649811
0.524706720832
-0.377399600577
-0.786817231681
0.452313408203
-0.419918116648
-0.804030957632
0.377046720054
-0.459749921225
-0.814736034721
0.299637220760
-0.496409840416
-0.819143767003
0.220469404406
-0.529525004793
-0.766971181612
0.275831175509
-0.579372392502
-0.709781477228
0.326361723323
-0.624258183874
-0.647542329039
0.374295327222
-0.663770999759
-0.580525955185
0.420277722887
-0.697392465547
-0.724592375569
0.509315667252
-0.464288100600
-0.745109566953
0.434595196248
-0.505903892685
-0.759074899834
0.356826733744
-0.544499750715
-0.698203731794
0.408838099075
-0.587675895076
-0.632362191565
0.457467004358
-0.625173574779
-0.656291107181
0.561890770664
-0.503548155073
-0.680592064280
0.487274704477
-0.547136001755
-0.610857938882
0.536345595932
-0.582396754995
-0.043740892577
-0.999042909147
-0.000000000359
-0.371704578182
-0.842460602013
-0.389994667418
-0.216090443882
-0.976373350754
-0.000000000260
-0.299321875127
-0.954152197016
-0.000000000690
-0.475894113864
-0.865752630487
-0.154910216559
-0.504324799363
-0.860507831400
-0.071991449814
-0.419773163905
-0.903573971348
-0.085700461885
-0.339528351946
-0.936568156044
-0.086951637756
-0.257560596523
-0.962352985367
-0.086828973698
-0.173296985809
-0.981068607676
-0.086443864687
-0.087169720445
-0.992467050277
-0.086084806741
-0.238347928670
-0.848993309242
-0.471593708356
-0.280629973505
-0.872902038373
-0.399110071753
-0.319880809880
-0.890474822419
-0.323621473496
-0.355917610775
-0.901565007794
-0.245973964193
-0.388834300711
-0.906095404027
-0.166730337348
-0.303541217011
-0.937444223223
-0.170473041629
-0.218138028014
-0.960777537066
-0.171237627301
-0.131608565860
-0.976436800725
-0.171027365009
-0.044010378374
-0.984338292698
-0.170707973227
-0.188076798832
-0.895300348138
-0.403812338053
-0.229175803853
-0.916136931493
-0.328894471956
-0.267431450693
-0.930312526452
-0.250996060341
-0.178837796257
-0.950879572760
-0.252675841222
-0.089668998357
-0.963322220926
-0.252922457296
-0.094400336231
-0.909158365649
-0.405610210289
-0.137898871224
-0.933514520406
-0.330960030073
-0.046051160976
-0.942337745702
-0.331479808733
0.534908579906
-0.286850790457
0.794726012634
0.601430641695
0.241029959635
0.761699246284
0.663007516719
-0.193670736087
0.723127014263
0.719232582061
-0.145188305976
0.679429796749
0.770012851363
0.095739778985
0.630804330561
0.816014667627
0.044493162335
0.576316250615
0.764907709907
-0.000000000778
0.644139888009
0.716098751063
-0.049305948001
0.696255342685
0.662715763875
-0.098357013479
0.742383805192
0.604021887183
-0.146583823924
0.783371394913
0.540153642133
-0.193460253059
0.819028188390
0.471593709167
0.238347928169
0.848993308932
0.540153642086
0.193460253145
0.819028188401
0.604021887522
0.146583823552
0.783371394721
0.662715764503
0.098357013651
0.742383804609
0.716098751566
0.049305948379
0.696255342141
0.661613047720
0.000000000012
0.749845434130
0.603950803403
-0.049293422198
0.795495811175
0.541841604458
-0.097567237632
0.834798364768
0.475022625580
-0.144066420054
0.868100438774
0.475022625575
0.144066420795
0.868100438654
0.541841604573
0.097567238088
0.834798364640
0.603950803501
0.049293422930
0.795495811055
0.542041473783
0.000000000158
0.840351736298
0.476047516438
-0.048229871935
0.878096032075
0.405610211039
0.094400335768
0.909158365362
0.476047516777
0.048229873099
0.878096031827
0.405992150500
0.000000001183
0.913876563728
0.534908580128
-0.286850791038
-0.794726012275
0.842460601591
-0.389994667679
-0.371704578865
0.663007516880
-0.193670736507
-0.723127014004
0.719232582487
-0.145188307093
-0.679429796059
0.865752630401
-0.154910216612
-0.475894114003
0.860507830512
-0.071991450363
-0.504324800801
0.817873508204
-0.138666260960
-0.558439426124
0.769837818574
-0.189996653269
-0.609303704929
0.716379020829
-0.238849244131
-0.655554831494
0.657447133679
-0.286452935107
-0.696927530225
0.593356978614
-0.332748396281
-0.732943381649
0.763054649811
-0.524706720832
-0.377399600577
0.786817231681
-0.452313408203
-0.419918116648
0.804030957632
-0.377046720054
-0.459749921225
0.814736034721
-0.299637220760
-0.496409840416
0.819143767003
-0.220469404406
-0.529525004793
0.766971181612
-0.275831175509
-0.579372392502
0.709781477228
-0.326361723323
-0.624258183874
0.647542329039
-0.374295327222
-0.663770999759
0.580525955185
-0.420277722887
-0.697392465547
0.724592375569
-0.509315667252
-0.464288100600
0.745109566953
-0.434595196248
-0.505903892685
0.759074899834
-0.356826733744
-0.544499750715
0.698203731794
-0.408838099075
-0.587675895076
0.632362191565
-0.457467004358
-0.625173574779
0.656291107181
-0.561890770664
-0.503548155073
0.680592064280
-0.487274704477
-0.547136001755
0.610857938882
-0.536345595932
-0.582396754995
0.043740892577
0.999042909147
-0.000000000359
0.371704578182
0.842460602013
-0.389994667418
0.216090443882
0.976373350754
-0.000000000260
0.299321875127
0.954152197016
-0.000000000690
0.475894113864
0.865752630487
-0.154910216559
0.504324799363
0.860507831400
-0.071991449814
0.419773163905
0.903573971348
-0.085700461885
0.339528351946
0.936568156044
-0.086951637756
0.257560596523
0.962352985367
-0.086828973698
0.173296985809
0.981068607676
-0.086443864687
0.087169720445
0.992467050277
-0.086084806741
0.238347928670
0.848993309242
-0.471593708356
0.280629973505
0.872902038373
-0.399110071753
0.319880809880
0.890474822419
-0.323621473496
0.355917610775
0.901565007794
-0.245973964193
0.388834300711
0.906095404027
-0.166730337348
0.303541217011
0.937444223223
-0.170473041629
0.218138028014
0.960777537066
-0.171237627301
0.131608565860
0.976436800725
-0.171027365009
0.044010378374
0.984338292698
-0.170707973227
0.188076798832
0.895300348138
-0.403812338053
0.229175803853
0.916136931493
-0.328894471956
0.267431450693
0.930312526452
-0.250996060341
0.178837796257
0.950879572760
-0.252675841222
0.089668998357
0.963322220926
-0.252922457296
0.094400336231
0.909158365649
-0.405610210289
0.137898871224
0.933514520406
-0.330960030073
0.046051160976
0.942337745702
-0.331479808733
0.534908580128
0.286850791038
0.794726012275
0.842460601591
0.389994667679
0.371704578865
0.663007516880
0.193670736507
0.723127014004
0.719232582487
0.145188307093
0.679429796059
0.865752630401
0.154910216612
0.475894114003
0.860507830512
0.071991450363
0.504324800801
0.817873508204
0.138666260960
0.558439426124
0.769837818574
0.189996653269
0.609303704929
0.716379020829
0.238849244131
0.655554831494
0.657447133679
0.286452935107
0.696927530225
0.593356978614
0.332748396281
0.732943381649
0.763054649811
0.524706720832
0.377399600577
0.786817231681
0.452313408203
0.419918116648
0.804030957632
0.377046720054
0.459749921225
0.814736034721
0.299637220760
0.496409840416
0.819143767003
0.220469404406
0.529525004793
0.766971181612
0.275831175509
0.579372392502
0.709781477228
0.326361723323
0.624258183874
0.647542329039
0.374295327222
0.663770999759
0.580525955185
0.420277722887
0.697392465547
0.724592375569
0.509315667252
0.464288100600
0.745109566953
0.434595196248
0.505903892685
0.759074899834
0.356826733744
0.544499750715
0.698203731794
0.408838099075
0.587675895076
0.632362191565
0.457467004358
0.625173574779
0.656291107181
0.561890770664
0.503548155073
0.680592064280
0.487274704477
0.547136001755
0.610857938882
0.536345595932
0.582396754995
0.821759370945
-0.464134329019
-0.330591683034
0.991425309374
-0.000000000422
-0.130674618547
0.856678253226
-0.313365833875
-0.409761179968
0.864420889154
-0.234919614529
-0.444510181103
0.924923067975
-0.000000000086
-0.380154334879
0.888006117991
-0.000000000888
-0.459831637027
0.903573970867
-0.085700463145
-0.419773164683
0.906095404332
-0.166730337470
-0.388834299948
0.901565008006
-0.245973964539
-0.355917610001
0.890474822290
-0.323621473997
-0.319880809733
0.872902038414
-0.399110071663
-0.280629973504
0.996300429999
-0.085938659431
-0.000000000501
0.992467050289
-0.086084806692
-0.087169720360
0.981068607576
-0.086443864788
-0.173296986327
0.962352985263
-0.086828973073
-0.257560597124
0.936568155972
-0.086951637024
-0.339528352332
0.937444223230
-0.170473041610
-0.303541216999
0.930312526726
-0.250996059838
-0.267431450211
0.916136931680
-0.328894471686
-0.229175803492
0.895300348467
-0.403812337513
-0.188076798429
0.984338292827
-0.170707972569
-0.044010378037
0.976436800820
-0.171027364540
-0.131608565764
0.960777537244
-0.171237626618
-0.218138027764
0.950879572858
-0.252675840966
-0.178837796099
0.933514520797
-0.330960029360
-0.137898870292
0.967500981703
-0.252867258467
-0.000000000463
0.963322221254
-0.252922456126
-0.089668998126
0.942337746433
-0.331479806820
-0.046051159793
-0.464134329019
0.330591683034
-0.821759370945
-0.000000000422
0.130674618547
-0.991425309374
-0.313365833875
0.409761179968
-0.856678253226
-0.234919614529
0.444510181103
-0.864420889154
-0.000000000086
0.380154334879
-0.924923067975
-0.000000000888
0.459831637027
-0.888006117991
-0.085700463145
0.419773164683
-0.903573970867
-0.166730337470
0.388834299948
-0.906095404332
-0.245973964539
0.355917610001
-0.901565008006
-0.323621473997
0.319880809733
-0.890474822290
-0.399110071663
0.280629973504
-0.872902038414
-0.085938659431
0.000000000501
-0.996300429999
-0.086084806692
0.087169720360
-0.992467050289
-0.086443864788
0.173296986327
-0.981068607576
-0.086828973073
0.257560597124
-0.962352985263
-0.086951637024
0.339528352332
-0.936568155972
-0.170473041610
0.303541216999
-0.937444223230
-0.250996059838
0.267431450211
-0.930312526726
-0.328894471686
0.229175803492
-0.916136931680
-0.403812337513
0.188076798429
-0.895300348467
-0.170707972569
0.044010378037
-0.984338292827
-0.171027364540
0.131608565764
-0.976436800820
-0.171237626618
0.218138027764
-0.960777537244
-0.252675840966
0.178837796099
-0.950879572858
-0.330960029360
0.137898870292
-0.933514520797
-0.252867258467
0.000000000463
-0.967500981703
-0.252922456126
0.089668998126
-0.963322221254
-0.331479806820
0.046051159793
-0.942337746433
0.043740892577
-0.999042909147
0.000000000359
0.371704578182
-0.842460602013
0.389994667418
0.216090443882
-0.976373350754
0.000000000260
0.299321875127
-0.954152197016
0.000000000690
0.475894113864
-0.865752630487
0.154910216559
0.504324799363
-0.860507831400
0.071991449814
0.419773163905
-0.903573971348
0.085700461885
0.339528351946
-0.936568156044
0.086951637756
0.257560596523
-0.962352985367
0.086828973698
0.173296985809
-0.981068607676
0.086443864687
0.087169720445
-0.992467050277
0.086084806741
0.238347928670
-0.848993309242
0.471593708356
0.280629973505
-0.872902038373
0.399110071753
0.319880809880
-0.890474822419
0.323621473496
0.355917610775
-0.901565007794
0.245973964193
0.388834300711
-0.906095404027
0.166730337348
0.303541217011
-0.937444223223
0.170473041629
0.218138028014
-0.960777537066
0.171237627301
0.131608565860
-0.976436800725
0.171027365009
0.044010378374
-0.984338292698
0.170707973227
0.188076798832
-0.895300348138
0.403812338053
0.229175803853
-0.916136931493
0.328894471956
0.267431450693
-0.930312526452
0.250996060341
0.178837796257
-0.950879572760
0.252675841222
0.089668998357
-0.963322220926
0.252922457296
0.094400336231
-0.909158365649
0.405610210289
0.137898871224
-0.933514520406
0.330960030073
0.046051160976
-0.942337745702
0.331479808733
-0.999042909147
0.000000000359
0.043740892577
-0.842460602013
0.389994667418
0.371704578182
-0.976373350754
0.000000000260
0.216090443882
-0.954152197016
0.000000000690
0.299321875127
-0.865752630487
0.154910216559
0.475894113864
-0.860507831400
0.071991449814
0.504324799363
-0.903573971348
0.085700461885
0.419773163905
-0.936568156044
0.086951637756
0.339528351946
-0.962352985367
0.086828973698
0.257560596523
-0.981068607676
0.086443864687
0.173296985809
-0.992467050277
0.086084806741
0.087169720445
-0.848993309242
0.471593708356
0.238347928670
-0.872902038373
0.399110071753
0.280629973505
-0.890474822419
0.323621473496
0.319880809880
-0.901565007794
0.245973964193
0.355917610775
-0.906095404027
0.166730337348
0.388834300711
-0.937444223223
0.170473041629
0.303541217011
-0.960777537066
0.171237627301
0.218138028014
-0.976436800725
0.171027365009
0.131608565860
-0.984338292698
0.170707973227
0.044010378374
-0.895300348138
0.403812338053
0.188076798832
-0.916136931493
0.328894471956
0.229175803853
-0.930312526452
0.250996060341
0.267431450693
-0.950879572760
0.252675841222
0.178837796257
-0.963322220926
0.252922457296
0.089668998357
-0.909158365649
0.405610210289
0.094400336231
-0.933514520406
0.330960030073
0.137898871224
-0.942337745702
0.331479808733
0.046051160976
0.286850790457
-0.794726012634
0.534908579906
-0.241029959635
-0.761699246284
0.601430641695
0.193670736087
-0.723127014263
0.663007516719
0.145188305976
-0.679429796749
0.719232582061
-0.095739778985
-0.630804330561
0.770012851363
-0.044493162335
-0.576316250615
0.816014667627
0.000000000778
-0.644139888009
0.764907709907
0.049305948001
-0.696255342685
0.716098751063
0.098357013479
-0.742383805192
0.662715763875
0.146583823924
-0.783371394913
0.604021887183
0.193460253059
-0.819028188390
0.540153642133
-0.238347928169
-0.848993308932
0.471593709167
-0.193460253145
-0.819028188401
0.540153642086
-0.146583823552
-0.783371394721
0.604021887522
-0.098357013651
-0.742383804609
0.662715764503
-0.049305948379
-0.696255342141
0.716098751566
-0.000000000012
-0.749845434130
0.661613047720
0.049293422198
-0.795495811175
0.603950803403
0.097567237632
-0.834798364768
0.541841604458
0.144066420054
-0.868100438774
0.475022625580
-0.144066420795
-0.868100438654
0.475022625575
-0.097567238088
-0.834798364640
0.541841604573
-0.049293422930
-0.795495811055
0.603950803501
-0.000000000158
-0.840351736298
0.542041473783
0.048229871935
-0.878096032075
0.476047516438
-0.094400335768
-0.909158365362
0.405610211039
-0.048229873099
-0.878096031827
0.476047516777
-0.000000001183
-0.913876563728
0.405992150500
-0.821759370585
0.464134329241
0.330591683615
-0.601430641956
0.241029960318
0.761699245861
-0.856678252967
0.313365834035
0.409761180389
-0.864420888464
0.234919614955
0.444510182220
-0.770012851416
0.095739779124
0.630804330476
-0.816014668176
0.044493163773
0.576316249726
-0.817873508982
0.138666261441
0.558439424865
-0.819143766576
0.220469404981
0.529525005215
-0.814736034307
0.299637221492
0.496409840653
-0.804030957603
0.377046720493
0.459749920915
-0.786817231673
0.452313408144
0.419918116726
-0.524706721643
0.377399600075
0.763054649502
-0.593356978536
0.332748396288
0.732943381709
-0.657447134079
0.286452934898
0.696927529933
-0.716379021070
0.238849243292
0.655554831536
-0.769837818624
0.189996652461
0.609303705117
-0.766971181601
0.275831175502
0.579372392520
-0.759074899425
0.356826733663
0.544499751337
-0.745109566671
0.434595196267
0.505903893082
-0.724592375240
0.509315667118
0.464288101261
-0.580525954774
0.420277722563
0.697392466084
-0.647542328865
0.374295326921
0.663771000100
-0.709781476904
0.326361722951
0.624258184437
-0.698203731636
0.408838098978
0.587675895332
-0.680592063501
0.487274704487
0.547136002715
-0.561890771413
0.503548154610
0.656291106895
-0.632362191181
0.457467003629
0.625173575701
-0.610857937699
0.536345595202
0.582396756908
-0.330591683615
-0.821759370585
-0.464134329241
-0.761699245861
-0.601430641956
-0.241029960318
-0.409761180389
-0.856678252967
-0.313365834035
-0.444510182220
-0.864420888464
-0.234919614955
-0.630804330476
-0.770012851416
-0.095739779124
-0.576316249726
-0.816014668176
-0.044493163773
-0.558439424865
-0.817873508982
-0.138666261441
-0.529525005215
-0.819143766576
-0.220469404981
-0.496409840653
-0.814736034307
-0.299637221492
-0.459749920915
-0.804030957603
-0.377046720493
-0.419918116726
-0.786817231673
-0.452313408144
-0.763054649502
-0.524706721643
-0.377399600075
-0.732943381709
-0.593356978536
-0.332748396288
-0.696927529933
-0.657447134079
-0.286452934898
-0.655554831536
-0.716379021070
-0.238849243292
-0.609303705117
-0.769837818624
-0.189996652461
-0.579372392520
-0.766971181601
-0.275831175502
-0.544499751337
-0.759074899425
-0.356826733663
-0.505903893082
-0.745109566671
-0.434595196267
-0.464288101261
-0.724592375240
-0.509315667118
-0.697392466084
-0.580525954774
-0.420277722563
-0.663771000100
-0.647542328865
-0.374295326921
-0.624258184437
-0.709781476904
-0.326361722951
-0.587675895332
-0.698203731636
-0.408838098978
-0.547136002715
-0.680592063501
-0.487274704487
-0.656291106895
-0.561890771413
-0.503548154610
-0.625173575701
-0.632362191181
-0.457467003629
-0.582396756908
-0.610857937699
-0.536345595202
0.464134329241
-0.330591683615
0.821759370585
0.241029960318
-0.761699245861
0.601430641956
0.313365834035
-0.409761180389
0.856678252967
0.234919614955
-0.444510182220
0.864420888464
0.095739779124
-0.630804330476
0.770012851416
0.044493163773
-0.576316249726
0.816014668176
0.138666261441
-0.558439424865
0.817873508982
0.220469404981
-0.529525005215
0.819143766576
0.299637221492
-0.496409840653
0.814736034307
0.377046720493
-0.459749920915
0.804030957603
0.452313408144
-0.419918116726
0.786817231673
0.377399600075
-0.763054649502
0.524706721643
0.332748396288
-0.732943381709
0.593356978536
0.286452934898
-0.696927529933
0.657447134079
0.238849243292
-0.655554831536
0.716379021070
0.189996652461
-0.609303705117
0.769837818624
0.275831175502
-0.579372392520
0.766971181601
0.356826733663
-0.544499751337
0.759074899425
0.434595196267
-0.505903893082
0.745109566671
0.509315667118
-0.464288101261
0.724592375240
0.420277722563
-0.697392466084
0.580525954774
0.374295326921
-0.663771000100
0.647542328865
0.326361722951
-0.624258184437
0.709781476904
0.408838098978
-0.587675895332
0.698203731636
0.487274704487
-0.547136002715
0.680592063501
0.503548154610
-0.656291106895
0.561890771413
0.457467003629
-0.625173575701
0.632362191181
0.536345595202
-0.582396756908
0.610857937699
-0.534908579906
0.286850790457
0.794726012634
-0.601430641695
-0.241029959635
0.761699246284
-0.663007516719
0.193670736087
0.723127014263
-0.719232582061
0.145188305976
0.679429796749
-0.770012851363
-0.095739778985
0.630804330561
-0.816014667627
-0.044493162335
0.576316250615
-0.764907709907
0.000000000778
0.644139888009
-0.716098751063
0.049305948001
0.696255342685
-0.662715763875
0.098357013479
0.742383805192
-0.604021887183
0.146583823924
0.783371394913
-0.540153642133
0.193460253059
0.819028188390
-0.471593709167
-0.238347928169
0.848993308932
-0.540153642086
-0.193460253145
0.819028188401
-0.604021887522
-0.146583823552
0.783371394721
-0.662715764503
-0.098357013651
0.742383804609
-0.716098751566
-0.049305948379
0.696255342141
-0.661613047720
-0.000000000012
0.749845434130
-0.603950803403
0.049293422198
0.795495811175
-0.541841604458
0.097567237632
0.834798364768
-0.475022625580
0.144066420054
0.868100438774
-0.475022625575
-0.144066420795
0.868100438654
-0.541841604573
-0.097567238088
0.834798364640
-0.603950803501
-0.049293422930
0.795495811055
-0.542041473783
-0.000000000158
0.840351736298
-0.476047516438
0.048229871935
0.878096032075
-0.405610211039
-0.094400335768
0.909158365362
-0.476047516777
-0.048229873099
0.878096031827
-0.405992150500
-0.000000001183
0.913876563728
0.330591683034
-0.821759370945
-0.464134329019
0.130674618547
-0.991425309374
-0.000000000422
0.409761179968
-0.856678253226
-0.313365833875
0.444510181103
-0.864420889154
-0.234919614529
0.380154334879
-0.924923067975
-0.000000000086
0.459831637027
-0.888006117991
-0.000000000888
0.419773164683
-0.903573970867
-0.085700463145
0.388834299948
-0.906095404332
-0.166730337470
0.355917610001
-0.901565008006
-0.245973964539
0.319880809733
-0.890474822290
-0.323621473997
0.280629973504
-0.872902038414
-0.399110071663
0.000000000501
-0.996300429999
-0.085938659431
0.087169720360
-0.992467050289
-0.086084806692
0.173296986327
-0.981068607576
-0.086443864788
0.257560597124
-0.962352985263
-0.086828973073
0.339528352332
-0.936568155972
-0.086951637024
0.303541216999
-0.937444223230
-0.170473041610
0.267431450211
-0.930312526726
-0.250996059838
0.229175803492
-0.916136931680
-0.328894471686
0.188076798429
-0.895300348467
-0.403812337513
0.044010378037
-0.984338292827
-0.170707972569
0.131608565764
-0.976436800820
-0.171027364540
0.218138027764
-0.960777537244
-0.171237626618
0.178837796099
-0.950879572858
-0.252675840966
0.137898870292
-0.933514520797
-0.330960029360
0.000000000463
-0.967500981703
-0.252867258467
0.089668998126
-0.963322221254
-0.252922456126
0.046051159793
-0.942337746433
-0.331479806820
0.821759370945
0.464134329019
0.330591683034
0.991425309374
0.000000000422
0.130674618547
0.856678253226
0.313365833875
0.409761179968
0.864420889154
0.234919614529
0.444510181103
0.924923067975
0.000000000086
0.380154334879
0.888006117991
0.000000000888
0.459831637027
0.903573970867
0.085700463145
0.419773164683
0.906095404332
0.166730337470
0.388834299948
0.901565008006
0.245973964539
0.355917610001
0.890474822290
0.323621473997
0.319880809733
0.872902038414
0.399110071663
0.280629973504
0.996300429999
0.085938659431
0.000000000501
0.992467050289
0.086084806692
0.087169720360
0.981068607576
0.086443864788
0.173296986327
0.962352985263
0.086828973073
0.257560597124
0.936568155972
0.086951637024
0.339528352332
0.937444223230
0.170473041610
0.303541216999
0.930312526726
0.250996059838
0.267431450211
0.916136931680
0.328894471686
0.229175803492
0.895300348467
0.403812337513
0.188076798429
0.984338292827
0.170707972569
0.044010378037
0.976436800820
0.171027364540
0.131608565764
0.960777537244
0.171237626618
0.218138027764
0.950879572858
0.252675840966
0.178837796099
0.933514520797
0.330960029360
0.137898870292
0.967500981703
0.252867258467
0.000000000463
0.963322221254
0.252922456126
0.089668998126
0.942337746433
0.331479806820
0.046051159793
0.000000000359
-0.043740892577
0.999042909147
0.389994667418
-0.371704578182
0.842460602013
0.000000000260
-0.216090443882
0.976373350754
0.000000000690
-0.299321875127
0.954152197016
0.154910216559
-0.475894113864
0.865752630487
0.071991449814
-0.504324799363
0.860507831400
0.085700461885
-0.419773163905
0.903573971348
0.086951637756
-0.339528351946
0.936568156044
0.086828973698
-0.257560596523
0.962352985367
0.086443864687
-0.173296985809
0.981068607676
0.086084806741
-0.087169720445
0.992467050277
0.471593708356
-0.238347928670
0.848993309242
0.399110071753
-0.280629973505
0.872902038373
0.323621473496
-0.319880809880
0.890474822419
0.245973964193
-0.355917610775
0.901565007794
0.166730337348
-0.388834300711
0.906095404027
0.170473041629
-0.303541217011
0.937444223223
0.171237627301
-0.218138028014
0.960777537066
0.171027365009
-0.131608565860
0.976436800725
0.170707973227
-0.044010378374
0.984338292698
0.403812338053
-0.188076798832
0.895300348138
0.328894471956
-0.229175803853
0.916136931493
0.250996060341
-0.267431450693
0.930312526452
0.252675841222
-0.178837796257
0.950879572760
0.252922457296
-0.089668998357
0.963322220926
0.405610210289
-0.094400336231
0.909158365649
0.330960030073
-0.137898871224
0.933514520406
0.331479808733
-0.046051160976
0.942337745702
0.534908579906
0.286850790457
-0.794726012634
0.601430641695
-0.241029959635
-0.761699246284
0.663007516719
0.193670736087
-0.723127014263
0.719232582061
0.145188305976
-0.679429796749
0.770012851363
-0.095739778985
-0.630804330561
0.816014667627
-0.044493162335
-0.576316250615
0.764907709907
0.000000000778
-0.644139888009
0.716098751063
0.049305948001
-0.696255342685
0.662715763875
0.098357013479
-0.742383805192
0.604021887183
0.146583823924
-0.783371394913
0.540153642133
0.193460253059
-0.819028188390
0.471593709167
-0.238347928169
-0.848993308932
0.540153642086
-0.193460253145
-0.819028188401
0.604021887522
-0.146583823552
-0.783371394721
0.662715764503
-0.098357013651
-0.742383804609
0.716098751566
-0.049305948379
-0.696255342141
0.661613047720
-0.000000000012
-0.749845434130
0.603950803403
0.049293422198
-0.795495811175
0.541841604458
0.097567237632
-0.834798364768
0.475022625580
0.144066420054
-0.868100438774
0.475022625575
-0.144066420795
-0.868100438654
0.541841604573
-0.097567238088
-0.834798364640
0.603950803501
-0.049293422930
-0.795495811055
0.542041473783
-0.000000000158
-0.840351736298
0.476047516438
0.048229871935
-0.878096032075
0.405610211039
-0.094400335768
-0.909158365362
0.476047516777
-0.048229873099
-0.878096031827
0.405992150500
-0.000000001183
-0.913876563728
-0.794726012634
-0.534908579906
-0.286850790457
-0.761699246284
-0.601430641695
0.241029959635
-0.723127014263
-0.663007516719
-0.193670736087
-0.679429796749
-0.719232582061
-0.145188305976
-0.630804330561
-0.770012851363
0.095739778985
-0.576316250615
-0.816014667627
0.044493162335
-0.644139888009
-0.764907709907
-0.000000000778
-0.696255342685
-0.716098751063
-0.049305948001
-0.742383805192
-0.662715763875
-0.098357013479
-0.783371394913
-0.604021887183
-0.146583823924
-0.819028188390
-0.540153642133
-0.193460253059
-0.848993308932
-0.471593709167
0.238347928169
-0.819028188401
-0.540153642086
0.193460253145
-0.783371394721
-0.604021887522
0.146583823552
-0.742383804609
-0.662715764503
0.098357013651
-0.696255342141
-0.716098751566
0.049305948379
-0.749845434130
-0.661613047720
0.000000000012
-0.795495811175
-0.603950803403
-0.049293422198
-0.834798364768
-0.541841604458
-0.097567237632
-0.868100438774
-0.475022625580
-0.144066420054
-0.868100438654
-0.475022625575
0.144066420795
-0.834798364640
-0.541841604573
0.097567238088
-0.795495811055
-0.603950803501
0.049293422930
-0.840351736298
-0.542041473783
0.000000000158
-0.878096032075
-0.476047516438
-0.048229871935
-0.909158365362
-0.405610211039
0.094400335768
-0.878096031827
-0.476047516777
0.048229873099
-0.913876563728
-0.405992150500
0.000000001183
0.330591683615
-0.821759370585
0.464134329241
0.761699245861
-0.601430641956
0.241029960318
0.409761180389
-0.856678252967
0.313365834035
0.444510182220
-0.864420888464
0.234919614955
0.630804330476
-0.770012851416
0.095739779124
0.576316249726
-0.816014668176
0.044493163773
0.558439424865
-0.817873508982
0.138666261441
0.529525005215
-0.819143766576
0.220469404981
0.496409840653
-0.814736034307
0.299637221492
0.459749920915
-0.804030957603
0.377046720493
0.419918116726
-0.786817231673
0.452313408144
0.763054649502
-0.524706721643
0.377399600075
0.732943381709
-0.593356978536
0.332748396288
0.696927529933
-0.657447134079
0.286452934898
0.655554831536
-0.716379021070
0.238849243292
0.609303705117
-0.769837818624
0.189996652461
0.579372392520
-0.766971181601
0.275831175502
0.544499751337
-0.759074899425
0.356826733663
0.505903893082
-0.745109566671
0.434595196267
0.464288101261
-0.724592375240
0.509315667118
0.697392466084
-0.580525954774
0.420277722563
0.663771000100
-0.647542328865
0.374295326921
0.624258184437
-0.709781476904
0.326361722951
0.587675895332
-0.698203731636
0.408838098978
0.547136002715
-0.680592063501
0.487274704487
0.656291106895
-0.561890771413
0.503548154610
0.625173575701
-0.632362191181
0.457467003629
0.582396756908
-0.610857937699
0.536345595202
-0.464134329241
-0.330591683615
-0.821759370585
-0.241029960318
-0.761699245861
-0.601430641956
-0.313365834035
-0.409761180389
-0.856678252967
-0.234919614955
-0.444510182220
-0.864420888464
-0.095739779124
-0.630804330476
-0.770012851416
-0.044493163773
-0.576316249726
-0.816014668176
-0.138666261441
-0.558439424865
-0.817873508982
-0.220469404981
-0.529525005215
-0.819143766576
-0.299637221492
-0.496409840653
-0.814736034307
-0.377046720493
-0.459749920915
-0.804030957603
-0.452313408144
-0.419918116726
-0.786817231673
-0.377399600075
-0.763054649502
-0.524706721643
-0.332748396288
-0.732943381709
-0.593356978536
-0.286452934898
-0.696927529933
-0.657447134079
-0.238849243292
-0.655554831536
-0.716379021070
-0.189996652461
-0.609303705117
-0.769837818624
-0.275831175502
-0.579372392520
-0.766971181601
-0.356826733663
-0.544499751337
-0.759074899425
-0.434595196267
-0.505903893082
-0.745109566671
-0.509315667118
-0.464288101261
-0.724592375240
-0.420277722563
-0.697392466084
-0.580525954774
-0.374295326921
-0.663771000100
-0.647542328865
-0.326361722951
-0.624258184437
-0.709781476904
-0.408838098978
-0.587675895332
-0.698203731636
-0.487274704487
-0.547136002715
-0.680592063501
-0.503548154610
-0.656291106895
-0.561890771413
-0.457467003629
-0.625173575701
-0.632362191181
-0.536345595202
-0.582396756908
-0.610857937699
0.464134329241
0.330591683615
-0.821759370585
0.241029960318
0.761699245861
-0.601430641956
0.313365834035
0.409761180389
-0.856678252967
0.234919614955
0.444510182220
-0.864420888464
0.095739779124
0.630804330476
-0.770012851416
0.044493163773
0.576316249726
-0.816014668176
0.138666261441
0.558439424865
-0.817873508982
0.220469404981
0.529525005215
-0.819143766576
0.299637221492
0.496409840653
-0.814736034307
0.377046720493
0.459749920915
-0.804030957603
0.452313408144
0.419918116726
-0.786817231673
0.377399600075
0.763054649502
-0.524706721643
0.332748396288
0.732943381709
-0.593356978536
0.286452934898
0.696927529933
-0.657447134079
0.238849243292
0.655554831536
-0.716379021070
0.189996652461
0.609303705117
-0.769837818624
0.275831175502
0.579372392520
-0.766971181601
0.356826733663
0.544499751337
-0.759074899425
0.434595196267
0.505903893082
-0.745109566671
0.509315667118
0.464288101261
-0.724592375240
0.420277722563
0.697392466084
-0.580525954774
0.374295326921
0.663771000100
-0.647542328865
0.326361722951
0.624258184437
-0.709781476904
0.408838098978
0.587675895332
-0.698203731636
0.487274704487
0.547136002715
-0.680592063501
0.503548154610
0.656291106895
-0.561890771413
0.457467003629
0.625173575701
-0.632362191181
0.536345595202
0.582396756908
-0.610857937699
-0.821759370585
-0.464134329241
-0.330591683615
-0.601430641956
-0.241029960318
-0.761699245861
-0.856678252967
-0.313365834035
-0.409761180389
-0.864420888464
-0.234919614955
-0.444510182220
-0.770012851416
-0.095739779124
-0.630804330476
-0.816014668176
-0.044493163773
-0.576316249726
-0.817873508982
-0.138666261441
-0.558439424865
-0.819143766576
-0.220469404981
-0.529525005215
-0.814736034307
-0.299637221492
-0.496409840653
-0.804030957603
-0.377046720493
-0.459749920915
-0.786817231673
-0.452313408144
-0.419918116726
-0.524706721643
-0.377399600075
-0.763054649502
-0.593356978536
-0.332748396288
-0.732943381709
-0.657447134079
-0.286452934898
-0.696927529933
-0.716379021070
-0.238849243292
-0.655554831536
-0.769837818624
-0.189996652461
-0.609303705117
-0.766971181601
-0.275831175502
-0.579372392520
-0.759074899425
-0.356826733663
-0.544499751337
-0.745109566671
-0.434595196267
-0.505903893082
-0.724592375240
-0.509315667118
-0.464288101261
-0.580525954774
-0.420277722563
-0.697392466084
-0.647542328865
-0.374295326921
-0.663771000100
-0.709781476904
-0.326361722951
-0.624258184437
-0.698203731636
-0.408838098978
-0.587675895332
-0.680592063501
-0.487274704487
-0.547136002715
-0.561890771413
-0.503548154610
-0.656291106895
-0.632362191181
-0.457467003629
-0.625173575701
-0.610857937699
-0.536345595202
-0.582396756908
-0.794726012634
0.534908579906
0.286850790457
-0.761699246284
0.601430641695
-0.241029959635
-0.723127014263
0.663007516719
0.193670736087
-0.679429796749
0.719232582061
0.145188305976
-0.630804330561
0.770012851363
-0.095739778985
-0.576316250615
0.816014667627
-0.044493162335
-0.644139888009
0.764907709907
0.000000000778
-0.696255342685
0.716098751063
0.049305948001
-0.742383805192
0.662715763875
0.098357013479
-0.783371394913
0.604021887183
0.146583823924
-0.819028188390
0.540153642133
0.193460253059
-0.848993308932
0.471593709167
-0.238347928169
-0.819028188401
0.540153642086
-0.193460253145
-0.783371394721
0.604021887522
-0.146583823552
-0.742383804609
0.662715764503
-0.098357013651
-0.696255342141
0.716098751566
-0.049305948379
-0.749845434130
0.661613047720
-0.000000000012
-0.795495811175
0.603950803403
0.049293422198
-0.834798364768
0.541841604458
0.097567237632
-0.868100438774
0.475022625580
0.144066420054
-0.868100438654
0.475022625575
-0.144066420795
-0.834798364640
0.541841604573
-0.097567238088
-0.795495811055
0.603950803501
-0.049293422930
-0.840351736298
0.542041473783
-0.000000000158
-0.878096032075
0.476047516438
0.048229871935
-0.909158365362
0.405610211039
-0.094400335768
-0.878096031827
0.476047516777
-0.048229873099
-0.913876563728
0.405992150500
-0.000000001183
0.286850790457
0.794726012634
-0.534908579906
-0.241029959635
0.761699246284
-0.601430641695
0.193670736087
0.723127014263
-0.663007516719
0.145188305976
0.679429796749
-0.719232582061
-0.095739778985
0.630804330561
-0.770012851363
-0.044493162335
0.576316250615
-0.816014667627
0.000000000778
0.644139888009
-0.764907709907
0.049305948001
0.696255342685
-0.716098751063
0.098357013479
0.742383805192
-0.662715763875
0.146583823924
0.783371394913
-0.604021887183
0.193460253059
0.819028188390
-0.540153642133
-0.238347928169
0.848993308932
-0.471593709167
-0.193460253145
0.819028188401
-0.540153642086
-0.146583823552
0.783371394721
-0.604021887522
-0.098357013651
0.742383804609
-0.662715764503
-0.049305948379
0.696255342141
-0.716098751566
-0.000000000012
0.749845434130
-0.661613047720
0.049293422198
0.795495811175
-0.603950803403
0.097567237632
0.834798364768
-0.541841604458
0.144066420054
0.868100438774
-0.475022625580
-0.144066420795
0.868100438654
-0.475022625575
-0.097567238088
0.834798364640
-0.541841604573
-0.049293422930
0.795495811055
-0.603950803501
-0.000000000158
0.840351736298
-0.542041473783
0.048229871935
0.878096032075
-0.476047516438
-0.094400335768
0.909158365362
-0.405610211039
-0.048229873099
0.878096031827
-0.476047516777
-0.000000001183
0.913876563728
-0.405992150500
0.286850791038
-0.794726012275
-0.534908580128
0.389994667679
-0.371704578865
-0.842460601591
0.193670736507
-0.723127014004
-0.663007516880
0.145188307093
-0.679429796059
-0.719232582487
0.154910216612
-0.475894114003
-0.865752630401
0.071991450363
-0.504324800801
-0.860507830512
0.138666260960
-0.558439426124
-0.817873508204
0.189996653269
-0.609303704929
-0.769837818574
0.238849244131
-0.655554831494
-0.716379020829
0.286452935107
-0.696927530225
-0.657447133679
0.332748396281
-0.732943381649
-0.593356978614
0.524706720832
-0.377399600577
-0.763054649811
0.452313408203
-0.419918116648
-0.786817231681
0.377046720054
-0.459749921225
-0.804030957632
0.299637220760
-0.496409840416
-0.814736034721
0.220469404406
-0.529525004793
-0.819143767003
0.275831175509
-0.579372392502
-0.766971181612
0.326361723323
-0.624258183874
-0.709781477228
0.374295327222
-0.663770999759
-0.647542329039
0.420277722887
-0.697392465547
-0.580525955185
0.509315667252
-0.464288100600
-0.724592375569
0.434595196248
-0.505903892685
-0.745109566953
0.356826733744
-0.544499750715
-0.759074899834
0.408838099075
-0.587675895076
-0.698203731794
0.457467004358
-0.625173574779
-0.632362191565
0.561890770664
-0.503548155073
-0.656291107181
0.487274704477
-0.547136001755
-0.680592064280
0.536345595932
-0.582396754995
-0.610857938882
-0.999042909147
-0.000000000359
-0.043740892577
-0.842460602013
-0.389994667418
-0.371704578182
-0.976373350754
-0.000000000260
-0.216090443882
-0.954152197016
-0.000000000690
-0.299321875127
-0.865752630487
-0.154910216559
-0.475894113864
-0.860507831400
-0.071991449814
-0.504324799363
-0.903573971348
-0.085700461885
-0.419773163905
-0.936568156044
-0.086951637756
-0.339528351946
-0.962352985367
-0.086828973698
-0.257560596523
-0.981068607676
-0.086443864687
-0.173296985809
-0.992467050277
-0.086084806741
-0.087169720445
-0.848993309242
-0.471593708356
-0.238347928670
-0.872902038373
-0.399110071753
-0.280629973505
-0.890474822419
-0.323621473496
-0.319880809880
-0.901565007794
-0.245973964193
-0.355917610775
-0.906095404027
-0.166730337348
-0.388834300711
-0.937444223223
-0.170473041629
-0.303541217011
-0.960777537066
-0.171237627301
-0.218138028014
-0.976436800725
-0.171027365009
-0.131608565860
-0.984338292698
-0.170707973227
-0.044010378374
-0.895300348138
-0.403812338053
-0.188076798832
-0.916136931493
-0.328894471956
-0.229175803853
-0.930312526452
-0.250996060341
-0.267431450693
-0.950879572760
-0.252675841222
-0.178837796257
-0.963322220926
-0.252922457296
-0.089668998357
-0.909158365649
-0.405610210289
-0.094400336231
-0.933514520406
-0.330960030073
-0.137898871224
-0.942337745702
-0.331479808733
-0.046051160976
-0.286850791038
0.794726012275
-0.534908580128
-0.389994667679
0.371704578865
-0.842460601591
-0.193670736507
0.723127014004
-0.663007516880
-0.145188307093
0.679429796059
-0.719232582487
-0.154910216612
0.475894114003
-0.865752630401
-0.071991450363
0.504324800801
-0.860507830512
-0.138666260960
0.558439426124
-0.817873508204
-0.189996653269
0.609303704929
-0.769837818574
-0.238849244131
0.655554831494
-0.716379020829
-0.286452935107
0.696927530225
-0.657447133679
-0.332748396281
0.732943381649
-0.593356978614
-0.524706720832
0.377399600577
-0.763054649811
-0.452313408203
0.419918116648
-0.786817231681
-0.377046720054
0.459749921225
-0.804030957632
-0.299637220760
0.496409840416
-0.814736034721
-0.220469404406
0.529525004793
-0.819143767003
-0.275831175509
0.579372392502
-0.766971181612
-0.326361723323
0.624258183874
-0.709781477228
-0.374295327222
0.663770999759
-0.647542329039
-0.420277722887
0.697392465547
-0.580525955185
-0.509315667252
0.464288100600
-0.724592375569
-0.434595196248
0.505903892685
-0.745109566953
-0.356826733744
0.544499750715
-0.759074899834
-0.408838099075
0.587675895076
-0.698203731794
-0.457467004358
0.625173574779
-0.632362191565
-0.561890770664
0.503548155073
-0.656291107181
-0.487274704477
0.547136001755
-0.680592064280
-0.536345595932
0.582396754995
-0.610857938882
0.999042909147
0.000000000359
-0.043740892577
0.842460602013
0.389994667418
-0.371704578182
0.976373350754
0.000000000260
-0.216090443882
0.954152197016
0.000000000690
-0.299321875127
0.865752630487
0.154910216559
-0.475894113864
0.860507831400
0.071991449814
-0.504324799363
0.903573971348
0.085700461885
-0.419773163905
0.936568156044
0.086951637756
-0.339528351946
0.962352985367
0.086828973698
-0.257560596523
0.981068607676
0.086443864687
-0.173296985809
0.992467050277
0.086084806741
-0.087169720445
0.848993309242
0.471593708356
-0.238347928670
0.872902038373
0.399110071753
-0.280629973505
0.890474822419
0.323621473496
-0.319880809880
0.901565007794
0.245973964193
-0.355917610775
0.906095404027
0.166730337348
-0.388834300711
0.937444223223
0.170473041629
-0.303541217011
0.960777537066
0.171237627301
-0.218138028014
0.976436800725
0.171027365009
-0.131608565860
0.984338292698
0.170707973227
-0.044010378374
0.895300348138
0.403812338053
-0.188076798832
0.916136931493
0.328894471956
-0.229175803853
0.930312526452
0.250996060341
-0.267431450693
0.950879572760
0.252675841222
-0.178837796257
0.963322220926
0.252922457296
-0.089668998357
0.909158365649
0.405610210289
-0.094400336231
0.933514520406
0.330960030073
-0.137898871224
0.942337745702
0.331479808733
-0.046051160976
-0.286850790457
-0.794726012634
-0.534908579906
0.241029959635
-0.761699246284
-0.601430641695
-0.193670736087
-0.723127014263
-0.663007516719
-0.145188305976
-0.679429796749
-0.719232582061
0.095739778985
-0.630804330561
-0.770012851363
0.044493162335
-0.576316250615
-0.816014667627
-0.000000000778
-0.644139888009
-0.764907709907
-0.049305948001
-0.696255342685
-0.716098751063
-0.098357013479
-0.742383805192
-0.662715763875
-0.146583823924
-0.783371394913
-0.604021887183
-0.193460253059
-0.819028188390
-0.540153642133
0.238347928169
-0.848993308932
-0.471593709167
0.193460253145
-0.819028188401
-0.540153642086
0.146583823552
-0.783371394721
-0.604021887522
0.098357013651
-0.742383804609
-0.662715764503
0.049305948379
-0.696255342141
-0.716098751566
0.000000000012
-0.749845434130
-0.661613047720
-0.049293422198
-0.795495811175
-0.603950803403
-0.097567237632
-0.834798364768
-0.541841604458
-0.144066420054
-0.868100438774
-0.475022625580
0.144066420795
-0.868100438654
-0.475022625575
0.097567238088
-0.834798364640
-0.541841604573
0.049293422930
-0.795495811055
-0.603950803501
0.000000000158
-0.840351736298
-0.542041473783
-0.048229871935
-0.878096032075
-0.476047516438
0.094400335768
-0.909158365362
-0.405610211039
0.048229873099
-0.878096031827
-0.476047516777
0.000000001183
-0.913876563728
-0.405992150500
0.821759370585
0.464134329241
-0.330591683615
0.601430641956
0.241029960318
-0.761699245861
0.856678252967
0.313365834035
-0.409761180389
0.864420888464
0.234919614955
-0.444510182220
0.770012851416
0.095739779124
-0.630804330476
0.816014668176
0.044493163773
-0.576316249726
0.817873508982
0.138666261441
-0.558439424865
0.819143766576
0.220469404981
-0.529525005215
0.814736034307
0.299637221492
-0.496409840653
0.804030957603
0.377046720493
-0.459749920915
0.786817231673
0.452313408144
-0.419918116726
0.524706721643
0.377399600075
-0.763054649502
0.593356978536
0.332748396288
-0.732943381709
0.657447134079
0.286452934898
-0.696927529933
0.716379021070
0.238849243292
-0.655554831536
0.769837818624
0.189996652461
-0.609303705117
0.766971181601
0.275831175502
-0.579372392520
0.759074899425
0.356826733663
-0.544499751337
0.745109566671
0.434595196267
-0.505903893082
0.724592375240
0.509315667118
-0.464288101261
0.580525954774
0.420277722563
-0.697392466084
0.647542328865
0.374295326921
-0.663771000100
0.709781476904
0.326361722951
-0.624258184437
0.698203731636
0.408838098978
-0.587675895332
0.680592063501
0.487274704487
-0.547136002715
0.561890771413
0.503548154610
-0.656291106895
0.632362191181
0.457467003629
-0.625173575701
0.610857937699
0.536345595202
-0.582396756908
-0.821759370945
0.464134329019
-0.330591683034
-0.991425309374
0.000000000422
-0.130674618547
-0.856678253226
0.313365833875
-0.409761179968
-0.864420889154
0.234919614529
-0.444510181103
-0.924923067975
0.000000000086
-0.380154334879
-0.888006117991
0.000000000888
-0.459831637027
-0.903573970867
0.085700463145
-0.419773164683
-0.906095404332
0.166730337470
-0.388834299948
-0.901565008006
0.245973964539
-0.355917610001
-0.890474822290
0.323621473997
-0.319880809733
-0.872902038414
0.399110071663
-0.280629973504
-0.996300429999
0.085938659431
-0.000000000501
-0.992467050289
0.086084806692
-0.087169720360
-0.981068607576
0.086443864788
-0.173296986327
-0.962352985263
0.086828973073
-0.257560597124
-0.936568155972
0.086951637024
-0.339528352332
-0.937444223230
0.170473041610
-0.303541216999
-0.930312526726
0.250996059838
-0.267431450211
-0.916136931680
0.328894471686
-0.229175803492
-0.895300348467
0.403812337513
-0.188076798429
-0.984338292827
0.170707972569
-0.044010378037
-0.976436800820
0.171027364540
-0.131608565764
-0.960777537244
0.171237626618
-0.218138027764
-0.950879572858
0.252675840966
-0.178837796099
-0.933514520797
0.330960029360
-0.137898870292
-0.967500981703
0.252867258467
-0.000000000463
-0.963322221254
0.252922456126
-0.089668998126
-0.942337746433
0.331479806820
-0.046051159793
0.464134329019
-0.330591683034
-0.821759370945
0.000000000422
-0.130674618547
-0.991425309374
0.313365833875
-0.409761179968
-0.856678253226
0.234919614529
-0.444510181103
-0.864420889154
0.000000000086
-0.380154334879
-0.924923067975
0.000000000888
-0.459831637027
-0.888006117991
0.085700463145
-0.419773164683
-0.903573970867
0.166730337470
-0.388834299948
-0.906095404332
0.245973964539
-0.355917610001
-0.901565008006
0.323621473997
-0.319880809733
-0.890474822290
0.399110071663
-0.280629973504
-0.872902038414
0.085938659431
-0.000000000501
-0.996300429999
0.086084806692
-0.087169720360
-0.992467050289
0.086443864788
-0.173296986327
-0.981068607576
0.086828973073
-0.257560597124
-0.962352985263
0.086951637024
-0.339528352332
-0.936568155972
0.170473041610
-0.303541216999
-0.937444223230
0.250996059838
-0.267431450211
-0.930312526726
0.328894471686
-0.229175803492
-0.916136931680
0.403812337513
-0.188076798429
-0.895300348467
0.170707972569
-0.044010378037
-0.984338292827
0.171027364540
-0.131608565764
-0.976436800820
0.171237626618
-0.218138027764
-0.960777537244
0.252675840966
-0.178837796099
-0.950879572858
0.330960029360
-0.137898870292
-0.933514520797
0.252867258467
-0.000000000463
-0.967500981703
0.252922456126
-0.089668998126
-0.963322221254
0.331479806820
-0.046051159793
-0.942337746433
0.794726012275
-0.534908580128
-0.286850791038
0.371704578865
-0.842460601591
-0.389994667679
0.723127014004
-0.663007516880
-0.193670736507
0.679429796059
-0.719232582487
-0.145188307093
0.475894114003
-0.865752630401
-0.154910216612
0.504324800801
-0.860507830512
-0.071991450363
0.558439426124
-0.817873508204
-0.138666260960
0.609303704929
-0.769837818574
-0.189996653269
0.655554831494
-0.716379020829
-0.238849244131
0.696927530225
-0.657447133679
-0.286452935107
0.732943381649
-0.593356978614
-0.332748396281
0.377399600577
-0.763054649811
-0.524706720832
0.419918116648
-0.786817231681
-0.452313408203
0.459749921225
-0.804030957632
-0.377046720054
0.496409840416
-0.814736034721
-0.299637220760
0.529525004793
-0.819143767003
-0.220469404406
0.579372392502
-0.766971181612
-0.275831175509
0.624258183874
-0.709781477228
-0.326361723323
0.663770999759
-0.647542329039
-0.374295327222
0.697392465547
-0.580525955185
-0.420277722887
0.464288100600
-0.724592375569
-0.509315667252
0.505903892685
-0.745109566953
-0.434595196248
0.544499750715
-0.759074899834
-0.356826733744
0.587675895076
-0.698203731794
-0.408838099075
0.625173574779
-0.632362191565
-0.457467004358
0.503548155073
-0.656291107181
-0.561890770664
0.547136001755
-0.680592064280
-0.487274704477
0.582396754995
-0.610857938882
-0.536345595932
-0.794726012275
-0.534908580128
0.286850791038
-0.371704578865
-0.842460601591
0.389994667679
-0.723127014004
-0.663007516880
0.193670736507
-0.679429796059
-0.719232582487
0.145188307093
-0.475894114003
-0.865752630401
0.154910216612
-0.504324800801
-0.860507830512
0.071991450363
-0.558439426124
-0.817873508204
0.138666260960
-0.609303704929
-0.769837818574
0.189996653269
-0.655554831494
-0.716379020829
0.238849244131
-0.696927530225
-0.657447133679
0.286452935107
-0.732943381649
-0.593356978614
0.332748396281
-0.377399600577
-0.763054649811
0.524706720832
-0.419918116648
-0.786817231681
0.452313408203
-0.459749921225
-0.804030957632
0.377046720054
-0.496409840416
-0.814736034721
0.299637220760
-0.529525004793
-0.819143767003
0.220469404406
-0.579372392502
-0.766971181612
0.275831175509
-0.624258183874
-0.709781477228
0.326361723323
-0.663770999759
-0.647542329039
0.374295327222
-0.697392465547
-0.580525955185
0.420277722887
-0.464288100600
-0.724592375569
0.509315667252
-0.505903892685
-0.745109566953
0.434595196248
-0.544499750715
-0.759074899834
0.356826733744
-0.587675895076
-0.698203731794
0.408838099075
-0.625173574779
-0.632362191565
0.457467004358
-0.503548155073
-0.656291107181
0.561890770664
-0.547136001755
-0.680592064280
0.487274704477
-0.582396754995
-0.610857938882
0.536345595932
-0.330591683034
-0.821759370945
0.464134329019
-0.130674618547
-0.991425309374
0.000000000422
-0.409761179968
-0.856678253226
0.313365833875
-0.444510181103
-0.864420889154
0.234919614529
-0.380154334879
-0.924923067975
0.000000000086
-0.459831637027
-0.888006117991
0.000000000888
-0.419773164683
-0.903573970867
0.085700463145
-0.388834299948
-0.906095404332
0.166730337470
-0.355917610001
-0.901565008006
0.245973964539
-0.319880809733
-0.890474822290
0.323621473997
-0.280629973504
-0.872902038414
0.399110071663
-0.000000000501
-0.996300429999
0.085938659431
-0.087169720360
-0.992467050289
0.086084806692
-0.173296986327
-0.981068607576
0.086443864788
-0.257560597124
-0.962352985263
0.086828973073
-0.339528352332
-0.936568155972
0.086951637024
-0.303541216999
-0.937444223230
0.170473041610
-0.267431450211
-0.930312526726
0.250996059838
-0.229175803492
-0.916136931680
0.328894471686
-0.188076798429
-0.895300348467
0.403812337513
-0.044010378037
-0.984338292827
0.170707972569
-0.131608565764
-0.976436800820
0.171027364540
-0.218138027764
-0.960777537244
0.171237626618
-0.178837796099
-0.950879572858
0.252675840966
-0.137898870292
-0.933514520797
0.330960029360
-0.000000000463
-0.967500981703
0.252867258467
-0.089668998126
-0.963322221254
0.252922456126
-0.046051159793
-0.942337746433
0.331479806820
0.330591683034
0.821759370945
0.464134329019
0.130674618547
0.991425309374
0.000000000422
0.409761179968
0.856678253226
0.313365833875
0.444510181103
0.864420889154
0.234919614529
0.380154334879
0.924923067975
0.000000000086
0.459831637027
0.888006117991
0.000000000888
0.419773164683
0.903573970867
0.085700463145
0.388834299948
0.906095404332
0.166730337470
0.355917610001
0.901565008006
0.245973964539
0.319880809733
0.890474822290
0.323621473997
0.280629973504
0.872902038414
0.399110071663
0.000000000501
0.996300429999
0.085938659431
0.087169720360
0.992467050289
0.086084806692
0.173296986327
0.981068607576
0.086443864788
0.257560597124
0.962352985263
0.086828973073
0.339528352332
0.936568155972
0.086951637024
0.303541216999
0.937444223230
0.170473041610
0.267431450211
0.930312526726
0.250996059838
0.229175803492
0.916136931680
0.328894471686
0.188076798429
0.895300348467
0.403812337513
0.044010378037
0.984338292827
0.170707972569
0.131608565764
0.976436800820
0.171027364540
0.218138027764
0.960777537244
0.171237626618
0.178837796099
0.950879572858
0.252675840966
0.137898870292
0.933514520797
0.330960029360
0.000000000463
0.967500981703
0.252867258467
0.089668998126
0.963322221254
0.252922456126
0.046051159793
0.942337746433
0.331479806820
-0.000000000359
-0.043740892577
-0.999042909147
-0.389994667418
-0.371704578182
-0.842460602013
-0.000000000260
-0.216090443882
-0.976373350754
-0.000000000690
-0.299321875127
-0.954152197016
-0.154910216559
-0.475894113864
-0.865752630487
-0.071991449814
-0.504324799363
-0.860507831400
-0.085700461885
-0.419773163905
-0.903573971348
-0.086951637756
-0.339528351946
-0.936568156044
-0.086828973698
-0.257560596523
-0.962352985367
-0.086443864687
-0.173296985809
-0.981068607676
-0.086084806741
-0.087169720445
-0.992467050277
-0.471593708356
-0.238347928670
-0.848993309242
-0.399110071753
-0.280629973505
-0.872902038373
-0.323621473496
-0.319880809880
-0.890474822419
-0.245973964193
-0.355917610775
-0.901565007794
-0.166730337348
-0.388834300711
-0.906095404027
-0.170473041629
-0.303541217011
-0.937444223223
-0.171237627301
-0.218138028014
-0.960777537066
-0.171027365009
-0.131608565860
-0.976436800725
-0.170707973227
-0.044010378374
-0.984338292698
-0.403812338053
-0.188076798832
-0.895300348138
-0.328894471956
-0.229175803853
-0.916136931493
-0.250996060341
-0.267431450693
-0.930312526452
-0.252675841222
-0.178837796257
-0.950879572760
-0.252922457296
-0.089668998357
-0.963322220926
-0.405610210289
-0.094400336231
-0.909158365649
-0.330960030073
-0.137898871224
-0.933514520406
-0.331479808733
-0.046051160976
-0.942337745702
0.794726012634
-0.534908579906
0.286850790457
0.761699246284
-0.601430641695
-0.241029959635
0.723127014263
-0.663007516719
0.193670736087
0.679429796749
-0.719232582061
0.145188305976
0.630804330561
-0.770012851363
-0.095739778985
0.576316250615
-0.816014667627
-0.044493162335
0.644139888009
-0.764907709907
0.000000000778
0.696255342685
-0.716098751063
0.049305948001
0.742383805192
-0.662715763875
0.098357013479
0.783371394913
-0.604021887183
0.146583823924
0.819028188390
-0.540153642133
0.193460253059
0.848993308932
-0.471593709167
-0.238347928169
0.819028188401
-0.540153642086
-0.193460253145
0.783371394721
-0.604021887522
-0.146583823552
0.742383804609
-0.662715764503
-0.098357013651
0.696255342141
-0.716098751566
-0.049305948379
0.749845434130
-0.661613047720
-0.000000000012
0.795495811175
-0.603950803403
0.049293422198
0.834798364768
-0.541841604458
0.097567237632
0.868100438774
-0.475022625580
0.144066420054
0.868100438654
-0.475022625575
-0.144066420795
0.834798364640
-0.541841604573
-0.097567238088
0.795495811055
-0.603950803501
-0.049293422930
0.840351736298
-0.542041473783
-0.000000000158
0.878096032075
-0.476047516438
0.048229871935
0.909158365362
-0.405610211039
-0.094400335768
0.878096031827
-0.476047516777
-0.048229873099
0.913876563728
-0.405992150500
-0.000000001183
