0.421515687834
0.821221201215
0.384604034800
0.522820124868
0.812050084583
0.259294768865
0.602022971958
0.790954503696
0.109358649943
0.663600941189
0.710998135153
0.232627261219
0.704741110094
0.614527890459
0.354535526558
0.469724671915
0.724858281668
0.503923807823
0.574572532903
0.725043863524
0.379707519546
0.606844775379
0.620372510515
0.496867554578
0.525731112119
0.850650808352
0.000000000000
0.000000000000
0.525731112119
-0.850650808352
-0.525731112119
0.850650808352
0.000000000000
0.000000000000
0.525731112119
0.850650808352
0.850650808352
-0.000000000000
0.525731112119
-0.850650808352
-0.000000000000
0.525731112119
-0.000000000000
-0.525731112119
0.850650808352
-0.850650808352
-0.000000000000
-0.525731112119
-0.525731112119
-0.850650808352
0.000000000000
0.850650808352
-0.000000000000
-0.525731112119
0.525731112119
-0.850650808352
0.000000000000
0.000000000000
-0.525731112119
-0.850650808352
1.000000000000
0.000000000000
0.000000000000
-0.500000000000
-0.309016994375
-0.809016994375
-1.000000000000
0.000000000000
0.000000000000
0.500000000000
-0.309016994375
0.809016994375
0.500000000000
0.309016994375
-0.809016994375
-0.500000000000
0.309016994375
-0.809016994375
-0.500000000000
-0.309016994375
0.809016994375
0.809016994375
-0.500000000000
-0.309016994375
-0.309016994375
-0.809016994375
0.500000000000
-0.309016994375
0.809016994375
-0.500000000000
-0.809016994375
0.500000000000
0.309016994375
0.000000000000
-1.000000000000
0.000000000000
0.809016994375
0.500000000000
-0.309016994375
-0.000000000000
1.000000000000
0.000000000000
-0.809016994375
-0.500000000000
0.309016994375
0.809016994375
0.500000000000
0.309016994375
0.309016994375
0.809016994375
-0.500000000000
-0.309016994375
-0.809016994375
-0.500000000000
0.000000000000
-0.000000000000
1.000000000000
0.309016994375
0.809016994375
0.500000000000
0.000000000000
0.000000000000
-1.000000000000
0.309016994375
-0.809016994375
0.500000000000
-0.309016994375
0.809016994375
0.500000000000
0.309016994375
-0.809016994375
-0.500000000000
-0.809016994375
0.500000000000
-0.309016994375
-0.809016994375
-0.500000000000
-0.309016994375
0.809016994375
-0.500000000000
0.309016994375
0.500000000000
0.309016994375
0.809016994375
0.500000000000
-0.309016994375
-0.809016994375
-0.500000000000
0.309016994375
0.809016994375
0.354164663658
0.341824379587
-0.870473138320
0.199301088550
0.365754630694
-0.909121898443
0.031879903726
0.399180980957
-0.916317748481
0.076109443818
0.253831975388
-0.964249283553
0.124354272718
0.102118763966
-0.986968982746
0.396814115990
0.189307858172
-0.898165403578
0.243954445249
0.219166370317
-0.944696951813
0.290257556510
0.065932778021
-0.954674509805
-0.421515687834
0.821221201215
-0.384604034800
-0.522820124868
0.812050084583
-0.259294768865
-0.602022971958
0.790954503696
-0.109358649943
-0.663600941189
0.710998135153
-0.232627261219
-0.704741110094
0.614527890459
-0.354535526558
-0.469724671915
0.724858281668
-0.503923807823
-0.574572532903
0.725043863524
-0.379707519546
-0.606844775379
0.620372510515
-0.496867554578
-0.354164663658
0.341824379587
0.870473138320
-0.199301088550
0.365754630694
0.909121898443
-0.031879903726
0.399180980957
0.916317748481
-0.076109443818
0.253831975388
0.964249283553
-0.124354272718
0.102118763966
0.986968982746
-0.396814115990
0.189307858172
0.898165403578
-0.243954445249
0.219166370317
0.944696951813
-0.290257556510
0.065932778021
0.954674509805
0.775680351492
0.602335401460
0.188446428612
0.722121213418
0.688875237865
0.063181166404
0.633902875684
0.771251639636
-0.057775882156
0.739710385007
0.663959912009
-0.109479594257
0.829095382811
0.537672723273
-0.153326086655
0.866538787906
0.479613670770
0.138134919065
0.818526978152
0.574271724653
0.015019064574
0.897102331889
0.440983475100
-0.027220962653
-0.153377950975
0.986939436260
-0.049251937105
-0.302573464290
0.948170006730
-0.097071813860
-0.456956863113
0.880610289578
-0.125363244784
-0.363311569645
0.896587173228
-0.253251148400
-0.255444850621
0.892208249831
-0.372441092287
-0.051172939107
0.983537478594
-0.173307121910
-0.204147305743
0.953979244199
-0.219653088290
-0.093153740674
0.937851029679
-0.334301999290
-0.268137736859
0.726428414387
0.632774772603
-0.220246660578
0.625049399559
0.748868918180
-0.145066108845
0.508539630900
0.848730385852
-0.300289371544
0.486459236607
0.820477729410
-0.449296259473
0.456654290524
0.767853977114
-0.418551732808
0.693231665996
0.586723362603
-0.370425227160
0.598873889863
0.710024798950
-0.513691034705
0.562800332599
0.647593473168
0.632774772603
-0.268137736859
0.726428414387
0.748868918180
-0.220246660578
0.625049399559
0.848730385852
-0.145066108845
0.508539630900
0.820477729410
-0.300289371544
0.486459236607
0.767853977114
-0.449296259473
0.456654290524
0.586723362603
-0.418551732808
0.693231665996
0.710024798950
-0.370425227160
0.598873889863
0.647593473168
-0.513691034705
0.562800332599
-0.986939436260
-0.049251937105
0.153377950975
-0.948170006730
-0.097071813860
0.302573464290
-0.880610289578
-0.125363244784
0.456956863113
-0.896587173228
-0.253251148400
0.363311569645
-0.892208249831
-0.372441092287
0.255444850621
-0.983537478594
-0.173307121910
0.051172939107
-0.953979244199
-0.219653088290
0.204147305743
-0.937851029679
-0.334301999290
0.093153740674
0.726428414387
0.632774772603
-0.268137736859
0.625049399559
0.748868918180
-0.220246660578
0.508539630900
0.848730385852
-0.145066108845
0.486459236607
0.820477729410
-0.300289371544
0.456654290524
0.767853977114
-0.449296259473
0.693231665996
0.586723362603
-0.418551732808
0.598873889863
0.710024798950
-0.370425227160
0.562800332599
0.647593473168
-0.513691034705
0.188446428612
0.775680351492
0.602335401460
0.063181166404
0.722121213418
0.688875237865
-0.057775882156
0.633902875684
0.771251639636
-0.109479594257
0.739710385007
0.663959912009
-0.153326086655
0.829095382811
0.537672723273
0.138134919065
0.866538787906
0.479613670770
0.015019064574
0.818526978152
0.574271724653
-0.027220962653
0.897102331889
0.440983475100
-0.384604034800
-0.421515687834
0.821221201215
-0.259294768865
-0.522820124868
0.812050084583
-0.109358649943
-0.602022971958
0.790954503696
-0.232627261219
-0.663600941189
0.710998135153
-0.354535526558
-0.704741110094
0.614527890459
-0.503923807823
-0.469724671915
0.724858281668
-0.379707519546
-0.574572532903
0.725043863524
-0.496867554578
-0.606844775379
0.620372510515
0.870473138320
-0.354164663658
0.341824379587
0.909121898443
-0.199301088550
0.365754630694
0.916317748481
-0.031879903726
0.399180980957
0.964249283553
-0.076109443818
0.253831975388
0.986968982746
-0.124354272718
0.102118763966
0.898165403578
-0.396814115990
0.189307858172
0.944696951813
-0.243954445249
0.219166370317
0.954674509805
-0.290257556510
0.065932778021
0.384604034800
0.421515687834
0.821221201215
0.259294768865
0.522820124868
0.812050084583
0.109358649943
0.602022971958
0.790954503696
0.232627261219
0.663600941189
0.710998135153
0.354535526558
0.704741110094
0.614527890459
0.503923807823
0.469724671915
0.724858281668
0.379707519546
0.574572532903
0.725043863524
0.496867554578
0.606844775379
0.620372510515
-0.049251937105
-0.153377950975
0.986939436260
-0.097071813860
-0.302573464290
0.948170006730
-0.125363244784
-0.456956863113
0.880610289578
-0.253251148400
-0.363311569645
0.896587173228
-0.372441092287
-0.255444850621
0.892208249831
-0.173307121910
-0.051172939107
0.983537478594
-0.219653088290
-0.204147305743
0.953979244199
-0.334301999290
-0.093153740674
0.937851029679
0.049251937105
0.153377950975
0.986939436260
0.097071813860
0.302573464290
0.948170006730
0.125363244784
0.456956863113
0.880610289578
0.253251148400
0.363311569645
0.896587173228
0.372441092287
0.255444850621
0.892208249831
0.173307121910
0.051172939107
0.983537478594
0.219653088290
0.204147305743
0.953979244199
0.334301999290
0.093153740674
0.937851029679
-0.341824379587
0.870473138320
0.354164663658
-0.365754630694
0.909121898443
0.199301088550
-0.399180980957
0.916317748481
0.031879903726
-0.253831975388
0.964249283553
0.076109443818
-0.102118763966
0.986968982746
0.124354272718
-0.189307858172
0.898165403578
0.396814115990
-0.219166370317
0.944696951813
0.243954445249
-0.065932778021
0.954674509805
0.290257556510
-0.602335401460
0.188446428612
-0.775680351492
-0.688875237865
0.063181166404
-0.722121213418
-0.771251639636
-0.057775882156
-0.633902875684
-0.663959912009
-0.109479594257
-0.739710385007
-0.537672723273
-0.153326086655
-0.829095382811
-0.479613670770
0.138134919065
-0.866538787906
-0.574271724653
0.015019064574
-0.818526978152
-0.440983475100
-0.027220962653
-0.897102331889
-0.821221201215
-0.384604034800
0.421515687834
-0.812050084583
-0.259294768865
0.522820124868
-0.790954503696
-0.109358649943
0.602022971958
-0.710998135153
-0.232627261219
0.663600941189
-0.614527890459
-0.354535526558
0.704741110094
-0.724858281668
-0.503923807823
0.469724671915
-0.725043863524
-0.379707519546
0.574572532903
-0.620372510515
-0.496867554578
0.606844775379
-0.726428414387
0.632774772603
0.268137736859
-0.625049399559
0.748868918180
0.220246660578
-0.508539630900
0.848730385852
0.145066108845
-0.486459236607
0.820477729410
0.300289371544
-0.456654290524
0.767853977114
0.449296259473
-0.693231665996
0.586723362603
0.418551732808
-0.598873889863
0.710024798950
0.370425227160
-0.562800332599
0.647593473168
0.513691034705
-0.821221201215
0.384604034800
-0.421515687834
-0.812050084583
0.259294768865
-0.522820124868
-0.790954503696
0.109358649943
-0.602022971958
-0.710998135153
0.232627261219
-0.663600941189
-0.614527890459
0.354535526558
-0.704741110094
-0.724858281668
0.503923807823
-0.469724671915
-0.725043863524
0.379707519546
-0.574572532903
-0.620372510515
0.496867554578
-0.606844775379
-0.341824379587
-0.870473138320
-0.354164663658
-0.365754630694
-0.909121898443
-0.199301088550
-0.399180980957
-0.916317748481
-0.031879903726
-0.253831975388
-0.964249283553
-0.076109443818
-0.102118763966
-0.986968982746
-0.124354272718
-0.189307858172
-0.898165403578
-0.396814115990
-0.219166370317
-0.944696951813
-0.243954445249
-0.065932778021
-0.954674509805
-0.290257556510
0.602335401460
0.188446428612
0.775680351492
0.688875237865
0.063181166404
0.722121213418
0.771251639636
-0.057775882156
0.633902875684
0.663959912009
-0.109479594257
0.739710385007
0.537672723273
-0.153326086655
0.829095382811
0.479613670770
0.138134919065
0.866538787906
0.574271724653
0.015019064574
0.818526978152
0.440983475100
-0.027220962653
0.897102331889
0.821221201215
-0.384604034800
-0.421515687834
0.812050084583
-0.259294768865
-0.522820124868
0.790954503696
-0.109358649943
-0.602022971958
0.710998135153
-0.232627261219
-0.663600941189
0.614527890459
-0.354535526558
-0.704741110094
0.724858281668
-0.503923807823
-0.469724671915
0.725043863524
-0.379707519546
-0.574572532903
0.620372510515
-0.496867554578
-0.606844775379
0.341824379587
0.870473138320
-0.354164663658
0.365754630694
0.909121898443
-0.199301088550
0.399180980957
0.916317748481
-0.031879903726
0.253831975388
0.964249283553
-0.076109443818
0.102118763966
0.986968982746
-0.124354272718
0.189307858172
0.898165403578
-0.396814115990
0.219166370317
0.944696951813
-0.243954445249
0.065932778021
0.954674509805
-0.290257556510
0.821221201215
0.384604034800
0.421515687834
0.812050084583
0.259294768865
0.522820124868
0.790954503696
0.109358649943
0.602022971958
0.710998135153
0.232627261219
0.663600941189
0.614527890459
0.354535526558
0.704741110094
0.724858281668
0.503923807823
0.469724671915
0.725043863524
0.379707519546
0.574572532903
0.620372510515
0.496867554578
0.606844775379
0.986939436260
-0.049251937105
-0.153377950975
0.948170006730
-0.097071813860
-0.302573464290
0.880610289578
-0.125363244784
-0.456956863113
0.896587173228
-0.253251148400
-0.363311569645
0.892208249831
-0.372441092287
-0.255444850621
0.983537478594
-0.173307121910
-0.051172939107
0.953979244199
-0.219653088290
-0.204147305743
0.937851029679
-0.334301999290
-0.093153740674
-0.049251937105
0.153377950975
-0.986939436260
-0.097071813860
0.302573464290
-0.948170006730
-0.125363244784
0.456956863113
-0.880610289578
-0.253251148400
0.363311569645
-0.896587173228
-0.372441092287
0.255444850621
-0.892208249831
-0.173307121910
0.051172939107
-0.983537478594
-0.219653088290
0.204147305743
-0.953979244199
-0.334301999290
0.093153740674
-0.937851029679
0.341824379587
-0.870473138320
0.354164663658
0.365754630694
-0.909121898443
0.199301088550
0.399180980957
-0.916317748481
0.031879903726
0.253831975388
-0.964249283553
0.076109443818
0.102118763966
-0.986968982746
0.124354272718
0.189307858172
-0.898165403578
0.396814115990
0.219166370317
-0.944696951813
0.243954445249
0.065932778021
-0.954674509805
0.290257556510
-0.870473138320
0.354164663658
0.341824379587
-0.909121898443
0.199301088550
0.365754630694
-0.916317748481
0.031879903726
0.399180980957
-0.964249283553
0.076109443818
0.253831975388
-0.986968982746
0.124354272718
0.102118763966
-0.898165403578
0.396814115990
0.189307858172
-0.944696951813
0.243954445249
0.219166370317
-0.954674509805
0.290257556510
0.065932778021
-0.188446428612
-0.775680351492
0.602335401460
-0.063181166404
-0.722121213418
0.688875237865
0.057775882156
-0.633902875684
0.771251639636
0.109479594257
-0.739710385007
0.663959912009
0.153326086655
-0.829095382811
0.537672723273
-0.138134919065
-0.866538787906
0.479613670770
-0.015019064574
-0.818526978152
0.574271724653
0.027220962653
-0.897102331889
0.440983475100
-0.632774772603
0.268137736859
0.726428414387
-0.748868918180
0.220246660578
0.625049399559
-0.848730385852
0.145066108845
0.508539630900
-0.820477729410
0.300289371544
0.486459236607
-0.767853977114
0.449296259473
0.456654290524
-0.586723362603
0.418551732808
0.693231665996
-0.710024798950
0.370425227160
0.598873889863
-0.647593473168
0.513691034705
0.562800332599
-0.726428414387
-0.632774772603
-0.268137736859
-0.625049399559
-0.748868918180
-0.220246660578
-0.508539630900
-0.848730385852
-0.145066108845
-0.486459236607
-0.820477729410
-0.300289371544
-0.456654290524
-0.767853977114
-0.449296259473
-0.693231665996
-0.586723362603
-0.418551732808
-0.598873889863
-0.710024798950
-0.370425227160
-0.562800332599
-0.647593473168
-0.513691034705
0.268137736859
-0.726428414387
0.632774772603
0.220246660578
-0.625049399559
0.748868918180
0.145066108845
-0.508539630900
0.848730385852
0.300289371544
-0.486459236607
0.820477729410
0.449296259473
-0.456654290524
0.767853977114
0.418551732808
-0.693231665996
0.586723362603
0.370425227160
-0.598873889863
0.710024798950
0.513691034705
-0.562800332599
0.647593473168
-0.602335401460
-0.188446428612
0.775680351492
-0.688875237865
-0.063181166404
0.722121213418
-0.771251639636
0.057775882156
0.633902875684
-0.663959912009
0.109479594257
0.739710385007
-0.537672723273
0.153326086655
0.829095382811
-0.479613670770
-0.138134919065
0.866538787906
-0.574271724653
-0.015019064574
0.818526978152
-0.440983475100
0.027220962653
0.897102331889
0.153377950975
-0.986939436260
-0.049251937105
0.302573464290
-0.948170006730
-0.097071813860
0.456956863113
-0.880610289578
-0.125363244784
0.363311569645
-0.896587173228
-0.253251148400
0.255444850621
-0.892208249831
-0.372441092287
0.051172939107
-0.983537478594
-0.173307121910
0.204147305743
-0.953979244199
-0.219653088290
0.093153740674
-0.937851029679
-0.334301999290
0.986939436260
0.049251937105
0.153377950975
0.948170006730
0.097071813860
0.302573464290
0.880610289578
0.125363244784
0.456956863113
0.896587173228
0.253251148400
0.363311569645
0.892208249831
0.372441092287
0.255444850621
0.983537478594
0.173307121910
0.051172939107
0.953979244199
0.219653088290
0.204147305743
0.937851029679
0.334301999290
0.093153740674
0.354164663658
-0.341824379587
0.870473138320
0.199301088550
-0.365754630694
0.909121898443
0.031879903726
-0.399180980957
0.916317748481
0.076109443818
-0.253831975388
0.964249283553
0.124354272718
-0.102118763966
0.986968982746
0.396814115990
-0.189307858172
0.898165403578
0.243954445249
-0.219166370317
0.944696951813
0.290257556510
-0.065932778021
0.954674509805
0.602335401460
-0.188446428612
-0.775680351492
0.688875237865
-0.063181166404
-0.722121213418
0.771251639636
0.057775882156
-0.633902875684
0.663959912009
0.109479594257
-0.739710385007
0.537672723273
0.153326086655
-0.829095382811
0.479613670770
-0.138134919065
-0.866538787906
0.574271724653
-0.015019064574
-0.818526978152
0.440983475100
0.027220962653
-0.897102331889
-0.775680351492
-0.602335401460
0.188446428612
-0.722121213418
-0.688875237865
0.063181166404
-0.633902875684
-0.771251639636
-0.057775882156
-0.739710385007
-0.663959912009
-0.109479594257
-0.829095382811
-0.537672723273
-0.153326086655
-0.866538787906
-0.479613670770
0.138134919065
-0.818526978152
-0.574271724653
0.015019064574
-0.897102331889
-0.440983475100
-0.027220962653
0.726428414387
-0.632774772603
0.268137736859
0.625049399559
-0.748868918180
0.220246660578
0.508539630900
-0.848730385852
0.145066108845
0.486459236607
-0.820477729410
0.300289371544
0.456654290524
-0.767853977114
0.449296259473
0.693231665996
-0.586723362603
0.418551732808
0.598873889863
-0.710024798950
0.370425227160
0.562800332599
-0.647593473168
0.513691034705
-0.268137736859
-0.726428414387
-0.632774772603
-0.220246660578
-0.625049399559
-0.748868918180
-0.145066108845
-0.508539630900
-0.848730385852
-0.300289371544
-0.486459236607
-0.820477729410
-0.449296259473
-0.456654290524
-0.767853977114
-0.418551732808
-0.693231665996
-0.586723362603
-0.370425227160
-0.598873889863
-0.710024798950
-0.513691034705
-0.562800332599
-0.647593473168
0.268137736859
0.726428414387
-0.632774772603
0.220246660578
0.625049399559
-0.748868918180
0.145066108845
0.508539630900
-0.848730385852
0.300289371544
0.486459236607
-0.820477729410
0.449296259473
0.456654290524
-0.767853977114
0.418551732808
0.693231665996
-0.586723362603
0.370425227160
0.598873889863
-0.710024798950
0.513691034705
0.562800332599
-0.647593473168
-0.632774772603
-0.268137736859
-0.726428414387
-0.748868918180
-0.220246660578
-0.625049399559
-0.848730385852
-0.145066108845
-0.508539630900
-0.820477729410
-0.300289371544
-0.486459236607
-0.767853977114
-0.449296259473
-0.456654290524
-0.586723362603
-0.418551732808
-0.693231665996
-0.710024798950
-0.370425227160
-0.598873889863
-0.647593473168
-0.513691034705
-0.562800332599
-0.775680351492
0.602335401460
-0.188446428612
-0.722121213418
0.688875237865
-0.063181166404
-0.633902875684
0.771251639636
0.057775882156
-0.739710385007
0.663959912009
0.109479594257
-0.829095382811
0.537672723273
0.153326086655
-0.866538787906
0.479613670770
-0.138134919065
-0.818526978152
0.574271724653
-0.015019064574
-0.897102331889
0.440983475100
0.027220962653
-0.188446428612
0.775680351492
-0.602335401460
-0.063181166404
0.722121213418
-0.688875237865
0.057775882156
0.633902875684
-0.771251639636
0.109479594257
0.739710385007
-0.663959912009
0.153326086655
0.829095382811
-0.537672723273
-0.138134919065
0.866538787906
-0.479613670770
-0.015019064574
0.818526978152
-0.574271724653
0.027220962653
0.897102331889
-0.440983475100
0.384604034800
-0.421515687834
-0.821221201215
0.259294768865
-0.522820124868
-0.812050084583
0.109358649943
-0.602022971958
-0.790954503696
0.232627261219
-0.663600941189
-0.710998135153
0.354535526558
-0.704741110094
-0.614527890459
0.503923807823
-0.469724671915
-0.724858281668
0.379707519546
-0.574572532903
-0.725043863524
0.496867554578
-0.606844775379
-0.620372510515
-0.870473138320
-0.354164663658
-0.341824379587
-0.909121898443
-0.199301088550
-0.365754630694
-0.916317748481
-0.031879903726
-0.399180980957
-0.964249283553
-0.076109443818
-0.253831975388
-0.986968982746
-0.124354272718
-0.102118763966
-0.898165403578
-0.396814115990
-0.189307858172
-0.944696951813
-0.243954445249
-0.219166370317
-0.954674509805
-0.290257556510
-0.065932778021
-0.384604034800
0.421515687834
-0.821221201215
-0.259294768865
0.522820124868
-0.812050084583
-0.109358649943
0.602022971958
-0.790954503696
-0.232627261219
0.663600941189
-0.710998135153
-0.354535526558
0.704741110094
-0.614527890459
-0.503923807823
0.469724671915
-0.724858281668
-0.379707519546
0.574572532903
-0.725043863524
-0.496867554578
0.606844775379
-0.620372510515
0.870473138320
0.354164663658
-0.341824379587
0.909121898443
0.199301088550
-0.365754630694
0.916317748481
0.031879903726
-0.399180980957
0.964249283553
0.076109443818
-0.253831975388
0.986968982746
0.124354272718
-0.102118763966
0.898165403578
0.396814115990
-0.189307858172
0.944696951813
0.243954445249
-0.219166370317
0.954674509805
0.290257556510
-0.065932778021
0.188446428612
-0.775680351492
-0.602335401460
0.063181166404
-0.722121213418
-0.688875237865
-0.057775882156
-0.633902875684
-0.771251639636
-0.109479594257
-0.739710385007
-0.663959912009
-0.153326086655
-0.829095382811
-0.537672723273
0.138134919065
-0.866538787906
-0.479613670770
0.015019064574
-0.818526978152
-0.574271724653
-0.027220962653
-0.897102331889
-0.440983475100
0.632774772603
0.268137736859
-0.726428414387
0.748868918180
0.220246660578
-0.625049399559
0.848730385852
0.145066108845
-0.508539630900
0.820477729410
0.300289371544
-0.486459236607
0.767853977114
0.449296259473
-0.456654290524
0.586723362603
0.418551732808
-0.693231665996
0.710024798950
0.370425227160
-0.598873889863
0.647593473168
0.513691034705
-0.562800332599
-0.986939436260
0.049251937105
-0.153377950975
-0.948170006730
0.097071813860
-0.302573464290
-0.880610289578
0.125363244784
-0.456956863113
-0.896587173228
0.253251148400
-0.363311569645
-0.892208249831
0.372441092287
-0.255444850621
-0.983537478594
0.173307121910
-0.051172939107
-0.953979244199
0.219653088290
-0.204147305743
-0.937851029679
0.334301999290
-0.093153740674
0.049251937105
-0.153377950975
-0.986939436260
0.097071813860
-0.302573464290
-0.948170006730
0.125363244784
-0.456956863113
-0.880610289578
0.253251148400
-0.363311569645
-0.896587173228
0.372441092287
-0.255444850621
-0.892208249831
0.173307121910
-0.051172939107
-0.983537478594
0.219653088290
-0.204147305743
-0.953979244199
0.334301999290
-0.093153740674
-0.937851029679
0.421515687834
-0.821221201215
-0.384604034800
0.522820124868
-0.812050084583
-0.259294768865
0.602022971958
-0.790954503696
-0.109358649943
0.663600941189
-0.710998135153
-0.232627261219
0.704741110094
-0.614527890459
-0.354535526558
0.469724671915
-0.724858281668
-0.503923807823
0.574572532903
-0.725043863524
-0.379707519546
0.606844775379
-0.620372510515
-0.496867554578
-0.421515687834
-0.821221201215
0.384604034800
-0.522820124868
-0.812050084583
0.259294768865
-0.602022971958
-0.790954503696
0.109358649943
-0.663600941189
-0.710998135153
0.232627261219
-0.704741110094
-0.614527890459
0.354535526558
-0.469724671915
-0.724858281668
0.503923807823
-0.574572532903
-0.725043863524
0.379707519546
-0.606844775379
-0.620372510515
0.496867554578
-0.153377950975
-0.986939436260
0.049251937105
-0.302573464290
-0.948170006730
0.097071813860
-0.456956863113
-0.880610289578
0.125363244784
-0.363311569645
-0.896587173228
0.253251148400
-0.255444850621
-0.892208249831
0.372441092287
-0.051172939107
-0.983537478594
0.173307121910
-0.204147305743
-0.953979244199
0.219653088290
-0.093153740674
-0.937851029679
0.334301999290
0.153377950975
0.986939436260
0.049251937105
0.302573464290
0.948170006730
0.097071813860
0.456956863113
0.880610289578
0.125363244784
0.363311569645
0.896587173228
0.253251148400
0.255444850621
0.892208249831
0.372441092287
0.051172939107
0.983537478594
0.173307121910
0.204147305743
0.953979244199
0.219653088290
0.093153740674
0.937851029679
0.334301999290
-0.354164663658
-0.341824379587
-0.870473138320
-0.199301088550
-0.365754630694
-0.909121898443
-0.031879903726
-0.399180980957
-0.916317748481
-0.076109443818
-0.253831975388
-0.964249283553
-0.124354272718
-0.102118763966
-0.986968982746
-0.396814115990
-0.189307858172
-0.898165403578
-0.243954445249
-0.219166370317
-0.944696951813
-0.290257556510
-0.065932778021
-0.954674509805
0.775680351492
-0.602335401460
-0.188446428612
0.722121213418
-0.688875237865
-0.063181166404
0.633902875684
-0.771251639636
0.057775882156
0.739710385007
-0.663959912009
0.109479594257
0.829095382811
-0.537672723273
0.153326086655
0.866538787906
-0.479613670770
-0.138134919065
0.818526978152
-0.574271724653
-0.015019064574
0.897102331889
-0.440983475100
0.027220962653
