0.609107959550
0.788084043656
0.088943992200
0.681672802661
0.705381419975
0.194317375616
0.737790323794
0.607513497584
0.294266526078
0.388613031711
0.776637146715
0.495796988622
0.475457854569
0.796231321059
0.374106284220
0.552442095708
0.796973920427
0.244213638129
0.615859484766
0.707101335749
0.347454739507
0.664518890437
0.601342410315
0.443623657856
0.533923202660
0.695207547862
0.481261341744
0.525731112119
0.850650808352
0.000000000000
0.000000000000
0.525731112119
-0.850650808352
-0.525731112119
0.850650808352
0.000000000000
0.000000000000
0.525731112119
0.850650808352
0.850650808352
-0.000000000000
0.525731112119
-0.850650808352
-0.000000000000
0.525731112119
-0.000000000000
-0.525731112119
0.850650808352
-0.850650808352
-0.000000000000
-0.525731112119
-0.525731112119
-0.850650808352
0.000000000000
0.850650808352
-0.000000000000
-0.525731112119
0.525731112119
-0.850650808352
0.000000000000
0.000000000000
-0.525731112119
-0.850650808352
0.577350269190
0.577350269190
0.577350269190
0.356822089773
0.000000000000
-0.934172358963
-0.577350269190
0.577350269190
-0.577350269190
-0.356822089773
0.000000000000
0.934172358963
0.934172358963
0.356822089773
-0.000000000000
0.000000000000
0.934172358963
-0.356822089773
-0.577350269190
0.577350269190
0.577350269190
0.577350269190
-0.577350269190
0.577350269190
-0.934172358963
-0.356822089773
-0.000000000000
0.577350269190
0.577350269190
-0.577350269190
-0.000000000000
0.934172358963
0.356822089773
-0.577350269190
-0.577350269190
0.577350269190
0.934172358963
-0.356822089773
0.000000000000
0.356822089773
-0.000000000000
0.934172358963
-0.356822089773
-0.000000000000
-0.934172358963
-0.000000000000
-0.934172358963
-0.356822089773
0.577350269190
-0.577350269190
-0.577350269190
0.000000000000
-0.934172358963
0.356822089773
-0.934172358963
0.356822089773
0.000000000000
-0.577350269190
-0.577350269190
-0.577350269190
0.010934583948
0.404876677303
-0.914305917650
0.034344504134
0.262858387843
-0.964222963311
0.056903453641
0.116365732481
-0.991575016460
0.446795750497
0.260326124810
-0.855922815492
0.310978424013
0.310186970910
-0.898374344511
0.167630421136
0.351944630653
-0.920888168490
0.191673376146
0.208018580673
-0.959160876481
0.212464657320
0.059336770227
-0.975365529988
0.337217949783
0.156812706653
-0.928274651909
-0.609107959550
0.788084043656
-0.088943992200
-0.681672802661
0.705381419975
-0.194317375616
-0.737790323794
0.607513497584
-0.294266526078
-0.388613031711
0.776637146715
-0.495796988622
-0.475457854569
0.796231321059
-0.374106284220
-0.552442095708
0.796973920427
-0.244213638129
-0.615859484766
0.707101335749
-0.347454739507
-0.664518890437
0.601342410315
-0.443623657856
-0.533923202660
0.695207547862
-0.481261341744
-0.010934583948
0.404876677303
0.914305917650
-0.034344504134
0.262858387843
0.964222963311
-0.056903453641
0.116365732481
0.991575016460
-0.446795750497
0.260326124810
0.855922815492
-0.310978424013
0.310186970910
0.898374344511
-0.167630421136
0.351944630653
0.920888168490
-0.191673376146
0.208018580673
0.959160876481
-0.212464657320
0.059336770227
0.975365529988
-0.337217949783
0.156812706653
0.928274651909
0.620042543498
0.781326099123
-0.071251463720
0.716017306795
0.684155349093
-0.138746800600
0.794693777435
0.572345229156
-0.202194804009
0.835408782208
0.500502186879
0.227133721711
0.786436278582
0.604036085251
0.129067375601
0.720072516845
0.693372622616
0.027018080818
0.807532860912
0.588640674552
-0.037320702164
0.876983547756
0.470032030683
-0.099848620905
0.871141152443
0.486795393279
0.064368762623
-0.476128141023
0.870270091323
-0.126221873995
-0.401605188443
0.878472724710
-0.258841543336
-0.318560536490
0.866611755234
-0.384061518877
-0.033192403099
0.996299175501
-0.079285668777
-0.181119595309
0.978142369471
-0.102143023452
-0.324926549835
0.937586260746
-0.123914248062
-0.245339282837
0.936095414059
-0.252059540732
-0.159185391132
0.913655688539
-0.374023119673
-0.092443944031
0.968056735023
-0.233067104046
-0.132979818527
0.493820669503
0.859335507375
-0.280067614218
0.457175763459
0.844128220575
-0.419229787304
0.410632258558
0.809708301593
-0.355420628613
0.756123113432
0.549503425004
-0.294338259260
0.684293255130
0.667163945458
-0.227515545873
0.596158268782
0.769955839609
-0.370520201929
0.555473320180
0.744422037913
-0.505333499305
0.502960428083
0.701191031220
-0.441479258629
0.638074048397
0.630838785240
0.859335507375
-0.132979818527
0.493820669503
0.844128220575
-0.280067614218
0.457175763459
0.809708301593
-0.419229787304
0.410632258558
0.549503425004
-0.355420628613
0.756123113432
0.667163945458
-0.294338259260
0.684293255130
0.769955839609
-0.227515545873
0.596158268782
0.744422037913
-0.370520201929
0.555473320180
0.701191031220
-0.505333499305
0.502960428083
0.630838785240
-0.441479258629
0.638074048397
-0.870270091323
-0.126221873995
0.476128141023
-0.878472724710
-0.258841543336
0.401605188443
-0.866611755234
-0.384061518877
0.318560536490
-0.996299175501
-0.079285668777
0.033192403099
-0.978142369471
-0.102143023452
0.181119595309
-0.937586260746
-0.123914248062
0.324926549835
-0.936095414059
-0.252059540732
0.245339282837
-0.913655688539
-0.374023119673
0.159185391132
-0.968056735023
-0.233067104046
0.092443944031
0.493820669503
0.859335507375
-0.132979818527
0.457175763459
0.844128220575
-0.280067614218
0.410632258558
0.809708301593
-0.419229787304
0.756123113432
0.549503425004
-0.355420628613
0.684293255130
0.667163945458
-0.294338259260
0.596158268782
0.769955839609
-0.227515545873
0.555473320180
0.744422037913
-0.370520201929
0.502960428083
0.701191031220
-0.505333499305
0.638074048397
0.630838785240
-0.441479258629
-0.071251463720
0.620042543498
0.781326099123
-0.138746800600
0.716017306795
0.684155349093
-0.202194804009
0.794693777435
0.572345229156
0.227133721711
0.835408782208
0.500502186879
0.129067375601
0.786436278582
0.604036085251
0.027018080818
0.720072516845
0.693372622616
-0.037320702164
0.807532860912
0.588640674552
-0.099848620905
0.876983547756
0.470032030683
0.064368762623
0.871141152443
0.486795393279
-0.088943992200
-0.609107959550
0.788084043656
-0.194317375616
-0.681672802661
0.705381419975
-0.294266526078
-0.737790323794
0.607513497584
-0.495796988622
-0.388613031711
0.776637146715
-0.374106284220
-0.475457854569
0.796231321059
-0.244213638129
-0.552442095708
0.796973920427
-0.347454739507
-0.615859484766
0.707101335749
-0.443623657856
-0.664518890437
0.601342410315
-0.481261341744
-0.533923202660
0.695207547862
0.914305917650
-0.010934583948
0.404876677303
0.964222963311
-0.034344504134
0.262858387843
0.991575016460
-0.056903453641
0.116365732481
0.855922815492
-0.446795750497
0.260326124810
0.898374344511
-0.310978424013
0.310186970910
0.920888168490
-0.167630421136
0.351944630653
0.959160876481
-0.191673376146
0.208018580673
0.975365529988
-0.212464657320
0.059336770227
0.928274651909
-0.337217949783
0.156812706653
0.088943992200
0.609107959550
0.788084043656
0.194317375616
0.681672802661
0.705381419975
0.294266526078
0.737790323794
0.607513497584
0.495796988622
0.388613031711
0.776637146715
0.374106284220
0.475457854569
0.796231321059
0.244213638129
0.552442095708
0.796973920427
0.347454739507
0.615859484766
0.707101335749
0.443623657856
0.664518890437
0.601342410315
0.481261341744
0.533923202660
0.695207547862
-0.126221873995
-0.476128141023
0.870270091323
-0.258841543336
-0.401605188443
0.878472724710
-0.384061518877
-0.318560536490
0.866611755234
-0.079285668777
-0.033192403099
0.996299175501
-0.102143023452
-0.181119595309
0.978142369471
-0.123914248062
-0.324926549835
0.937586260746
-0.252059540732
-0.245339282837
0.936095414059
-0.374023119673
-0.159185391132
0.913655688539
-0.233067104046
-0.092443944031
0.968056735023
0.126221873995
0.476128141023
0.870270091323
0.258841543336
0.401605188443
0.878472724710
0.384061518877
0.318560536490
0.866611755234
0.079285668777
0.033192403099
0.996299175501
0.102143023452
0.181119595309
0.978142369471
0.123914248062
0.324926549835
0.937586260746
0.252059540732
0.245339282837
0.936095414059
0.374023119673
0.159185391132
0.913655688539
0.233067104046
0.092443944031
0.968056735023
-0.404876677303
0.914305917650
0.010934583948
-0.262858387843
0.964222963311
0.034344504134
-0.116365732481
0.991575016460
0.056903453641
-0.260326124810
0.855922815492
0.446795750497
-0.310186970910
0.898374344511
0.310978424013
-0.351944630653
0.920888168490
0.167630421136
-0.208018580673
0.959160876481
0.191673376146
-0.059336770227
0.975365529988
0.212464657320
-0.156812706653
0.928274651909
0.337217949783
-0.781326099123
-0.071251463720
-0.620042543498
-0.684155349093
-0.138746800600
-0.716017306795
-0.572345229156
-0.202194804009
-0.794693777435
-0.500502186879
0.227133721711
-0.835408782208
-0.604036085251
0.129067375601
-0.786436278582
-0.693372622616
0.027018080818
-0.720072516845
-0.588640674552
-0.037320702164
-0.807532860912
-0.470032030683
-0.099848620905
-0.876983547756
-0.486795393279
0.064368762623
-0.871141152443
-0.788084043656
-0.088943992200
0.609107959550
-0.705381419975
-0.194317375616
0.681672802661
-0.607513497584
-0.294266526078
0.737790323794
-0.776637146715
-0.495796988622
0.388613031711
-0.796231321059
-0.374106284220
0.475457854569
-0.796973920427
-0.244213638129
0.552442095708
-0.707101335749
-0.347454739507
0.615859484766
-0.601342410315
-0.443623657856
0.664518890437
-0.695207547862
-0.481261341744
0.533923202660
-0.493820669503
0.859335507375
0.132979818527
-0.457175763459
0.844128220575
0.280067614218
-0.410632258558
0.809708301593
0.419229787304
-0.756123113432
0.549503425004
0.355420628613
-0.684293255130
0.667163945458
0.294338259260
-0.596158268782
0.769955839609
0.227515545873
-0.555473320180
0.744422037913
0.370520201929
-0.502960428083
0.701191031220
0.505333499305
-0.638074048397
0.630838785240
0.441479258629
-0.788084043656
0.088943992200
-0.609107959550
-0.705381419975
0.194317375616
-0.681672802661
-0.607513497584
0.294266526078
-0.737790323794
-0.776637146715
0.495796988622
-0.388613031711
-0.796231321059
0.374106284220
-0.475457854569
-0.796973920427
0.244213638129
-0.552442095708
-0.707101335749
0.347454739507
-0.615859484766
-0.601342410315
0.443623657856
-0.664518890437
-0.695207547862
0.481261341744
-0.533923202660
-0.404876677303
-0.914305917650
-0.010934583948
-0.262858387843
-0.964222963311
-0.034344504134
-0.116365732481
-0.991575016460
-0.056903453641
-0.260326124810
-0.855922815492
-0.446795750497
-0.310186970910
-0.898374344511
-0.310978424013
-0.351944630653
-0.920888168490
-0.167630421136
-0.208018580673
-0.959160876481
-0.191673376146
-0.059336770227
-0.975365529988
-0.212464657320
-0.156812706653
-0.928274651909
-0.337217949783
0.781326099123
-0.071251463720
0.620042543498
0.684155349093
-0.138746800600
0.716017306795
0.572345229156
-0.202194804009
0.794693777435
0.500502186879
0.227133721711
0.835408782208
0.604036085251
0.129067375601
0.786436278582
0.693372622616
0.027018080818
0.720072516845
0.588640674552
-0.037320702164
0.807532860912
0.470032030683
-0.099848620905
0.876983547756
0.486795393279
0.064368762623
0.871141152443
0.788084043656
-0.088943992200
-0.609107959550
0.705381419975
-0.194317375616
-0.681672802661
0.607513497584
-0.294266526078
-0.737790323794
0.776637146715
-0.495796988622
-0.388613031711
0.796231321059
-0.374106284220
-0.475457854569
0.796973920427
-0.244213638129
-0.552442095708
0.707101335749
-0.347454739507
-0.615859484766
0.601342410315
-0.443623657856
-0.664518890437
0.695207547862
-0.481261341744
-0.533923202660
0.404876677303
0.914305917650
-0.010934583948
0.262858387843
0.964222963311
-0.034344504134
0.116365732481
0.991575016460
-0.056903453641
0.260326124810
0.855922815492
-0.446795750497
0.310186970910
0.898374344511
-0.310978424013
0.351944630653
0.920888168490
-0.167630421136
0.208018580673
0.959160876481
-0.191673376146
0.059336770227
0.975365529988
-0.212464657320
0.156812706653
0.928274651909
-0.337217949783
0.788084043656
0.088943992200
0.609107959550
0.705381419975
0.194317375616
0.681672802661
0.607513497584
0.294266526078
0.737790323794
0.776637146715
0.495796988622
0.388613031711
0.796231321059
0.374106284220
0.475457854569
0.796973920427
0.244213638129
0.552442095708
0.707101335749
0.347454739507
0.615859484766
0.601342410315
0.443623657856
0.664518890437
0.695207547862
0.481261341744
0.533923202660
0.870270091323
-0.126221873995
-0.476128141023
0.878472724710
-0.258841543336
-0.401605188443
0.866611755234
-0.384061518877
-0.318560536490
0.996299175501
-0.079285668777
-0.033192403099
0.978142369471
-0.102143023452
-0.181119595309
0.937586260746
-0.123914248062
-0.324926549835
0.936095414059
-0.252059540732
-0.245339282837
0.913655688539
-0.374023119673
-0.159185391132
0.968056735023
-0.233067104046
-0.092443944031
-0.126221873995
0.476128141023
-0.870270091323
-0.258841543336
0.401605188443
-0.878472724710
-0.384061518877
0.318560536490
-0.866611755234
-0.079285668777
0.033192403099
-0.996299175501
-0.102143023452
0.181119595309
-0.978142369471
-0.123914248062
0.324926549835
-0.937586260746
-0.252059540732
0.245339282837
-0.936095414059
-0.374023119673
0.159185391132
-0.913655688539
-0.233067104046
0.092443944031
-0.968056735023
0.404876677303
-0.914305917650
0.010934583948
0.262858387843
-0.964222963311
0.034344504134
0.116365732481
-0.991575016460
0.056903453641
0.260326124810
-0.855922815492
0.446795750497
0.310186970910
-0.898374344511
0.310978424013
0.351944630653
-0.920888168490
0.167630421136
0.208018580673
-0.959160876481
0.191673376146
0.059336770227
-0.975365529988
0.212464657320
0.156812706653
-0.928274651909
0.337217949783
-0.914305917650
0.010934583948
0.404876677303
-0.964222963311
0.034344504134
0.262858387843
-0.991575016460
0.056903453641
0.116365732481
-0.855922815492
0.446795750497
0.260326124810
-0.898374344511
0.310978424013
0.310186970910
-0.920888168490
0.167630421136
0.351944630653
-0.959160876481
0.191673376146
0.208018580673
-0.975365529988
0.212464657320
0.059336770227
-0.928274651909
0.337217949783
0.156812706653
0.071251463720
-0.620042543498
0.781326099123
0.138746800600
-0.716017306795
0.684155349093
0.202194804009
-0.794693777435
0.572345229156
-0.227133721711
-0.835408782208
0.500502186879
-0.129067375601
-0.786436278582
0.604036085251
-0.027018080818
-0.720072516845
0.693372622616
0.037320702164
-0.807532860912
0.588640674552
0.099848620905
-0.876983547756
0.470032030683
-0.064368762623
-0.871141152443
0.486795393279
-0.859335507375
0.132979818527
0.493820669503
-0.844128220575
0.280067614218
0.457175763459
-0.809708301593
0.419229787304
0.410632258558
-0.549503425004
0.355420628613
0.756123113432
-0.667163945458
0.294338259260
0.684293255130
-0.769955839609
0.227515545873
0.596158268782
-0.744422037913
0.370520201929
0.555473320180
-0.701191031220
0.505333499305
0.502960428083
-0.630838785240
0.441479258629
0.638074048397
-0.493820669503
-0.859335507375
-0.132979818527
-0.457175763459
-0.844128220575
-0.280067614218
-0.410632258558
-0.809708301593
-0.419229787304
-0.756123113432
-0.549503425004
-0.355420628613
-0.684293255130
-0.667163945458
-0.294338259260
-0.596158268782
-0.769955839609
-0.227515545873
-0.555473320180
-0.744422037913
-0.370520201929
-0.502960428083
-0.701191031220
-0.505333499305
-0.638074048397
-0.630838785240
-0.441479258629
0.132979818527
-0.493820669503
0.859335507375
0.280067614218
-0.457175763459
0.844128220575
0.419229787304
-0.410632258558
0.809708301593
0.355420628613
-0.756123113432
0.549503425004
0.294338259260
-0.684293255130
0.667163945458
0.227515545873
-0.596158268782
0.769955839609
0.370520201929
-0.555473320180
0.744422037913
0.505333499305
-0.502960428083
0.701191031220
0.441479258629
-0.638074048397
0.630838785240
-0.781326099123
0.071251463720
0.620042543498
-0.684155349093
0.138746800600
0.716017306795
-0.572345229156
0.202194804009
0.794693777435
-0.500502186879
-0.227133721711
0.835408782208
-0.604036085251
-0.129067375601
0.786436278582
-0.693372622616
-0.027018080818
0.720072516845
-0.588640674552
0.037320702164
0.807532860912
-0.470032030683
0.099848620905
0.876983547756
-0.486795393279
-0.064368762623
0.871141152443
0.476128141023
-0.870270091323
-0.126221873995
0.401605188443
-0.878472724710
-0.258841543336
0.318560536490
-0.866611755234
-0.384061518877
0.033192403099
-0.996299175501
-0.079285668777
0.181119595309
-0.978142369471
-0.102143023452
0.324926549835
-0.937586260746
-0.123914248062
0.245339282837
-0.936095414059
-0.252059540732
0.159185391132
-0.913655688539
-0.374023119673
0.092443944031
-0.968056735023
-0.233067104046
0.870270091323
0.126221873995
0.476128141023
0.878472724710
0.258841543336
0.401605188443
0.866611755234
0.384061518877
0.318560536490
0.996299175501
0.079285668777
0.033192403099
0.978142369471
0.102143023452
0.181119595309
0.937586260746
0.123914248062
0.324926549835
0.936095414059
0.252059540732
0.245339282837
0.913655688539
0.374023119673
0.159185391132
0.968056735023
0.233067104046
0.092443944031
0.010934583948
-0.404876677303
0.914305917650
0.034344504134
-0.262858387843
0.964222963311
0.056903453641
-0.116365732481
0.991575016460
0.446795750497
-0.260326124810
0.855922815492
0.310978424013
-0.310186970910
0.898374344511
0.167630421136
-0.351944630653
0.920888168490
0.191673376146
-0.208018580673
0.959160876481
0.212464657320
-0.059336770227
0.975365529988
0.337217949783
-0.156812706653
0.928274651909
0.781326099123
0.071251463720
-0.620042543498
0.684155349093
0.138746800600
-0.716017306795
0.572345229156
0.202194804009
-0.794693777435
0.500502186879
-0.227133721711
-0.835408782208
0.604036085251
-0.129067375601
-0.786436278582
0.693372622616
-0.027018080818
-0.720072516845
0.588640674552
0.037320702164
-0.807532860912
0.470032030683
0.099848620905
-0.876983547756
0.486795393279
-0.064368762623
-0.871141152443
-0.620042543498
-0.781326099123
-0.071251463720
-0.716017306795
-0.684155349093
-0.138746800600
-0.794693777435
-0.572345229156
-0.202194804009
-0.835408782208
-0.500502186879
0.227133721711
-0.786436278582
-0.604036085251
0.129067375601
-0.720072516845
-0.693372622616
0.027018080818
-0.807532860912
-0.588640674552
-0.037320702164
-0.876983547756
-0.470032030683
-0.099848620905
-0.871141152443
-0.486795393279
0.064368762623
0.493820669503
-0.859335507375
0.132979818527
0.457175763459
-0.844128220575
0.280067614218
0.410632258558
-0.809708301593
0.419229787304
0.756123113432
-0.549503425004
0.355420628613
0.684293255130
-0.667163945458
0.294338259260
0.596158268782
-0.769955839609
0.227515545873
0.555473320180
-0.744422037913
0.370520201929
0.502960428083
-0.701191031220
0.505333499305
0.638074048397
-0.630838785240
0.441479258629
-0.132979818527
-0.493820669503
-0.859335507375
-0.280067614218
-0.457175763459
-0.844128220575
-0.419229787304
-0.410632258558
-0.809708301593
-0.355420628613
-0.756123113432
-0.549503425004
-0.294338259260
-0.684293255130
-0.667163945458
-0.227515545873
-0.596158268782
-0.769955839609
-0.370520201929
-0.555473320180
-0.744422037913
-0.505333499305
-0.502960428083
-0.701191031220
-0.441479258629
-0.638074048397
-0.630838785240
0.132979818527
0.493820669503
-0.859335507375
0.280067614218
0.457175763459
-0.844128220575
0.419229787304
0.410632258558
-0.809708301593
0.355420628613
0.756123113432
-0.549503425004
0.294338259260
0.684293255130
-0.667163945458
0.227515545873
0.596158268782
-0.769955839609
0.370520201929
0.555473320180
-0.744422037913
0.505333499305
0.502960428083
-0.701191031220
0.441479258629
0.638074048397
-0.630838785240
-0.859335507375
-0.132979818527
-0.493820669503
-0.844128220575
-0.280067614218
-0.457175763459
-0.809708301593
-0.419229787304
-0.410632258558
-0.549503425004
-0.355420628613
-0.756123113432
-0.667163945458
-0.294338259260
-0.684293255130
-0.769955839609
-0.227515545873
-0.596158268782
-0.744422037913
-0.370520201929
-0.555473320180
-0.701191031220
-0.505333499305
-0.502960428083
-0.630838785240
-0.441479258629
-0.638074048397
-0.620042543498
0.781326099123
0.071251463720
-0.716017306795
0.684155349093
0.138746800600
-0.794693777435
0.572345229156
0.202194804009
-0.835408782208
0.500502186879
-0.227133721711
-0.786436278582
0.604036085251
-0.129067375601
-0.720072516845
0.693372622616
-0.027018080818
-0.807532860912
0.588640674552
0.037320702164
-0.876983547756
0.470032030683
0.099848620905
-0.871141152443
0.486795393279
-0.064368762623
0.071251463720
0.620042543498
-0.781326099123
0.138746800600
0.716017306795
-0.684155349093
0.202194804009
0.794693777435
-0.572345229156
-0.227133721711
0.835408782208
-0.500502186879
-0.129067375601
0.786436278582
-0.604036085251
-0.027018080818
0.720072516845
-0.693372622616
0.037320702164
0.807532860912
-0.588640674552
0.099848620905
0.876983547756
-0.470032030683
-0.064368762623
0.871141152443
-0.486795393279
0.088943992200
-0.609107959550
-0.788084043656
0.194317375616
-0.681672802661
-0.705381419975
0.294266526078
-0.737790323794
-0.607513497584
0.495796988622
-0.388613031711
-0.776637146715
0.374106284220
-0.475457854569
-0.796231321059
0.244213638129
-0.552442095708
-0.796973920427
0.347454739507
-0.615859484766
-0.707101335749
0.443623657856
-0.664518890437
-0.601342410315
0.481261341744
-0.533923202660
-0.695207547862
-0.914305917650
-0.010934583948
-0.404876677303
-0.964222963311
-0.034344504134
-0.262858387843
-0.991575016460
-0.056903453641
-0.116365732481
-0.855922815492
-0.446795750497
-0.260326124810
-0.898374344511
-0.310978424013
-0.310186970910
-0.920888168490
-0.167630421136
-0.351944630653
-0.959160876481
-0.191673376146
-0.208018580673
-0.975365529988
-0.212464657320
-0.059336770227
-0.928274651909
-0.337217949783
-0.156812706653
-0.088943992200
0.609107959550
-0.788084043656
-0.194317375616
0.681672802661
-0.705381419975
-0.294266526078
0.737790323794
-0.607513497584
-0.495796988622
0.388613031711
-0.776637146715
-0.374106284220
0.475457854569
-0.796231321059
-0.244213638129
0.552442095708
-0.796973920427
-0.347454739507
0.615859484766
-0.707101335749
-0.443623657856
0.664518890437
-0.601342410315
-0.481261341744
0.533923202660
-0.695207547862
0.914305917650
0.010934583948
-0.404876677303
0.964222963311
0.034344504134
-0.262858387843
0.991575016460
0.056903453641
-0.116365732481
0.855922815492
0.446795750497
-0.260326124810
0.898374344511
0.310978424013
-0.310186970910
0.920888168490
0.167630421136
-0.351944630653
0.959160876481
0.191673376146
-0.208018580673
0.975365529988
0.212464657320
-0.059336770227
0.928274651909
0.337217949783
-0.156812706653
-0.071251463720
-0.620042543498
-0.781326099123
-0.138746800600
-0.716017306795
-0.684155349093
-0.202194804009
-0.794693777435
-0.572345229156
0.227133721711
-0.835408782208
-0.500502186879
0.129067375601
-0.786436278582
-0.604036085251
0.027018080818
-0.720072516845
-0.693372622616
-0.037320702164
-0.807532860912
-0.588640674552
-0.099848620905
-0.876983547756
-0.470032030683
0.064368762623
-0.871141152443
-0.486795393279
0.859335507375
0.132979818527
-0.493820669503
0.844128220575
0.280067614218
-0.457175763459
0.809708301593
0.419229787304
-0.410632258558
0.549503425004
0.355420628613
-0.756123113432
0.667163945458
0.294338259260
-0.684293255130
0.769955839609
0.227515545873
-0.596158268782
0.744422037913
0.370520201929
-0.555473320180
0.701191031220
0.505333499305
-0.502960428083
0.630838785240
0.441479258629
-0.638074048397
-0.870270091323
0.126221873995
-0.476128141023
-0.878472724710
0.258841543336
-0.401605188443
-0.866611755234
0.384061518877
-0.318560536490
-0.996299175501
0.079285668777
-0.033192403099
-0.978142369471
0.102143023452
-0.181119595309
-0.937586260746
0.123914248062
-0.324926549835
-0.936095414059
0.252059540732
-0.245339282837
-0.913655688539
0.374023119673
-0.159185391132
-0.968056735023
0.233067104046
-0.092443944031
0.126221873995
-0.476128141023
-0.870270091323
0.258841543336
-0.401605188443
-0.878472724710
0.384061518877
-0.318560536490
-0.866611755234
0.079285668777
-0.033192403099
-0.996299175501
0.102143023452
-0.181119595309
-0.978142369471
0.123914248062
-0.324926549835
-0.937586260746
0.252059540732
-0.245339282837
-0.936095414059
0.374023119673
-0.159185391132
-0.913655688539
0.233067104046
-0.092443944031
-0.968056735023
0.609107959550
-0.788084043656
-0.088943992200
0.681672802661
-0.705381419975
-0.194317375616
0.737790323794
-0.607513497584
-0.294266526078
0.388613031711
-0.776637146715
-0.495796988622
0.475457854569
-0.796231321059
-0.374106284220
0.552442095708
-0.796973920427
-0.244213638129
0.615859484766
-0.707101335749
-0.347454739507
0.664518890437
-0.601342410315
-0.443623657856
0.533923202660
-0.695207547862
-0.481261341744
-0.609107959550
-0.788084043656
0.088943992200
-0.681672802661
-0.705381419975
0.194317375616
-0.737790323794
-0.607513497584
0.294266526078
-0.388613031711
-0.776637146715
0.495796988622
-0.475457854569
-0.796231321059
0.374106284220
-0.552442095708
-0.796973920427
0.244213638129
-0.615859484766
-0.707101335749
0.347454739507
-0.664518890437
-0.601342410315
0.443623657856
-0.533923202660
-0.695207547862
0.481261341744
-0.476128141023
-0.870270091323
0.126221873995
-0.401605188443
-0.878472724710
0.258841543336
-0.318560536490
-0.866611755234
0.384061518877
-0.033192403099
-0.996299175501
0.079285668777
-0.181119595309
-0.978142369471
0.102143023452
-0.324926549835
-0.937586260746
0.123914248062
-0.245339282837
-0.936095414059
0.252059540732
-0.159185391132
-0.913655688539
0.374023119673
-0.092443944031
-0.968056735023
0.233067104046
0.476128141023
0.870270091323
0.126221873995
0.401605188443
0.878472724710
0.258841543336
0.318560536490
0.866611755234
0.384061518877
0.033192403099
0.996299175501
0.079285668777
0.181119595309
0.978142369471
0.102143023452
0.324926549835
0.937586260746
0.123914248062
0.245339282837
0.936095414059
0.252059540732
0.159185391132
0.913655688539
0.374023119673
0.092443944031
0.968056735023
0.233067104046
-0.010934583948
-0.404876677303
-0.914305917650
-0.034344504134
-0.262858387843
-0.964222963311
-0.056903453641
-0.116365732481
-0.991575016460
-0.446795750497
-0.260326124810
-0.855922815492
-0.310978424013
-0.310186970910
-0.898374344511
-0.167630421136
-0.351944630653
-0.920888168490
-0.191673376146
-0.208018580673
-0.959160876481
-0.212464657320
-0.059336770227
-0.975365529988
-0.337217949783
-0.156812706653
-0.928274651909
0.620042543498
-0.781326099123
0.071251463720
0.716017306795
-0.684155349093
0.138746800600
0.794693777435
-0.572345229156
0.202194804009
0.835408782208
-0.500502186879
-0.227133721711
0.786436278582
-0.604036085251
-0.129067375601
0.720072516845
-0.693372622616
-0.027018080818
0.807532860912
-0.588640674552
0.037320702164
0.876983547756
-0.470032030683
0.099848620905
0.871141152443
-0.486795393279
-0.064368762623
