0.365030092187
0.839447326493
0.402593116983
0.653847794514
0.747261747718
0.118671572024
0.585948744323
0.727567323949
0.356805070238
0.678400567733
0.555961876176
0.480290601551
0.525731112119
0.850650808352
0.000000000000
0.000000000000
0.525731112119
-0.850650808352
-0.525731112119
0.850650808352
0.000000000000
0.000000000000
0.525731112119
0.850650808352
0.850650808352
-0.000000000000
0.525731112119
-0.850650808352
-0.000000000000
0.525731112119
-0.000000000000
-0.525731112119
0.850650808352
-0.850650808352
-0.000000000000
-0.525731112119
-0.525731112119
-0.850650808352
0.000000000000
0.850650808352
-0.000000000000
-0.525731112119
0.525731112119
-0.850650808352
0.000000000000
0.000000000000
-0.525731112119
-0.850650808352
0.402593117133
0.365030092579
-0.839447326250
0.000000000551
0.343161586899
-0.939276383860
0.220517660992
0.229143674679
-0.948084984347
0.221164642990
0.000000000853
-0.975236484495
-0.365030092187
0.839447326493
-0.402593116983
-0.653847794514
0.747261747718
-0.118671572024
-0.585948744323
0.727567323949
-0.356805070238
-0.678400567733
0.555961876176
-0.480290601551
-0.402593117133
0.365030092579
0.839447326250
-0.000000000551
0.343161586899
0.939276383860
-0.220517660992
0.229143674679
0.948084984347
-0.221164642990
0.000000000853
0.975236484495
0.767623209320
0.590631096468
0.248816230175
0.653847795065
0.747261747378
-0.118671571133
0.806466405315
0.591279914336
0.000000000367
0.899565210723
0.419274609699
-0.122438692083
-0.116213862405
0.993224213451
0.000000000242
-0.461833158032
0.865933319401
-0.192014636142
-0.229143674312
0.948084984574
-0.220517660398
-0.122438692936
0.899565211250
-0.419274608319
-0.248816229783
0.767623209563
0.590631096318
-0.192014636482
0.461833158923
0.865933318851
-0.356805070011
0.585948744917
0.727567323582
-0.555961874797
0.480290602404
0.678400568260
0.590631096318
-0.248816229783
0.767623209563
0.865933318851
-0.192014636482
0.461833158923
0.727567323582
-0.356805070011
0.585948744917
0.678400568260
-0.555961874797
0.480290602404
-0.993224213451
0.000000000242
0.116213862405
-0.865933319401
-0.192014636142
0.461833158032
-0.948084984574
-0.220517660398
0.229143674312
-0.899565211250
-0.419274608319
0.122438692936
0.767623209563
0.590631096318
-0.248816229783
0.461833158923
0.865933318851
-0.192014636482
0.585948744917
0.727567323582
-0.356805070011
0.480290602404
0.678400568260
-0.555961874797
0.248816230175
0.767623209320
0.590631096468
-0.118671571133
0.653847795065
0.747261747378
0.000000000367
0.806466405315
0.591279914336
-0.122438692083
0.899565210723
0.419274609699
-0.402593116983
-0.365030092187
0.839447326493
-0.118671572024
-0.653847794514
0.747261747718
-0.356805070238
-0.585948744323
0.727567323949
-0.480290601551
-0.678400567733
0.555961876176
0.839447326250
-0.402593117133
0.365030092579
0.939276383860
-0.000000000551
0.343161586899
0.948084984347
-0.220517660992
0.229143674679
0.975236484495
-0.221164642990
0.000000000853
0.402593116983
0.365030092187
0.839447326493
0.118671572024
0.653847794514
0.747261747718
0.356805070238
0.585948744323
0.727567323949
0.480290601551
0.678400567733
0.555961876176
0.000000000242
-0.116213862405
0.993224213451
-0.192014636142
-0.461833158032
0.865933319401
-0.220517660398
-0.229143674312
0.948084984574
-0.419274608319
-0.122438692936
0.899565211250
-0.000000000242
0.116213862405
0.993224213451
0.192014636142
0.461833158032
0.865933319401
0.220517660398
0.229143674312
0.948084984574
0.419274608319
0.122438692936
0.899565211250
-0.365030092579
0.839447326250
0.402593117133
-0.343161586899
0.939276383860
0.000000000551
-0.229143674679
0.948084984347
0.220517660992
-0.000000000853
0.975236484495
0.221164642990
-0.590631096468
0.248816230175
-0.767623209320
-0.747261747378
-0.118671571133
-0.653847795065
-0.591279914336
0.000000000367
-0.806466405315
-0.419274609699
-0.122438692083
-0.899565210723
-0.839447326493
-0.402593116983
0.365030092187
-0.747261747718
-0.118671572024
0.653847794514
-0.727567323949
-0.356805070238
0.585948744323
-0.555961876176
-0.480290601551
0.678400567733
-0.767623209563
0.590631096318
0.248816229783
-0.461833158923
0.865933318851
0.192014636482
-0.585948744917
0.727567323582
0.356805070011
-0.480290602404
0.678400568260
0.555961874797
-0.839447326493
0.402593116983
-0.365030092187
-0.747261747718
0.118671572024
-0.653847794514
-0.727567323949
0.356805070238
-0.585948744323
-0.555961876176
0.480290601551
-0.678400567733
-0.365030092579
-0.839447326250
-0.402593117133
-0.343161586899
-0.939276383860
-0.000000000551
-0.229143674679
-0.948084984347
-0.220517660992
-0.000000000853
-0.975236484495
-0.221164642990
0.590631096468
0.248816230175
0.767623209320
0.747261747378
-0.118671571133
0.653847795065
0.591279914336
0.000000000367
0.806466405315
0.419274609699
-0.122438692083
0.899565210723
0.839447326493
-0.402593116983
-0.365030092187
0.747261747718
-0.118671572024
-0.653847794514
0.727567323949
-0.356805070238
-0.585948744323
0.555961876176
-0.480290601551
-0.678400567733
0.365030092579
0.839447326250
-0.402593117133
0.343161586899
0.939276383860
-0.000000000551
0.229143674679
0.948084984347
-0.220517660992
0.000000000853
0.975236484495
-0.221164642990
0.839447326493
0.402593116983
0.365030092187
0.747261747718
0.118671572024
0.653847794514
0.727567323949
0.356805070238
0.585948744323
0.555961876176
0.480290601551
0.678400567733
0.993224213451
0.000000000242
-0.116213862405
0.865933319401
-0.192014636142
-0.461833158032
0.948084984574
-0.220517660398
-0.229143674312
0.899565211250
-0.419274608319
-0.122438692936
0.000000000242
0.116213862405
-0.993224213451
-0.192014636142
0.461833158032
-0.865933319401
-0.220517660398
0.229143674312
-0.948084984574
-0.419274608319
0.122438692936
-0.899565211250
0.365030092579
-0.839447326250
0.402593117133
0.343161586899
-0.939276383860
0.000000000551
0.229143674679
-0.948084984347
0.220517660992
0.000000000853
-0.975236484495
0.221164642990
-0.839447326250
0.402593117133
0.365030092579
-0.939276383860
0.000000000551
0.343161586899
-0.948084984347
0.220517660992
0.229143674679
-0.975236484495
0.221164642990
0.000000000853
-0.248816230175
-0.767623209320
0.590631096468
0.118671571133
-0.653847795065
0.747261747378
-0.000000000367
-0.806466405315
0.591279914336
0.122438692083
-0.899565210723
0.419274609699
-0.590631096318
0.248816229783
0.767623209563
-0.865933318851
0.192014636482
0.461833158923
-0.727567323582
0.356805070011
0.585948744917
-0.678400568260
0.555961874797
0.480290602404
-0.767623209563
-0.590631096318
-0.248816229783
-0.461833158923
-0.865933318851
-0.192014636482
-0.585948744917
-0.727567323582
-0.356805070011
-0.480290602404
-0.678400568260
-0.555961874797
0.248816229783
-0.767623209563
0.590631096318
0.192014636482
-0.461833158923
0.865933318851
0.356805070011
-0.585948744917
0.727567323582
0.555961874797
-0.480290602404
0.678400568260
-0.590631096468
-0.248816230175
0.767623209320
-0.747261747378
0.118671571133
0.653847795065
-0.591279914336
-0.000000000367
0.806466405315
-0.419274609699
0.122438692083
0.899565210723
0.116213862405
-0.993224213451
0.000000000242
0.461833158032
-0.865933319401
-0.192014636142
0.229143674312
-0.948084984574
-0.220517660398
0.122438692936
-0.899565211250
-0.419274608319
0.993224213451
-0.000000000242
0.116213862405
0.865933319401
0.192014636142
0.461833158032
0.948084984574
0.220517660398
0.229143674312
0.899565211250
0.419274608319
0.122438692936
0.402593117133
-0.365030092579
0.839447326250
0.000000000551
-0.343161586899
0.939276383860
0.220517660992
-0.229143674679
0.948084984347
0.221164642990
-0.000000000853
0.975236484495
0.590631096468
-0.248816230175
-0.767623209320
0.747261747378
0.118671571133
-0.653847795065
0.591279914336
-0.000000000367
-0.806466405315
0.419274609699
0.122438692083
-0.899565210723
-0.767623209320
-0.590631096468
0.248816230175
-0.653847795065
-0.747261747378
-0.118671571133
-0.806466405315
-0.591279914336
0.000000000367
-0.899565210723
-0.419274609699
-0.122438692083
0.767623209563
-0.590631096318
0.248816229783
0.461833158923
-0.865933318851
0.192014636482
0.585948744917
-0.727567323582
0.356805070011
0.480290602404
-0.678400568260
0.555961874797
-0.248816229783
-0.767623209563
-0.590631096318
-0.192014636482
-0.461833158923
-0.865933318851
-0.356805070011
-0.585948744917
-0.727567323582
-0.555961874797
-0.480290602404
-0.678400568260
0.248816229783
0.767623209563
-0.590631096318
0.192014636482
0.461833158923
-0.865933318851
0.356805070011
0.585948744917
-0.727567323582
0.555961874797
0.480290602404
-0.678400568260
-0.590631096318
-0.248816229783
-0.767623209563
-0.865933318851
-0.192014636482
-0.461833158923
-0.727567323582
-0.356805070011
-0.585948744917
-0.678400568260
-0.555961874797
-0.480290602404
-0.767623209320
0.590631096468
-0.248816230175
-0.653847795065
0.747261747378
0.118671571133
-0.806466405315
0.591279914336
-0.000000000367
-0.899565210723
0.419274609699
0.122438692083
-0.248816230175
0.767623209320
-0.590631096468
0.118671571133
0.653847795065
-0.747261747378
-0.000000000367
0.806466405315
-0.591279914336
0.122438692083
0.899565210723
-0.419274609699
0.402593116983
-0.365030092187
-0.839447326493
0.118671572024
-0.653847794514
-0.747261747718
0.356805070238
-0.585948744323
-0.727567323949
0.480290601551
-0.678400567733
-0.555961876176
-0.839447326250
-0.402593117133
-0.365030092579
-0.939276383860
-0.000000000551
-0.343161586899
-0.948084984347
-0.220517660992
-0.229143674679
-0.975236484495
-0.221164642990
-0.000000000853
-0.402593116983
0.365030092187
-0.839447326493
-0.118671572024
0.653847794514
-0.747261747718
-0.356805070238
0.585948744323
-0.727567323949
-0.480290601551
0.678400567733
-0.555961876176
0.839447326250
0.402593117133
-0.365030092579
0.939276383860
0.000000000551
-0.343161586899
0.948084984347
0.220517660992
-0.229143674679
0.975236484495
0.221164642990
-0.000000000853
0.248816230175
-0.767623209320
-0.590631096468
-0.118671571133
-0.653847795065
-0.747261747378
0.000000000367
-0.806466405315
-0.591279914336
-0.122438692083
-0.899565210723
-0.419274609699
0.590631096318
0.248816229783
-0.767623209563
0.865933318851
0.192014636482
-0.461833158923
0.727567323582
0.356805070011
-0.585948744917
0.678400568260
0.555961874797
-0.480290602404
-0.993224213451
-0.000000000242
-0.116213862405
-0.865933319401
0.192014636142
-0.461833158032
-0.948084984574
0.220517660398
-0.229143674312
-0.899565211250
0.419274608319
-0.122438692936
-0.000000000242
-0.116213862405
-0.993224213451
0.192014636142
-0.461833158032
-0.865933319401
0.220517660398
-0.229143674312
-0.948084984574
0.419274608319
-0.122438692936
-0.899565211250
0.365030092187
-0.839447326493
-0.402593116983
0.653847794514
-0.747261747718
-0.118671572024
0.585948744323
-0.727567323949
-0.356805070238
0.678400567733
-0.555961876176
-0.480290601551
-0.365030092187
-0.839447326493
0.402593116983
-0.653847794514
-0.747261747718
0.118671572024
-0.585948744323
-0.727567323949
0.356805070238
-0.678400567733
-0.555961876176
0.480290601551
-0.116213862405
-0.993224213451
-0.000000000242
-0.461833158032
-0.865933319401
0.192014636142
-0.229143674312
-0.948084984574
0.220517660398
-0.122438692936
-0.899565211250
0.419274608319
0.116213862405
0.993224213451
-0.000000000242
0.461833158032
0.865933319401
0.192014636142
0.229143674312
0.948084984574
0.220517660398
0.122438692936
0.899565211250
0.419274608319
-0.402593117133
-0.365030092579
-0.839447326250
-0.000000000551
-0.343161586899
-0.939276383860
-0.220517660992
-0.229143674679
-0.948084984347
-0.221164642990
-0.000000000853
-0.975236484495
0.767623209320
-0.590631096468
-0.248816230175
0.653847795065
-0.747261747378
0.118671571133
0.806466405315
-0.591279914336
-0.000000000367
0.899565210723
-0.419274609699
0.122438692083
