0.470181785058
0.860719958786
0.195167214324
0.517517133150
0.845242880750
0.133193428654
0.559155792464
0.826967928559
0.058896900512
0.389329976868
0.837330574635
0.383796401615
0.445642825216
0.833929742686
0.325520593199
0.498187821358
0.825591515284
0.264967063125
0.547174709383
0.812908645719
0.199447665131
0.591700643301
0.796308844816
0.125628708443
0.779141606297
0.557372302748
0.286835272352
0.349837584887
0.788889549673
0.505239490359
0.410618106369
0.793072790839
0.449920347565
0.468521910254
0.791866147425
0.391708085408
0.523407261819
0.785494517069
0.330216901338
0.574176687282
0.775125554297
0.263631384433
0.619886681903
0.761254242156
0.190348313360
0.685233294498
0.706977615599
0.175037090794
0.707553463057
0.664737563115
0.239775038528
0.725161007140
0.617785469163
0.304109565477
0.737169689033
0.567068811040
0.367442258207
0.428962526377
0.743490582798
0.513042789887
0.487952849828
0.744757742155
0.455233919919
0.544193512760
0.741028279532
0.393357991662
0.597174432129
0.732428384945
0.327003606309
0.644584661815
0.720931708813
0.254495746489
0.664784583263
0.675812317524
0.318338136795
0.679413327016
0.626786129549
0.381492698328
0.688188253902
0.574302615132
0.443366026488
0.503134925384
0.692131170537
0.517503323303
0.560288132634
0.691662681289
0.455719150071
0.614775405731
0.685642348137
0.389802220299
0.626997996587
0.634716833476
0.451672506998
0.634386484977
0.578700671438
0.512502995655
0.571297274437
0.637089139316
0.517432945208
0.525731112119
0.850650808352
0.000000000000
0.000000000000
0.525731112119
-0.850650808352
-0.525731112119
0.850650808352
0.000000000000
0.000000000000
0.525731112119
0.850650808352
0.850650808352
-0.000000000000
0.525731112119
-0.850650808352
-0.000000000000
0.525731112119
-0.000000000000
-0.525731112119
0.850650808352
-0.850650808352
-0.000000000000
-0.525731112119
-0.525731112119
-0.850650808352
0.000000000000
0.850650808352
-0.000000000000
-0.525731112119
0.525731112119
-0.850650808352
0.000000000000
0.000000000000
-0.525731112119
-0.850650808352
0.577350269190
0.577350269190
0.577350269190
0.356822089773
0.000000000000
-0.934172358963
-0.577350269190
0.577350269190
-0.577350269190
-0.356822089773
0.000000000000
0.934172358963
0.934172358963
0.356822089773
-0.000000000000
0.000000000000
0.934172358963
-0.356822089773
-0.577350269190
0.577350269190
0.577350269190
0.577350269190
-0.577350269190
0.577350269190
-0.934172358963
-0.356822089773
-0.000000000000
0.577350269190
0.577350269190
-0.577350269190
-0.000000000000
0.934172358963
0.356822089773
-0.577350269190
-0.577350269190
0.577350269190
0.934172358963
-0.356822089773
0.000000000000
0.356822089773
-0.000000000000
0.934172358963
-0.356822089773
-0.000000000000
-0.934172358963
-0.000000000000
-0.934172358963
-0.356822089773
0.577350269190
-0.577350269190
-0.577350269190
0.000000000000
-0.934172358963
0.356822089773
-0.934172358963
0.356822089773
0.000000000000
-0.577350269190
-0.577350269190
-0.577350269190
0.188779795266
0.453459304865
-0.871055019922
0.110191595271
0.457297551551
-0.882460628967
0.023617840926
0.466794015376
-0.884050646060
0.374582200325
0.365206884710
-0.852239465502
0.298228741913
0.374191830936
-0.878088885682
0.220390754973
0.381485531524
-0.897717496967
0.138971782289
0.388846792604
-0.910760679657
0.051858404281
0.398567479643
-0.915671704311
0.014721320514
0.066738031571
-0.997661925636
0.477608819020
0.277499548189
-0.833596915031
0.403757124256
0.289761218716
-0.867766455183
0.327337639627
0.299997895327
-0.896019716570
0.248178608866
0.308628223747
-0.918235262669
0.165720895668
0.317843699840
-0.933548052974
0.079292177274
0.329137942969
-0.940946845003
0.017459431712
0.272689627153
-0.961943623861
0.045620553269
0.199250421582
-0.978886119331
0.074355511902
0.123657085828
-0.989535336900
0.103916086416
0.047249214359
-0.993463113923
0.430330297914
0.212418411097
-0.877322206105
0.354458351735
0.224118987086
-0.907816036713
0.275126875435
0.234660431951
-0.932330244114
0.192297076772
0.244508159295
-0.950388128242
0.106379202805
0.256810516155
-0.960589310790
0.133986162117
0.182144847660
-0.974100078448
0.162614978539
0.106384017227
-0.980937719549
0.192065791196
0.030275696527
-0.980914937215
0.380981814538
0.145716975243
-0.913027611914
0.302275993646
0.158568733772
-0.939938923726
0.219844055439
0.169819153462
-0.960640435546
0.248050023919
0.093907415014
-0.964184931970
0.276258732795
0.015890975162
-0.960951918393
0.329834779885
0.080158901394
-0.940629347036
-0.470181785058
0.860719958786
-0.195167214324
-0.517517133150
0.845242880750
-0.133193428654
-0.559155792464
0.826967928559
-0.058896900512
-0.389329976868
0.837330574635
-0.383796401615
-0.445642825216
0.833929742686
-0.325520593199
-0.498187821358
0.825591515284
-0.264967063125
-0.547174709383
0.812908645719
-0.199447665131
-0.591700643301
0.796308844816
-0.125628708443
-0.779141606297
0.557372302748
-0.286835272352
-0.349837584887
0.788889549673
-0.505239490359
-0.410618106369
0.793072790839
-0.449920347565
-0.468521910254
0.791866147425
-0.391708085408
-0.523407261819
0.785494517069
-0.330216901338
-0.574176687282
0.775125554297
-0.263631384433
-0.619886681903
0.761254242156
-0.190348313360
-0.685233294498
0.706977615599
-0.175037090794
-0.707553463057
0.664737563115
-0.239775038528
-0.725161007140
0.617785469163
-0.304109565477
-0.737169689033
0.567068811040
-0.367442258207
-0.428962526377
0.743490582798
-0.513042789887
-0.487952849828
0.744757742155
-0.455233919919
-0.544193512760
0.741028279532
-0.393357991662
-0.597174432129
0.732428384945
-0.327003606309
-0.644584661815
0.720931708813
-0.254495746489
-0.664784583263
0.675812317524
-0.318338136795
-0.679413327016
0.626786129549
-0.381492698328
-0.688188253902
0.574302615132
-0.443366026488
-0.503134925384
0.692131170537
-0.517503323303
-0.560288132634
0.691662681289
-0.455719150071
-0.614775405731
0.685642348137
-0.389802220299
-0.626997996587
0.634716833476
-0.451672506998
-0.634386484977
0.578700671438
-0.512502995655
-0.571297274437
0.637089139316
-0.517432945208
-0.188779795266
0.453459304865
0.871055019922
-0.110191595271
0.457297551551
0.882460628967
-0.023617840926
0.466794015376
0.884050646060
-0.374582200325
0.365206884710
0.852239465502
-0.298228741913
0.374191830936
0.878088885682
-0.220390754973
0.381485531524
0.897717496967
-0.138971782289
0.388846792604
0.910760679657
-0.051858404281
0.398567479643
0.915671704311
-0.014721320514
0.066738031571
0.997661925636
-0.477608819020
0.277499548189
0.833596915031
-0.403757124256
0.289761218716
0.867766455183
-0.327337639627
0.299997895327
0.896019716570
-0.248178608866
0.308628223747
0.918235262669
-0.165720895668
0.317843699840
0.933548052974
-0.079292177274
0.329137942969
0.940946845003
-0.017459431712
0.272689627153
0.961943623861
-0.045620553269
0.199250421582
0.978886119331
-0.074355511902
0.123657085828
0.989535336900
-0.103916086416
0.047249214359
0.993463113923
-0.430330297914
0.212418411097
0.877322206105
-0.354458351735
0.224118987086
0.907816036713
-0.275126875435
0.234660431951
0.932330244114
-0.192297076772
0.244508159295
0.950388128242
-0.106379202805
0.256810516155
0.960589310790
-0.133986162117
0.182144847660
0.974100078448
-0.162614978539
0.106384017227
0.980937719549
-0.192065791196
0.030275696527
0.980914937215
-0.380981814538
0.145716975243
0.913027611914
-0.302275993646
0.158568733772
0.939938923726
-0.219844055439
0.169819153462
0.960640435546
-0.248050023919
0.093907415014
0.964184931970
-0.276258732795
0.015890975162
0.960951918393
-0.329834779885
0.080158901394
0.940629347036
0.658961580325
0.744047628922
0.110284910806
0.627708728422
0.777140729598
0.045100317770
0.582773633390
0.812371300125
-0.020682431153
0.763912177193
0.605826043254
0.222290330091
0.743871567130
0.649614243762
0.157023647640
0.718578576332
0.689382537904
0.091632669228
0.686146491672
0.727019360788
0.025413402090
0.643559047582
0.764258588368
-0.041720047715
0.793862926811
0.548274026312
-0.263015675402
0.827446403907
0.493711066192
0.267547812142
0.814375230625
0.543537164848
0.203372402682
0.795859549881
0.589560360338
0.137935341305
0.771585870685
0.632111701509
0.071344523088
0.739897582950
0.672704408128
0.004510657404
0.699178859177
0.712248981559
-0.062050875490
0.702692726210
0.696187093376
-0.146787136860
0.753174016326
0.636542510609
-0.165959432752
0.799516519042
0.571831235557
-0.183799819968
0.841085775449
0.502845137658
-0.199302498408
0.859292824291
0.477531832298
0.183246258526
0.842411201562
0.525690433187
0.118291740784
0.819320388195
0.570990519294
0.051806644011
0.789471508901
0.613582255563
-0.015860400155
0.750963864620
0.655185745783
-0.082370580655
0.798770745380
0.593004315314
-0.101543972469
0.842028305555
0.526284545732
-0.118376135973
0.880254045098
0.455599428097
-0.132597048256
0.884116739922
0.456671460057
0.098938201715
0.862564126280
0.504845843233
0.033373681631
0.834619461170
0.549771249651
-0.034087066374
0.875048020507
0.481413487784
-0.050319137386
0.910645217772
0.407963384882
-0.065506976303
0.901132054321
0.433240034676
0.016250939317
-0.343174394059
0.939214843246
-0.010335061136
-0.412197233781
0.910334158252
-0.037217748217
-0.487476446529
0.871268200638
-0.057082717501
-0.142916554619
0.989622444869
-0.014908890867
-0.217168183296
0.975134836960
-0.044159142995
-0.289852862296
0.954349601029
-0.072125981683
-0.363433390514
0.926467025918
-0.097852033937
-0.440287527358
0.889887296811
-0.119362859495
-0.329753706973
0.835109298664
-0.440289622888
-0.009951736047
0.998950556550
-0.044707365358
-0.086388816035
0.993457512414
-0.074693664344
-0.162062554022
0.981268445747
-0.104153569145
-0.237283700659
0.962328602848
-0.132740745599
-0.313333042436
0.936335792561
-0.158422498676
-0.391188818459
0.902597294919
-0.179692602847
-0.419476764013
0.871224184171
-0.254966008263
-0.365209854334
0.876317549136
-0.314148556216
-0.307456905796
0.875940801034
-0.371749867737
-0.246551712767
0.870287395864
-0.426394302883
-0.029172152571
0.990574622185
-0.133831623307
-0.105827246302
0.980924353106
-0.163058294557
-0.182853787940
0.964348510956
-0.191301964582
-0.260368559449
0.940585861871
-0.217959743297
-0.339181096809
0.909681492272
-0.239657601977
-0.283688820129
0.911342452109
-0.298287760924
-0.224760153199
0.907777244061
-0.354151590000
-0.162872744783
0.898965454585
-0.406612322083
-0.046778773527
0.974174783360
-0.220896441377
-0.125195052141
0.960564993304
-0.248276242437
-0.203906219836
0.939573469950
-0.274998087409
-0.144226552400
0.933085994781
-0.329468098494
-0.081397951466
0.920466380537
-0.382251246955
-0.063907962076
0.950672979883
-0.303540207720
-0.127007391000
0.648626519189
0.750435047980
-0.105319899369
0.590490980205
0.800142562981
-0.071679345935
0.525690915889
0.847650359711
-0.246413422249
0.749003286326
0.615040244544
-0.228474641920
0.699712424134
0.676906095047
-0.208334959063
0.646452594649
0.733958846056
-0.183741318869
0.588294457735
0.787495243629
-0.151413115943
0.524196188086
0.838028892531
-0.449387899325
0.353573303923
0.820387978150
-0.339885848839
0.782739038548
0.521341737531
-0.324229290334
0.739681566281
0.589700388157
-0.306459356232
0.691705980736
0.653930806120
-0.286123561159
0.638845125085
0.714149993982
-0.260843644845
0.581475084273
0.770614896893
-0.228697863444
0.519486256329
0.823305117645
-0.265756530485
0.447726717948
0.853764752458
-0.342343608722
0.439025460110
0.830696995867
-0.417704101344
0.427766651305
0.801585289131
-0.490617976266
0.414691472566
0.766371309449
-0.399790373807
0.725461200984
0.560244324271
-0.382125603526
0.679352907005
0.626466001371
-0.361339724820
0.628018423613
0.689221635521
-0.336805872680
0.571511765603
0.748288785099
-0.305403565006
0.511306262643
0.803302289467
-0.381095763134
0.500482984456
0.777356289993
-0.454653173816
0.487876715555
0.745162265522
-0.525315509118
0.473641723015
0.706899663389
-0.456356151857
0.663220298545
0.593192968822
-0.435093080493
0.614287883843
0.658288999658
-0.410869185895
0.559621373760
0.719729414511
-0.482771444187
0.545579922012
0.685035970862
-0.552988533511
0.528393970818
0.644207647742
-0.507389312361
0.597591846601
0.620838199999
0.750435047980
-0.127007391000
0.648626519189
0.800142562981
-0.105319899369
0.590490980205
0.847650359711
-0.071679345935
0.525690915889
0.615040244544
-0.246413422249
0.749003286326
0.676906095047
-0.228474641920
0.699712424134
0.733958846056
-0.208334959063
0.646452594649
0.787495243629
-0.183741318869
0.588294457735
0.838028892531
-0.151413115943
0.524196188086
0.820387978150
-0.449387899325
0.353573303923
0.521341737531
-0.339885848839
0.782739038548
0.589700388157
-0.324229290334
0.739681566281
0.653930806120
-0.306459356232
0.691705980736
0.714149993982
-0.286123561159
0.638845125085
0.770614896893
-0.260843644845
0.581475084273
0.823305117645
-0.228697863444
0.519486256329
0.853764752458
-0.265756530485
0.447726717948
0.830696995867
-0.342343608722
0.439025460110
0.801585289131
-0.417704101344
0.427766651305
0.766371309449
-0.490617976266
0.414691472566
0.560244324271
-0.399790373807
0.725461200984
0.626466001371
-0.382125603526
0.679352907005
0.689221635521
-0.361339724820
0.628018423613
0.748288785099
-0.336805872680
0.571511765603
0.803302289467
-0.305403565006
0.511306262643
0.777356289993
-0.381095763134
0.500482984456
0.745162265522
-0.454653173816
0.487876715555
0.706899663389
-0.525315509118
0.473641723015
0.593192968822
-0.456356151857
0.663220298545
0.658288999658
-0.435093080493
0.614287883843
0.719729414511
-0.410869185895
0.559621373760
0.685035970862
-0.482771444187
0.545579922012
0.644207647742
-0.552988533511
0.528393970818
0.620838199999
-0.507389312361
0.597591846601
-0.939214843246
-0.010335061136
0.343174394059
-0.910334158252
-0.037217748217
0.412197233781
-0.871268200638
-0.057082717501
0.487476446529
-0.989622444869
-0.014908890867
0.142916554619
-0.975134836960
-0.044159142995
0.217168183296
-0.954349601029
-0.072125981683
0.289852862296
-0.926467025918
-0.097852033937
0.363433390514
-0.889887296811
-0.119362859495
0.440287527358
-0.835109298664
-0.440289622888
0.329753706972
-0.998950556550
-0.044707365358
0.009951736047
-0.993457512414
-0.074693664344
0.086388816035
-0.981268445747
-0.104153569145
0.162062554022
-0.962328602848
-0.132740745599
0.237283700659
-0.936335792561
-0.158422498676
0.313333042436
-0.902597294919
-0.179692602847
0.391188818459
-0.871224184171
-0.254966008263
0.419476764013
-0.876317549136
-0.314148556216
0.365209854334
-0.875940801034
-0.371749867737
0.307456905796
-0.870287395864
-0.426394302883
0.246551712767
-0.990574622185
-0.133831623307
0.029172152571
-0.980924353106
-0.163058294557
0.105827246302
-0.964348510956
-0.191301964582
0.182853787940
-0.940585861871
-0.217959743297
0.260368559449
-0.909681492272
-0.239657601977
0.339181096809
-0.911342452109
-0.298287760924
0.283688820129
-0.907777244061
-0.354151590000
0.224760153199
-0.898965454585
-0.406612322083
0.162872744783
-0.974174783360
-0.220896441377
0.046778773527
-0.960564993304
-0.248276242437
0.125195052141
-0.939573469950
-0.274998087409
0.203906219836
-0.933085994781
-0.329468098494
0.144226552400
-0.920466380537
-0.382251246955
0.081397951466
-0.950672979883
-0.303540207720
0.063907962076
0.648626519189
0.750435047980
-0.127007391000
0.590490980205
0.800142562981
-0.105319899369
0.525690915889
0.847650359711
-0.071679345935
0.749003286326
0.615040244544
-0.246413422249
0.699712424134
0.676906095047
-0.228474641920
0.646452594649
0.733958846056
-0.208334959063
0.588294457735
0.787495243629
-0.183741318869
0.524196188086
0.838028892531
-0.151413115943
0.353573303923
0.820387978150
-0.449387899325
0.782739038548
0.521341737531
-0.339885848839
0.739681566281
0.589700388157
-0.324229290334
0.691705980736
0.653930806120
-0.306459356232
0.638845125085
0.714149993982
-0.286123561159
0.581475084273
0.770614896893
-0.260843644845
0.519486256329
0.823305117645
-0.228697863444
0.447726717948
0.853764752458
-0.265756530485
0.439025460110
0.830696995867
-0.342343608722
0.427766651305
0.801585289131
-0.417704101344
0.414691472566
0.766371309449
-0.490617976266
0.725461200984
0.560244324271
-0.399790373807
0.679352907005
0.626466001371
-0.382125603526
0.628018423613
0.689221635521
-0.361339724820
0.571511765603
0.748288785099
-0.336805872680
0.511306262643
0.803302289467
-0.305403565006
0.500482984456
0.777356289993
-0.381095763134
0.487876715555
0.745162265522
-0.454653173816
0.473641723015
0.706899663389
-0.525315509118
0.663220298545
0.593192968822
-0.456356151857
0.614287883843
0.658288999658
-0.435093080493
0.559621373760
0.719729414511
-0.410869185895
0.545579922012
0.685035970862
-0.482771444187
0.528393970818
0.644207647742
-0.552988533511
0.597591846601
0.620838199999
-0.507389312361
0.110284910806
0.658961580325
0.744047628922
0.045100317770
0.627708728422
0.777140729598
-0.020682431153
0.582773633390
0.812371300125
0.222290330091
0.763912177193
0.605826043254
0.157023647640
0.743871567130
0.649614243762
0.091632669228
0.718578576332
0.689382537904
0.025413402090
0.686146491672
0.727019360788
-0.041720047715
0.643559047582
0.764258588368
-0.263015675402
0.793862926811
0.548274026312
0.267547812142
0.827446403907
0.493711066192
0.203372402682
0.814375230625
0.543537164848
0.137935341305
0.795859549881
0.589560360338
0.071344523088
0.771585870685
0.632111701509
0.004510657404
0.739897582950
0.672704408128
-0.062050875490
0.699178859177
0.712248981559
-0.146787136860
0.702692726210
0.696187093376
-0.165959432752
0.753174016326
0.636542510609
-0.183799819968
0.799516519042
0.571831235557
-0.199302498408
0.841085775449
0.502845137658
0.183246258526
0.859292824291
0.477531832298
0.118291740784
0.842411201562
0.525690433187
0.051806644011
0.819320388195
0.570990519294
-0.015860400155
0.789471508901
0.613582255563
-0.082370580655
0.750963864620
0.655185745783
-0.101543972469
0.798770745380
0.593004315314
-0.118376135973
0.842028305555
0.526284545732
-0.132597048256
0.880254045098
0.455599428097
0.098938201715
0.884116739922
0.456671460057
0.033373681631
0.862564126280
0.504845843233
-0.034087066374
0.834619461170
0.549771249651
-0.050319137386
0.875048020507
0.481413487784
-0.065506976303
0.910645217772
0.407963384882
0.016250939317
0.901132054321
0.433240034676
-0.195167214324
-0.470181785058
0.860719958786
-0.133193428654
-0.517517133150
0.845242880750
-0.058896900512
-0.559155792464
0.826967928559
-0.383796401615
-0.389329976868
0.837330574635
-0.325520593199
-0.445642825216
0.833929742686
-0.264967063125
-0.498187821358
0.825591515284
-0.199447665131
-0.547174709383
0.812908645719
-0.125628708443
-0.591700643301
0.796308844816
-0.286835272352
-0.779141606297
0.557372302748
-0.505239490359
-0.349837584887
0.788889549673
-0.449920347565
-0.410618106369
0.793072790839
-0.391708085408
-0.468521910254
0.791866147425
-0.330216901338
-0.523407261819
0.785494517069
-0.263631384433
-0.574176687282
0.775125554297
-0.190348313360
-0.619886681903
0.761254242156
-0.175037090794
-0.685233294498
0.706977615599
-0.239775038528
-0.707553463057
0.664737563115
-0.304109565477
-0.725161007140
0.617785469163
-0.367442258207
-0.737169689033
0.567068811040
-0.513042789887
-0.428962526377
0.743490582798
-0.455233919919
-0.487952849828
0.744757742155
-0.393357991662
-0.544193512760
0.741028279532
-0.327003606309
-0.597174432129
0.732428384945
-0.254495746489
-0.644584661815
0.720931708813
-0.318338136795
-0.664784583263
0.675812317524
-0.381492698328
-0.679413327016
0.626786129549
-0.443366026488
-0.688188253902
0.574302615132
-0.517503323303
-0.503134925384
0.692131170537
-0.455719150071
-0.560288132634
0.691662681289
-0.389802220299
-0.614775405731
0.685642348137
-0.451672506998
-0.626997996587
0.634716833476
-0.512502995655
-0.634386484977
0.578700671438
-0.517432945208
-0.571297274437
0.637089139316
0.871055019922
-0.188779795266
0.453459304865
0.882460628967
-0.110191595271
0.457297551551
0.884050646060
-0.023617840926
0.466794015376
0.852239465502
-0.374582200325
0.365206884710
0.878088885682
-0.298228741913
0.374191830936
0.897717496967
-0.220390754973
0.381485531524
0.910760679657
-0.138971782289
0.388846792604
0.915671704311
-0.051858404281
0.398567479643
0.997661925636
-0.014721320514
0.066738031571
0.833596915031
-0.477608819020
0.277499548189
0.867766455183
-0.403757124256
0.289761218716
0.896019716570
-0.327337639627
0.299997895327
0.918235262669
-0.248178608866
0.308628223747
0.933548052974
-0.165720895668
0.317843699840
0.940946845003
-0.079292177274
0.329137942969
0.961943623861
-0.017459431712
0.272689627153
0.978886119331
-0.045620553269
0.199250421582
0.989535336900
-0.074355511902
0.123657085828
0.993463113923
-0.103916086416
0.047249214359
0.877322206105
-0.430330297914
0.212418411097
0.907816036713
-0.354458351735
0.224118987086
0.932330244114
-0.275126875435
0.234660431951
0.950388128242
-0.192297076772
0.244508159295
0.960589310790
-0.106379202805
0.256810516155
0.974100078448
-0.133986162117
0.182144847660
0.980937719549
-0.162614978539
0.106384017227
0.980914937215
-0.192065791196
0.030275696527
0.913027611914
-0.380981814538
0.145716975243
0.939938923726
-0.302275993646
0.158568733772
0.960640435546
-0.219844055439
0.169819153462
0.964184931970
-0.248050023919
0.093907415014
0.960951918393
-0.276258732795
0.015890975162
0.940629347036
-0.329834779885
0.080158901394
0.195167214324
0.470181785058
0.860719958786
0.133193428654
0.517517133150
0.845242880750
0.058896900512
0.559155792464
0.826967928559
0.383796401615
0.389329976868
0.837330574635
0.325520593199
0.445642825216
0.833929742686
0.264967063125
0.498187821358
0.825591515284
0.199447665131
0.547174709383
0.812908645719
0.125628708443
0.591700643301
0.796308844816
0.286835272352
0.779141606297
0.557372302748
0.505239490359
0.349837584887
0.788889549673
0.449920347565
0.410618106369
0.793072790839
0.391708085408
0.468521910254
0.791866147425
0.330216901338
0.523407261819
0.785494517069
0.263631384433
0.574176687282
0.775125554297
0.190348313360
0.619886681903
0.761254242156
0.175037090794
0.685233294498
0.706977615599
0.239775038528
0.707553463057
0.664737563115
0.304109565477
0.725161007140
0.617785469163
0.367442258207
0.737169689033
0.567068811040
0.513042789887
0.428962526377
0.743490582798
0.455233919919
0.487952849828
0.744757742155
0.393357991662
0.544193512760
0.741028279532
0.327003606309
0.597174432129
0.732428384945
0.254495746489
0.644584661815
0.720931708813
0.318338136795
0.664784583263
0.675812317524
0.381492698328
0.679413327016
0.626786129549
0.443366026488
0.688188253902
0.574302615132
0.517503323303
0.503134925384
0.692131170537
0.455719150071
0.560288132634
0.691662681289
0.389802220299
0.614775405731
0.685642348137
0.451672506998
0.626997996587
0.634716833476
0.512502995655
0.634386484977
0.578700671438
0.517432945208
0.571297274437
0.637089139316
-0.010335061136
-0.343174394059
0.939214843246
-0.037217748217
-0.412197233781
0.910334158252
-0.057082717501
-0.487476446529
0.871268200638
-0.014908890867
-0.142916554619
0.989622444869
-0.044159142995
-0.217168183296
0.975134836960
-0.072125981683
-0.289852862296
0.954349601029
-0.097852033937
-0.363433390514
0.926467025918
-0.119362859495
-0.440287527358
0.889887296811
-0.440289622888
-0.329753706972
0.835109298664
-0.044707365358
-0.009951736047
0.998950556550
-0.074693664344
-0.086388816035
0.993457512414
-0.104153569145
-0.162062554022
0.981268445747
-0.132740745599
-0.237283700659
0.962328602848
-0.158422498676
-0.313333042436
0.936335792561
-0.179692602847
-0.391188818459
0.902597294919
-0.254966008263
-0.419476764013
0.871224184171
-0.314148556216
-0.365209854334
0.876317549136
-0.371749867737
-0.307456905796
0.875940801034
-0.426394302883
-0.246551712767
0.870287395864
-0.133831623307
-0.029172152571
0.990574622185
-0.163058294557
-0.105827246302
0.980924353106
-0.191301964582
-0.182853787940
0.964348510956
-0.217959743297
-0.260368559449
0.940585861871
-0.239657601977
-0.339181096809
0.909681492272
-0.298287760924
-0.283688820129
0.911342452109
-0.354151590000
-0.224760153199
0.907777244061
-0.406612322083
-0.162872744783
0.898965454585
-0.220896441377
-0.046778773527
0.974174783360
-0.248276242437
-0.125195052141
0.960564993304
-0.274998087409
-0.203906219836
0.939573469950
-0.329468098494
-0.144226552400
0.933085994781
-0.382251246955
-0.081397951466
0.920466380537
-0.303540207720
-0.063907962076
0.950672979883
0.010335061136
0.343174394059
0.939214843246
0.037217748217
0.412197233781
0.910334158252
0.057082717501
0.487476446529
0.871268200638
0.014908890867
0.142916554619
0.989622444869
0.044159142995
0.217168183296
0.975134836960
0.072125981683
0.289852862296
0.954349601029
0.097852033937
0.363433390514
0.926467025918
0.119362859495
0.440287527358
0.889887296811
0.440289622888
0.329753706972
0.835109298664
0.044707365358
0.009951736047
0.998950556550
0.074693664344
0.086388816035
0.993457512414
0.104153569145
0.162062554022
0.981268445747
0.132740745599
0.237283700659
0.962328602848
0.158422498676
0.313333042436
0.936335792561
0.179692602847
0.391188818459
0.902597294919
0.254966008263
0.419476764013
0.871224184171
0.314148556216
0.365209854334
0.876317549136
0.371749867737
0.307456905796
0.875940801034
0.426394302883
0.246551712767
0.870287395864
0.133831623307
0.029172152571
0.990574622185
0.163058294557
0.105827246302
0.980924353106
0.191301964582
0.182853787940
0.964348510956
0.217959743297
0.260368559449
0.940585861871
0.239657601977
0.339181096809
0.909681492272
0.298287760924
0.283688820129
0.911342452109
0.354151590000
0.224760153199
0.907777244061
0.406612322083
0.162872744783
0.898965454585
0.220896441377
0.046778773527
0.974174783360
0.248276242437
0.125195052141
0.960564993304
0.274998087409
0.203906219836
0.939573469950
0.329468098494
0.144226552400
0.933085994781
0.382251246955
0.081397951466
0.920466380537
0.303540207720
0.063907962076
0.950672979883
-0.453459304865
0.871055019922
0.188779795266
-0.457297551551
0.882460628967
0.110191595271
-0.466794015376
0.884050646060
0.023617840926
-0.365206884710
0.852239465502
0.374582200325
-0.374191830936
0.878088885682
0.298228741913
-0.381485531524
0.897717496967
0.220390754973
-0.388846792604
0.910760679657
0.138971782289
-0.398567479643
0.915671704311
0.051858404281
-0.066738031571
0.997661925636
0.014721320514
-0.277499548189
0.833596915031
0.477608819020
-0.289761218716
0.867766455183
0.403757124256
-0.299997895327
0.896019716570
0.327337639627
-0.308628223747
0.918235262669
0.248178608866
-0.317843699840
0.933548052974
0.165720895668
-0.329137942969
0.940946845003
0.079292177274
-0.272689627153
0.961943623861
0.017459431712
-0.199250421582
0.978886119331
0.045620553269
-0.123657085828
0.989535336900
0.074355511902
-0.047249214359
0.993463113923
0.103916086416
-0.212418411097
0.877322206105
0.430330297914
-0.224118987086
0.907816036713
0.354458351735
-0.234660431951
0.932330244114
0.275126875435
-0.244508159295
0.950388128242
0.192297076772
-0.256810516155
0.960589310790
0.106379202805
-0.182144847660
0.974100078448
0.133986162117
-0.106384017227
0.980937719549
0.162614978539
-0.030275696527
0.980914937215
0.192065791196
-0.145716975243
0.913027611914
0.380981814538
-0.158568733772
0.939938923726
0.302275993646
-0.169819153462
0.960640435546
0.219844055439
-0.093907415014
0.964184931970
0.248050023919
-0.015890975162
0.960951918393
0.276258732795
-0.080158901394
0.940629347036
0.329834779885
-0.744047628922
0.110284910806
-0.658961580325
-0.777140729598
0.045100317770
-0.627708728422
-0.812371300125
-0.020682431153
-0.582773633390
-0.605826043254
0.222290330091
-0.763912177193
-0.649614243762
0.157023647640
-0.743871567130
-0.689382537904
0.091632669228
-0.718578576332
-0.727019360788
0.025413402090
-0.686146491672
-0.764258588368
-0.041720047715
-0.643559047582
-0.548274026312
-0.263015675402
-0.793862926811
-0.493711066192
0.267547812142
-0.827446403907
-0.543537164848
0.203372402682
-0.814375230625
-0.589560360338
0.137935341305
-0.795859549881
-0.632111701509
0.071344523088
-0.771585870685
-0.672704408128
0.004510657404
-0.739897582950
-0.712248981559
-0.062050875490
-0.699178859177
-0.696187093376
-0.146787136860
-0.702692726210
-0.636542510609
-0.165959432752
-0.753174016326
-0.571831235557
-0.183799819968
-0.799516519042
-0.502845137658
-0.199302498408
-0.841085775449
-0.477531832298
0.183246258526
-0.859292824291
-0.525690433187
0.118291740784
-0.842411201562
-0.570990519294
0.051806644011
-0.819320388195
-0.613582255563
-0.015860400155
-0.789471508901
-0.655185745783
-0.082370580655
-0.750963864620
-0.593004315314
-0.101543972469
-0.798770745380
-0.526284545732
-0.118376135973
-0.842028305555
-0.455599428097
-0.132597048256
-0.880254045098
-0.456671460057
0.098938201715
-0.884116739922
-0.504845843233
0.033373681631
-0.862564126280
-0.549771249651
-0.034087066374
-0.834619461170
-0.481413487784
-0.050319137386
-0.875048020507
-0.407963384882
-0.065506976303
-0.910645217772
-0.433240034676
0.016250939317
-0.901132054321
-0.860719958786
-0.195167214324
0.470181785058
-0.845242880750
-0.133193428654
0.517517133150
-0.826967928559
-0.058896900512
0.559155792464
-0.837330574635
-0.383796401615
0.389329976868
-0.833929742686
-0.325520593199
0.445642825216
-0.825591515284
-0.264967063125
0.498187821358
-0.812908645719
-0.199447665131
0.547174709383
-0.796308844816
-0.125628708443
0.591700643301
-0.557372302748
-0.286835272352
0.779141606297
-0.788889549673
-0.505239490359
0.349837584887
-0.793072790839
-0.449920347565
0.410618106369
-0.791866147425
-0.391708085408
0.468521910254
-0.785494517069
-0.330216901338
0.523407261819
-0.775125554297
-0.263631384433
0.574176687282
-0.761254242156
-0.190348313360
0.619886681903
-0.706977615599
-0.175037090794
0.685233294498
-0.664737563115
-0.239775038528
0.707553463057
-0.617785469163
-0.304109565477
0.725161007140
-0.567068811040
-0.367442258207
0.737169689033
-0.743490582798
-0.513042789887
0.428962526377
-0.744757742155
-0.455233919919
0.487952849828
-0.741028279532
-0.393357991662
0.544193512760
-0.732428384945
-0.327003606309
0.597174432129
-0.720931708813
-0.254495746489
0.644584661815
-0.675812317524
-0.318338136795
0.664784583263
-0.626786129549
-0.381492698328
0.679413327016
-0.574302615132
-0.443366026488
0.688188253902
-0.692131170537
-0.517503323303
0.503134925384
-0.691662681289
-0.455719150071
0.560288132634
-0.685642348137
-0.389802220299
0.614775405731
-0.634716833476
-0.451672506998
0.626997996587
-0.578700671438
-0.512502995655
0.634386484977
-0.637089139316
-0.517432945208
0.571297274437
-0.648626519189
0.750435047980
0.127007391000
-0.590490980205
0.800142562981
0.105319899369
-0.525690915889
0.847650359711
0.071679345935
-0.749003286326
0.615040244544
0.246413422249
-0.699712424134
0.676906095047
0.228474641920
-0.646452594649
0.733958846056
0.208334959063
-0.588294457735
0.787495243629
0.183741318869
-0.524196188086
0.838028892531
0.151413115943
-0.353573303923
0.820387978150
0.449387899325
-0.782739038548
0.521341737531
0.339885848839
-0.739681566281
0.589700388157
0.324229290334
-0.691705980736
0.653930806120
0.306459356232
-0.638845125085
0.714149993982
0.286123561159
-0.581475084273
0.770614896893
0.260843644845
-0.519486256329
0.823305117645
0.228697863444
-0.447726717948
0.853764752458
0.265756530485
-0.439025460110
0.830696995867
0.342343608722
-0.427766651305
0.801585289131
0.417704101344
-0.414691472566
0.766371309449
0.490617976266
-0.725461200984
0.560244324271
0.399790373807
-0.679352907005
0.626466001371
0.382125603526
-0.628018423613
0.689221635521
0.361339724820
-0.571511765603
0.748288785099
0.336805872680
-0.511306262643
0.803302289467
0.305403565006
-0.500482984456
0.777356289993
0.381095763134
-0.487876715555
0.745162265522
0.454653173816
-0.473641723015
0.706899663389
0.525315509118
-0.663220298545
0.593192968822
0.456356151857
-0.614287883843
0.658288999658
0.435093080493
-0.559621373760
0.719729414511
0.410869185895
-0.545579922012
0.685035970862
0.482771444187
-0.528393970818
0.644207647742
0.552988533511
-0.597591846601
0.620838199999
0.507389312361
-0.860719958786
0.195167214324
-0.470181785058
-0.845242880750
0.133193428654
-0.517517133150
-0.826967928559
0.058896900512
-0.559155792464
-0.837330574635
0.383796401615
-0.389329976868
-0.833929742686
0.325520593199
-0.445642825216
-0.825591515284
0.264967063125
-0.498187821358
-0.812908645719
0.199447665131
-0.547174709383
-0.796308844816
0.125628708443
-0.591700643301
-0.557372302748
0.286835272352
-0.779141606297
-0.788889549673
0.505239490359
-0.349837584887
-0.793072790839
0.449920347565
-0.410618106369
-0.791866147425
0.391708085408
-0.468521910254
-0.785494517069
0.330216901338
-0.523407261819
-0.775125554297
0.263631384433
-0.574176687282
-0.761254242156
0.190348313360
-0.619886681903
-0.706977615599
0.175037090794
-0.685233294498
-0.664737563115
0.239775038528
-0.707553463057
-0.617785469163
0.304109565477
-0.725161007140
-0.567068811040
0.367442258207
-0.737169689033
-0.743490582798
0.513042789887
-0.428962526377
-0.744757742155
0.455233919919
-0.487952849828
-0.741028279532
0.393357991662
-0.544193512760
-0.732428384945
0.327003606309
-0.597174432129
-0.720931708813
0.254495746489
-0.644584661815
-0.675812317524
0.318338136795
-0.664784583263
-0.626786129549
0.381492698328
-0.679413327016
-0.574302615132
0.443366026488
-0.688188253902
-0.692131170537
0.517503323303
-0.503134925384
-0.691662681289
0.455719150071
-0.560288132634
-0.685642348137
0.389802220299
-0.614775405731
-0.634716833476
0.451672506998
-0.626997996587
-0.578700671438
0.512502995655
-0.634386484977
-0.637089139316
0.517432945208
-0.571297274437
-0.453459304865
-0.871055019922
-0.188779795266
-0.457297551551
-0.882460628967
-0.110191595271
-0.466794015376
-0.884050646060
-0.023617840926
-0.365206884710
-0.852239465502
-0.374582200325
-0.374191830936
-0.878088885682
-0.298228741913
-0.381485531524
-0.897717496967
-0.220390754973
-0.388846792604
-0.910760679657
-0.138971782289
-0.398567479643
-0.915671704311
-0.051858404281
-0.066738031571
-0.997661925636
-0.014721320514
-0.277499548189
-0.833596915031
-0.477608819020
-0.289761218716
-0.867766455183
-0.403757124256
-0.299997895327
-0.896019716570
-0.327337639627
-0.308628223747
-0.918235262669
-0.248178608866
-0.317843699840
-0.933548052974
-0.165720895668
-0.329137942969
-0.940946845003
-0.079292177274
-0.272689627153
-0.961943623861
-0.017459431712
-0.199250421582
-0.978886119331
-0.045620553269
-0.123657085828
-0.989535336900
-0.074355511902
-0.047249214359
-0.993463113923
-0.103916086416
-0.212418411097
-0.877322206105
-0.430330297914
-0.224118987086
-0.907816036713
-0.354458351735
-0.234660431951
-0.932330244114
-0.275126875435
-0.244508159295
-0.950388128242
-0.192297076772
-0.256810516155
-0.960589310790
-0.106379202805
-0.182144847660
-0.974100078448
-0.133986162117
-0.106384017227
-0.980937719549
-0.162614978539
-0.030275696527
-0.980914937215
-0.192065791196
-0.145716975243
-0.913027611914
-0.380981814538
-0.158568733772
-0.939938923726
-0.302275993646
-0.169819153462
-0.960640435546
-0.219844055439
-0.093907415014
-0.964184931970
-0.248050023919
-0.015890975162
-0.960951918393
-0.276258732795
-0.080158901394
-0.940629347036
-0.329834779885
0.744047628922
0.110284910806
0.658961580325
0.777140729598
0.045100317770
0.627708728422
0.812371300125
-0.020682431153
0.582773633390
0.605826043254
0.222290330091
0.763912177193
0.649614243762
0.157023647640
0.743871567130
0.689382537904
0.091632669228
0.718578576332
0.727019360788
0.025413402090
0.686146491672
0.764258588368
-0.041720047715
0.643559047582
0.548274026312
-0.263015675402
0.793862926811
0.493711066192
0.267547812142
0.827446403907
0.543537164848
0.203372402682
0.814375230625
0.589560360338
0.137935341305
0.795859549881
0.632111701509
0.071344523088
0.771585870685
0.672704408128
0.004510657404
0.739897582950
0.712248981559
-0.062050875490
0.699178859177
0.696187093376
-0.146787136860
0.702692726210
0.636542510609
-0.165959432752
0.753174016326
0.571831235557
-0.183799819968
0.799516519042
0.502845137658
-0.199302498408
0.841085775449
0.477531832298
0.183246258526
0.859292824291
0.525690433187
0.118291740784
0.842411201562
0.570990519294
0.051806644011
0.819320388195
0.613582255563
-0.015860400155
0.789471508901
0.655185745783
-0.082370580655
0.750963864620
0.593004315314
-0.101543972469
0.798770745380
0.526284545732
-0.118376135973
0.842028305555
0.455599428097
-0.132597048256
0.880254045098
0.456671460057
0.098938201715
0.884116739922
0.504845843233
0.033373681631
0.862564126280
0.549771249651
-0.034087066374
0.834619461170
0.481413487784
-0.050319137386
0.875048020507
0.407963384882
-0.065506976303
0.910645217772
0.433240034676
0.016250939317
0.901132054321
0.860719958786
-0.195167214324
-0.470181785058
0.845242880750
-0.133193428654
-0.517517133150
0.826967928559
-0.058896900512
-0.559155792464
0.837330574635
-0.383796401615
-0.389329976868
0.833929742686
-0.325520593199
-0.445642825216
0.825591515284
-0.264967063125
-0.498187821358
0.812908645719
-0.199447665131
-0.547174709383
0.796308844816
-0.125628708443
-0.591700643301
0.557372302748
-0.286835272352
-0.779141606297
0.788889549673
-0.505239490359
-0.349837584887
0.793072790839
-0.449920347565
-0.410618106369
0.791866147425
-0.391708085408
-0.468521910254
0.785494517069
-0.330216901338
-0.523407261819
0.775125554297
-0.263631384433
-0.574176687282
0.761254242156
-0.190348313360
-0.619886681903
0.706977615599
-0.175037090794
-0.685233294498
0.664737563115
-0.239775038528
-0.707553463057
0.617785469163
-0.304109565477
-0.725161007140
0.567068811040
-0.367442258207
-0.737169689033
0.743490582798
-0.513042789887
-0.428962526377
0.744757742155
-0.455233919919
-0.487952849828
0.741028279532
-0.393357991662
-0.544193512760
0.732428384945
-0.327003606309
-0.597174432129
0.720931708813
-0.254495746489
-0.644584661815
0.675812317524
-0.318338136795
-0.664784583263
0.626786129549
-0.381492698328
-0.679413327016
0.574302615132
-0.443366026488
-0.688188253902
0.692131170537
-0.517503323303
-0.503134925384
0.691662681289
-0.455719150071
-0.560288132634
0.685642348137
-0.389802220299
-0.614775405731
0.634716833476
-0.451672506998
-0.626997996587
0.578700671438
-0.512502995655
-0.634386484977
0.637089139316
-0.517432945208
-0.571297274437
0.453459304865
0.871055019922
-0.188779795266
0.457297551551
0.882460628967
-0.110191595271
0.466794015376
0.884050646060
-0.023617840926
0.365206884710
0.852239465502
-0.374582200325
0.374191830936
0.878088885682
-0.298228741913
0.381485531524
0.897717496967
-0.220390754973
0.388846792604
0.910760679657
-0.138971782289
0.398567479643
0.915671704311
-0.051858404281
0.066738031571
0.997661925636
-0.014721320514
0.277499548189
0.833596915031
-0.477608819020
0.289761218716
0.867766455183
-0.403757124256
0.299997895327
0.896019716570
-0.327337639627
0.308628223747
0.918235262669
-0.248178608866
0.317843699840
0.933548052974
-0.165720895668
0.329137942969
0.940946845003
-0.079292177274
0.272689627153
0.961943623861
-0.017459431712
0.199250421582
0.978886119331
-0.045620553269
0.123657085828
0.989535336900
-0.074355511902
0.047249214359
0.993463113923
-0.103916086416
0.212418411097
0.877322206105
-0.430330297914
0.224118987086
0.907816036713
-0.354458351735
0.234660431951
0.932330244114
-0.275126875435
0.244508159295
0.950388128242
-0.192297076772
0.256810516155
0.960589310790
-0.106379202805
0.182144847660
0.974100078448
-0.133986162117
0.106384017227
0.980937719549
-0.162614978539
0.030275696527
0.980914937215
-0.192065791196
0.145716975243
0.913027611914
-0.380981814538
0.158568733772
0.939938923726
-0.302275993646
0.169819153462
0.960640435546
-0.219844055439
0.093907415014
0.964184931970
-0.248050023919
0.015890975162
0.960951918393
-0.276258732795
0.080158901394
0.940629347036
-0.329834779885
0.860719958786
0.195167214324
0.470181785058
0.845242880750
0.133193428654
0.517517133150
0.826967928559
0.058896900512
0.559155792464
0.837330574635
0.383796401615
0.389329976868
0.833929742686
0.325520593199
0.445642825216
0.825591515284
0.264967063125
0.498187821358
0.812908645719
0.199447665131
0.547174709383
0.796308844816
0.125628708443
0.591700643301
0.557372302748
0.286835272352
0.779141606297
0.788889549673
0.505239490359
0.349837584887
0.793072790839
0.449920347565
0.410618106369
0.791866147425
0.391708085408
0.468521910254
0.785494517069
0.330216901338
0.523407261819
0.775125554297
0.263631384433
0.574176687282
0.761254242156
0.190348313360
0.619886681903
0.706977615599
0.175037090794
0.685233294498
0.664737563115
0.239775038528
0.707553463057
0.617785469163
0.304109565477
0.725161007140
0.567068811040
0.367442258207
0.737169689033
0.743490582798
0.513042789887
0.428962526377
0.744757742155
0.455233919919
0.487952849828
0.741028279532
0.393357991662
0.544193512760
0.732428384945
0.327003606309
0.597174432129
0.720931708813
0.254495746489
0.644584661815
0.675812317524
0.318338136795
0.664784583263
0.626786129549
0.381492698328
0.679413327016
0.574302615132
0.443366026488
0.688188253902
0.692131170537
0.517503323303
0.503134925384
0.691662681289
0.455719150071
0.560288132634
0.685642348137
0.389802220299
0.614775405731
0.634716833476
0.451672506998
0.626997996587
0.578700671438
0.512502995655
0.634386484977
0.637089139316
0.517432945208
0.571297274437
0.939214843246
-0.010335061136
-0.343174394059
0.910334158252
-0.037217748217
-0.412197233781
0.871268200638
-0.057082717501
-0.487476446529
0.989622444869
-0.014908890867
-0.142916554619
0.975134836960
-0.044159142995
-0.217168183296
0.954349601029
-0.072125981683
-0.289852862296
0.926467025918
-0.097852033937
-0.363433390514
0.889887296811
-0.119362859495
-0.440287527358
0.835109298664
-0.440289622888
-0.329753706972
0.998950556550
-0.044707365358
-0.009951736047
0.993457512414
-0.074693664344
-0.086388816035
0.981268445747
-0.104153569145
-0.162062554022
0.962328602848
-0.132740745599
-0.237283700659
0.936335792561
-0.158422498676
-0.313333042436
0.902597294919
-0.179692602847
-0.391188818459
0.871224184171
-0.254966008263
-0.419476764013
0.876317549136
-0.314148556216
-0.365209854334
0.875940801034
-0.371749867737
-0.307456905796
0.870287395864
-0.426394302883
-0.246551712767
0.990574622185
-0.133831623307
-0.029172152571
0.980924353106
-0.163058294557
-0.105827246302
0.964348510956
-0.191301964582
-0.182853787940
0.940585861871
-0.217959743297
-0.260368559449
0.909681492272
-0.239657601977
-0.339181096809
0.911342452109
-0.298287760924
-0.283688820129
0.907777244061
-0.354151590000
-0.224760153199
0.898965454585
-0.406612322083
-0.162872744783
0.974174783360
-0.220896441377
-0.046778773527
0.960564993304
-0.248276242437
-0.125195052141
0.939573469950
-0.274998087409
-0.203906219836
0.933085994781
-0.329468098494
-0.144226552400
0.920466380537
-0.382251246955
-0.081397951466
0.950672979883
-0.303540207720
-0.063907962076
-0.010335061136
0.343174394059
-0.939214843246
-0.037217748217
0.412197233781
-0.910334158252
-0.057082717501
0.487476446529
-0.871268200638
-0.014908890867
0.142916554619
-0.989622444869
-0.044159142995
0.217168183296
-0.975134836960
-0.072125981683
0.289852862296
-0.954349601029
-0.097852033937
0.363433390514
-0.926467025918
-0.119362859495
0.440287527358
-0.889887296811
-0.440289622888
0.329753706972
-0.835109298664
-0.044707365358
0.009951736047
-0.998950556550
-0.074693664344
0.086388816035
-0.993457512414
-0.104153569145
0.162062554022
-0.981268445747
-0.132740745599
0.237283700659
-0.962328602848
-0.158422498676
0.313333042436
-0.936335792561
-0.179692602847
0.391188818459
-0.902597294919
-0.254966008263
0.419476764013
-0.871224184171
-0.314148556216
0.365209854334
-0.876317549136
-0.371749867737
0.307456905796
-0.875940801034
-0.426394302883
0.246551712767
-0.870287395864
-0.133831623307
0.029172152571
-0.990574622185
-0.163058294557
0.105827246302
-0.980924353106
-0.191301964582
0.182853787940
-0.964348510956
-0.217959743297
0.260368559449
-0.940585861871
-0.239657601977
0.339181096809
-0.909681492272
-0.298287760924
0.283688820129
-0.911342452109
-0.354151590000
0.224760153199
-0.907777244061
-0.406612322083
0.162872744783
-0.898965454585
-0.220896441377
0.046778773527
-0.974174783360
-0.248276242437
0.125195052141
-0.960564993304
-0.274998087409
0.203906219836
-0.939573469950
-0.329468098494
0.144226552400
-0.933085994781
-0.382251246955
0.081397951466
-0.920466380537
-0.303540207720
0.063907962076
-0.950672979883
0.453459304865
-0.871055019922
0.188779795266
0.457297551551
-0.882460628967
0.110191595271
0.466794015376
-0.884050646060
0.023617840926
0.365206884710
-0.852239465502
0.374582200325
0.374191830936
-0.878088885682
0.298228741913
0.381485531524
-0.897717496967
0.220390754973
0.388846792604
-0.910760679657
0.138971782289
0.398567479643
-0.915671704311
0.051858404281
0.066738031571
-0.997661925636
0.014721320514
0.277499548189
-0.833596915031
0.477608819020
0.289761218716
-0.867766455183
0.403757124256
0.299997895327
-0.896019716570
0.327337639627
0.308628223747
-0.918235262669
0.248178608866
0.317843699840
-0.933548052974
0.165720895668
0.329137942969
-0.940946845003
0.079292177274
0.272689627153
-0.961943623861
0.017459431712
0.199250421582
-0.978886119331
0.045620553269
0.123657085828
-0.989535336900
0.074355511902
0.047249214359
-0.993463113923
0.103916086416
0.212418411097
-0.877322206105
0.430330297914
0.224118987086
-0.907816036713
0.354458351735
0.234660431951
-0.932330244114
0.275126875435
0.244508159295
-0.950388128242
0.192297076772
0.256810516155
-0.960589310790
0.106379202805
0.182144847660
-0.974100078448
0.133986162117
0.106384017227
-0.980937719549
0.162614978539
0.030275696527
-0.980914937215
0.192065791196
0.145716975243
-0.913027611914
0.380981814538
0.158568733772
-0.939938923726
0.302275993646
0.169819153462
-0.960640435546
0.219844055439
0.093907415014
-0.964184931970
0.248050023919
0.015890975162
-0.960951918393
0.276258732795
0.080158901394
-0.940629347036
0.329834779885
-0.871055019922
0.188779795266
0.453459304865
-0.882460628967
0.110191595271
0.457297551551
-0.884050646060
0.023617840926
0.466794015376
-0.852239465502
0.374582200325
0.365206884710
-0.878088885682
0.298228741913
0.374191830936
-0.897717496967
0.220390754973
0.381485531524
-0.910760679657
0.138971782289
0.388846792604
-0.915671704311
0.051858404281
0.398567479643
-0.997661925636
0.014721320514
0.066738031571
-0.833596915031
0.477608819020
0.277499548189
-0.867766455183
0.403757124256
0.289761218716
-0.896019716570
0.327337639627
0.299997895327
-0.918235262669
0.248178608866
0.308628223747
-0.933548052974
0.165720895668
0.317843699840
-0.940946845003
0.079292177274
0.329137942969
-0.961943623861
0.017459431712
0.272689627153
-0.978886119331
0.045620553269
0.199250421582
-0.989535336900
0.074355511902
0.123657085828
-0.993463113923
0.103916086416
0.047249214359
-0.877322206105
0.430330297914
0.212418411097
-0.907816036713
0.354458351735
0.224118987086
-0.932330244114
0.275126875435
0.234660431951
-0.950388128242
0.192297076772
0.244508159295
-0.960589310790
0.106379202805
0.256810516155
-0.974100078448
0.133986162117
0.182144847660
-0.980937719549
0.162614978539
0.106384017227
-0.980914937215
0.192065791196
0.030275696527
-0.913027611914
0.380981814538
0.145716975243
-0.939938923726
0.302275993646
0.158568733772
-0.960640435546
0.219844055439
0.169819153462
-0.964184931970
0.248050023919
0.093907415014
-0.960951918393
0.276258732795
0.015890975162
-0.940629347036
0.329834779885
0.080158901394
-0.110284910806
-0.658961580325
0.744047628922
-0.045100317770
-0.627708728422
0.777140729598
0.020682431153
-0.582773633390
0.812371300125
-0.222290330091
-0.763912177193
0.605826043254
-0.157023647640
-0.743871567130
0.649614243762
-0.091632669228
-0.718578576332
0.689382537904
-0.025413402090
-0.686146491672
0.727019360788
0.041720047715
-0.643559047582
0.764258588368
0.263015675402
-0.793862926811
0.548274026312
-0.267547812142
-0.827446403907
0.493711066192
-0.203372402682
-0.814375230625
0.543537164848
-0.137935341305
-0.795859549881
0.589560360338
-0.071344523088
-0.771585870685
0.632111701509
-0.004510657404
-0.739897582950
0.672704408128
0.062050875490
-0.699178859177
0.712248981559
0.146787136860
-0.702692726210
0.696187093376
0.165959432752
-0.753174016326
0.636542510609
0.183799819968
-0.799516519042
0.571831235557
0.199302498408
-0.841085775449
0.502845137658
-0.183246258526
-0.859292824291
0.477531832298
-0.118291740784
-0.842411201562
0.525690433187
-0.051806644011
-0.819320388195
0.570990519294
0.015860400155
-0.789471508901
0.613582255563
0.082370580655
-0.750963864620
0.655185745783
0.101543972469
-0.798770745380
0.593004315314
0.118376135973
-0.842028305555
0.526284545732
0.132597048256
-0.880254045098
0.455599428097
-0.098938201715
-0.884116739922
0.456671460057
-0.033373681631
-0.862564126280
0.504845843233
0.034087066374
-0.834619461170
0.549771249651
0.050319137386
-0.875048020507
0.481413487784
0.065506976303
-0.910645217772
0.407963384882
-0.016250939317
-0.901132054321
0.433240034676
-0.750435047980
0.127007391000
0.648626519189
-0.800142562981
0.105319899369
0.590490980205
-0.847650359711
0.071679345935
0.525690915889
-0.615040244544
0.246413422249
0.749003286326
-0.676906095047
0.228474641920
0.699712424134
-0.733958846056
0.208334959063
0.646452594649
-0.787495243629
0.183741318869
0.588294457735
-0.838028892531
0.151413115943
0.524196188086
-0.820387978150
0.449387899325
0.353573303923
-0.521341737531
0.339885848839
0.782739038548
-0.589700388157
0.324229290334
0.739681566281
-0.653930806120
0.306459356232
0.691705980736
-0.714149993982
0.286123561159
0.638845125085
-0.770614896893
0.260843644845
0.581475084273
-0.823305117645
0.228697863444
0.519486256329
-0.853764752458
0.265756530485
0.447726717948
-0.830696995867
0.342343608722
0.439025460110
-0.801585289131
0.417704101344
0.427766651305
-0.766371309449
0.490617976266
0.414691472566
-0.560244324271
0.399790373807
0.725461200984
-0.626466001371
0.382125603526
0.679352907005
-0.689221635521
0.361339724820
0.628018423613
-0.748288785099
0.336805872680
0.571511765603
-0.803302289467
0.305403565006
0.511306262643
-0.777356289993
0.381095763134
0.500482984456
-0.745162265522
0.454653173816
0.487876715555
-0.706899663389
0.525315509118
0.473641723015
-0.593192968822
0.456356151857
0.663220298545
-0.658288999658
0.435093080493
0.614287883843
-0.719729414511
0.410869185895
0.559621373760
-0.685035970862
0.482771444187
0.545579922012
-0.644207647742
0.552988533511
0.528393970818
-0.620838199999
0.507389312361
0.597591846601
-0.648626519189
-0.750435047980
-0.127007391000
-0.590490980205
-0.800142562981
-0.105319899369
-0.525690915889
-0.847650359711
-0.071679345935
-0.749003286326
-0.615040244544
-0.246413422249
-0.699712424134
-0.676906095047
-0.228474641920
-0.646452594649
-0.733958846056
-0.208334959063
-0.588294457735
-0.787495243629
-0.183741318869
-0.524196188086
-0.838028892531
-0.151413115943
-0.353573303923
-0.820387978150
-0.449387899325
-0.782739038548
-0.521341737531
-0.339885848839
-0.739681566281
-0.589700388157
-0.324229290334
-0.691705980736
-0.653930806120
-0.306459356232
-0.638845125085
-0.714149993982
-0.286123561159
-0.581475084273
-0.770614896893
-0.260843644845
-0.519486256329
-0.823305117645
-0.228697863444
-0.447726717948
-0.853764752458
-0.265756530485
-0.439025460110
-0.830696995867
-0.342343608722
-0.427766651305
-0.801585289131
-0.417704101344
-0.414691472566
-0.766371309449
-0.490617976266
-0.725461200984
-0.560244324271
-0.399790373807
-0.679352907005
-0.626466001371
-0.382125603526
-0.628018423613
-0.689221635521
-0.361339724820
-0.571511765603
-0.748288785099
-0.336805872680
-0.511306262643
-0.803302289467
-0.305403565006
-0.500482984456
-0.777356289993
-0.381095763134
-0.487876715555
-0.745162265522
-0.454653173816
-0.473641723015
-0.706899663389
-0.525315509118
-0.663220298545
-0.593192968822
-0.456356151857
-0.614287883843
-0.658288999658
-0.435093080493
-0.559621373760
-0.719729414511
-0.410869185895
-0.545579922012
-0.685035970862
-0.482771444187
-0.528393970818
-0.644207647742
-0.552988533511
-0.597591846601
-0.620838199999
-0.507389312361
0.127007391000
-0.648626519189
0.750435047980
0.105319899369
-0.590490980205
0.800142562981
0.071679345935
-0.525690915889
0.847650359711
0.246413422249
-0.749003286326
0.615040244544
0.228474641920
-0.699712424134
0.676906095047
0.208334959063
-0.646452594649
0.733958846056
0.183741318869
-0.588294457735
0.787495243629
0.151413115943
-0.524196188086
0.838028892531
0.449387899325
-0.353573303923
0.820387978150
0.339885848839
-0.782739038548
0.521341737531
0.324229290334
-0.739681566281
0.589700388157
0.306459356232
-0.691705980736
0.653930806120
0.286123561159
-0.638845125085
0.714149993982
0.260843644845
-0.581475084273
0.770614896893
0.228697863444
-0.519486256329
0.823305117645
0.265756530485
-0.447726717948
0.853764752458
0.342343608722
-0.439025460110
0.830696995867
0.417704101344
-0.427766651305
0.801585289131
0.490617976266
-0.414691472566
0.766371309449
0.399790373807
-0.725461200984
0.560244324271
0.382125603526
-0.679352907005
0.626466001371
0.361339724820
-0.628018423613
0.689221635521
0.336805872680
-0.571511765603
0.748288785099
0.305403565006
-0.511306262643
0.803302289467
0.381095763134
-0.500482984456
0.777356289993
0.454653173816
-0.487876715555
0.745162265522
0.525315509118
-0.473641723015
0.706899663389
0.456356151857
-0.663220298545
0.593192968822
0.435093080493
-0.614287883843
0.658288999658
0.410869185895
-0.559621373760
0.719729414511
0.482771444187
-0.545579922012
0.685035970862
0.552988533511
-0.528393970818
0.644207647742
0.507389312361
-0.597591846601
0.620838199999
-0.744047628922
-0.110284910806
0.658961580325
-0.777140729598
-0.045100317770
0.627708728422
-0.812371300125
0.020682431153
0.582773633390
-0.605826043254
-0.222290330091
0.763912177193
-0.649614243762
-0.157023647640
0.743871567130
-0.689382537904
-0.091632669228
0.718578576332
-0.727019360788
-0.025413402090
0.686146491672
-0.764258588368
0.041720047715
0.643559047582
-0.548274026312
0.263015675402
0.793862926811
-0.493711066192
-0.267547812142
0.827446403907
-0.543537164848
-0.203372402682
0.814375230625
-0.589560360338
-0.137935341305
0.795859549881
-0.632111701509
-0.071344523088
0.771585870685
-0.672704408128
-0.004510657404
0.739897582950
-0.712248981559
0.062050875490
0.699178859177
-0.696187093376
0.146787136860
0.702692726210
-0.636542510609
0.165959432752
0.753174016326
-0.571831235557
0.183799819968
0.799516519042
-0.502845137658
0.199302498408
0.841085775449
-0.477531832298
-0.183246258526
0.859292824291
-0.525690433187
-0.118291740784
0.842411201562
-0.570990519294
-0.051806644011
0.819320388195
-0.613582255563
0.015860400155
0.789471508901
-0.655185745783
0.082370580655
0.750963864620
-0.593004315314
0.101543972469
0.798770745380
-0.526284545732
0.118376135973
0.842028305555
-0.455599428097
0.132597048256
0.880254045098
-0.456671460057
-0.098938201715
0.884116739922
-0.504845843233
-0.033373681631
0.862564126280
-0.549771249651
0.034087066374
0.834619461170
-0.481413487784
0.050319137386
0.875048020507
-0.407963384882
0.065506976303
0.910645217772
-0.433240034676
-0.016250939317
0.901132054321
0.343174394059
-0.939214843246
-0.010335061136
0.412197233781
-0.910334158252
-0.037217748217
0.487476446529
-0.871268200638
-0.057082717501
0.142916554619
-0.989622444869
-0.014908890867
0.217168183296
-0.975134836960
-0.044159142995
0.289852862296
-0.954349601029
-0.072125981683
0.363433390514
-0.926467025918
-0.097852033937
0.440287527358
-0.889887296811
-0.119362859495
0.329753706972
-0.835109298664
-0.440289622888
0.009951736047
-0.998950556550
-0.044707365358
0.086388816035
-0.993457512414
-0.074693664344
0.162062554022
-0.981268445747
-0.104153569145
0.237283700659
-0.962328602848
-0.132740745599
0.313333042436
-0.936335792561
-0.158422498676
0.391188818459
-0.902597294919
-0.179692602847
0.419476764013
-0.871224184171
-0.254966008263
0.365209854334
-0.876317549136
-0.314148556216
0.307456905796
-0.875940801034
-0.371749867737
0.246551712767
-0.870287395864
-0.426394302883
0.029172152571
-0.990574622185
-0.133831623307
0.105827246302
-0.980924353106
-0.163058294557
0.182853787940
-0.964348510956
-0.191301964582
0.260368559449
-0.940585861871
-0.217959743297
0.339181096809
-0.909681492272
-0.239657601977
0.283688820129
-0.911342452109
-0.298287760924
0.224760153199
-0.907777244061
-0.354151590000
0.162872744783
-0.898965454585
-0.406612322083
0.046778773527
-0.974174783360
-0.220896441377
0.125195052141
-0.960564993304
-0.248276242437
0.203906219836
-0.939573469950
-0.274998087409
0.144226552400
-0.933085994781
-0.329468098494
0.081397951466
-0.920466380537
-0.382251246955
0.063907962076
-0.950672979883
-0.303540207720
0.939214843246
0.010335061136
0.343174394059
0.910334158252
0.037217748217
0.412197233781
0.871268200638
0.057082717501
0.487476446529
0.989622444869
0.014908890867
0.142916554619
0.975134836960
0.044159142995
0.217168183296
0.954349601029
0.072125981683
0.289852862296
0.926467025918
0.097852033937
0.363433390514
0.889887296811
0.119362859495
0.440287527358
0.835109298664
0.440289622888
0.329753706973
0.998950556550
0.044707365358
0.009951736047
0.993457512414
0.074693664344
0.086388816035
0.981268445747
0.104153569145
0.162062554022
0.962328602848
0.132740745599
0.237283700659
0.936335792561
0.158422498676
0.313333042436
0.902597294919
0.179692602847
0.391188818459
0.871224184171
0.254966008263
0.419476764013
0.876317549136
0.314148556216
0.365209854334
0.875940801034
0.371749867737
0.307456905796
0.870287395864
0.426394302883
0.246551712767
0.990574622185
0.133831623307
0.029172152571
0.980924353106
0.163058294557
0.105827246302
0.964348510956
0.191301964582
0.182853787940
0.940585861871
0.217959743297
0.260368559449
0.909681492272
0.239657601977
0.339181096809
0.911342452109
0.298287760924
0.283688820129
0.907777244061
0.354151590000
0.224760153199
0.898965454585
0.406612322083
0.162872744783
0.974174783360
0.220896441377
0.046778773527
0.960564993304
0.248276242437
0.125195052141
0.939573469950
0.274998087409
0.203906219836
0.933085994781
0.329468098494
0.144226552400
0.920466380537
0.382251246955
0.081397951466
0.950672979883
0.303540207720
0.063907962076
0.188779795266
-0.453459304865
0.871055019922
0.110191595271
-0.457297551551
0.882460628967
0.023617840926
-0.466794015376
0.884050646060
0.374582200325
-0.365206884710
0.852239465502
0.298228741913
-0.374191830936
0.878088885682
0.220390754973
-0.381485531524
0.897717496967
0.138971782289
-0.388846792604
0.910760679657
0.051858404281
-0.398567479643
0.915671704311
0.014721320514
-0.066738031571
0.997661925636
0.477608819020
-0.277499548189
0.833596915031
0.403757124256
-0.289761218716
0.867766455183
0.327337639627
-0.299997895327
0.896019716570
0.248178608866
-0.308628223747
0.918235262669
0.165720895668
-0.317843699840
0.933548052974
0.079292177274
-0.329137942969
0.940946845003
0.017459431712
-0.272689627153
0.961943623861
0.045620553269
-0.199250421582
0.978886119331
0.074355511902
-0.123657085828
0.989535336900
0.103916086416
-0.047249214359
0.993463113923
0.430330297914
-0.212418411097
0.877322206105
0.354458351735
-0.224118987086
0.907816036713
0.275126875435
-0.234660431951
0.932330244114
0.192297076772
-0.244508159295
0.950388128242
0.106379202805
-0.256810516155
0.960589310790
0.133986162117
-0.182144847660
0.974100078448
0.162614978539
-0.106384017227
0.980937719549
0.192065791196
-0.030275696527
0.980914937215
0.380981814538
-0.145716975243
0.913027611914
0.302275993646
-0.158568733772
0.939938923726
0.219844055439
-0.169819153462
0.960640435546
0.248050023919
-0.093907415014
0.964184931970
0.276258732795
-0.015890975162
0.960951918393
0.329834779885
-0.080158901394
0.940629347036
0.744047628922
-0.110284910806
-0.658961580325
0.777140729598
-0.045100317770
-0.627708728422
0.812371300125
0.020682431153
-0.582773633390
0.605826043254
-0.222290330091
-0.763912177193
0.649614243762
-0.157023647640
-0.743871567130
0.689382537904
-0.091632669228
-0.718578576332
0.727019360788
-0.025413402090
-0.686146491672
0.764258588368
0.041720047715
-0.643559047582
0.548274026312
0.263015675402
-0.793862926811
0.493711066192
-0.267547812142
-0.827446403907
0.543537164848
-0.203372402682
-0.814375230625
0.589560360338
-0.137935341305
-0.795859549881
0.632111701509
-0.071344523088
-0.771585870685
0.672704408128
-0.004510657404
-0.739897582950
0.712248981559
0.062050875490
-0.699178859177
0.696187093376
0.146787136860
-0.702692726210
0.636542510609
0.165959432752
-0.753174016326
0.571831235557
0.183799819968
-0.799516519042
0.502845137658
0.199302498408
-0.841085775449
0.477531832298
-0.183246258526
-0.859292824291
0.525690433187
-0.118291740784
-0.842411201562
0.570990519294
-0.051806644011
-0.819320388195
0.613582255563
0.015860400155
-0.789471508901
0.655185745783
0.082370580655
-0.750963864620
0.593004315314
0.101543972469
-0.798770745380
0.526284545732
0.118376135973
-0.842028305555
0.455599428097
0.132597048256
-0.880254045098
0.456671460057
-0.098938201715
-0.884116739922
0.504845843233
-0.033373681631
-0.862564126280
0.549771249651
0.034087066374
-0.834619461170
0.481413487784
0.050319137386
-0.875048020507
0.407963384882
0.065506976303
-0.910645217772
0.433240034676
-0.016250939317
-0.901132054321
-0.658961580325
-0.744047628922
0.110284910806
-0.627708728422
-0.777140729598
0.045100317770
-0.582773633390
-0.812371300125
-0.020682431153
-0.763912177193
-0.605826043254
0.222290330091
-0.743871567130
-0.649614243762
0.157023647640
-0.718578576332
-0.689382537904
0.091632669228
-0.686146491672
-0.727019360788
0.025413402090
-0.643559047582
-0.764258588368
-0.041720047715
-0.793862926811
-0.548274026312
-0.263015675402
-0.827446403907
-0.493711066192
0.267547812142
-0.814375230625
-0.543537164848
0.203372402682
-0.795859549881
-0.589560360338
0.137935341305
-0.771585870685
-0.632111701509
0.071344523088
-0.739897582950
-0.672704408128
0.004510657404
-0.699178859177
-0.712248981559
-0.062050875490
-0.702692726210
-0.696187093376
-0.146787136860
-0.753174016326
-0.636542510609
-0.165959432752
-0.799516519042
-0.571831235557
-0.183799819968
-0.841085775449
-0.502845137658
-0.199302498408
-0.859292824291
-0.477531832298
0.183246258526
-0.842411201562
-0.525690433187
0.118291740784
-0.819320388195
-0.570990519294
0.051806644011
-0.789471508901
-0.613582255563
-0.015860400155
-0.750963864620
-0.655185745783
-0.082370580655
-0.798770745380
-0.593004315314
-0.101543972469
-0.842028305555
-0.526284545732
-0.118376135973
-0.880254045098
-0.455599428097
-0.132597048256
-0.884116739922
-0.456671460057
0.098938201715
-0.862564126280
-0.504845843233
0.033373681631
-0.834619461170
-0.549771249651
-0.034087066374
-0.875048020507
-0.481413487784
-0.050319137386
-0.910645217772
-0.407963384882
-0.065506976303
-0.901132054321
-0.433240034676
0.016250939317
0.648626519189
-0.750435047980
0.127007391000
0.590490980205
-0.800142562981
0.105319899369
0.525690915889
-0.847650359711
0.071679345935
0.749003286326
-0.615040244544
0.246413422249
0.699712424134
-0.676906095047
0.228474641920
0.646452594649
-0.733958846056
0.208334959063
0.588294457735
-0.787495243629
0.183741318869
0.524196188086
-0.838028892531
0.151413115943
0.353573303923
-0.820387978150
0.449387899325
0.782739038548
-0.521341737531
0.339885848839
0.739681566281
-0.589700388157
0.324229290334
0.691705980736
-0.653930806120
0.306459356232
0.638845125085
-0.714149993982
0.286123561159
0.581475084273
-0.770614896893
0.260843644845
0.519486256329
-0.823305117645
0.228697863444
0.447726717948
-0.853764752458
0.265756530485
0.439025460110
-0.830696995867
0.342343608722
0.427766651305
-0.801585289131
0.417704101344
0.414691472566
-0.766371309449
0.490617976266
0.725461200984
-0.560244324271
0.399790373807
0.679352907005
-0.626466001371
0.382125603526
0.628018423613
-0.689221635521
0.361339724820
0.571511765603
-0.748288785099
0.336805872680
0.511306262643
-0.803302289467
0.305403565006
0.500482984456
-0.777356289993
0.381095763134
0.487876715555
-0.745162265522
0.454653173816
0.473641723015
-0.706899663389
0.525315509118
0.663220298545
-0.593192968822
0.456356151857
0.614287883843
-0.658288999658
0.435093080493
0.559621373760
-0.719729414511
0.410869185895
0.545579922012
-0.685035970862
0.482771444187
0.528393970818
-0.644207647742
0.552988533511
0.597591846601
-0.620838199999
0.507389312361
-0.127007391000
-0.648626519189
-0.750435047980
-0.105319899369
-0.590490980205
-0.800142562981
-0.071679345935
-0.525690915889
-0.847650359711
-0.246413422249
-0.749003286326
-0.615040244544
-0.228474641920
-0.699712424134
-0.676906095047
-0.208334959063
-0.646452594649
-0.733958846056
-0.183741318869
-0.588294457735
-0.787495243629
-0.151413115943
-0.524196188086
-0.838028892531
-0.449387899325
-0.353573303923
-0.820387978150
-0.339885848839
-0.782739038548
-0.521341737531
-0.324229290334
-0.739681566281
-0.589700388157
-0.306459356232
-0.691705980736
-0.653930806120
-0.286123561159
-0.638845125085
-0.714149993982
-0.260843644845
-0.581475084273
-0.770614896893
-0.228697863444
-0.519486256329
-0.823305117645
-0.265756530485
-0.447726717948
-0.853764752458
-0.342343608722
-0.439025460110
-0.830696995867
-0.417704101344
-0.427766651305
-0.801585289131
-0.490617976266
-0.414691472566
-0.766371309449
-0.399790373807
-0.725461200984
-0.560244324271
-0.382125603526
-0.679352907005
-0.626466001371
-0.361339724820
-0.628018423613
-0.689221635521
-0.336805872680
-0.571511765603
-0.748288785099
-0.305403565006
-0.511306262643
-0.803302289467
-0.381095763134
-0.500482984456
-0.777356289993
-0.454653173816
-0.487876715555
-0.745162265522
-0.525315509118
-0.473641723015
-0.706899663389
-0.456356151857
-0.663220298545
-0.593192968822
-0.435093080493
-0.614287883843
-0.658288999658
-0.410869185895
-0.559621373760
-0.719729414511
-0.482771444187
-0.545579922012
-0.685035970862
-0.552988533511
-0.528393970818
-0.644207647742
-0.507389312361
-0.597591846601
-0.620838199999
0.127007391000
0.648626519189
-0.750435047980
0.105319899369
0.590490980205
-0.800142562981
0.071679345935
0.525690915889
-0.847650359711
0.246413422249
0.749003286326
-0.615040244544
0.228474641920
0.699712424134
-0.676906095047
0.208334959063
0.646452594649
-0.733958846056
0.183741318869
0.588294457735
-0.787495243629
0.151413115943
0.524196188086
-0.838028892531
0.449387899325
0.353573303923
-0.820387978150
0.339885848839
0.782739038548
-0.521341737531
0.324229290334
0.739681566281
-0.589700388157
0.306459356232
0.691705980736
-0.653930806120
0.286123561159
0.638845125085
-0.714149993982
0.260843644845
0.581475084273
-0.770614896893
0.228697863444
0.519486256329
-0.823305117645
0.265756530485
0.447726717948
-0.853764752458
0.342343608722
0.439025460110
-0.830696995867
0.417704101344
0.427766651305
-0.801585289131
0.490617976266
0.414691472566
-0.766371309449
0.399790373807
0.725461200984
-0.560244324271
0.382125603526
0.679352907005
-0.626466001371
0.361339724820
0.628018423613
-0.689221635521
0.336805872680
0.571511765603
-0.748288785099
0.305403565006
0.511306262643
-0.803302289467
0.381095763134
0.500482984456
-0.777356289993
0.454653173816
0.487876715555
-0.745162265522
0.525315509118
0.473641723015
-0.706899663389
0.456356151857
0.663220298545
-0.593192968822
0.435093080493
0.614287883843
-0.658288999658
0.410869185895
0.559621373760
-0.719729414511
0.482771444187
0.545579922012
-0.685035970862
0.552988533511
0.528393970818
-0.644207647742
0.507389312361
0.597591846601
-0.620838199999
-0.750435047980
-0.127007391000
-0.648626519189
-0.800142562981
-0.105319899369
-0.590490980205
-0.847650359711
-0.071679345935
-0.525690915889
-0.615040244544
-0.246413422249
-0.749003286326
-0.676906095047
-0.228474641920
-0.699712424134
-0.733958846056
-0.208334959063
-0.646452594649
-0.787495243629
-0.183741318869
-0.588294457735
-0.838028892531
-0.151413115943
-0.524196188086
-0.820387978150
-0.449387899325
-0.353573303923
-0.521341737531
-0.339885848839
-0.782739038548
-0.589700388157
-0.324229290334
-0.739681566281
-0.653930806120
-0.306459356232
-0.691705980736
-0.714149993982
-0.286123561159
-0.638845125085
-0.770614896893
-0.260843644845
-0.581475084273
-0.823305117645
-0.228697863444
-0.519486256329
-0.853764752458
-0.265756530485
-0.447726717948
-0.830696995867
-0.342343608722
-0.439025460110
-0.801585289131
-0.417704101344
-0.427766651305
-0.766371309449
-0.490617976266
-0.414691472566
-0.560244324271
-0.399790373807
-0.725461200984
-0.626466001371
-0.382125603526
-0.679352907005
-0.689221635521
-0.361339724820
-0.628018423613
-0.748288785099
-0.336805872680
-0.571511765603
-0.803302289467
-0.305403565006
-0.511306262643
-0.777356289993
-0.381095763134
-0.500482984456
-0.745162265522
-0.454653173816
-0.487876715555
-0.706899663389
-0.525315509118
-0.473641723015
-0.593192968822
-0.456356151857
-0.663220298545
-0.658288999658
-0.435093080493
-0.614287883843
-0.719729414511
-0.410869185895
-0.559621373760
-0.685035970862
-0.482771444187
-0.545579922012
-0.644207647742
-0.552988533511
-0.528393970818
-0.620838199999
-0.507389312361
-0.597591846601
-0.658961580325
0.744047628922
-0.110284910806
-0.627708728422
0.777140729598
-0.045100317770
-0.582773633390
0.812371300125
0.020682431153
-0.763912177193
0.605826043254
-0.222290330091
-0.743871567130
0.649614243762
-0.157023647640
-0.718578576332
0.689382537904
-0.091632669228
-0.686146491672
0.727019360788
-0.025413402090
-0.643559047582
0.764258588368
0.041720047715
-0.793862926811
0.548274026312
0.263015675402
-0.827446403907
0.493711066192
-0.267547812142
-0.814375230625
0.543537164848
-0.203372402682
-0.795859549881
0.589560360338
-0.137935341305
-0.771585870685
0.632111701509
-0.071344523088
-0.739897582950
0.672704408128
-0.004510657404
-0.699178859177
0.712248981559
0.062050875490
-0.702692726210
0.696187093376
0.146787136860
-0.753174016326
0.636542510609
0.165959432752
-0.799516519042
0.571831235557
0.183799819968
-0.841085775449
0.502845137658
0.199302498408
-0.859292824291
0.477531832298
-0.183246258526
-0.842411201562
0.525690433187
-0.118291740784
-0.819320388195
0.570990519294
-0.051806644011
-0.789471508901
0.613582255563
0.015860400155
-0.750963864620
0.655185745783
0.082370580655
-0.798770745380
0.593004315314
0.101543972469
-0.842028305555
0.526284545732
0.118376135973
-0.880254045098
0.455599428097
0.132597048256
-0.884116739922
0.456671460057
-0.098938201715
-0.862564126280
0.504845843233
-0.033373681631
-0.834619461170
0.549771249651
0.034087066374
-0.875048020507
0.481413487784
0.050319137386
-0.910645217772
0.407963384882
0.065506976303
-0.901132054321
0.433240034676
-0.016250939317
-0.110284910806
0.658961580325
-0.744047628922
-0.045100317770
0.627708728422
-0.777140729598
0.020682431153
0.582773633390
-0.812371300125
-0.222290330091
0.763912177193
-0.605826043254
-0.157023647640
0.743871567130
-0.649614243762
-0.091632669228
0.718578576332
-0.689382537904
-0.025413402090
0.686146491672
-0.727019360788
0.041720047715
0.643559047582
-0.764258588368
0.263015675402
0.793862926811
-0.548274026312
-0.267547812142
0.827446403907
-0.493711066192
-0.203372402682
0.814375230625
-0.543537164848
-0.137935341305
0.795859549881
-0.589560360338
-0.071344523088
0.771585870685
-0.632111701509
-0.004510657404
0.739897582950
-0.672704408128
0.062050875490
0.699178859177
-0.712248981559
0.146787136860
0.702692726210
-0.696187093376
0.165959432752
0.753174016326
-0.636542510609
0.183799819968
0.799516519042
-0.571831235557
0.199302498408
0.841085775449
-0.502845137658
-0.183246258526
0.859292824291
-0.477531832298
-0.118291740784
0.842411201562
-0.525690433187
-0.051806644011
0.819320388195
-0.570990519294
0.015860400155
0.789471508901
-0.613582255563
0.082370580655
0.750963864620
-0.655185745783
0.101543972469
0.798770745380
-0.593004315314
0.118376135973
0.842028305555
-0.526284545732
0.132597048256
0.880254045098
-0.455599428097
-0.098938201715
0.884116739922
-0.456671460057
-0.033373681631
0.862564126280
-0.504845843233
0.034087066374
0.834619461170
-0.549771249651
0.050319137386
0.875048020507
-0.481413487784
0.065506976303
0.910645217772
-0.407963384882
-0.016250939317
0.901132054321
-0.433240034676
0.195167214324
-0.470181785058
-0.860719958786
0.133193428654
-0.517517133150
-0.845242880750
0.058896900512
-0.559155792464
-0.826967928559
0.383796401615
-0.389329976868
-0.837330574635
0.325520593199
-0.445642825216
-0.833929742686
0.264967063125
-0.498187821358
-0.825591515284
0.199447665131
-0.547174709383
-0.812908645719
0.125628708443
-0.591700643301
-0.796308844816
0.286835272352
-0.779141606297
-0.557372302748
0.505239490359
-0.349837584887
-0.788889549673
0.449920347565
-0.410618106369
-0.793072790839
0.391708085408
-0.468521910254
-0.791866147425
0.330216901338
-0.523407261819
-0.785494517069
0.263631384433
-0.574176687282
-0.775125554297
0.190348313360
-0.619886681903
-0.761254242156
0.175037090794
-0.685233294498
-0.706977615599
0.239775038528
-0.707553463057
-0.664737563115
0.304109565477
-0.725161007140
-0.617785469163
0.367442258207
-0.737169689033
-0.567068811040
0.513042789887
-0.428962526377
-0.743490582798
0.455233919919
-0.487952849828
-0.744757742155
0.393357991662
-0.544193512760
-0.741028279532
0.327003606309
-0.597174432129
-0.732428384945
0.254495746489
-0.644584661815
-0.720931708813
0.318338136795
-0.664784583263
-0.675812317524
0.381492698328
-0.679413327016
-0.626786129549
0.443366026488
-0.688188253902
-0.574302615132
0.517503323303
-0.503134925384
-0.692131170537
0.455719150071
-0.560288132634
-0.691662681289
0.389802220299
-0.614775405731
-0.685642348137
0.451672506998
-0.626997996587
-0.634716833476
0.512502995655
-0.634386484977
-0.578700671438
0.517432945208
-0.571297274437
-0.637089139316
-0.871055019922
-0.188779795266
-0.453459304865
-0.882460628967
-0.110191595271
-0.457297551551
-0.884050646060
-0.023617840926
-0.466794015376
-0.852239465502
-0.374582200325
-0.365206884710
-0.878088885682
-0.298228741913
-0.374191830936
-0.897717496967
-0.220390754973
-0.381485531524
-0.910760679657
-0.138971782289
-0.388846792604
-0.915671704311
-0.051858404281
-0.398567479643
-0.997661925636
-0.014721320514
-0.066738031571
-0.833596915031
-0.477608819020
-0.277499548189
-0.867766455183
-0.403757124256
-0.289761218716
-0.896019716570
-0.327337639627
-0.299997895327
-0.918235262669
-0.248178608866
-0.308628223747
-0.933548052974
-0.165720895668
-0.317843699840
-0.940946845003
-0.079292177274
-0.329137942969
-0.961943623861
-0.017459431712
-0.272689627153
-0.978886119331
-0.045620553269
-0.199250421582
-0.989535336900
-0.074355511902
-0.123657085828
-0.993463113923
-0.103916086416
-0.047249214359
-0.877322206105
-0.430330297914
-0.212418411097
-0.907816036713
-0.354458351735
-0.224118987086
-0.932330244114
-0.275126875435
-0.234660431951
-0.950388128242
-0.192297076772
-0.244508159295
-0.960589310790
-0.106379202805
-0.256810516155
-0.974100078448
-0.133986162117
-0.182144847660
-0.980937719549
-0.162614978539
-0.106384017227
-0.980914937215
-0.192065791196
-0.030275696527
-0.913027611914
-0.380981814538
-0.145716975243
-0.939938923726
-0.302275993646
-0.158568733772
-0.960640435546
-0.219844055439
-0.169819153462
-0.964184931970
-0.248050023919
-0.093907415014
-0.960951918393
-0.276258732795
-0.015890975162
-0.940629347036
-0.329834779885
-0.080158901394
-0.195167214324
0.470181785058
-0.860719958786
-0.133193428654
0.517517133150
-0.845242880750
-0.058896900512
0.559155792464
-0.826967928559
-0.383796401615
0.389329976868
-0.837330574635
-0.325520593199
0.445642825216
-0.833929742686
-0.264967063125
0.498187821358
-0.825591515284
-0.199447665131
0.547174709383
-0.812908645719
-0.125628708443
0.591700643301
-0.796308844816
-0.286835272352
0.779141606297
-0.557372302748
-0.505239490359
0.349837584887
-0.788889549673
-0.449920347565
0.410618106369
-0.793072790839
-0.391708085408
0.468521910254
-0.791866147425
-0.330216901338
0.523407261819
-0.785494517069
-0.263631384433
0.574176687282
-0.775125554297
-0.190348313360
0.619886681903
-0.761254242156
-0.175037090794
0.685233294498
-0.706977615599
-0.239775038528
0.707553463057
-0.664737563115
-0.304109565477
0.725161007140
-0.617785469163
-0.367442258207
0.737169689033
-0.567068811040
-0.513042789887
0.428962526377
-0.743490582798
-0.455233919919
0.487952849828
-0.744757742155
-0.393357991662
0.544193512760
-0.741028279532
-0.327003606309
0.597174432129
-0.732428384945
-0.254495746489
0.644584661815
-0.720931708813
-0.318338136795
0.664784583263
-0.675812317524
-0.381492698328
0.679413327016
-0.626786129549
-0.443366026488
0.688188253902
-0.574302615132
-0.517503323303
0.503134925384
-0.692131170537
-0.455719150071
0.560288132634
-0.691662681289
-0.389802220299
0.614775405731
-0.685642348137
-0.451672506998
0.626997996587
-0.634716833476
-0.512502995655
0.634386484977
-0.578700671438
-0.517432945208
0.571297274437
-0.637089139316
0.871055019922
0.188779795266
-0.453459304865
0.882460628967
0.110191595271
-0.457297551551
0.884050646060
0.023617840926
-0.466794015376
0.852239465502
0.374582200325
-0.365206884710
0.878088885682
0.298228741913
-0.374191830936
0.897717496967
0.220390754973
-0.381485531524
0.910760679657
0.138971782289
-0.388846792604
0.915671704311
0.051858404281
-0.398567479643
0.997661925636
0.014721320514
-0.066738031571
0.833596915031
0.477608819020
-0.277499548189
0.867766455183
0.403757124256
-0.289761218716
0.896019716570
0.327337639627
-0.299997895327
0.918235262669
0.248178608866
-0.308628223747
0.933548052974
0.165720895668
-0.317843699840
0.940946845003
0.079292177274
-0.329137942969
0.961943623861
0.017459431712
-0.272689627153
0.978886119331
0.045620553269
-0.199250421582
0.989535336900
0.074355511902
-0.123657085828
0.993463113923
0.103916086416
-0.047249214359
0.877322206105
0.430330297914
-0.212418411097
0.907816036713
0.354458351735
-0.224118987086
0.932330244114
0.275126875435
-0.234660431951
0.950388128242
0.192297076772
-0.244508159295
0.960589310790
0.106379202805
-0.256810516155
0.974100078448
0.133986162117
-0.182144847660
0.980937719549
0.162614978539
-0.106384017227
0.980914937215
0.192065791196
-0.030275696527
0.913027611914
0.380981814538
-0.145716975243
0.939938923726
0.302275993646
-0.158568733772
0.960640435546
0.219844055439
-0.169819153462
0.964184931970
0.248050023919
-0.093907415014
0.960951918393
0.276258732795
-0.015890975162
0.940629347036
0.329834779885
-0.080158901394
0.110284910806
-0.658961580325
-0.744047628922
0.045100317770
-0.627708728422
-0.777140729598
-0.020682431153
-0.582773633390
-0.812371300125
0.222290330091
-0.763912177193
-0.605826043254
0.157023647640
-0.743871567130
-0.649614243762
0.091632669228
-0.718578576332
-0.689382537904
0.025413402090
-0.686146491672
-0.727019360788
-0.041720047715
-0.643559047582
-0.764258588368
-0.263015675402
-0.793862926811
-0.548274026312
0.267547812142
-0.827446403907
-0.493711066192
0.203372402682
-0.814375230625
-0.543537164848
0.137935341305
-0.795859549881
-0.589560360338
0.071344523088
-0.771585870685
-0.632111701509
0.004510657404
-0.739897582950
-0.672704408128
-0.062050875490
-0.699178859177
-0.712248981559
-0.146787136860
-0.702692726210
-0.696187093376
-0.165959432752
-0.753174016326
-0.636542510609
-0.183799819968
-0.799516519042
-0.571831235557
-0.199302498408
-0.841085775449
-0.502845137658
0.183246258526
-0.859292824291
-0.477531832298
0.118291740784
-0.842411201562
-0.525690433187
0.051806644011
-0.819320388195
-0.570990519294
-0.015860400155
-0.789471508901
-0.613582255563
-0.082370580655
-0.750963864620
-0.655185745783
-0.101543972469
-0.798770745380
-0.593004315314
-0.118376135973
-0.842028305555
-0.526284545732
-0.132597048256
-0.880254045098
-0.455599428097
0.098938201715
-0.884116739922
-0.456671460057
0.033373681631
-0.862564126280
-0.504845843233
-0.034087066374
-0.834619461170
-0.549771249651
-0.050319137386
-0.875048020507
-0.481413487784
-0.065506976303
-0.910645217772
-0.407963384882
0.016250939317
-0.901132054321
-0.433240034676
0.750435047980
0.127007391000
-0.648626519189
0.800142562981
0.105319899369
-0.590490980205
0.847650359711
0.071679345935
-0.525690915889
0.615040244544
0.246413422249
-0.749003286326
0.676906095047
0.228474641920
-0.699712424134
0.733958846056
0.208334959063
-0.646452594649
0.787495243629
0.183741318869
-0.588294457735
0.838028892531
0.151413115943
-0.524196188086
0.820387978150
0.449387899325
-0.353573303923
0.521341737531
0.339885848839
-0.782739038548
0.589700388157
0.324229290334
-0.739681566281
0.653930806120
0.306459356232
-0.691705980736
0.714149993982
0.286123561159
-0.638845125085
0.770614896893
0.260843644845
-0.581475084273
0.823305117645
0.228697863444
-0.519486256329
0.853764752458
0.265756530485
-0.447726717948
0.830696995867
0.342343608722
-0.439025460110
0.801585289131
0.417704101344
-0.427766651305
0.766371309449
0.490617976266
-0.414691472566
0.560244324271
0.399790373807
-0.725461200984
0.626466001371
0.382125603526
-0.679352907005
0.689221635521
0.361339724820
-0.628018423613
0.748288785099
0.336805872680
-0.571511765603
0.803302289467
0.305403565006
-0.511306262643
0.777356289993
0.381095763134
-0.500482984456
0.745162265522
0.454653173816
-0.487876715555
0.706899663389
0.525315509118
-0.473641723015
0.593192968822
0.456356151857
-0.663220298545
0.658288999658
0.435093080493
-0.614287883843
0.719729414511
0.410869185895
-0.559621373760
0.685035970862
0.482771444187
-0.545579922012
0.644207647742
0.552988533511
-0.528393970818
0.620838199999
0.507389312361
-0.597591846601
-0.939214843246
0.010335061136
-0.343174394059
-0.910334158252
0.037217748217
-0.412197233781
-0.871268200638
0.057082717501
-0.487476446529
-0.989622444869
0.014908890867
-0.142916554619
-0.975134836960
0.044159142995
-0.217168183296
-0.954349601029
0.072125981683
-0.289852862296
-0.926467025918
0.097852033937
-0.363433390514
-0.889887296811
0.119362859495
-0.440287527358
-0.835109298664
0.440289622888
-0.329753706973
-0.998950556550
0.044707365358
-0.009951736047
-0.993457512414
0.074693664344
-0.086388816035
-0.981268445747
0.104153569145
-0.162062554022
-0.962328602848
0.132740745599
-0.237283700659
-0.936335792561
0.158422498676
-0.313333042436
-0.902597294919
0.179692602847
-0.391188818459
-0.871224184171
0.254966008263
-0.419476764013
-0.876317549136
0.314148556216
-0.365209854334
-0.875940801034
0.371749867737
-0.307456905796
-0.870287395864
0.426394302883
-0.246551712767
-0.990574622185
0.133831623307
-0.029172152571
-0.980924353106
0.163058294557
-0.105827246302
-0.964348510956
0.191301964582
-0.182853787940
-0.940585861871
0.217959743297
-0.260368559449
-0.909681492272
0.239657601977
-0.339181096809
-0.911342452109
0.298287760924
-0.283688820129
-0.907777244061
0.354151590000
-0.224760153199
-0.898965454585
0.406612322083
-0.162872744783
-0.974174783360
0.220896441377
-0.046778773527
-0.960564993304
0.248276242437
-0.125195052141
-0.939573469950
0.274998087409
-0.203906219836
-0.933085994781
0.329468098494
-0.144226552400
-0.920466380537
0.382251246955
-0.081397951466
-0.950672979883
0.303540207720
-0.063907962076
0.010335061136
-0.343174394059
-0.939214843246
0.037217748217
-0.412197233781
-0.910334158252
0.057082717501
-0.487476446529
-0.871268200638
0.014908890867
-0.142916554619
-0.989622444869
0.044159142995
-0.217168183296
-0.975134836960
0.072125981683
-0.289852862296
-0.954349601029
0.097852033937
-0.363433390514
-0.926467025918
0.119362859495
-0.440287527358
-0.889887296811
0.440289622888
-0.329753706972
-0.835109298664
0.044707365358
-0.009951736047
-0.998950556550
0.074693664344
-0.086388816035
-0.993457512414
0.104153569145
-0.162062554022
-0.981268445747
0.132740745599
-0.237283700659
-0.962328602848
0.158422498676
-0.313333042436
-0.936335792561
0.179692602847
-0.391188818459
-0.902597294919
0.254966008263
-0.419476764013
-0.871224184171
0.314148556216
-0.365209854334
-0.876317549136
0.371749867737
-0.307456905796
-0.875940801034
0.426394302883
-0.246551712767
-0.870287395864
0.133831623307
-0.029172152571
-0.990574622185
0.163058294557
-0.105827246302
-0.980924353106
0.191301964582
-0.182853787940
-0.964348510956
0.217959743297
-0.260368559449
-0.940585861871
0.239657601977
-0.339181096809
-0.909681492272
0.298287760924
-0.283688820129
-0.911342452109
0.354151590000
-0.224760153199
-0.907777244061
0.406612322083
-0.162872744783
-0.898965454585
0.220896441377
-0.046778773527
-0.974174783360
0.248276242437
-0.125195052141
-0.960564993304
0.274998087409
-0.203906219836
-0.939573469950
0.329468098494
-0.144226552400
-0.933085994781
0.382251246955
-0.081397951466
-0.920466380537
0.303540207720
-0.063907962076
-0.950672979883
0.470181785058
-0.860719958786
-0.195167214324
0.517517133150
-0.845242880750
-0.133193428654
0.559155792464
-0.826967928559
-0.058896900512
0.389329976868
-0.837330574635
-0.383796401615
0.445642825216
-0.833929742686
-0.325520593199
0.498187821358
-0.825591515284
-0.264967063125
0.547174709383
-0.812908645719
-0.199447665131
0.591700643301
-0.796308844816
-0.125628708443
0.779141606297
-0.557372302748
-0.286835272352
0.349837584887
-0.788889549673
-0.505239490359
0.410618106369
-0.793072790839
-0.449920347565
0.468521910254
-0.791866147425
-0.391708085408
0.523407261819
-0.785494517069
-0.330216901338
0.574176687282
-0.775125554297
-0.263631384433
0.619886681903
-0.761254242156
-0.190348313360
0.685233294498
-0.706977615599
-0.175037090794
0.707553463057
-0.664737563115
-0.239775038528
0.725161007140
-0.617785469163
-0.304109565477
0.737169689033
-0.567068811040
-0.367442258207
0.428962526377
-0.743490582798
-0.513042789887
0.487952849828
-0.744757742155
-0.455233919919
0.544193512760
-0.741028279532
-0.393357991662
0.597174432129
-0.732428384945
-0.327003606309
0.644584661815
-0.720931708813
-0.254495746489
0.664784583263
-0.675812317524
-0.318338136795
0.679413327016
-0.626786129549
-0.381492698328
0.688188253902
-0.574302615132
-0.443366026488
0.503134925384
-0.692131170537
-0.517503323303
0.560288132634
-0.691662681289
-0.455719150071
0.614775405731
-0.685642348137
-0.389802220299
0.626997996587
-0.634716833476
-0.451672506998
0.634386484977
-0.578700671438
-0.512502995655
0.571297274437
-0.637089139316
-0.517432945208
-0.470181785058
-0.860719958786
0.195167214324
-0.517517133150
-0.845242880750
0.133193428654
-0.559155792464
-0.826967928559
0.058896900512
-0.389329976868
-0.837330574635
0.383796401615
-0.445642825216
-0.833929742686
0.325520593199
-0.498187821358
-0.825591515284
0.264967063125
-0.547174709383
-0.812908645719
0.199447665131
-0.591700643301
-0.796308844816
0.125628708443
-0.779141606297
-0.557372302748
0.286835272352
-0.349837584887
-0.788889549673
0.505239490359
-0.410618106369
-0.793072790839
0.449920347565
-0.468521910254
-0.791866147425
0.391708085408
-0.523407261819
-0.785494517069
0.330216901338
-0.574176687282
-0.775125554297
0.263631384433
-0.619886681903
-0.761254242156
0.190348313360
-0.685233294498
-0.706977615599
0.175037090794
-0.707553463057
-0.664737563115
0.239775038528
-0.725161007140
-0.617785469163
0.304109565477
-0.737169689033
-0.567068811040
0.367442258207
-0.428962526377
-0.743490582798
0.513042789887
-0.487952849828
-0.744757742155
0.455233919919
-0.544193512760
-0.741028279532
0.393357991662
-0.597174432129
-0.732428384945
0.327003606309
-0.644584661815
-0.720931708813
0.254495746489
-0.664784583263
-0.675812317524
0.318338136795
-0.679413327016
-0.626786129549
0.381492698328
-0.688188253902
-0.574302615132
0.443366026488
-0.503134925384
-0.692131170537
0.517503323303
-0.560288132634
-0.691662681289
0.455719150071
-0.614775405731
-0.685642348137
0.389802220299
-0.626997996587
-0.634716833476
0.451672506998
-0.634386484977
-0.578700671438
0.512502995655
-0.571297274437
-0.637089139316
0.517432945208
-0.343174394059
-0.939214843246
0.010335061136
-0.412197233781
-0.910334158252
0.037217748217
-0.487476446529
-0.871268200638
0.057082717501
-0.142916554619
-0.989622444869
0.014908890867
-0.217168183296
-0.975134836960
0.044159142995
-0.289852862296
-0.954349601029
0.072125981683
-0.363433390514
-0.926467025918
0.097852033937
-0.440287527358
-0.889887296811
0.119362859495
-0.329753706972
-0.835109298664
0.440289622888
-0.009951736047
-0.998950556550
0.044707365358
-0.086388816035
-0.993457512414
0.074693664344
-0.162062554022
-0.981268445747
0.104153569145
-0.237283700659
-0.962328602848
0.132740745599
-0.313333042436
-0.936335792561
0.158422498676
-0.391188818459
-0.902597294919
0.179692602847
-0.419476764013
-0.871224184171
0.254966008263
-0.365209854334
-0.876317549136
0.314148556216
-0.307456905796
-0.875940801034
0.371749867737
-0.246551712767
-0.870287395864
0.426394302883
-0.029172152571
-0.990574622185
0.133831623307
-0.105827246302
-0.980924353106
0.163058294557
-0.182853787940
-0.964348510956
0.191301964582
-0.260368559449
-0.940585861871
0.217959743297
-0.339181096809
-0.909681492272
0.239657601977
-0.283688820129
-0.911342452109
0.298287760924
-0.224760153199
-0.907777244061
0.354151590000
-0.162872744783
-0.898965454585
0.406612322083
-0.046778773527
-0.974174783360
0.220896441377
-0.125195052141
-0.960564993304
0.248276242437
-0.203906219836
-0.939573469950
0.274998087409
-0.144226552400
-0.933085994781
0.329468098494
-0.081397951466
-0.920466380537
0.382251246955
-0.063907962076
-0.950672979883
0.303540207720
0.343174394059
0.939214843246
0.010335061136
0.412197233781
0.910334158252
0.037217748217
0.487476446529
0.871268200638
0.057082717501
0.142916554619
0.989622444869
0.014908890867
0.217168183296
0.975134836960
0.044159142995
0.289852862296
0.954349601029
0.072125981683
0.363433390514
0.926467025918
0.097852033937
0.440287527358
0.889887296811
0.119362859495
0.329753706972
0.835109298664
0.440289622888
0.009951736047
0.998950556550
0.044707365358
0.086388816035
0.993457512414
0.074693664344
0.162062554022
0.981268445747
0.104153569145
0.237283700659
0.962328602848
0.132740745599
0.313333042436
0.936335792561
0.158422498676
0.391188818459
0.902597294919
0.179692602847
0.419476764013
0.871224184171
0.254966008263
0.365209854334
0.876317549136
0.314148556216
0.307456905796
0.875940801034
0.371749867737
0.246551712767
0.870287395864
0.426394302883
0.029172152571
0.990574622185
0.133831623307
0.105827246302
0.980924353106
0.163058294557
0.182853787940
0.964348510956
0.191301964582
0.260368559449
0.940585861871
0.217959743297
0.339181096809
0.909681492272
0.239657601977
0.283688820129
0.911342452109
0.298287760924
0.224760153199
0.907777244061
0.354151590000
0.162872744783
0.898965454585
0.406612322083
0.046778773527
0.974174783360
0.220896441377
0.125195052141
0.960564993304
0.248276242437
0.203906219836
0.939573469950
0.274998087409
0.144226552400
0.933085994781
0.329468098494
0.081397951466
0.920466380537
0.382251246955
0.063907962076
0.950672979883
0.303540207720
-0.188779795266
-0.453459304865
-0.871055019922
-0.110191595271
-0.457297551551
-0.882460628967
-0.023617840926
-0.466794015376
-0.884050646060
-0.374582200325
-0.365206884710
-0.852239465502
-0.298228741913
-0.374191830936
-0.878088885682
-0.220390754973
-0.381485531524
-0.897717496967
-0.138971782289
-0.388846792604
-0.910760679657
-0.051858404281
-0.398567479643
-0.915671704311
-0.014721320514
-0.066738031571
-0.997661925636
-0.477608819020
-0.277499548189
-0.833596915031
-0.403757124256
-0.289761218716
-0.867766455183
-0.327337639627
-0.299997895327
-0.896019716570
-0.248178608866
-0.308628223747
-0.918235262669
-0.165720895668
-0.317843699840
-0.933548052974
-0.079292177274
-0.329137942969
-0.940946845003
-0.017459431712
-0.272689627153
-0.961943623861
-0.045620553269
-0.199250421582
-0.978886119331
-0.074355511902
-0.123657085828
-0.989535336900
-0.103916086416
-0.047249214359
-0.993463113923
-0.430330297914
-0.212418411097
-0.877322206105
-0.354458351735
-0.224118987086
-0.907816036713
-0.275126875435
-0.234660431951
-0.932330244114
-0.192297076772
-0.244508159295
-0.950388128242
-0.106379202805
-0.256810516155
-0.960589310790
-0.133986162117
-0.182144847660
-0.974100078448
-0.162614978539
-0.106384017227
-0.980937719549
-0.192065791196
-0.030275696527
-0.980914937215
-0.380981814538
-0.145716975243
-0.913027611914
-0.302275993646
-0.158568733772
-0.939938923726
-0.219844055439
-0.169819153462
-0.960640435546
-0.248050023919
-0.093907415014
-0.964184931970
-0.276258732795
-0.015890975162
-0.960951918393
-0.329834779885
-0.080158901394
-0.940629347036
0.658961580325
-0.744047628922
-0.110284910806
0.627708728422
-0.777140729598
-0.045100317770
0.582773633390
-0.812371300125
0.020682431153
0.763912177193
-0.605826043254
-0.222290330091
0.743871567130
-0.649614243762
-0.157023647640
0.718578576332
-0.689382537904
-0.091632669228
0.686146491672
-0.727019360788
-0.025413402090
0.643559047582
-0.764258588368
0.041720047715
0.793862926811
-0.548274026312
0.263015675402
0.827446403907
-0.493711066192
-0.267547812142
0.814375230625
-0.543537164848
-0.203372402682
0.795859549881
-0.589560360338
-0.137935341305
0.771585870685
-0.632111701509
-0.071344523088
0.739897582950
-0.672704408128
-0.004510657404
0.699178859177
-0.712248981559
0.062050875490
0.702692726210
-0.696187093376
0.146787136860
0.753174016326
-0.636542510609
0.165959432752
0.799516519042
-0.571831235557
0.183799819968
0.841085775449
-0.502845137658
0.199302498408
0.859292824291
-0.477531832298
-0.183246258526
0.842411201562
-0.525690433187
-0.118291740784
0.819320388195
-0.570990519294
-0.051806644011
0.789471508901
-0.613582255563
0.015860400155
0.750963864620
-0.655185745783
0.082370580655
0.798770745380
-0.593004315314
0.101543972469
0.842028305555
-0.526284545732
0.118376135973
0.880254045098
-0.455599428097
0.132597048256
0.884116739922
-0.456671460057
-0.098938201715
0.862564126280
-0.504845843233
-0.033373681631
0.834619461170
-0.549771249651
0.034087066374
0.875048020507
-0.481413487784
0.050319137386
0.910645217772
-0.407963384882
0.065506976303
0.901132054321
-0.433240034676
-0.016250939317
