0.441183437593
0.859306176659
0.258747114283
0.509085003752
0.842154925223
0.177785097453
0.568758884910
0.818479323760
0.081270704521
0.393747819122
0.813583093230
0.427837825990
0.473059952725
0.808206452988
0.350737238508
0.544863501564
0.794834310655
0.267137012168
0.608325808775
0.774909798056
0.171623178084
0.723570174072
0.646643863060
0.241449617024
0.742163884919
0.583151886705
0.330343222957
0.416403152514
0.750459737610
0.513243214083
0.497895060573
0.749303378165
0.436629083008
0.574015563820
0.738752359990
0.353201193517
0.640772523824
0.722692034207
0.259088394965
0.664619630668
0.662153357640
0.346170012417
0.677380708512
0.594995264430
0.432592199470
0.515486626886
0.680428786203
0.520855262437
0.592993346043
0.675529339816
0.438199729114
0.602738530841
0.603519502096
0.521987043929
0.525731112119
0.850650808352
0.000000000000
0.000000000000
0.525731112119
-0.850650808352
-0.525731112119
0.850650808352
0.000000000000
0.000000000000
0.525731112119
0.850650808352
0.850650808352
-0.000000000000
0.525731112119
-0.850650808352
-0.000000000000
0.525731112119
-0.000000000000
-0.525731112119
0.850650808352
-0.850650808352
-0.000000000000
-0.525731112119
-0.525731112119
-0.850650808352
0.000000000000
0.850650808352
-0.000000000000
-0.525731112119
0.525731112119
-0.850650808352
0.000000000000
0.000000000000
-0.525731112119
-0.850650808352
1.000000000000
0.000000000000
0.000000000000
-0.500000000000
-0.309016994375
-0.809016994375
-1.000000000000
0.000000000000
0.000000000000
0.500000000000
-0.309016994375
0.809016994375
0.500000000000
0.309016994375
-0.809016994375
-0.500000000000
0.309016994375
-0.809016994375
-0.500000000000
-0.309016994375
0.809016994375
0.809016994375
-0.500000000000
-0.309016994375
-0.309016994375
-0.809016994375
0.500000000000
-0.309016994375
0.809016994375
-0.500000000000
-0.809016994375
0.500000000000
0.309016994375
0.000000000000
-1.000000000000
0.000000000000
0.809016994375
0.500000000000
-0.309016994375
-0.000000000000
1.000000000000
0.000000000000
-0.809016994375
-0.500000000000
0.309016994375
0.809016994375
0.500000000000
0.309016994375
0.309016994375
0.809016994375
-0.500000000000
-0.309016994375
-0.809016994375
-0.500000000000
0.000000000000
-0.000000000000
1.000000000000
0.309016994375
0.809016994375
0.500000000000
0.000000000000
0.000000000000
-1.000000000000
0.309016994375
-0.809016994375
0.500000000000
-0.309016994375
0.809016994375
0.500000000000
0.309016994375
-0.809016994375
-0.500000000000
-0.809016994375
0.500000000000
-0.309016994375
-0.809016994375
-0.500000000000
-0.309016994375
0.809016994375
-0.500000000000
0.309016994375
0.500000000000
0.309016994375
0.809016994375
0.500000000000
-0.309016994375
-0.809016994375
-0.500000000000
0.309016994375
0.809016994375
0.254279305862
0.429486563294
-0.866535242538
0.149528847101
0.435109179935
-0.887874498688
0.034293959233
0.445772169067
-0.894489294316
0.400665164645
0.322608868157
-0.857549382850
0.296971939088
0.332300571427
-0.895200534866
0.189303941593
0.341093877350
-0.920770864293
0.074143460018
0.353120593665
-0.932635295100
0.033375699415
0.178825585601
-0.983314533922
0.076375182183
0.077266922116
-0.994080808734
0.438925718699
0.221837423641
-0.870707971100
0.335840295901
0.234026590242
-0.912383061389
0.227025019951
0.243682052852
-0.942909697391
0.112544772929
0.257116340501
-0.959804595495
0.152364248047
0.157229552333
-0.975737671606
0.195147735031
0.055743030169
-0.979188478333
0.373901503877
0.130756692201
-0.918204962328
0.266764400965
0.144169830075
-0.952917527635
0.307424906546
0.041007562473
-0.950688333080
-0.441183437593
0.859306176659
-0.258747114283
-0.509085003752
0.842154925223
-0.177785097453
-0.568758884910
0.818479323760
-0.081270704521
-0.393747819122
0.813583093230
-0.427837825990
-0.473059952725
0.808206452988
-0.350737238508
-0.544863501564
0.794834310655
-0.267137012168
-0.608325808775
0.774909798056
-0.171623178084
-0.723570174072
0.646643863060
-0.241449617024
-0.742163884919
0.583151886705
-0.330343222957
-0.416403152514
0.750459737610
-0.513243214083
-0.497895060573
0.749303378165
-0.436629083008
-0.574015563820
0.738752359990
-0.353201193517
-0.640772523824
0.722692034207
-0.259088394965
-0.664619630668
0.662153357640
-0.346170012417
-0.677380708512
0.594995264430
-0.432592199470
-0.515486626886
0.680428786203
-0.520855262437
-0.592993346043
0.675529339816
-0.438199729114
-0.602738530841
0.603519502096
-0.521987043929
-0.254279305862
0.429486563294
0.866535242538
-0.149528847101
0.435109179935
0.887874498688
-0.034293959233
0.445772169067
0.894489294316
-0.400665164645
0.322608868157
0.857549382850
-0.296971939088
0.332300571427
0.895200534866
-0.189303941593
0.341093877350
0.920770864293
-0.074143460018
0.353120593665
0.932635295100
-0.033375699415
0.178825585601
0.983314533922
-0.076375182183
0.077266922116
0.994080808734
-0.438925718699
0.221837423641
0.870707971100
-0.335840295901
0.234026590242
0.912383061389
-0.227025019951
0.243682052852
0.942909697391
-0.112544772929
0.257116340501
0.959804595495
-0.152364248047
0.157229552333
0.975737671606
-0.195147735031
0.055743030169
0.979188478333
-0.373901503877
0.130756692201
0.918204962328
-0.266764400965
0.144169830075
0.952917527635
-0.307424906546
0.041007562473
0.950688333080
0.695462743456
0.702152923000
0.152685445238
0.658613850853
0.749741015417
0.064157659454
0.603052844144
0.797284491345
-0.025781912873
0.794412983767
0.565958403371
0.220452028514
0.770031891813
0.624667700927
0.129773452641
0.734167443157
0.677838040546
0.039163199534
0.682469268793
0.729086619721
-0.051656539731
0.756945873487
0.626016546423
-0.187446600972
0.818539067102
0.535949428219
-0.206765582288
0.855328871214
0.479188724917
0.196953517309
0.833735356473
0.541742660506
0.106771930551
0.801040583770
0.598443181364
0.014133005060
0.753317296753
0.653135539281
-0.076987127109
0.816983878715
0.567987073677
-0.099639480406
0.872528443543
0.474387331353
-0.116836531363
0.889388130762
0.449344948363
0.084130079280
0.859757747008
0.510659873032
-0.006565861365
0.910163437387
0.413520460862
-0.024563096149
-0.276801118055
0.960900037283
-0.007229065879
-0.370951520480
0.927526112870
-0.045719573465
-0.471554081940
0.878555195865
-0.076009970556
-0.102156839643
0.993796229361
-0.043966289620
-0.202527118786
0.975404939435
-0.086994081878
-0.301930677816
0.944975052714
-0.125936553639
-0.404777133396
0.900709797805
-0.157725497044
-0.366272186572
0.867466163446
-0.336670670863
-0.284032504404
0.866292651176
-0.410928922029
-0.024883906332
0.992431939001
-0.120248233490
-0.127254659690
0.978371743514
-0.163079683224
-0.229549047792
0.951644374881
-0.204157337401
-0.334103467610
0.912223934246
-0.237112561288
-0.256869032739
0.914157086093
-0.313584313966
-0.172579561532
0.906979530823
-0.384193213903
-0.046626612921
0.970200210799
-0.237776176125
-0.150735691440
0.948859602146
-0.277388187819
-0.065570658622
0.935507504791
-0.347168830984
-0.164382319538
0.688233677576
0.706620731420
-0.138133483272
0.612894277388
0.777997265769
-0.097204802971
0.527042873587
0.844261236632
-0.291590979479
0.750446694147
0.593131064715
-0.270532833939
0.683037809935
0.678433000347
-0.242932823748
0.608230889518
0.755671111120
-0.203548675379
0.524743771749
0.826566337787
-0.357297987500
0.420275202624
0.834090464031
-0.458131380515
0.407610145074
0.789917468993
-0.391519246182
0.735080637724
0.553506220301
-0.370640400882
0.670655673249
0.642531447613
-0.344466516027
0.596883246369
0.724619354930
-0.306669056214
0.516204735465
0.799679161316
-0.407750597929
0.503399564750
0.761792838046
-0.504801146980
0.488335229639
0.711831795792
-0.468860013965
0.651611954638
0.596298706923
-0.442257654603
0.582369559189
0.682095201181
-0.537167872218
0.562994606402
0.628082598245
0.706620731420
-0.164382319538
0.688233677576
0.777997265769
-0.138133483272
0.612894277388
0.844261236632
-0.097204802971
0.527042873587
0.593131064715
-0.291590979479
0.750446694147
0.678433000347
-0.270532833939
0.683037809935
0.755671111120
-0.242932823748
0.608230889518
0.826566337787
-0.203548675379
0.524743771749
0.834090464031
-0.357297987500
0.420275202624
0.789917468993
-0.458131380515
0.407610145074
0.553506220301
-0.391519246182
0.735080637724
0.642531447613
-0.370640400882
0.670655673249
0.724619354930
-0.344466516027
0.596883246369
0.799679161316
-0.306669056214
0.516204735465
0.761792838046
-0.407750597929
0.503399564750
0.711831795792
-0.504801146980
0.488335229639
0.596298706923
-0.468860013965
0.651611954638
0.682095201181
-0.442257654603
0.582369559189
0.628082598245
-0.537167872218
0.562994606402
-0.960900037283
-0.007229065879
0.276801118055
-0.927526112870
-0.045719573465
0.370951520480
-0.878555195865
-0.076009970556
0.471554081940
-0.993796229361
-0.043966289620
0.102156839643
-0.975404939435
-0.086994081878
0.202527118786
-0.944975052714
-0.125936553639
0.301930677816
-0.900709797805
-0.157725497044
0.404777133396
-0.867466163446
-0.336670670863
0.366272186572
-0.866292651176
-0.410928922029
0.284032504404
-0.992431939001
-0.120248233490
0.024883906332
-0.978371743514
-0.163079683224
0.127254659690
-0.951644374881
-0.204157337401
0.229549047792
-0.912223934246
-0.237112561288
0.334103467610
-0.914157086093
-0.313584313966
0.256869032739
-0.906979530823
-0.384193213903
0.172579561532
-0.970200210799
-0.237776176125
0.046626612921
-0.948859602146
-0.277388187819
0.150735691440
-0.935507504791
-0.347168830984
0.065570658622
0.688233677576
0.706620731420
-0.164382319538
0.612894277388
0.777997265769
-0.138133483272
0.527042873587
0.844261236632
-0.097204802971
0.750446694147
0.593131064715
-0.291590979479
0.683037809935
0.678433000347
-0.270532833939
0.608230889518
0.755671111120
-0.242932823748
0.524743771749
0.826566337787
-0.203548675379
0.420275202624
0.834090464031
-0.357297987500
0.407610145074
0.789917468993
-0.458131380515
0.735080637724
0.553506220301
-0.391519246182
0.670655673249
0.642531447613
-0.370640400882
0.596883246369
0.724619354930
-0.344466516027
0.516204735465
0.799679161316
-0.306669056214
0.503399564750
0.761792838046
-0.407750597929
0.488335229639
0.711831795792
-0.504801146980
0.651611954638
0.596298706923
-0.468860013965
0.582369559189
0.682095201181
-0.442257654603
0.562994606402
0.628082598245
-0.537167872218
0.152685445238
0.695462743456
0.702152923000
0.064157659454
0.658613850853
0.749741015417
-0.025781912873
0.603052844144
0.797284491345
0.220452028514
0.794412983767
0.565958403371
0.129773452641
0.770031891813
0.624667700927
0.039163199534
0.734167443157
0.677838040546
-0.051656539731
0.682469268793
0.729086619721
-0.187446600972
0.756945873487
0.626016546423
-0.206765582288
0.818539067102
0.535949428219
0.196953517309
0.855328871214
0.479188724917
0.106771930551
0.833735356473
0.541742660506
0.014133005060
0.801040583770
0.598443181364
-0.076987127109
0.753317296753
0.653135539281
-0.099639480406
0.816983878715
0.567987073677
-0.116836531363
0.872528443543
0.474387331353
0.084130079280
0.889388130762
0.449344948363
-0.006565861365
0.859757747008
0.510659873032
-0.024563096149
0.910163437387
0.413520460862
-0.258747114283
-0.441183437593
0.859306176659
-0.177785097453
-0.509085003752
0.842154925223
-0.081270704521
-0.568758884910
0.818479323760
-0.427837825990
-0.393747819122
0.813583093230
-0.350737238508
-0.473059952725
0.808206452988
-0.267137012168
-0.544863501564
0.794834310655
-0.171623178084
-0.608325808775
0.774909798056
-0.241449617024
-0.723570174072
0.646643863060
-0.330343222957
-0.742163884919
0.583151886705
-0.513243214083
-0.416403152514
0.750459737610
-0.436629083008
-0.497895060573
0.749303378165
-0.353201193517
-0.574015563820
0.738752359990
-0.259088394965
-0.640772523824
0.722692034207
-0.346170012417
-0.664619630668
0.662153357640
-0.432592199470
-0.677380708512
0.594995264430
-0.520855262437
-0.515486626886
0.680428786203
-0.438199729114
-0.592993346043
0.675529339816
-0.521987043929
-0.602738530841
0.603519502096
0.866535242538
-0.254279305862
0.429486563294
0.887874498688
-0.149528847101
0.435109179935
0.894489294316
-0.034293959233
0.445772169067
0.857549382850
-0.400665164645
0.322608868157
0.895200534866
-0.296971939088
0.332300571427
0.920770864293
-0.189303941593
0.341093877350
0.932635295100
-0.074143460018
0.353120593665
0.983314533922
-0.033375699415
0.178825585601
0.994080808734
-0.076375182183
0.077266922116
0.870707971100
-0.438925718699
0.221837423641
0.912383061389
-0.335840295901
0.234026590242
0.942909697391
-0.227025019951
0.243682052852
0.959804595495
-0.112544772929
0.257116340501
0.975737671606
-0.152364248047
0.157229552333
0.979188478333
-0.195147735031
0.055743030169
0.918204962328
-0.373901503877
0.130756692201
0.952917527635
-0.266764400965
0.144169830075
0.950688333080
-0.307424906546
0.041007562473
0.258747114283
0.441183437593
0.859306176659
0.177785097453
0.509085003752
0.842154925223
0.081270704521
0.568758884910
0.818479323760
0.427837825990
0.393747819122
0.813583093230
0.350737238508
0.473059952725
0.808206452988
0.267137012168
0.544863501564
0.794834310655
0.171623178084
0.608325808775
0.774909798056
0.241449617024
0.723570174072
0.646643863060
0.330343222957
0.742163884919
0.583151886705
0.513243214083
0.416403152514
0.750459737610
0.436629083008
0.497895060573
0.749303378165
0.353201193517
0.574015563820
0.738752359990
0.259088394965
0.640772523824
0.722692034207
0.346170012417
0.664619630668
0.662153357640
0.432592199470
0.677380708512
0.594995264430
0.520855262437
0.515486626886
0.680428786203
0.438199729114
0.592993346043
0.675529339816
0.521987043929
0.602738530841
0.603519502096
-0.007229065879
-0.276801118055
0.960900037283
-0.045719573465
-0.370951520480
0.927526112870
-0.076009970556
-0.471554081940
0.878555195865
-0.043966289620
-0.102156839643
0.993796229361
-0.086994081878
-0.202527118786
0.975404939435
-0.125936553639
-0.301930677816
0.944975052714
-0.157725497044
-0.404777133396
0.900709797805
-0.336670670863
-0.366272186572
0.867466163446
-0.410928922029
-0.284032504404
0.866292651176
-0.120248233490
-0.024883906332
0.992431939001
-0.163079683224
-0.127254659690
0.978371743514
-0.204157337401
-0.229549047792
0.951644374881
-0.237112561288
-0.334103467610
0.912223934246
-0.313584313966
-0.256869032739
0.914157086093
-0.384193213903
-0.172579561532
0.906979530823
-0.237776176125
-0.046626612921
0.970200210799
-0.277388187819
-0.150735691440
0.948859602146
-0.347168830984
-0.065570658622
0.935507504791
0.007229065879
0.276801118055
0.960900037283
0.045719573465
0.370951520480
0.927526112870
0.076009970556
0.471554081940
0.878555195865
0.043966289620
0.102156839643
0.993796229361
0.086994081878
0.202527118786
0.975404939435
0.125936553639
0.301930677816
0.944975052714
0.157725497044
0.404777133396
0.900709797805
0.336670670863
0.366272186572
0.867466163446
0.410928922029
0.284032504404
0.866292651176
0.120248233490
0.024883906332
0.992431939001
0.163079683224
0.127254659690
0.978371743514
0.204157337401
0.229549047792
0.951644374881
0.237112561288
0.334103467610
0.912223934246
0.313584313966
0.256869032739
0.914157086093
0.384193213903
0.172579561532
0.906979530823
0.237776176125
0.046626612921
0.970200210799
0.277388187819
0.150735691440
0.948859602146
0.347168830984
0.065570658622
0.935507504791
-0.429486563294
0.866535242538
0.254279305862
-0.435109179935
0.887874498688
0.149528847101
-0.445772169067
0.894489294316
0.034293959233
-0.322608868157
0.857549382850
0.400665164645
-0.332300571427
0.895200534866
0.296971939088
-0.341093877350
0.920770864293
0.189303941593
-0.353120593665
0.932635295100
0.074143460018
-0.178825585601
0.983314533922
0.033375699415
-0.077266922116
0.994080808734
0.076375182183
-0.221837423641
0.870707971100
0.438925718699
-0.234026590242
0.912383061389
0.335840295901
-0.243682052852
0.942909697391
0.227025019951
-0.257116340501
0.959804595495
0.112544772929
-0.157229552333
0.975737671606
0.152364248047
-0.055743030169
0.979188478333
0.195147735031
-0.130756692201
0.918204962328
0.373901503877
-0.144169830075
0.952917527635
0.266764400965
-0.041007562473
0.950688333080
0.307424906546
-0.702152923000
0.152685445238
-0.695462743456
-0.749741015417
0.064157659454
-0.658613850853
-0.797284491345
-0.025781912873
-0.603052844144
-0.565958403371
0.220452028514
-0.794412983767
-0.624667700927
0.129773452641
-0.770031891813
-0.677838040546
0.039163199534
-0.734167443157
-0.729086619721
-0.051656539731
-0.682469268793
-0.626016546423
-0.187446600972
-0.756945873487
-0.535949428219
-0.206765582288
-0.818539067102
-0.479188724917
0.196953517309
-0.855328871214
-0.541742660506
0.106771930551
-0.833735356473
-0.598443181364
0.014133005060
-0.801040583770
-0.653135539281
-0.076987127109
-0.753317296753
-0.567987073677
-0.099639480406
-0.816983878715
-0.474387331353
-0.116836531363
-0.872528443543
-0.449344948363
0.084130079280
-0.889388130762
-0.510659873032
-0.006565861365
-0.859757747008
-0.413520460862
-0.024563096149
-0.910163437387
-0.859306176659
-0.258747114283
0.441183437593
-0.842154925223
-0.177785097453
0.509085003752
-0.818479323760
-0.081270704521
0.568758884910
-0.813583093230
-0.427837825990
0.393747819122
-0.808206452988
-0.350737238508
0.473059952725
-0.794834310655
-0.267137012168
0.544863501564
-0.774909798056
-0.171623178084
0.608325808775
-0.646643863060
-0.241449617024
0.723570174072
-0.583151886705
-0.330343222957
0.742163884919
-0.750459737610
-0.513243214083
0.416403152514
-0.749303378165
-0.436629083008
0.497895060573
-0.738752359990
-0.353201193517
0.574015563820
-0.722692034207
-0.259088394965
0.640772523824
-0.662153357640
-0.346170012417
0.664619630668
-0.594995264430
-0.432592199470
0.677380708512
-0.680428786203
-0.520855262437
0.515486626886
-0.675529339816
-0.438199729114
0.592993346043
-0.603519502096
-0.521987043929
0.602738530841
-0.688233677576
0.706620731420
0.164382319538
-0.612894277388
0.777997265769
0.138133483272
-0.527042873587
0.844261236632
0.097204802971
-0.750446694147
0.593131064715
0.291590979479
-0.683037809935
0.678433000347
0.270532833939
-0.608230889518
0.755671111120
0.242932823748
-0.524743771749
0.826566337787
0.203548675379
-0.420275202624
0.834090464031
0.357297987500
-0.407610145074
0.789917468993
0.458131380515
-0.735080637724
0.553506220301
0.391519246182
-0.670655673249
0.642531447613
0.370640400882
-0.596883246369
0.724619354930
0.344466516027
-0.516204735465
0.799679161316
0.306669056214
-0.503399564750
0.761792838046
0.407750597929
-0.488335229639
0.711831795792
0.504801146980
-0.651611954638
0.596298706923
0.468860013965
-0.582369559189
0.682095201181
0.442257654603
-0.562994606402
0.628082598245
0.537167872218
-0.859306176659
0.258747114283
-0.441183437593
-0.842154925223
0.177785097453
-0.509085003752
-0.818479323760
0.081270704521
-0.568758884910
-0.813583093230
0.427837825990
-0.393747819122
-0.808206452988
0.350737238508
-0.473059952725
-0.794834310655
0.267137012168
-0.544863501564
-0.774909798056
0.171623178084
-0.608325808775
-0.646643863060
0.241449617024
-0.723570174072
-0.583151886705
0.330343222957
-0.742163884919
-0.750459737610
0.513243214083
-0.416403152514
-0.749303378165
0.436629083008
-0.497895060573
-0.738752359990
0.353201193517
-0.574015563820
-0.722692034207
0.259088394965
-0.640772523824
-0.662153357640
0.346170012417
-0.664619630668
-0.594995264430
0.432592199470
-0.677380708512
-0.680428786203
0.520855262437
-0.515486626886
-0.675529339816
0.438199729114
-0.592993346043
-0.603519502096
0.521987043929
-0.602738530841
-0.429486563294
-0.866535242538
-0.254279305862
-0.435109179935
-0.887874498688
-0.149528847101
-0.445772169067
-0.894489294316
-0.034293959233
-0.322608868157
-0.857549382850
-0.400665164645
-0.332300571427
-0.895200534866
-0.296971939088
-0.341093877350
-0.920770864293
-0.189303941593
-0.353120593665
-0.932635295100
-0.074143460018
-0.178825585601
-0.983314533922
-0.033375699415
-0.077266922116
-0.994080808734
-0.076375182183
-0.221837423641
-0.870707971100
-0.438925718699
-0.234026590242
-0.912383061389
-0.335840295901
-0.243682052852
-0.942909697391
-0.227025019951
-0.257116340501
-0.959804595495
-0.112544772929
-0.157229552333
-0.975737671606
-0.152364248047
-0.055743030169
-0.979188478333
-0.195147735031
-0.130756692201
-0.918204962328
-0.373901503877
-0.144169830075
-0.952917527635
-0.266764400965
-0.041007562473
-0.950688333080
-0.307424906546
0.702152923000
0.152685445238
0.695462743456
0.749741015417
0.064157659454
0.658613850853
0.797284491345
-0.025781912873
0.603052844144
0.565958403371
0.220452028514
0.794412983767
0.624667700927
0.129773452641
0.770031891813
0.677838040546
0.039163199534
0.734167443157
0.729086619721
-0.051656539731
0.682469268793
0.626016546423
-0.187446600972
0.756945873487
0.535949428219
-0.206765582288
0.818539067102
0.479188724917
0.196953517309
0.855328871214
0.541742660506
0.106771930551
0.833735356473
0.598443181364
0.014133005060
0.801040583770
0.653135539281
-0.076987127109
0.753317296753
0.567987073677
-0.099639480406
0.816983878715
0.474387331353
-0.116836531363
0.872528443543
0.449344948363
0.084130079280
0.889388130762
0.510659873032
-0.006565861365
0.859757747008
0.413520460862
-0.024563096149
0.910163437387
0.859306176659
-0.258747114283
-0.441183437593
0.842154925223
-0.177785097453
-0.509085003752
0.818479323760
-0.081270704521
-0.568758884910
0.813583093230
-0.427837825990
-0.393747819122
0.808206452988
-0.350737238508
-0.473059952725
0.794834310655
-0.267137012168
-0.544863501564
0.774909798056
-0.171623178084
-0.608325808775
0.646643863060
-0.241449617024
-0.723570174072
0.583151886705
-0.330343222957
-0.742163884919
0.750459737610
-0.513243214083
-0.416403152514
0.749303378165
-0.436629083008
-0.497895060573
0.738752359990
-0.353201193517
-0.574015563820
0.722692034207
-0.259088394965
-0.640772523824
0.662153357640
-0.346170012417
-0.664619630668
0.594995264430
-0.432592199470
-0.677380708512
0.680428786203
-0.520855262437
-0.515486626886
0.675529339816
-0.438199729114
-0.592993346043
0.603519502096
-0.521987043929
-0.602738530841
0.429486563294
0.866535242538
-0.254279305862
0.435109179935
0.887874498688
-0.149528847101
0.445772169067
0.894489294316
-0.034293959233
0.322608868157
0.857549382850
-0.400665164645
0.332300571427
0.895200534866
-0.296971939088
0.341093877350
0.920770864293
-0.189303941593
0.353120593665
0.932635295100
-0.074143460018
0.178825585601
0.983314533922
-0.033375699415
0.077266922116
0.994080808734
-0.076375182183
0.221837423641
0.870707971100
-0.438925718699
0.234026590242
0.912383061389
-0.335840295901
0.243682052852
0.942909697391
-0.227025019951
0.257116340501
0.959804595495
-0.112544772929
0.157229552333
0.975737671606
-0.152364248047
0.055743030169
0.979188478333
-0.195147735031
0.130756692201
0.918204962328
-0.373901503877
0.144169830075
0.952917527635
-0.266764400965
0.041007562473
0.950688333080
-0.307424906546
0.859306176659
0.258747114283
0.441183437593
0.842154925223
0.177785097453
0.509085003752
0.818479323760
0.081270704521
0.568758884910
0.813583093230
0.427837825990
0.393747819122
0.808206452988
0.350737238508
0.473059952725
0.794834310655
0.267137012168
0.544863501564
0.774909798056
0.171623178084
0.608325808775
0.646643863060
0.241449617024
0.723570174072
0.583151886705
0.330343222957
0.742163884919
0.750459737610
0.513243214083
0.416403152514
0.749303378165
0.436629083008
0.497895060573
0.738752359990
0.353201193517
0.574015563820
0.722692034207
0.259088394965
0.640772523824
0.662153357640
0.346170012417
0.664619630668
0.594995264430
0.432592199470
0.677380708512
0.680428786203
0.520855262437
0.515486626886
0.675529339816
0.438199729114
0.592993346043
0.603519502096
0.521987043929
0.602738530841
0.960900037283
-0.007229065879
-0.276801118055
0.927526112870
-0.045719573465
-0.370951520480
0.878555195865
-0.076009970556
-0.471554081940
0.993796229361
-0.043966289620
-0.102156839643
0.975404939435
-0.086994081878
-0.202527118786
0.944975052714
-0.125936553639
-0.301930677816
0.900709797805
-0.157725497044
-0.404777133396
0.867466163446
-0.336670670863
-0.366272186572
0.866292651176
-0.410928922029
-0.284032504404
0.992431939001
-0.120248233490
-0.024883906332
0.978371743514
-0.163079683224
-0.127254659690
0.951644374881
-0.204157337401
-0.229549047792
0.912223934246
-0.237112561288
-0.334103467610
0.914157086093
-0.313584313966
-0.256869032739
0.906979530823
-0.384193213903
-0.172579561532
0.970200210799
-0.237776176125
-0.046626612921
0.948859602146
-0.277388187819
-0.150735691440
0.935507504791
-0.347168830984
-0.065570658622
-0.007229065879
0.276801118055
-0.960900037283
-0.045719573465
0.370951520480
-0.927526112870
-0.076009970556
0.471554081940
-0.878555195865
-0.043966289620
0.102156839643
-0.993796229361
-0.086994081878
0.202527118786
-0.975404939435
-0.125936553639
0.301930677816
-0.944975052714
-0.157725497044
0.404777133396
-0.900709797805
-0.336670670863
0.366272186572
-0.867466163446
-0.410928922029
0.284032504404
-0.866292651176
-0.120248233490
0.024883906332
-0.992431939001
-0.163079683224
0.127254659690
-0.978371743514
-0.204157337401
0.229549047792
-0.951644374881
-0.237112561288
0.334103467610
-0.912223934246
-0.313584313966
0.256869032739
-0.914157086093
-0.384193213903
0.172579561532
-0.906979530823
-0.237776176125
0.046626612921
-0.970200210799
-0.277388187819
0.150735691440
-0.948859602146
-0.347168830984
0.065570658622
-0.935507504791
0.429486563294
-0.866535242538
0.254279305862
0.435109179935
-0.887874498688
0.149528847101
0.445772169067
-0.894489294316
0.034293959233
0.322608868157
-0.857549382850
0.400665164645
0.332300571427
-0.895200534866
0.296971939088
0.341093877350
-0.920770864293
0.189303941593
0.353120593665
-0.932635295100
0.074143460018
0.178825585601
-0.983314533922
0.033375699415
0.077266922116
-0.994080808734
0.076375182183
0.221837423641
-0.870707971100
0.438925718699
0.234026590242
-0.912383061389
0.335840295901
0.243682052852
-0.942909697391
0.227025019951
0.257116340501
-0.959804595495
0.112544772929
0.157229552333
-0.975737671606
0.152364248047
0.055743030169
-0.979188478333
0.195147735031
0.130756692201
-0.918204962328
0.373901503877
0.144169830075
-0.952917527635
0.266764400965
0.041007562473
-0.950688333080
0.307424906546
-0.866535242538
0.254279305862
0.429486563294
-0.887874498688
0.149528847101
0.435109179935
-0.894489294316
0.034293959233
0.445772169067
-0.857549382850
0.400665164645
0.322608868157
-0.895200534866
0.296971939088
0.332300571427
-0.920770864293
0.189303941593
0.341093877350
-0.932635295100
0.074143460018
0.353120593665
-0.983314533922
0.033375699415
0.178825585601
-0.994080808734
0.076375182183
0.077266922116
-0.870707971100
0.438925718699
0.221837423641
-0.912383061389
0.335840295901
0.234026590242
-0.942909697391
0.227025019951
0.243682052852
-0.959804595495
0.112544772929
0.257116340501
-0.975737671606
0.152364248047
0.157229552333
-0.979188478333
0.195147735031
0.055743030169
-0.918204962328
0.373901503877
0.130756692201
-0.952917527635
0.266764400965
0.144169830075
-0.950688333080
0.307424906546
0.041007562473
-0.152685445238
-0.695462743456
0.702152923000
-0.064157659454
-0.658613850853
0.749741015417
0.025781912873
-0.603052844144
0.797284491345
-0.220452028514
-0.794412983767
0.565958403371
-0.129773452641
-0.770031891813
0.624667700927
-0.039163199534
-0.734167443157
0.677838040546
0.051656539731
-0.682469268793
0.729086619721
0.187446600972
-0.756945873487
0.626016546423
0.206765582288
-0.818539067102
0.535949428219
-0.196953517309
-0.855328871214
0.479188724917
-0.106771930551
-0.833735356473
0.541742660506
-0.014133005060
-0.801040583770
0.598443181364
0.076987127109
-0.753317296753
0.653135539281
0.099639480406
-0.816983878715
0.567987073677
0.116836531363
-0.872528443543
0.474387331353
-0.084130079280
-0.889388130762
0.449344948363
0.006565861365
-0.859757747008
0.510659873032
0.024563096149
-0.910163437387
0.413520460862
-0.706620731420
0.164382319538
0.688233677576
-0.777997265769
0.138133483272
0.612894277388
-0.844261236632
0.097204802971
0.527042873587
-0.593131064715
0.291590979479
0.750446694147
-0.678433000347
0.270532833939
0.683037809935
-0.755671111120
0.242932823748
0.608230889518
-0.826566337787
0.203548675379
0.524743771749
-0.834090464031
0.357297987500
0.420275202624
-0.789917468993
0.458131380515
0.407610145074
-0.553506220301
0.391519246182
0.735080637724
-0.642531447613
0.370640400882
0.670655673249
-0.724619354930
0.344466516027
0.596883246369
-0.799679161316
0.306669056214
0.516204735465
-0.761792838046
0.407750597929
0.503399564750
-0.711831795792
0.504801146980
0.488335229639
-0.596298706923
0.468860013965
0.651611954638
-0.682095201181
0.442257654603
0.582369559189
-0.628082598245
0.537167872218
0.562994606402
-0.688233677576
-0.706620731420
-0.164382319538
-0.612894277388
-0.777997265769
-0.138133483272
-0.527042873587
-0.844261236632
-0.097204802971
-0.750446694147
-0.593131064715
-0.291590979479
-0.683037809935
-0.678433000347
-0.270532833939
-0.608230889518
-0.755671111120
-0.242932823748
-0.524743771749
-0.826566337787
-0.203548675379
-0.420275202624
-0.834090464031
-0.357297987500
-0.407610145074
-0.789917468993
-0.458131380515
-0.735080637724
-0.553506220301
-0.391519246182
-0.670655673249
-0.642531447613
-0.370640400882
-0.596883246369
-0.724619354930
-0.344466516027
-0.516204735465
-0.799679161316
-0.306669056214
-0.503399564750
-0.761792838046
-0.407750597929
-0.488335229639
-0.711831795792
-0.504801146980
-0.651611954638
-0.596298706923
-0.468860013965
-0.582369559189
-0.682095201181
-0.442257654603
-0.562994606402
-0.628082598245
-0.537167872218
0.164382319538
-0.688233677576
0.706620731420
0.138133483272
-0.612894277388
0.777997265769
0.097204802971
-0.527042873587
0.844261236632
0.291590979479
-0.750446694147
0.593131064715
0.270532833939
-0.683037809935
0.678433000347
0.242932823748
-0.608230889518
0.755671111120
0.203548675379
-0.524743771749
0.826566337787
0.357297987500
-0.420275202624
0.834090464031
0.458131380515
-0.407610145074
0.789917468993
0.391519246182
-0.735080637724
0.553506220301
0.370640400882
-0.670655673249
0.642531447613
0.344466516027
-0.596883246369
0.724619354930
0.306669056214
-0.516204735465
0.799679161316
0.407750597929
-0.503399564750
0.761792838046
0.504801146980
-0.488335229639
0.711831795792
0.468860013965
-0.651611954638
0.596298706923
0.442257654603
-0.582369559189
0.682095201181
0.537167872218
-0.562994606402
0.628082598245
-0.702152923000
-0.152685445238
0.695462743456
-0.749741015417
-0.064157659454
0.658613850853
-0.797284491345
0.025781912873
0.603052844144
-0.565958403371
-0.220452028514
0.794412983767
-0.624667700927
-0.129773452641
0.770031891813
-0.677838040546
-0.039163199534
0.734167443157
-0.729086619721
0.051656539731
0.682469268793
-0.626016546423
0.187446600972
0.756945873487
-0.535949428219
0.206765582288
0.818539067102
-0.479188724917
-0.196953517309
0.855328871214
-0.541742660506
-0.106771930551
0.833735356473
-0.598443181364
-0.014133005060
0.801040583770
-0.653135539281
0.076987127109
0.753317296753
-0.567987073677
0.099639480406
0.816983878715
-0.474387331353
0.116836531363
0.872528443543
-0.449344948363
-0.084130079280
0.889388130762
-0.510659873032
0.006565861365
0.859757747008
-0.413520460862
0.024563096149
0.910163437387
0.276801118055
-0.960900037283
-0.007229065879
0.370951520480
-0.927526112870
-0.045719573465
0.471554081940
-0.878555195865
-0.076009970556
0.102156839643
-0.993796229361
-0.043966289620
0.202527118786
-0.975404939435
-0.086994081878
0.301930677816
-0.944975052714
-0.125936553639
0.404777133396
-0.900709797805
-0.157725497044
0.366272186572
-0.867466163446
-0.336670670863
0.284032504404
-0.866292651176
-0.410928922029
0.024883906332
-0.992431939001
-0.120248233490
0.127254659690
-0.978371743514
-0.163079683224
0.229549047792
-0.951644374881
-0.204157337401
0.334103467610
-0.912223934246
-0.237112561288
0.256869032739
-0.914157086093
-0.313584313966
0.172579561532
-0.906979530823
-0.384193213903
0.046626612921
-0.970200210799
-0.237776176125
0.150735691440
-0.948859602146
-0.277388187819
0.065570658622
-0.935507504791
-0.347168830984
0.960900037283
0.007229065879
0.276801118055
0.927526112870
0.045719573465
0.370951520480
0.878555195865
0.076009970556
0.471554081940
0.993796229361
0.043966289620
0.102156839643
0.975404939435
0.086994081878
0.202527118786
0.944975052714
0.125936553639
0.301930677816
0.900709797805
0.157725497044
0.404777133396
0.867466163446
0.336670670863
0.366272186572
0.866292651176
0.410928922029
0.284032504404
0.992431939001
0.120248233490
0.024883906332
0.978371743514
0.163079683224
0.127254659690
0.951644374881
0.204157337401
0.229549047792
0.912223934246
0.237112561288
0.334103467610
0.914157086093
0.313584313966
0.256869032739
0.906979530823
0.384193213903
0.172579561532
0.970200210799
0.237776176125
0.046626612921
0.948859602146
0.277388187819
0.150735691440
0.935507504791
0.347168830984
0.065570658622
0.254279305862
-0.429486563294
0.866535242538
0.149528847101
-0.435109179935
0.887874498688
0.034293959233
-0.445772169067
0.894489294316
0.400665164645
-0.322608868157
0.857549382850
0.296971939088
-0.332300571427
0.895200534866
0.189303941593
-0.341093877350
0.920770864293
0.074143460018
-0.353120593665
0.932635295100
0.033375699415
-0.178825585601
0.983314533922
0.076375182183
-0.077266922116
0.994080808734
0.438925718699
-0.221837423641
0.870707971100
0.335840295901
-0.234026590242
0.912383061389
0.227025019951
-0.243682052852
0.942909697391
0.112544772929
-0.257116340501
0.959804595495
0.152364248047
-0.157229552333
0.975737671606
0.195147735031
-0.055743030169
0.979188478333
0.373901503877
-0.130756692201
0.918204962328
0.266764400965
-0.144169830075
0.952917527635
0.307424906546
-0.041007562473
0.950688333080
0.702152923000
-0.152685445238
-0.695462743456
0.749741015417
-0.064157659454
-0.658613850853
0.797284491345
0.025781912873
-0.603052844144
0.565958403371
-0.220452028514
-0.794412983767
0.624667700927
-0.129773452641
-0.770031891813
0.677838040546
-0.039163199534
-0.734167443157
0.729086619721
0.051656539731
-0.682469268793
0.626016546423
0.187446600972
-0.756945873487
0.535949428219
0.206765582288
-0.818539067102
0.479188724917
-0.196953517309
-0.855328871214
0.541742660506
-0.106771930551
-0.833735356473
0.598443181364
-0.014133005060
-0.801040583770
0.653135539281
0.076987127109
-0.753317296753
0.567987073677
0.099639480406
-0.816983878715
0.474387331353
0.116836531363
-0.872528443543
0.449344948363
-0.084130079280
-0.889388130762
0.510659873032
0.006565861365
-0.859757747008
0.413520460862
0.024563096149
-0.910163437387
-0.695462743456
-0.702152923000
0.152685445238
-0.658613850853
-0.749741015417
0.064157659454
-0.603052844144
-0.797284491345
-0.025781912873
-0.794412983767
-0.565958403371
0.220452028514
-0.770031891813
-0.624667700927
0.129773452641
-0.734167443157
-0.677838040546
0.039163199534
-0.682469268793
-0.729086619721
-0.051656539731
-0.756945873487
-0.626016546423
-0.187446600972
-0.818539067102
-0.535949428219
-0.206765582288
-0.855328871214
-0.479188724917
0.196953517309
-0.833735356473
-0.541742660506
0.106771930551
-0.801040583770
-0.598443181364
0.014133005060
-0.753317296753
-0.653135539281
-0.076987127109
-0.816983878715
-0.567987073677
-0.099639480406
-0.872528443543
-0.474387331353
-0.116836531363
-0.889388130762
-0.449344948363
0.084130079280
-0.859757747008
-0.510659873032
-0.006565861365
-0.910163437387
-0.413520460862
-0.024563096149
0.688233677576
-0.706620731420
0.164382319538
0.612894277388
-0.777997265769
0.138133483272
0.527042873587
-0.844261236632
0.097204802971
0.750446694147
-0.593131064715
0.291590979479
0.683037809935
-0.678433000347
0.270532833939
0.608230889518
-0.755671111120
0.242932823748
0.524743771749
-0.826566337787
0.203548675379
0.420275202624
-0.834090464031
0.357297987500
0.407610145074
-0.789917468993
0.458131380515
0.735080637724
-0.553506220301
0.391519246182
0.670655673249
-0.642531447613
0.370640400882
0.596883246369
-0.724619354930
0.344466516027
0.516204735465
-0.799679161316
0.306669056214
0.503399564750
-0.761792838046
0.407750597929
0.488335229639
-0.711831795792
0.504801146980
0.651611954638
-0.596298706923
0.468860013965
0.582369559189
-0.682095201181
0.442257654603
0.562994606402
-0.628082598245
0.537167872218
-0.164382319538
-0.688233677576
-0.706620731420
-0.138133483272
-0.612894277388
-0.777997265769
-0.097204802971
-0.527042873587
-0.844261236632
-0.291590979479
-0.750446694147
-0.593131064715
-0.270532833939
-0.683037809935
-0.678433000347
-0.242932823748
-0.608230889518
-0.755671111120
-0.203548675379
-0.524743771749
-0.826566337787
-0.357297987500
-0.420275202624
-0.834090464031
-0.458131380515
-0.407610145074
-0.789917468993
-0.391519246182
-0.735080637724
-0.553506220301
-0.370640400882
-0.670655673249
-0.642531447613
-0.344466516027
-0.596883246369
-0.724619354930
-0.306669056214
-0.516204735465
-0.799679161316
-0.407750597929
-0.503399564750
-0.761792838046
-0.504801146980
-0.488335229639
-0.711831795792
-0.468860013965
-0.651611954638
-0.596298706923
-0.442257654603
-0.582369559189
-0.682095201181
-0.537167872218
-0.562994606402
-0.628082598245
0.164382319538
0.688233677576
-0.706620731420
0.138133483272
0.612894277388
-0.777997265769
0.097204802971
0.527042873587
-0.844261236632
0.291590979479
0.750446694147
-0.593131064715
0.270532833939
0.683037809935
-0.678433000347
0.242932823748
0.608230889518
-0.755671111120
0.203548675379
0.524743771749
-0.826566337787
0.357297987500
0.420275202624
-0.834090464031
0.458131380515
0.407610145074
-0.789917468993
0.391519246182
0.735080637724
-0.553506220301
0.370640400882
0.670655673249
-0.642531447613
0.344466516027
0.596883246369
-0.724619354930
0.306669056214
0.516204735465
-0.799679161316
0.407750597929
0.503399564750
-0.761792838046
0.504801146980
0.488335229639
-0.711831795792
0.468860013965
0.651611954638
-0.596298706923
0.442257654603
0.582369559189
-0.682095201181
0.537167872218
0.562994606402
-0.628082598245
-0.706620731420
-0.164382319538
-0.688233677576
-0.777997265769
-0.138133483272
-0.612894277388
-0.844261236632
-0.097204802971
-0.527042873587
-0.593131064715
-0.291590979479
-0.750446694147
-0.678433000347
-0.270532833939
-0.683037809935
-0.755671111120
-0.242932823748
-0.608230889518
-0.826566337787
-0.203548675379
-0.524743771749
-0.834090464031
-0.357297987500
-0.420275202624
-0.789917468993
-0.458131380515
-0.407610145074
-0.553506220301
-0.391519246182
-0.735080637724
-0.642531447613
-0.370640400882
-0.670655673249
-0.724619354930
-0.344466516027
-0.596883246369
-0.799679161316
-0.306669056214
-0.516204735465
-0.761792838046
-0.407750597929
-0.503399564750
-0.711831795792
-0.504801146980
-0.488335229639
-0.596298706923
-0.468860013965
-0.651611954638
-0.682095201181
-0.442257654603
-0.582369559189
-0.628082598245
-0.537167872218
-0.562994606402
-0.695462743456
0.702152923000
-0.152685445238
-0.658613850853
0.749741015417
-0.064157659454
-0.603052844144
0.797284491345
0.025781912873
-0.794412983767
0.565958403371
-0.220452028514
-0.770031891813
0.624667700927
-0.129773452641
-0.734167443157
0.677838040546
-0.039163199534
-0.682469268793
0.729086619721
0.051656539731
-0.756945873487
0.626016546423
0.187446600972
-0.818539067102
0.535949428219
0.206765582288
-0.855328871214
0.479188724917
-0.196953517309
-0.833735356473
0.541742660506
-0.106771930551
-0.801040583770
0.598443181364
-0.014133005060
-0.753317296753
0.653135539281
0.076987127109
-0.816983878715
0.567987073677
0.099639480406
-0.872528443543
0.474387331353
0.116836531363
-0.889388130762
0.449344948363
-0.084130079280
-0.859757747008
0.510659873032
0.006565861365
-0.910163437387
0.413520460862
0.024563096149
-0.152685445238
0.695462743456
-0.702152923000
-0.064157659454
0.658613850853
-0.749741015417
0.025781912873
0.603052844144
-0.797284491345
-0.220452028514
0.794412983767
-0.565958403371
-0.129773452641
0.770031891813
-0.624667700927
-0.039163199534
0.734167443157
-0.677838040546
0.051656539731
0.682469268793
-0.729086619721
0.187446600972
0.756945873487
-0.626016546423
0.206765582288
0.818539067102
-0.535949428219
-0.196953517309
0.855328871214
-0.479188724917
-0.106771930551
0.833735356473
-0.541742660506
-0.014133005060
0.801040583770
-0.598443181364
0.076987127109
0.753317296753
-0.653135539281
0.099639480406
0.816983878715
-0.567987073677
0.116836531363
0.872528443543
-0.474387331353
-0.084130079280
0.889388130762
-0.449344948363
0.006565861365
0.859757747008
-0.510659873032
0.024563096149
0.910163437387
-0.413520460862
0.258747114283
-0.441183437593
-0.859306176659
0.177785097453
-0.509085003752
-0.842154925223
0.081270704521
-0.568758884910
-0.818479323760
0.427837825990
-0.393747819122
-0.813583093230
0.350737238508
-0.473059952725
-0.808206452988
0.267137012168
-0.544863501564
-0.794834310655
0.171623178084
-0.608325808775
-0.774909798056
0.241449617024
-0.723570174072
-0.646643863060
0.330343222957
-0.742163884919
-0.583151886705
0.513243214083
-0.416403152514
-0.750459737610
0.436629083008
-0.497895060573
-0.749303378165
0.353201193517
-0.574015563820
-0.738752359990
0.259088394965
-0.640772523824
-0.722692034207
0.346170012417
-0.664619630668
-0.662153357640
0.432592199470
-0.677380708512
-0.594995264430
0.520855262437
-0.515486626886
-0.680428786203
0.438199729114
-0.592993346043
-0.675529339816
0.521987043929
-0.602738530841
-0.603519502096
-0.866535242538
-0.254279305862
-0.429486563294
-0.887874498688
-0.149528847101
-0.435109179935
-0.894489294316
-0.034293959233
-0.445772169067
-0.857549382850
-0.400665164645
-0.322608868157
-0.895200534866
-0.296971939088
-0.332300571427
-0.920770864293
-0.189303941593
-0.341093877350
-0.932635295100
-0.074143460018
-0.353120593665
-0.983314533922
-0.033375699415
-0.178825585601
-0.994080808734
-0.076375182183
-0.077266922116
-0.870707971100
-0.438925718699
-0.221837423641
-0.912383061389
-0.335840295901
-0.234026590242
-0.942909697391
-0.227025019951
-0.243682052852
-0.959804595495
-0.112544772929
-0.257116340501
-0.975737671606
-0.152364248047
-0.157229552333
-0.979188478333
-0.195147735031
-0.055743030169
-0.918204962328
-0.373901503877
-0.130756692201
-0.952917527635
-0.266764400965
-0.144169830075
-0.950688333080
-0.307424906546
-0.041007562473
-0.258747114283
0.441183437593
-0.859306176659
-0.177785097453
0.509085003752
-0.842154925223
-0.081270704521
0.568758884910
-0.818479323760
-0.427837825990
0.393747819122
-0.813583093230
-0.350737238508
0.473059952725
-0.808206452988
-0.267137012168
0.544863501564
-0.794834310655
-0.171623178084
0.608325808775
-0.774909798056
-0.241449617024
0.723570174072
-0.646643863060
-0.330343222957
0.742163884919
-0.583151886705
-0.513243214083
0.416403152514
-0.750459737610
-0.436629083008
0.497895060573
-0.749303378165
-0.353201193517
0.574015563820
-0.738752359990
-0.259088394965
0.640772523824
-0.722692034207
-0.346170012417
0.664619630668
-0.662153357640
-0.432592199470
0.677380708512
-0.594995264430
-0.520855262437
0.515486626886
-0.680428786203
-0.438199729114
0.592993346043
-0.675529339816
-0.521987043929
0.602738530841
-0.603519502096
0.866535242538
0.254279305862
-0.429486563294
0.887874498688
0.149528847101
-0.435109179935
0.894489294316
0.034293959233
-0.445772169067
0.857549382850
0.400665164645
-0.322608868157
0.895200534866
0.296971939088
-0.332300571427
0.920770864293
0.189303941593
-0.341093877350
0.932635295100
0.074143460018
-0.353120593665
0.983314533922
0.033375699415
-0.178825585601
0.994080808734
0.076375182183
-0.077266922116
0.870707971100
0.438925718699
-0.221837423641
0.912383061389
0.335840295901
-0.234026590242
0.942909697391
0.227025019951
-0.243682052852
0.959804595495
0.112544772929
-0.257116340501
0.975737671606
0.152364248047
-0.157229552333
0.979188478333
0.195147735031
-0.055743030169
0.918204962328
0.373901503877
-0.130756692201
0.952917527635
0.266764400965
-0.144169830075
0.950688333080
0.307424906546
-0.041007562473
0.152685445238
-0.695462743456
-0.702152923000
0.064157659454
-0.658613850853
-0.749741015417
-0.025781912873
-0.603052844144
-0.797284491345
0.220452028514
-0.794412983767
-0.565958403371
0.129773452641
-0.770031891813
-0.624667700927
0.039163199534
-0.734167443157
-0.677838040546
-0.051656539731
-0.682469268793
-0.729086619721
-0.187446600972
-0.756945873487
-0.626016546423
-0.206765582288
-0.818539067102
-0.535949428219
0.196953517309
-0.855328871214
-0.479188724917
0.106771930551
-0.833735356473
-0.541742660506
0.014133005060
-0.801040583770
-0.598443181364
-0.076987127109
-0.753317296753
-0.653135539281
-0.099639480406
-0.816983878715
-0.567987073677
-0.116836531363
-0.872528443543
-0.474387331353
0.084130079280
-0.889388130762
-0.449344948363
-0.006565861365
-0.859757747008
-0.510659873032
-0.024563096149
-0.910163437387
-0.413520460862
0.706620731420
0.164382319538
-0.688233677576
0.777997265769
0.138133483272
-0.612894277388
0.844261236632
0.097204802971
-0.527042873587
0.593131064715
0.291590979479
-0.750446694147
0.678433000347
0.270532833939
-0.683037809935
0.755671111120
0.242932823748
-0.608230889518
0.826566337787
0.203548675379
-0.524743771749
0.834090464031
0.357297987500
-0.420275202624
0.789917468993
0.458131380515
-0.407610145074
0.553506220301
0.391519246182
-0.735080637724
0.642531447613
0.370640400882
-0.670655673249
0.724619354930
0.344466516027
-0.596883246369
0.799679161316
0.306669056214
-0.516204735465
0.761792838046
0.407750597929
-0.503399564750
0.711831795792
0.504801146980
-0.488335229639
0.596298706923
0.468860013965
-0.651611954638
0.682095201181
0.442257654603
-0.582369559189
0.628082598245
0.537167872218
-0.562994606402
-0.960900037283
0.007229065879
-0.276801118055
-0.927526112870
0.045719573465
-0.370951520480
-0.878555195865
0.076009970556
-0.471554081940
-0.993796229361
0.043966289620
-0.102156839643
-0.975404939435
0.086994081878
-0.202527118786
-0.944975052714
0.125936553639
-0.301930677816
-0.900709797805
0.157725497044
-0.404777133396
-0.867466163446
0.336670670863
-0.366272186572
-0.866292651176
0.410928922029
-0.284032504404
-0.992431939001
0.120248233490
-0.024883906332
-0.978371743514
0.163079683224
-0.127254659690
-0.951644374881
0.204157337401
-0.229549047792
-0.912223934246
0.237112561288
-0.334103467610
-0.914157086093
0.313584313966
-0.256869032739
-0.906979530823
0.384193213903
-0.172579561532
-0.970200210799
0.237776176125
-0.046626612921
-0.948859602146
0.277388187819
-0.150735691440
-0.935507504791
0.347168830984
-0.065570658622
0.007229065879
-0.276801118055
-0.960900037283
0.045719573465
-0.370951520480
-0.927526112870
0.076009970556
-0.471554081940
-0.878555195865
0.043966289620
-0.102156839643
-0.993796229361
0.086994081878
-0.202527118786
-0.975404939435
0.125936553639
-0.301930677816
-0.944975052714
0.157725497044
-0.404777133396
-0.900709797805
0.336670670863
-0.366272186572
-0.867466163446
0.410928922029
-0.284032504404
-0.866292651176
0.120248233490
-0.024883906332
-0.992431939001
0.163079683224
-0.127254659690
-0.978371743514
0.204157337401
-0.229549047792
-0.951644374881
0.237112561288
-0.334103467610
-0.912223934246
0.313584313966
-0.256869032739
-0.914157086093
0.384193213903
-0.172579561532
-0.906979530823
0.237776176125
-0.046626612921
-0.970200210799
0.277388187819
-0.150735691440
-0.948859602146
0.347168830984
-0.065570658622
-0.935507504791
0.441183437593
-0.859306176659
-0.258747114283
0.509085003752
-0.842154925223
-0.177785097453
0.568758884910
-0.818479323760
-0.081270704521
0.393747819122
-0.813583093230
-0.427837825990
0.473059952725
-0.808206452988
-0.350737238508
0.544863501564
-0.794834310655
-0.267137012168
0.608325808775
-0.774909798056
-0.171623178084
0.723570174072
-0.646643863060
-0.241449617024
0.742163884919
-0.583151886705
-0.330343222957
0.416403152514
-0.750459737610
-0.513243214083
0.497895060573
-0.749303378165
-0.436629083008
0.574015563820
-0.738752359990
-0.353201193517
0.640772523824
-0.722692034207
-0.259088394965
0.664619630668
-0.662153357640
-0.346170012417
0.677380708512
-0.594995264430
-0.432592199470
0.515486626886
-0.680428786203
-0.520855262437
0.592993346043
-0.675529339816
-0.438199729114
0.602738530841
-0.603519502096
-0.521987043929
-0.441183437593
-0.859306176659
0.258747114283
-0.509085003752
-0.842154925223
0.177785097453
-0.568758884910
-0.818479323760
0.081270704521
-0.393747819122
-0.813583093230
0.427837825990
-0.473059952725
-0.808206452988
0.350737238508
-0.544863501564
-0.794834310655
0.267137012168
-0.608325808775
-0.774909798056
0.171623178084
-0.723570174072
-0.646643863060
0.241449617024
-0.742163884919
-0.583151886705
0.330343222957
-0.416403152514
-0.750459737610
0.513243214083
-0.497895060573
-0.749303378165
0.436629083008
-0.574015563820
-0.738752359990
0.353201193517
-0.640772523824
-0.722692034207
0.259088394965
-0.664619630668
-0.662153357640
0.346170012417
-0.677380708512
-0.594995264430
0.432592199470
-0.515486626886
-0.680428786203
0.520855262437
-0.592993346043
-0.675529339816
0.438199729114
-0.602738530841
-0.603519502096
0.521987043929
-0.276801118055
-0.960900037283
0.007229065879
-0.370951520480
-0.927526112870
0.045719573465
-0.471554081940
-0.878555195865
0.076009970556
-0.102156839643
-0.993796229361
0.043966289620
-0.202527118786
-0.975404939435
0.086994081878
-0.301930677816
-0.944975052714
0.125936553639
-0.404777133396
-0.900709797805
0.157725497044
-0.366272186572
-0.867466163446
0.336670670863
-0.284032504404
-0.866292651176
0.410928922029
-0.024883906332
-0.992431939001
0.120248233490
-0.127254659690
-0.978371743514
0.163079683224
-0.229549047792
-0.951644374881
0.204157337401
-0.334103467610
-0.912223934246
0.237112561288
-0.256869032739
-0.914157086093
0.313584313966
-0.172579561532
-0.906979530823
0.384193213903
-0.046626612921
-0.970200210799
0.237776176125
-0.150735691440
-0.948859602146
0.277388187819
-0.065570658622
-0.935507504791
0.347168830984
0.276801118055
0.960900037283
0.007229065879
0.370951520480
0.927526112870
0.045719573465
0.471554081940
0.878555195865
0.076009970556
0.102156839643
0.993796229361
0.043966289620
0.202527118786
0.975404939435
0.086994081878
0.301930677816
0.944975052714
0.125936553639
0.404777133396
0.900709797805
0.157725497044
0.366272186572
0.867466163446
0.336670670863
0.284032504404
0.866292651176
0.410928922029
0.024883906332
0.992431939001
0.120248233490
0.127254659690
0.978371743514
0.163079683224
0.229549047792
0.951644374881
0.204157337401
0.334103467610
0.912223934246
0.237112561288
0.256869032739
0.914157086093
0.313584313966
0.172579561532
0.906979530823
0.384193213903
0.046626612921
0.970200210799
0.237776176125
0.150735691440
0.948859602146
0.277388187819
0.065570658622
0.935507504791
0.347168830984
-0.254279305862
-0.429486563294
-0.866535242538
-0.149528847101
-0.435109179935
-0.887874498688
-0.034293959233
-0.445772169067
-0.894489294316
-0.400665164645
-0.322608868157
-0.857549382850
-0.296971939088
-0.332300571427
-0.895200534866
-0.189303941593
-0.341093877350
-0.920770864293
-0.074143460018
-0.353120593665
-0.932635295100
-0.033375699415
-0.178825585601
-0.983314533922
-0.076375182183
-0.077266922116
-0.994080808734
-0.438925718699
-0.221837423641
-0.870707971100
-0.335840295901
-0.234026590242
-0.912383061389
-0.227025019951
-0.243682052852
-0.942909697391
-0.112544772929
-0.257116340501
-0.959804595495
-0.152364248047
-0.157229552333
-0.975737671606
-0.195147735031
-0.055743030169
-0.979188478333
-0.373901503877
-0.130756692201
-0.918204962328
-0.266764400965
-0.144169830075
-0.952917527635
-0.307424906546
-0.041007562473
-0.950688333080
0.695462743456
-0.702152923000
-0.152685445238
0.658613850853
-0.749741015417
-0.064157659454
0.603052844144
-0.797284491345
0.025781912873
0.794412983767
-0.565958403371
-0.220452028514
0.770031891813
-0.624667700927
-0.129773452641
0.734167443157
-0.677838040546
-0.039163199534
0.682469268793
-0.729086619721
0.051656539731
0.756945873487
-0.626016546423
0.187446600972
0.818539067102
-0.535949428219
0.206765582288
0.855328871214
-0.479188724917
-0.196953517309
0.833735356473
-0.541742660506
-0.106771930551
0.801040583770
-0.598443181364
-0.014133005060
0.753317296753
-0.653135539281
0.076987127109
0.816983878715
-0.567987073677
0.099639480406
0.872528443543
-0.474387331353
0.116836531363
0.889388130762
-0.449344948363
-0.084130079280
0.859757747008
-0.510659873032
0.006565861365
0.910163437387
-0.413520460862
0.024563096149
