0.592757832259
0.802508794237
0.067954304265
0.655994829722
0.739981322084
0.148655394607
0.708994886372
0.668045530561
0.225923483053
0.752254724503
0.586271124426
0.300664261474
0.371897671837
0.784605592024
0.496070747623
0.438571984414
0.805011231452
0.399514119554
0.499683521222
0.813129752409
0.298557171019
0.553807460237
0.810003107879
0.192852954894
0.610999725293
0.743166016880
0.272733582541
0.659415615723
0.666255248245
0.348245588525
0.697838797234
0.579759815242
0.420594305365
0.489474729169
0.724718727637
0.484971396390
0.553665564861
0.739424571395
0.383021860348
0.598901051562
0.655676158145
0.459789414926
0.531673504040
0.633401987609
0.562250128676
0.525731112119
0.850650808352
0.000000000000
0.000000000000
0.525731112119
-0.850650808352
-0.525731112119
0.850650808352
0.000000000000
0.000000000000
0.525731112119
0.850650808352
0.850650808352
-0.000000000000
0.525731112119
-0.850650808352
-0.000000000000
0.525731112119
-0.000000000000
-0.525731112119
0.850650808352
-0.850650808352
-0.000000000000
-0.525731112119
-0.525731112119
-0.850650808352
0.000000000000
0.850650808352
-0.000000000000
-0.525731112119
0.525731112119
-0.850650808352
0.000000000000
0.000000000000
-0.525731112119
-0.850650808352
0.006586126416
0.432093856824
-0.901804591823
0.020934129725
0.321616217176
-0.946638669748
0.034715915992
0.208406976900
-0.977425872973
0.048282875641
0.091511678265
-0.994632784831
0.457837291138
0.271801183251
-0.846468624124
0.352689871186
0.315984510690
-0.880774456809
0.242966976662
0.354146502954
-0.903076576320
0.129422313637
0.387743885499
-0.912636041361
0.144797169424
0.276057847354
-0.950171481703
0.157912985771
0.161118392544
-0.974219868669
0.170504177726
0.043094342825
-0.984414142013
0.371563139863
0.192568058975
-0.908217141304
0.261533170427
0.235604045401
-0.935997400935
0.275142000401
0.115487844401
-0.954441950781
0.384765135610
0.067011759701
-0.920578738881
-0.592757832259
0.802508794237
-0.067954304265
-0.655994829722
0.739981322084
-0.148655394607
-0.708994886372
0.668045530561
-0.225923483053
-0.752254724503
0.586271124426
-0.300664261474
-0.371897671837
0.784605592024
-0.496070747623
-0.438571984414
0.805011231452
-0.399514119554
-0.499683521222
0.813129752409
-0.298557171019
-0.553807460237
0.810003107879
-0.192852954894
-0.610999725293
0.743166016880
-0.272733582541
-0.659415615723
0.666255248245
-0.348245588525
-0.697838797234
0.579759815242
-0.420594305365
-0.489474729169
0.724718727637
-0.484971396390
-0.553665564861
0.739424571395
-0.383021860348
-0.598901051562
0.655676158145
-0.459789414926
-0.531673504040
0.633401987609
-0.562250128676
-0.006586126416
0.432093856824
0.901804591823
-0.020934129725
0.321616217176
0.946638669748
-0.034715915992
0.208406976900
0.977425872973
-0.048282875641
0.091511678265
0.994632784831
-0.457837291138
0.271801183251
0.846468624124
-0.352689871186
0.315984510690
0.880774456809
-0.242966976662
0.354146502954
0.903076576320
-0.129422313637
0.387743885499
0.912636041361
-0.144797169424
0.276057847354
0.950171481703
-0.157912985771
0.161118392544
0.974219868669
-0.170504177726
0.043094342825
0.984414142013
-0.371563139863
0.192568058975
0.908217141304
-0.261533170427
0.235604045401
0.935997400935
-0.275142000401
0.115487844401
0.954441950781
-0.384765135610
0.067011759701
0.920578738881
0.599343958675
0.798438344258
-0.057297727869
0.676928959447
0.727043318388
-0.114783261186
0.743710802364
0.646589914528
-0.169751951027
0.800537600144
0.556430666205
-0.222540927612
0.829734962975
0.501646584783
0.244725550755
0.791261855600
0.587036903571
0.171150079513
0.742650497884
0.662967902688
0.094571655364
0.683229773875
0.730015719149
0.016556747474
0.755796894717
0.653676444702
-0.038446840939
0.817328601494
0.568659655773
-0.092737010283
0.868342974960
0.474382438184
-0.144712750580
0.861037869032
0.495080078235
0.116230392874
0.815198735289
0.577788182885
0.040147698589
0.874043051963
0.485629050165
-0.014600306545
0.916438639650
0.395604056115
0.060312938428
-0.489391584693
0.866392648522
-0.099295797587
-0.436399478362
0.875698712995
-0.206657347664
-0.378158927927
0.872513397581
-0.309380342411
-0.314052605877
0.857094927679
-0.408361660405
-0.027075632496
0.997717332406
-0.061863032101
-0.144834431177
0.986551023125
-0.075763225356
-0.259574847591
0.961525073707
-0.089946823911
-0.371187138025
0.922868674043
-0.102632933482
-0.314504688292
0.926410027243
-0.207005464822
-0.253855402827
0.916905244299
-0.307964620424
-0.187807093405
0.894976743549
-0.404654326770
-0.076337666101
0.980051474626
-0.183498413667
-0.195456346811
0.960810043233
-0.196572829540
-0.130088150946
0.945418465090
-0.298765792636
-0.006698821274
0.957854184791
-0.287176751273
-0.103366247566
0.500048161088
0.859806522106
-0.219595351359
0.470271611783
0.854764583270
-0.330835958445
0.434330459953
0.837797481589
-0.438202118626
0.392175939739
0.808812052038
-0.344822039341
0.767871930874
0.539880041269
-0.293737553237
0.715498630244
0.633861151939
-0.240108673631
0.652703673973
0.718558097045
-0.182620322212
0.580596840393
0.793446360406
-0.296495037001
0.548791429895
0.781612857819
-0.405560212895
0.509363981070
0.758992258528
-0.510031703829
0.463688648190
0.724472565822
-0.413137063069
0.677539455365
0.608488334763
-0.358209218050
0.618625905749
0.699276872806
-0.468812900616
0.575277259327
0.670276464690
-0.524974682766
0.629261888377
0.573089049181
0.859806522106
-0.103366247566
0.500048161088
0.854764583270
-0.219595351359
0.470271611783
0.837797481589
-0.330835958445
0.434330459953
0.808812052038
-0.438202118626
0.392175939739
0.539880041269
-0.344822039341
0.767871930874
0.633861151939
-0.293737553237
0.715498630244
0.718558097045
-0.240108673631
0.652703673973
0.793446360406
-0.182620322212
0.580596840393
0.781612857819
-0.296495037001
0.548791429895
0.758992258528
-0.405560212895
0.509363981070
0.724472565822
-0.510031703829
0.463688648190
0.608488334763
-0.413137063069
0.677539455365
0.699276872806
-0.358209218050
0.618625905749
0.670276464690
-0.468812900616
0.575277259327
0.573089049181
-0.524974682766
0.629261888377
-0.866392648522
-0.099295797587
0.489391584693
-0.875698712995
-0.206657347664
0.436399478362
-0.872513397581
-0.309380342411
0.378158927927
-0.857094927679
-0.408361660405
0.314052605877
-0.997717332406
-0.061863032101
0.027075632496
-0.986551023125
-0.075763225356
0.144834431177
-0.961525073707
-0.089946823911
0.259574847591
-0.922868674043
-0.102632933482
0.371187138025
-0.926410027243
-0.207005464822
0.314504688292
-0.916905244299
-0.307964620424
0.253855402827
-0.894976743549
-0.404654326770
0.187807093405
-0.980051474626
-0.183498413667
0.076337666101
-0.960810043233
-0.196572829540
0.195456346811
-0.945418465090
-0.298765792636
0.130088150946
-0.957854184791
-0.287176751273
0.006698821274
0.500048161088
0.859806522106
-0.103366247566
0.470271611783
0.854764583270
-0.219595351359
0.434330459953
0.837797481589
-0.330835958445
0.392175939739
0.808812052038
-0.438202118626
0.767871930874
0.539880041269
-0.344822039341
0.715498630244
0.633861151939
-0.293737553237
0.652703673973
0.718558097045
-0.240108673631
0.580596840393
0.793446360406
-0.182620322212
0.548791429895
0.781612857819
-0.296495037001
0.509363981070
0.758992258528
-0.405560212895
0.463688648190
0.724472565822
-0.510031703829
0.677539455365
0.608488334763
-0.413137063069
0.618625905749
0.699276872806
-0.358209218050
0.575277259327
0.670276464690
-0.468812900616
0.629261888377
0.573089049181
-0.524974682766
-0.057297727869
0.599343958675
0.798438344258
-0.114783261186
0.676928959447
0.727043318388
-0.169751951027
0.743710802364
0.646589914528
-0.222540927612
0.800537600144
0.556430666205
0.244725550755
0.829734962975
0.501646584783
0.171150079513
0.791261855600
0.587036903571
0.094571655364
0.742650497884
0.662967902688
0.016556747474
0.683229773875
0.730015719149
-0.038446840939
0.755796894717
0.653676444702
-0.092737010283
0.817328601494
0.568659655773
-0.144712750580
0.868342974960
0.474382438184
0.116230392874
0.861037869032
0.495080078235
0.040147698589
0.815198735289
0.577788182885
-0.014600306545
0.874043051963
0.485629050165
0.060312938428
0.916438639650
0.395604056115
-0.067954304265
-0.592757832259
0.802508794237
-0.148655394607
-0.655994829722
0.739981322084
-0.225923483053
-0.708994886372
0.668045530561
-0.300664261474
-0.752254724503
0.586271124426
-0.496070747623
-0.371897671837
0.784605592024
-0.399514119554
-0.438571984414
0.805011231452
-0.298557171019
-0.499683521222
0.813129752409
-0.192852954894
-0.553807460237
0.810003107879
-0.272733582541
-0.610999725293
0.743166016880
-0.348245588525
-0.659415615723
0.666255248245
-0.420594305365
-0.697838797234
0.579759815242
-0.484971396390
-0.489474729169
0.724718727637
-0.383021860348
-0.553665564861
0.739424571395
-0.459789414926
-0.598901051562
0.655676158145
-0.562250128676
-0.531673504040
0.633401987609
0.901804591823
-0.006586126416
0.432093856824
0.946638669748
-0.020934129725
0.321616217176
0.977425872973
-0.034715915992
0.208406976900
0.994632784831
-0.048282875641
0.091511678265
0.846468624124
-0.457837291138
0.271801183251
0.880774456809
-0.352689871186
0.315984510690
0.903076576320
-0.242966976662
0.354146502954
0.912636041361
-0.129422313637
0.387743885499
0.950171481703
-0.144797169424
0.276057847354
0.974219868669
-0.157912985771
0.161118392544
0.984414142013
-0.170504177726
0.043094342825
0.908217141304
-0.371563139863
0.192568058975
0.935997400935
-0.261533170427
0.235604045401
0.954441950781
-0.275142000401
0.115487844401
0.920578738881
-0.384765135610
0.067011759701
0.067954304265
0.592757832259
0.802508794237
0.148655394607
0.655994829722
0.739981322084
0.225923483053
0.708994886372
0.668045530561
0.300664261474
0.752254724503
0.586271124426
0.496070747623
0.371897671837
0.784605592024
0.399514119554
0.438571984414
0.805011231452
0.298557171019
0.499683521222
0.813129752409
0.192852954894
0.553807460237
0.810003107879
0.272733582541
0.610999725293
0.743166016880
0.348245588525
0.659415615723
0.666255248245
0.420594305365
0.697838797234
0.579759815242
0.484971396390
0.489474729169
0.724718727637
0.383021860348
0.553665564861
0.739424571395
0.459789414926
0.598901051562
0.655676158145
0.562250128676
0.531673504040
0.633401987609
-0.099295797587
-0.489391584693
0.866392648522
-0.206657347664
-0.436399478362
0.875698712995
-0.309380342411
-0.378158927927
0.872513397581
-0.408361660405
-0.314052605877
0.857094927679
-0.061863032101
-0.027075632496
0.997717332406
-0.075763225356
-0.144834431177
0.986551023125
-0.089946823911
-0.259574847591
0.961525073707
-0.102632933482
-0.371187138025
0.922868674043
-0.207005464822
-0.314504688292
0.926410027243
-0.307964620424
-0.253855402827
0.916905244299
-0.404654326770
-0.187807093405
0.894976743549
-0.183498413667
-0.076337666101
0.980051474626
-0.196572829540
-0.195456346811
0.960810043233
-0.298765792636
-0.130088150946
0.945418465090
-0.287176751273
-0.006698821274
0.957854184791
0.099295797587
0.489391584693
0.866392648522
0.206657347664
0.436399478362
0.875698712995
0.309380342411
0.378158927927
0.872513397581
0.408361660405
0.314052605877
0.857094927679
0.061863032101
0.027075632496
0.997717332406
0.075763225356
0.144834431177
0.986551023125
0.089946823911
0.259574847591
0.961525073707
0.102632933482
0.371187138025
0.922868674043
0.207005464822
0.314504688292
0.926410027243
0.307964620424
0.253855402827
0.916905244299
0.404654326770
0.187807093405
0.894976743549
0.183498413667
0.076337666101
0.980051474626
0.196572829540
0.195456346811
0.960810043233
0.298765792636
0.130088150946
0.945418465090
0.287176751273
0.006698821274
0.957854184791
-0.432093856824
0.901804591823
0.006586126416
-0.321616217176
0.946638669748
0.020934129725
-0.208406976900
0.977425872973
0.034715915992
-0.091511678265
0.994632784831
0.048282875641
-0.271801183251
0.846468624124
0.457837291138
-0.315984510690
0.880774456809
0.352689871186
-0.354146502954
0.903076576320
0.242966976662
-0.387743885499
0.912636041361
0.129422313637
-0.276057847354
0.950171481703
0.144797169424
-0.161118392544
0.974219868669
0.157912985771
-0.043094342825
0.984414142013
0.170504177726
-0.192568058975
0.908217141304
0.371563139863
-0.235604045401
0.935997400935
0.261533170427
-0.115487844401
0.954441950781
0.275142000401
-0.067011759701
0.920578738881
0.384765135610
-0.798438344258
-0.057297727869
-0.599343958675
-0.727043318388
-0.114783261186
-0.676928959447
-0.646589914528
-0.169751951027
-0.743710802364
-0.556430666205
-0.222540927612
-0.800537600144
-0.501646584783
0.244725550755
-0.829734962975
-0.587036903571
0.171150079513
-0.791261855600
-0.662967902688
0.094571655364
-0.742650497884
-0.730015719149
0.016556747474
-0.683229773875
-0.653676444702
-0.038446840939
-0.755796894717
-0.568659655773
-0.092737010283
-0.817328601494
-0.474382438184
-0.144712750580
-0.868342974960
-0.495080078235
0.116230392874
-0.861037869032
-0.577788182885
0.040147698589
-0.815198735289
-0.485629050165
-0.014600306545
-0.874043051963
-0.395604056115
0.060312938428
-0.916438639650
-0.802508794237
-0.067954304265
0.592757832259
-0.739981322084
-0.148655394607
0.655994829722
-0.668045530561
-0.225923483053
0.708994886372
-0.586271124426
-0.300664261474
0.752254724503
-0.784605592024
-0.496070747623
0.371897671837
-0.805011231452
-0.399514119554
0.438571984414
-0.813129752409
-0.298557171019
0.499683521222
-0.810003107879
-0.192852954894
0.553807460237
-0.743166016880
-0.272733582541
0.610999725293
-0.666255248245
-0.348245588525
0.659415615723
-0.579759815242
-0.420594305365
0.697838797234
-0.724718727637
-0.484971396390
0.489474729169
-0.739424571395
-0.383021860348
0.553665564861
-0.655676158145
-0.459789414926
0.598901051562
-0.633401987609
-0.562250128676
0.531673504040
-0.500048161088
0.859806522106
0.103366247566
-0.470271611783
0.854764583270
0.219595351359
-0.434330459953
0.837797481589
0.330835958445
-0.392175939739
0.808812052038
0.438202118626
-0.767871930874
0.539880041269
0.344822039341
-0.715498630244
0.633861151939
0.293737553237
-0.652703673973
0.718558097045
0.240108673631
-0.580596840393
0.793446360406
0.182620322212
-0.548791429895
0.781612857819
0.296495037001
-0.509363981070
0.758992258528
0.405560212895
-0.463688648190
0.724472565822
0.510031703829
-0.677539455365
0.608488334763
0.413137063069
-0.618625905749
0.699276872806
0.358209218050
-0.575277259327
0.670276464690
0.468812900616
-0.629261888377
0.573089049181
0.524974682766
-0.802508794237
0.067954304265
-0.592757832259
-0.739981322084
0.148655394607
-0.655994829722
-0.668045530561
0.225923483053
-0.708994886372
-0.586271124426
0.300664261474
-0.752254724503
-0.784605592024
0.496070747623
-0.371897671837
-0.805011231452
0.399514119554
-0.438571984414
-0.813129752409
0.298557171019
-0.499683521222
-0.810003107879
0.192852954894
-0.553807460237
-0.743166016880
0.272733582541
-0.610999725293
-0.666255248245
0.348245588525
-0.659415615723
-0.579759815242
0.420594305365
-0.697838797234
-0.724718727637
0.484971396390
-0.489474729169
-0.739424571395
0.383021860348
-0.553665564861
-0.655676158145
0.459789414926
-0.598901051562
-0.633401987609
0.562250128676
-0.531673504040
-0.432093856824
-0.901804591823
-0.006586126416
-0.321616217176
-0.946638669748
-0.020934129725
-0.208406976900
-0.977425872973
-0.034715915992
-0.091511678265
-0.994632784831
-0.048282875641
-0.271801183251
-0.846468624124
-0.457837291138
-0.315984510690
-0.880774456809
-0.352689871186
-0.354146502954
-0.903076576320
-0.242966976662
-0.387743885499
-0.912636041361
-0.129422313637
-0.276057847354
-0.950171481703
-0.144797169424
-0.161118392544
-0.974219868669
-0.157912985771
-0.043094342825
-0.984414142013
-0.170504177726
-0.192568058975
-0.908217141304
-0.371563139863
-0.235604045401
-0.935997400935
-0.261533170427
-0.115487844401
-0.954441950781
-0.275142000401
-0.067011759701
-0.920578738881
-0.384765135610
0.798438344258
-0.057297727869
0.599343958675
0.727043318388
-0.114783261186
0.676928959447
0.646589914528
-0.169751951027
0.743710802364
0.556430666205
-0.222540927612
0.800537600144
0.501646584783
0.244725550755
0.829734962975
0.587036903571
0.171150079513
0.791261855600
0.662967902688
0.094571655364
0.742650497884
0.730015719149
0.016556747474
0.683229773875
0.653676444702
-0.038446840939
0.755796894717
0.568659655773
-0.092737010283
0.817328601494
0.474382438184
-0.144712750580
0.868342974960
0.495080078235
0.116230392874
0.861037869032
0.577788182885
0.040147698589
0.815198735289
0.485629050165
-0.014600306545
0.874043051963
0.395604056115
0.060312938428
0.916438639650
0.802508794237
-0.067954304265
-0.592757832259
0.739981322084
-0.148655394607
-0.655994829722
0.668045530561
-0.225923483053
-0.708994886372
0.586271124426
-0.300664261474
-0.752254724503
0.784605592024
-0.496070747623
-0.371897671837
0.805011231452
-0.399514119554
-0.438571984414
0.813129752409
-0.298557171019
-0.499683521222
0.810003107879
-0.192852954894
-0.553807460237
0.743166016880
-0.272733582541
-0.610999725293
0.666255248245
-0.348245588525
-0.659415615723
0.579759815242
-0.420594305365
-0.697838797234
0.724718727637
-0.484971396390
-0.489474729169
0.739424571395
-0.383021860348
-0.553665564861
0.655676158145
-0.459789414926
-0.598901051562
0.633401987609
-0.562250128676
-0.531673504040
0.432093856824
0.901804591823
-0.006586126416
0.321616217176
0.946638669748
-0.020934129725
0.208406976900
0.977425872973
-0.034715915992
0.091511678265
0.994632784831
-0.048282875641
0.271801183251
0.846468624124
-0.457837291138
0.315984510690
0.880774456809
-0.352689871186
0.354146502954
0.903076576320
-0.242966976662
0.387743885499
0.912636041361
-0.129422313637
0.276057847354
0.950171481703
-0.144797169424
0.161118392544
0.974219868669
-0.157912985771
0.043094342825
0.984414142013
-0.170504177726
0.192568058975
0.908217141304
-0.371563139863
0.235604045401
0.935997400935
-0.261533170427
0.115487844401
0.954441950781
-0.275142000401
0.067011759701
0.920578738881
-0.384765135610
0.802508794237
0.067954304265
0.592757832259
0.739981322084
0.148655394607
0.655994829722
0.668045530561
0.225923483053
0.708994886372
0.586271124426
0.300664261474
0.752254724503
0.784605592024
0.496070747623
0.371897671837
0.805011231452
0.399514119554
0.438571984414
0.813129752409
0.298557171019
0.499683521222
0.810003107879
0.192852954894
0.553807460237
0.743166016880
0.272733582541
0.610999725293
0.666255248245
0.348245588525
0.659415615723
0.579759815242
0.420594305365
0.697838797234
0.724718727637
0.484971396390
0.489474729169
0.739424571395
0.383021860348
0.553665564861
0.655676158145
0.459789414926
0.598901051562
0.633401987609
0.562250128676
0.531673504040
0.866392648522
-0.099295797587
-0.489391584693
0.875698712995
-0.206657347664
-0.436399478362
0.872513397581
-0.309380342411
-0.378158927927
0.857094927679
-0.408361660405
-0.314052605877
0.997717332406
-0.061863032101
-0.027075632496
0.986551023125
-0.075763225356
-0.144834431177
0.961525073707
-0.089946823911
-0.259574847591
0.922868674043
-0.102632933482
-0.371187138025
0.926410027243
-0.207005464822
-0.314504688292
0.916905244299
-0.307964620424
-0.253855402827
0.894976743549
-0.404654326770
-0.187807093405
0.980051474626
-0.183498413667
-0.076337666101
0.960810043233
-0.196572829540
-0.195456346811
0.945418465090
-0.298765792636
-0.130088150946
0.957854184791
-0.287176751273
-0.006698821274
-0.099295797587
0.489391584693
-0.866392648522
-0.206657347664
0.436399478362
-0.875698712995
-0.309380342411
0.378158927927
-0.872513397581
-0.408361660405
0.314052605877
-0.857094927679
-0.061863032101
0.027075632496
-0.997717332406
-0.075763225356
0.144834431177
-0.986551023125
-0.089946823911
0.259574847591
-0.961525073707
-0.102632933482
0.371187138025
-0.922868674043
-0.207005464822
0.314504688292
-0.926410027243
-0.307964620424
0.253855402827
-0.916905244299
-0.404654326770
0.187807093405
-0.894976743549
-0.183498413667
0.076337666101
-0.980051474626
-0.196572829540
0.195456346811
-0.960810043233
-0.298765792636
0.130088150946
-0.945418465090
-0.287176751273
0.006698821274
-0.957854184791
0.432093856824
-0.901804591823
0.006586126416
0.321616217176
-0.946638669748
0.020934129725
0.208406976900
-0.977425872973
0.034715915992
0.091511678265
-0.994632784831
0.048282875641
0.271801183251
-0.846468624124
0.457837291138
0.315984510690
-0.880774456809
0.352689871186
0.354146502954
-0.903076576320
0.242966976662
0.387743885499
-0.912636041361
0.129422313637
0.276057847354
-0.950171481703
0.144797169424
0.161118392544
-0.974219868669
0.157912985771
0.043094342825
-0.984414142013
0.170504177726
0.192568058975
-0.908217141304
0.371563139863
0.235604045401
-0.935997400935
0.261533170427
0.115487844401
-0.954441950781
0.275142000401
0.067011759701
-0.920578738881
0.384765135610
-0.901804591823
0.006586126416
0.432093856824
-0.946638669748
0.020934129725
0.321616217176
-0.977425872973
0.034715915992
0.208406976900
-0.994632784831
0.048282875641
0.091511678265
-0.846468624124
0.457837291138
0.271801183251
-0.880774456809
0.352689871186
0.315984510690
-0.903076576320
0.242966976662
0.354146502954
-0.912636041361
0.129422313637
0.387743885499
-0.950171481703
0.144797169424
0.276057847354
-0.974219868669
0.157912985771
0.161118392544
-0.984414142013
0.170504177726
0.043094342825
-0.908217141304
0.371563139863
0.192568058975
-0.935997400935
0.261533170427
0.235604045401
-0.954441950781
0.275142000401
0.115487844401
-0.920578738881
0.384765135610
0.067011759701
0.057297727869
-0.599343958675
0.798438344258
0.114783261186
-0.676928959447
0.727043318388
0.169751951027
-0.743710802364
0.646589914528
0.222540927612
-0.800537600144
0.556430666205
-0.244725550755
-0.829734962975
0.501646584783
-0.171150079513
-0.791261855600
0.587036903571
-0.094571655364
-0.742650497884
0.662967902688
-0.016556747474
-0.683229773875
0.730015719149
0.038446840939
-0.755796894717
0.653676444702
0.092737010283
-0.817328601494
0.568659655773
0.144712750580
-0.868342974960
0.474382438184
-0.116230392874
-0.861037869032
0.495080078235
-0.040147698589
-0.815198735289
0.577788182885
0.014600306545
-0.874043051963
0.485629050165
-0.060312938428
-0.916438639650
0.395604056115
-0.859806522106
0.103366247566
0.500048161088
-0.854764583270
0.219595351359
0.470271611783
-0.837797481589
0.330835958445
0.434330459953
-0.808812052038
0.438202118626
0.392175939739
-0.539880041269
0.344822039341
0.767871930874
-0.633861151939
0.293737553237
0.715498630244
-0.718558097045
0.240108673631
0.652703673973
-0.793446360406
0.182620322212
0.580596840393
-0.781612857819
0.296495037001
0.548791429895
-0.758992258528
0.405560212895
0.509363981070
-0.724472565822
0.510031703829
0.463688648190
-0.608488334763
0.413137063069
0.677539455365
-0.699276872806
0.358209218050
0.618625905749
-0.670276464690
0.468812900616
0.575277259327
-0.573089049181
0.524974682766
0.629261888377
-0.500048161088
-0.859806522106
-0.103366247566
-0.470271611783
-0.854764583270
-0.219595351359
-0.434330459953
-0.837797481589
-0.330835958445
-0.392175939739
-0.808812052038
-0.438202118626
-0.767871930874
-0.539880041269
-0.344822039341
-0.715498630244
-0.633861151939
-0.293737553237
-0.652703673973
-0.718558097045
-0.240108673631
-0.580596840393
-0.793446360406
-0.182620322212
-0.548791429895
-0.781612857819
-0.296495037001
-0.509363981070
-0.758992258528
-0.405560212895
-0.463688648190
-0.724472565822
-0.510031703829
-0.677539455365
-0.608488334763
-0.413137063069
-0.618625905749
-0.699276872806
-0.358209218050
-0.575277259327
-0.670276464690
-0.468812900616
-0.629261888377
-0.573089049181
-0.524974682766
0.103366247566
-0.500048161088
0.859806522106
0.219595351359
-0.470271611783
0.854764583270
0.330835958445
-0.434330459953
0.837797481589
0.438202118626
-0.392175939739
0.808812052038
0.344822039341
-0.767871930874
0.539880041269
0.293737553237
-0.715498630244
0.633861151939
0.240108673631
-0.652703673973
0.718558097045
0.182620322212
-0.580596840393
0.793446360406
0.296495037001
-0.548791429895
0.781612857819
0.405560212895
-0.509363981070
0.758992258528
0.510031703829
-0.463688648190
0.724472565822
0.413137063069
-0.677539455365
0.608488334763
0.358209218050
-0.618625905749
0.699276872806
0.468812900616
-0.575277259327
0.670276464690
0.524974682766
-0.629261888377
0.573089049181
-0.798438344258
0.057297727869
0.599343958675
-0.727043318388
0.114783261186
0.676928959447
-0.646589914528
0.169751951027
0.743710802364
-0.556430666205
0.222540927612
0.800537600144
-0.501646584783
-0.244725550755
0.829734962975
-0.587036903571
-0.171150079513
0.791261855600
-0.662967902688
-0.094571655364
0.742650497884
-0.730015719149
-0.016556747474
0.683229773875
-0.653676444702
0.038446840939
0.755796894717
-0.568659655773
0.092737010283
0.817328601494
-0.474382438184
0.144712750580
0.868342974960
-0.495080078235
-0.116230392874
0.861037869032
-0.577788182885
-0.040147698589
0.815198735289
-0.485629050165
0.014600306545
0.874043051963
-0.395604056115
-0.060312938428
0.916438639650
0.489391584693
-0.866392648522
-0.099295797587
0.436399478362
-0.875698712995
-0.206657347664
0.378158927927
-0.872513397581
-0.309380342411
0.314052605877
-0.857094927679
-0.408361660405
0.027075632496
-0.997717332406
-0.061863032101
0.144834431177
-0.986551023125
-0.075763225356
0.259574847591
-0.961525073707
-0.089946823911
0.371187138025
-0.922868674043
-0.102632933482
0.314504688292
-0.926410027243
-0.207005464822
0.253855402827
-0.916905244299
-0.307964620424
0.187807093405
-0.894976743549
-0.404654326770
0.076337666101
-0.980051474626
-0.183498413667
0.195456346811
-0.960810043233
-0.196572829540
0.130088150946
-0.945418465090
-0.298765792636
0.006698821274
-0.957854184791
-0.287176751273
0.866392648522
0.099295797587
0.489391584693
0.875698712995
0.206657347664
0.436399478362
0.872513397581
0.309380342411
0.378158927927
0.857094927679
0.408361660405
0.314052605877
0.997717332406
0.061863032101
0.027075632496
0.986551023125
0.075763225356
0.144834431177
0.961525073707
0.089946823911
0.259574847591
0.922868674043
0.102632933482
0.371187138025
0.926410027243
0.207005464822
0.314504688292
0.916905244299
0.307964620424
0.253855402827
0.894976743549
0.404654326770
0.187807093405
0.980051474626
0.183498413667
0.076337666101
0.960810043233
0.196572829540
0.195456346811
0.945418465090
0.298765792636
0.130088150946
0.957854184791
0.287176751273
0.006698821274
0.006586126416
-0.432093856824
0.901804591823
0.020934129725
-0.321616217176
0.946638669748
0.034715915992
-0.208406976900
0.977425872973
0.048282875641
-0.091511678265
0.994632784831
0.457837291138
-0.271801183251
0.846468624124
0.352689871186
-0.315984510690
0.880774456809
0.242966976662
-0.354146502954
0.903076576320
0.129422313637
-0.387743885499
0.912636041361
0.144797169424
-0.276057847354
0.950171481703
0.157912985771
-0.161118392544
0.974219868669
0.170504177726
-0.043094342825
0.984414142013
0.371563139863
-0.192568058975
0.908217141304
0.261533170427
-0.235604045401
0.935997400935
0.275142000401
-0.115487844401
0.954441950781
0.384765135610
-0.067011759701
0.920578738881
0.798438344258
0.057297727869
-0.599343958675
0.727043318388
0.114783261186
-0.676928959447
0.646589914528
0.169751951027
-0.743710802364
0.556430666205
0.222540927612
-0.800537600144
0.501646584783
-0.244725550755
-0.829734962975
0.587036903571
-0.171150079513
-0.791261855600
0.662967902688
-0.094571655364
-0.742650497884
0.730015719149
-0.016556747474
-0.683229773875
0.653676444702
0.038446840939
-0.755796894717
0.568659655773
0.092737010283
-0.817328601494
0.474382438184
0.144712750580
-0.868342974960
0.495080078235
-0.116230392874
-0.861037869032
0.577788182885
-0.040147698589
-0.815198735289
0.485629050165
0.014600306545
-0.874043051963
0.395604056115
-0.060312938428
-0.916438639650
-0.599343958675
-0.798438344258
-0.057297727869
-0.676928959447
-0.727043318388
-0.114783261186
-0.743710802364
-0.646589914528
-0.169751951027
-0.800537600144
-0.556430666205
-0.222540927612
-0.829734962975
-0.501646584783
0.244725550755
-0.791261855600
-0.587036903571
0.171150079513
-0.742650497884
-0.662967902688
0.094571655364
-0.683229773875
-0.730015719149
0.016556747474
-0.755796894717
-0.653676444702
-0.038446840939
-0.817328601494
-0.568659655773
-0.092737010283
-0.868342974960
-0.474382438184
-0.144712750580
-0.861037869032
-0.495080078235
0.116230392874
-0.815198735289
-0.577788182885
0.040147698589
-0.874043051963
-0.485629050165
-0.014600306545
-0.916438639650
-0.395604056115
0.060312938428
0.500048161088
-0.859806522106
0.103366247566
0.470271611783
-0.854764583270
0.219595351359
0.434330459953
-0.837797481589
0.330835958445
0.392175939739
-0.808812052038
0.438202118626
0.767871930874
-0.539880041269
0.344822039341
0.715498630244
-0.633861151939
0.293737553237
0.652703673973
-0.718558097045
0.240108673631
0.580596840393
-0.793446360406
0.182620322212
0.548791429895
-0.781612857819
0.296495037001
0.509363981070
-0.758992258528
0.405560212895
0.463688648190
-0.724472565822
0.510031703829
0.677539455365
-0.608488334763
0.413137063069
0.618625905749
-0.699276872806
0.358209218050
0.575277259327
-0.670276464690
0.468812900616
0.629261888377
-0.573089049181
0.524974682766
-0.103366247566
-0.500048161088
-0.859806522106
-0.219595351359
-0.470271611783
-0.854764583270
-0.330835958445
-0.434330459953
-0.837797481589
-0.438202118626
-0.392175939739
-0.808812052038
-0.344822039341
-0.767871930874
-0.539880041269
-0.293737553237
-0.715498630244
-0.633861151939
-0.240108673631
-0.652703673973
-0.718558097045
-0.182620322212
-0.580596840393
-0.793446360406
-0.296495037001
-0.548791429895
-0.781612857819
-0.405560212895
-0.509363981070
-0.758992258528
-0.510031703829
-0.463688648190
-0.724472565822
-0.413137063069
-0.677539455365
-0.608488334763
-0.358209218050
-0.618625905749
-0.699276872806
-0.468812900616
-0.575277259327
-0.670276464690
-0.524974682766
-0.629261888377
-0.573089049181
0.103366247566
0.500048161088
-0.859806522106
0.219595351359
0.470271611783
-0.854764583270
0.330835958445
0.434330459953
-0.837797481589
0.438202118626
0.392175939739
-0.808812052038
0.344822039341
0.767871930874
-0.539880041269
0.293737553237
0.715498630244
-0.633861151939
0.240108673631
0.652703673973
-0.718558097045
0.182620322212
0.580596840393
-0.793446360406
0.296495037001
0.548791429895
-0.781612857819
0.405560212895
0.509363981070
-0.758992258528
0.510031703829
0.463688648190
-0.724472565822
0.413137063069
0.677539455365
-0.608488334763
0.358209218050
0.618625905749
-0.699276872806
0.468812900616
0.575277259327
-0.670276464690
0.524974682766
0.629261888377
-0.573089049181
-0.859806522106
-0.103366247566
-0.500048161088
-0.854764583270
-0.219595351359
-0.470271611783
-0.837797481589
-0.330835958445
-0.434330459953
-0.808812052038
-0.438202118626
-0.392175939739
-0.539880041269
-0.344822039341
-0.767871930874
-0.633861151939
-0.293737553237
-0.715498630244
-0.718558097045
-0.240108673631
-0.652703673973
-0.793446360406
-0.182620322212
-0.580596840393
-0.781612857819
-0.296495037001
-0.548791429895
-0.758992258528
-0.405560212895
-0.509363981070
-0.724472565822
-0.510031703829
-0.463688648190
-0.608488334763
-0.413137063069
-0.677539455365
-0.699276872806
-0.358209218050
-0.618625905749
-0.670276464690
-0.468812900616
-0.575277259327
-0.573089049181
-0.524974682766
-0.629261888377
-0.599343958675
0.798438344258
0.057297727869
-0.676928959447
0.727043318388
0.114783261186
-0.743710802364
0.646589914528
0.169751951027
-0.800537600144
0.556430666205
0.222540927612
-0.829734962975
0.501646584783
-0.244725550755
-0.791261855600
0.587036903571
-0.171150079513
-0.742650497884
0.662967902688
-0.094571655364
-0.683229773875
0.730015719149
-0.016556747474
-0.755796894717
0.653676444702
0.038446840939
-0.817328601494
0.568659655773
0.092737010283
-0.868342974960
0.474382438184
0.144712750580
-0.861037869032
0.495080078235
-0.116230392874
-0.815198735289
0.577788182885
-0.040147698589
-0.874043051963
0.485629050165
0.014600306545
-0.916438639650
0.395604056115
-0.060312938428
0.057297727869
0.599343958675
-0.798438344258
0.114783261186
0.676928959447
-0.727043318388
0.169751951027
0.743710802364
-0.646589914528
0.222540927612
0.800537600144
-0.556430666205
-0.244725550755
0.829734962975
-0.501646584783
-0.171150079513
0.791261855600
-0.587036903571
-0.094571655364
0.742650497884
-0.662967902688
-0.016556747474
0.683229773875
-0.730015719149
0.038446840939
0.755796894717
-0.653676444702
0.092737010283
0.817328601494
-0.568659655773
0.144712750580
0.868342974960
-0.474382438184
-0.116230392874
0.861037869032
-0.495080078235
-0.040147698589
0.815198735289
-0.577788182885
0.014600306545
0.874043051963
-0.485629050165
-0.060312938428
0.916438639650
-0.395604056115
0.067954304265
-0.592757832259
-0.802508794237
0.148655394607
-0.655994829722
-0.739981322084
0.225923483053
-0.708994886372
-0.668045530561
0.300664261474
-0.752254724503
-0.586271124426
0.496070747623
-0.371897671837
-0.784605592024
0.399514119554
-0.438571984414
-0.805011231452
0.298557171019
-0.499683521222
-0.813129752409
0.192852954894
-0.553807460237
-0.810003107879
0.272733582541
-0.610999725293
-0.743166016880
0.348245588525
-0.659415615723
-0.666255248245
0.420594305365
-0.697838797234
-0.579759815242
0.484971396390
-0.489474729169
-0.724718727637
0.383021860348
-0.553665564861
-0.739424571395
0.459789414926
-0.598901051562
-0.655676158145
0.562250128676
-0.531673504040
-0.633401987609
-0.901804591823
-0.006586126416
-0.432093856824
-0.946638669748
-0.020934129725
-0.321616217176
-0.977425872973
-0.034715915992
-0.208406976900
-0.994632784831
-0.048282875641
-0.091511678265
-0.846468624124
-0.457837291138
-0.271801183251
-0.880774456809
-0.352689871186
-0.315984510690
-0.903076576320
-0.242966976662
-0.354146502954
-0.912636041361
-0.129422313637
-0.387743885499
-0.950171481703
-0.144797169424
-0.276057847354
-0.974219868669
-0.157912985771
-0.161118392544
-0.984414142013
-0.170504177726
-0.043094342825
-0.908217141304
-0.371563139863
-0.192568058975
-0.935997400935
-0.261533170427
-0.235604045401
-0.954441950781
-0.275142000401
-0.115487844401
-0.920578738881
-0.384765135610
-0.067011759701
-0.067954304265
0.592757832259
-0.802508794237
-0.148655394607
0.655994829722
-0.739981322084
-0.225923483053
0.708994886372
-0.668045530561
-0.300664261474
0.752254724503
-0.586271124426
-0.496070747623
0.371897671837
-0.784605592024
-0.399514119554
0.438571984414
-0.805011231452
-0.298557171019
0.499683521222
-0.813129752409
-0.192852954894
0.553807460237
-0.810003107879
-0.272733582541
0.610999725293
-0.743166016880
-0.348245588525
0.659415615723
-0.666255248245
-0.420594305365
0.697838797234
-0.579759815242
-0.484971396390
0.489474729169
-0.724718727637
-0.383021860348
0.553665564861
-0.739424571395
-0.459789414926
0.598901051562
-0.655676158145
-0.562250128676
0.531673504040
-0.633401987609
0.901804591823
0.006586126416
-0.432093856824
0.946638669748
0.020934129725
-0.321616217176
0.977425872973
0.034715915992
-0.208406976900
0.994632784831
0.048282875641
-0.091511678265
0.846468624124
0.457837291138
-0.271801183251
0.880774456809
0.352689871186
-0.315984510690
0.903076576320
0.242966976662
-0.354146502954
0.912636041361
0.129422313637
-0.387743885499
0.950171481703
0.144797169424
-0.276057847354
0.974219868669
0.157912985771
-0.161118392544
0.984414142013
0.170504177726
-0.043094342825
0.908217141304
0.371563139863
-0.192568058975
0.935997400935
0.261533170427
-0.235604045401
0.954441950781
0.275142000401
-0.115487844401
0.920578738881
0.384765135610
-0.067011759701
-0.057297727869
-0.599343958675
-0.798438344258
-0.114783261186
-0.676928959447
-0.727043318388
-0.169751951027
-0.743710802364
-0.646589914528
-0.222540927612
-0.800537600144
-0.556430666205
0.244725550755
-0.829734962975
-0.501646584783
0.171150079513
-0.791261855600
-0.587036903571
0.094571655364
-0.742650497884
-0.662967902688
0.016556747474
-0.683229773875
-0.730015719149
-0.038446840939
-0.755796894717
-0.653676444702
-0.092737010283
-0.817328601494
-0.568659655773
-0.144712750580
-0.868342974960
-0.474382438184
0.116230392874
-0.861037869032
-0.495080078235
0.040147698589
-0.815198735289
-0.577788182885
-0.014600306545
-0.874043051963
-0.485629050165
0.060312938428
-0.916438639650
-0.395604056115
0.859806522106
0.103366247566
-0.500048161088
0.854764583270
0.219595351359
-0.470271611783
0.837797481589
0.330835958445
-0.434330459953
0.808812052038
0.438202118626
-0.392175939739
0.539880041269
0.344822039341
-0.767871930874
0.633861151939
0.293737553237
-0.715498630244
0.718558097045
0.240108673631
-0.652703673973
0.793446360406
0.182620322212
-0.580596840393
0.781612857819
0.296495037001
-0.548791429895
0.758992258528
0.405560212895
-0.509363981070
0.724472565822
0.510031703829
-0.463688648190
0.608488334763
0.413137063069
-0.677539455365
0.699276872806
0.358209218050
-0.618625905749
0.670276464690
0.468812900616
-0.575277259327
0.573089049181
0.524974682766
-0.629261888377
-0.866392648522
0.099295797587
-0.489391584693
-0.875698712995
0.206657347664
-0.436399478362
-0.872513397581
0.309380342411
-0.378158927927
-0.857094927679
0.408361660405
-0.314052605877
-0.997717332406
0.061863032101
-0.027075632496
-0.986551023125
0.075763225356
-0.144834431177
-0.961525073707
0.089946823911
-0.259574847591
-0.922868674043
0.102632933482
-0.371187138025
-0.926410027243
0.207005464822
-0.314504688292
-0.916905244299
0.307964620424
-0.253855402827
-0.894976743549
0.404654326770
-0.187807093405
-0.980051474626
0.183498413667
-0.076337666101
-0.960810043233
0.196572829540
-0.195456346811
-0.945418465090
0.298765792636
-0.130088150946
-0.957854184791
0.287176751273
-0.006698821274
0.099295797587
-0.489391584693
-0.866392648522
0.206657347664
-0.436399478362
-0.875698712995
0.309380342411
-0.378158927927
-0.872513397581
0.408361660405
-0.314052605877
-0.857094927679
0.061863032101
-0.027075632496
-0.997717332406
0.075763225356
-0.144834431177
-0.986551023125
0.089946823911
-0.259574847591
-0.961525073707
0.102632933482
-0.371187138025
-0.922868674043
0.207005464822
-0.314504688292
-0.926410027243
0.307964620424
-0.253855402827
-0.916905244299
0.404654326770
-0.187807093405
-0.894976743549
0.183498413667
-0.076337666101
-0.980051474626
0.196572829540
-0.195456346811
-0.960810043233
0.298765792636
-0.130088150946
-0.945418465090
0.287176751273
-0.006698821274
-0.957854184791
0.592757832259
-0.802508794237
-0.067954304265
0.655994829722
-0.739981322084
-0.148655394607
0.708994886372
-0.668045530561
-0.225923483053
0.752254724503
-0.586271124426
-0.300664261474
0.371897671837
-0.784605592024
-0.496070747623
0.438571984414
-0.805011231452
-0.399514119554
0.499683521222
-0.813129752409
-0.298557171019
0.553807460237
-0.810003107879
-0.192852954894
0.610999725293
-0.743166016880
-0.272733582541
0.659415615723
-0.666255248245
-0.348245588525
0.697838797234
-0.579759815242
-0.420594305365
0.489474729169
-0.724718727637
-0.484971396390
0.553665564861
-0.739424571395
-0.383021860348
0.598901051562
-0.655676158145
-0.459789414926
0.531673504040
-0.633401987609
-0.562250128676
-0.592757832259
-0.802508794237
0.067954304265
-0.655994829722
-0.739981322084
0.148655394607
-0.708994886372
-0.668045530561
0.225923483053
-0.752254724503
-0.586271124426
0.300664261474
-0.371897671837
-0.784605592024
0.496070747623
-0.438571984414
-0.805011231452
0.399514119554
-0.499683521222
-0.813129752409
0.298557171019
-0.553807460237
-0.810003107879
0.192852954894
-0.610999725293
-0.743166016880
0.272733582541
-0.659415615723
-0.666255248245
0.348245588525
-0.697838797234
-0.579759815242
0.420594305365
-0.489474729169
-0.724718727637
0.484971396390
-0.553665564861
-0.739424571395
0.383021860348
-0.598901051562
-0.655676158145
0.459789414926
-0.531673504040
-0.633401987609
0.562250128676
-0.489391584693
-0.866392648522
0.099295797587
-0.436399478362
-0.875698712995
0.206657347664
-0.378158927927
-0.872513397581
0.309380342411
-0.314052605877
-0.857094927679
0.408361660405
-0.027075632496
-0.997717332406
0.061863032101
-0.144834431177
-0.986551023125
0.075763225356
-0.259574847591
-0.961525073707
0.089946823911
-0.371187138025
-0.922868674043
0.102632933482
-0.314504688292
-0.926410027243
0.207005464822
-0.253855402827
-0.916905244299
0.307964620424
-0.187807093405
-0.894976743549
0.404654326770
-0.076337666101
-0.980051474626
0.183498413667
-0.195456346811
-0.960810043233
0.196572829540
-0.130088150946
-0.945418465090
0.298765792636
-0.006698821274
-0.957854184791
0.287176751273
0.489391584693
0.866392648522
0.099295797587
0.436399478362
0.875698712995
0.206657347664
0.378158927927
0.872513397581
0.309380342411
0.314052605877
0.857094927679
0.408361660405
0.027075632496
0.997717332406
0.061863032101
0.144834431177
0.986551023125
0.075763225356
0.259574847591
0.961525073707
0.089946823911
0.371187138025
0.922868674043
0.102632933482
0.314504688292
0.926410027243
0.207005464822
0.253855402827
0.916905244299
0.307964620424
0.187807093405
0.894976743549
0.404654326770
0.076337666101
0.980051474626
0.183498413667
0.195456346811
0.960810043233
0.196572829540
0.130088150946
0.945418465090
0.298765792636
0.006698821274
0.957854184791
0.287176751273
-0.006586126416
-0.432093856824
-0.901804591823
-0.020934129725
-0.321616217176
-0.946638669748
-0.034715915992
-0.208406976900
-0.977425872973
-0.048282875641
-0.091511678265
-0.994632784831
-0.457837291138
-0.271801183251
-0.846468624124
-0.352689871186
-0.315984510690
-0.880774456809
-0.242966976662
-0.354146502954
-0.903076576320
-0.129422313637
-0.387743885499
-0.912636041361
-0.144797169424
-0.276057847354
-0.950171481703
-0.157912985771
-0.161118392544
-0.974219868669
-0.170504177726
-0.043094342825
-0.984414142013
-0.371563139863
-0.192568058975
-0.908217141304
-0.261533170427
-0.235604045401
-0.935997400935
-0.275142000401
-0.115487844401
-0.954441950781
-0.384765135610
-0.067011759701
-0.920578738881
0.599343958675
-0.798438344258
0.057297727869
0.676928959447
-0.727043318388
0.114783261186
0.743710802364
-0.646589914528
0.169751951027
0.800537600144
-0.556430666205
0.222540927612
0.829734962975
-0.501646584783
-0.244725550755
0.791261855600
-0.587036903571
-0.171150079513
0.742650497884
-0.662967902688
-0.094571655364
0.683229773875
-0.730015719149
-0.016556747474
0.755796894717
-0.653676444702
0.038446840939
0.817328601494
-0.568659655773
0.092737010283
0.868342974960
-0.474382438184
0.144712750580
0.861037869032
-0.495080078235
-0.116230392874
0.815198735289
-0.577788182885
-0.040147698589
0.874043051963
-0.485629050165
0.014600306545
0.916438639650
-0.395604056115
-0.060312938428
