0.434875972569
0.862855752464
0.257609857966
0.558577053249
0.817659353372
0.139373087171
0.450256108772
0.794655879959
0.407174985675
0.581115435809
0.759357007686
0.292714511329
0.707340815570
0.635768793058
0.308977365518
0.453537779395
0.702389906161
0.548590833304
0.587714146823
0.679930471815
0.438505000110
0.525731112119
0.850650808352
0.000000000000
0.000000000000
0.525731112119
-0.850650808352
-0.525731112119
0.850650808352
0.000000000000
0.000000000000
0.525731112119
0.850650808352
0.850650808352
-0.000000000000
0.525731112119
-0.850650808352
-0.000000000000
0.525731112119
-0.000000000000
-0.525731112119
0.850650808352
-0.850650808352
-0.000000000000
-0.525731112119
-0.525731112119
-0.850650808352
0.000000000000
0.850650808352
-0.000000000000
-0.525731112119
0.525731112119
-0.850650808352
0.000000000000
0.000000000000
-0.525731112119
-0.850650808352
0.577350269190
0.577350269190
0.577350269190
0.356822089773
0.000000000000
-0.934172358963
-0.577350269190
0.577350269190
-0.577350269190
-0.356822089773
0.000000000000
0.934172358963
0.934172358963
0.356822089773
-0.000000000000
0.000000000000
0.934172358963
-0.356822089773
-0.577350269190
0.577350269190
0.577350269190
0.577350269190
-0.577350269190
0.577350269190
-0.934172358963
-0.356822089773
-0.000000000000
0.577350269190
0.577350269190
-0.577350269190
-0.000000000000
0.934172358963
0.356822089773
-0.577350269190
-0.577350269190
0.577350269190
0.934172358963
-0.356822089773
0.000000000000
0.356822089773
-0.000000000000
0.934172358963
-0.356822089773
-0.000000000000
-0.934172358963
-0.000000000000
-0.934172358963
-0.356822089773
0.577350269190
-0.577350269190
-0.577350269190
0.000000000000
-0.934172358963
0.356822089773
-0.934172358963
0.356822089773
0.000000000000
-0.577350269190
-0.577350269190
-0.577350269190
1.000000000000
0.000000000000
0.000000000000
-0.500000000000
-0.309016994375
-0.809016994375
-1.000000000000
0.000000000000
0.000000000000
0.500000000000
-0.309016994375
0.809016994375
0.500000000000
0.309016994375
-0.809016994375
-0.500000000000
0.309016994375
-0.809016994375
-0.500000000000
-0.309016994375
0.809016994375
0.809016994375
-0.500000000000
-0.309016994375
-0.309016994375
-0.809016994375
0.500000000000
-0.309016994375
0.809016994375
-0.500000000000
-0.809016994375
0.500000000000
0.309016994375
0.000000000000
-1.000000000000
0.000000000000
0.809016994375
0.500000000000
-0.309016994375
-0.000000000000
1.000000000000
0.000000000000
-0.809016994375
-0.500000000000
0.309016994375
0.809016994375
0.500000000000
0.309016994375
0.309016994375
0.809016994375
-0.500000000000
-0.309016994375
-0.809016994375
-0.500000000000
0.000000000000
-0.000000000000
1.000000000000
0.309016994375
0.809016994375
0.500000000000
0.000000000000
0.000000000000
-1.000000000000
0.309016994375
-0.809016994375
0.500000000000
-0.309016994375
0.809016994375
0.500000000000
0.309016994375
-0.809016994375
-0.500000000000
-0.809016994375
0.500000000000
-0.309016994375
-0.809016994375
-0.500000000000
-0.309016994375
0.809016994375
-0.500000000000
0.309016994375
0.500000000000
0.309016994375
0.809016994375
0.500000000000
-0.309016994375
-0.809016994375
-0.500000000000
0.309016994375
0.809016994375
0.257609857934
0.434875972486
-0.862855752516
0.086137305257
0.419203966780
-0.903796657926
0.349845600297
0.300165829298
-0.887416774055
0.180907516434
0.288400922993
-0.940264525607
0.092760893344
0.141278742492
-0.985614393962
0.434100835085
0.153799072685
-0.887638614651
0.271010994580
0.149209147434
-0.950941465674
-0.434875972569
0.862855752464
-0.257609857966
-0.558577053249
0.817659353372
-0.139373087171
-0.450256108772
0.794655879959
-0.407174985675
-0.581115435809
0.759357007686
-0.292714511329
-0.707340815570
0.635768793058
-0.308977365518
-0.453537779395
0.702389906161
-0.548590833304
-0.587714146823
0.679930471815
-0.438505000110
-0.257609857934
0.434875972486
0.862855752516
-0.086137305257
0.419203966780
0.903796657926
-0.349845600297
0.300165829298
0.887416774055
-0.180907516434
0.288400922993
0.940264525607
-0.092760893344
0.141278742492
0.985614393962
-0.434100835085
0.153799072685
0.887638614651
-0.271010994580
0.149209147434
0.950941465674
0.692485830503
0.703644104424
0.159211648009
0.644714358506
0.764423571024
0.000000000434
0.800101709069
0.578439408161
0.158887086420
0.762022952243
0.647550013710
-0.000000000919
0.800101708914
0.578439408144
-0.158887087260
0.887638614480
0.434100835533
0.153799072408
0.858725141403
0.512436465840
0.000000000446
-0.275664324477
0.961253962390
-0.000000000051
-0.419203966346
0.903796658195
-0.086137304555
-0.141278742878
0.985614393836
-0.092760894096
-0.288400923912
0.940264525039
-0.180907517921
-0.300165829752
0.887416773662
-0.349845600905
-0.000000000277
0.982691668838
-0.185248708490
-0.149209146988
0.950941465950
-0.271010993859
-0.159211648092
0.692485830452
0.703644104456
-0.139373086903
0.558577053951
0.817659352938
-0.308977365894
0.707340814973
0.635768793540
-0.292714511897
0.581115434322
0.759357008605
-0.407174985818
0.450256108010
0.794655880318
-0.453537779118
0.702389905990
0.548590833752
-0.438504999835
0.587714147544
0.679930471369
0.703644104456
-0.159211648092
0.692485830452
0.817659352938
-0.139373086903
0.558577053951
0.635768793540
-0.308977365894
0.707340814973
0.759357008605
-0.292714511897
0.581115434322
0.794655880318
-0.407174985818
0.450256108010
0.548590833752
-0.453537779118
0.702389905990
0.679930471369
-0.438504999835
0.587714147544
-0.961253962390
-0.000000000051
0.275664324477
-0.903796658195
-0.086137304555
0.419203966346
-0.985614393836
-0.092760894096
0.141278742878
-0.940264525039
-0.180907517921
0.288400923912
-0.887416773662
-0.349845600905
0.300165829752
-0.982691668838
-0.185248708490
0.000000000277
-0.950941465950
-0.271010993859
0.149209146988
0.692485830452
0.703644104456
-0.159211648092
0.558577053951
0.817659352938
-0.139373086903
0.707340814973
0.635768793540
-0.308977365894
0.581115434322
0.759357008605
-0.292714511897
0.450256108010
0.794655880318
-0.407174985818
0.702389905990
0.548590833752
-0.453537779118
0.587714147544
0.679930471369
-0.438504999835
0.159211648009
0.692485830503
0.703644104424
0.000000000434
0.644714358506
0.764423571024
0.158887086420
0.800101709069
0.578439408161
-0.000000000919
0.762022952243
0.647550013710
-0.158887087260
0.800101708914
0.578439408144
0.153799072408
0.887638614480
0.434100835533
0.000000000446
0.858725141403
0.512436465840
-0.257609857966
-0.434875972569
0.862855752464
-0.139373087171
-0.558577053249
0.817659353372
-0.407174985675
-0.450256108772
0.794655879959
-0.292714511329
-0.581115435809
0.759357007686
-0.308977365518
-0.707340815570
0.635768793058
-0.548590833304
-0.453537779395
0.702389906161
-0.438505000110
-0.587714146823
0.679930471815
0.862855752516
-0.257609857934
0.434875972486
0.903796657926
-0.086137305257
0.419203966780
0.887416774055
-0.349845600297
0.300165829298
0.940264525607
-0.180907516434
0.288400922993
0.985614393962
-0.092760893344
0.141278742492
0.887638614651
-0.434100835085
0.153799072685
0.950941465674
-0.271010994580
0.149209147434
0.257609857966
0.434875972569
0.862855752464
0.139373087171
0.558577053249
0.817659353372
0.407174985675
0.450256108772
0.794655879959
0.292714511329
0.581115435809
0.759357007686
0.308977365518
0.707340815570
0.635768793058
0.548590833304
0.453537779395
0.702389906161
0.438505000110
0.587714146823
0.679930471815
-0.000000000051
-0.275664324477
0.961253962390
-0.086137304555
-0.419203966346
0.903796658195
-0.092760894096
-0.141278742878
0.985614393836
-0.180907517921
-0.288400923912
0.940264525039
-0.349845600905
-0.300165829752
0.887416773662
-0.185248708490
-0.000000000277
0.982691668838
-0.271010993859
-0.149209146988
0.950941465950
0.000000000051
0.275664324477
0.961253962390
0.086137304555
0.419203966346
0.903796658195
0.092760894096
0.141278742878
0.985614393836
0.180907517921
0.288400923912
0.940264525039
0.349845600905
0.300165829752
0.887416773662
0.185248708490
0.000000000277
0.982691668838
0.271010993859
0.149209146988
0.950941465950
-0.434875972486
0.862855752516
0.257609857934
-0.419203966780
0.903796657926
0.086137305257
-0.300165829298
0.887416774055
0.349845600297
-0.288400922993
0.940264525607
0.180907516434
-0.141278742492
0.985614393962
0.092760893344
-0.153799072685
0.887638614651
0.434100835085
-0.149209147434
0.950941465674
0.271010994580
-0.703644104424
0.159211648009
-0.692485830503
-0.764423571024
0.000000000434
-0.644714358506
-0.578439408161
0.158887086420
-0.800101709069
-0.647550013710
-0.000000000919
-0.762022952243
-0.578439408144
-0.158887087260
-0.800101708914
-0.434100835533
0.153799072408
-0.887638614480
-0.512436465840
0.000000000446
-0.858725141403
-0.862855752464
-0.257609857966
0.434875972569
-0.817659353372
-0.139373087171
0.558577053249
-0.794655879959
-0.407174985675
0.450256108772
-0.759357007686
-0.292714511329
0.581115435809
-0.635768793058
-0.308977365518
0.707340815570
-0.702389906161
-0.548590833304
0.453537779395
-0.679930471815
-0.438505000110
0.587714146823
-0.692485830452
0.703644104456
0.159211648092
-0.558577053951
0.817659352938
0.139373086903
-0.707340814973
0.635768793540
0.308977365894
-0.581115434322
0.759357008605
0.292714511897
-0.450256108010
0.794655880318
0.407174985818
-0.702389905990
0.548590833752
0.453537779118
-0.587714147544
0.679930471369
0.438504999835
-0.862855752464
0.257609857966
-0.434875972569
-0.817659353372
0.139373087171
-0.558577053249
-0.794655879959
0.407174985675
-0.450256108772
-0.759357007686
0.292714511329
-0.581115435809
-0.635768793058
0.308977365518
-0.707340815570
-0.702389906161
0.548590833304
-0.453537779395
-0.679930471815
0.438505000110
-0.587714146823
-0.434875972486
-0.862855752516
-0.257609857934
-0.419203966780
-0.903796657926
-0.086137305257
-0.300165829298
-0.887416774055
-0.349845600297
-0.288400922993
-0.940264525607
-0.180907516434
-0.141278742492
-0.985614393962
-0.092760893344
-0.153799072685
-0.887638614651
-0.434100835085
-0.149209147434
-0.950941465674
-0.271010994580
0.703644104424
0.159211648009
0.692485830503
0.764423571024
0.000000000434
0.644714358506
0.578439408161
0.158887086420
0.800101709069
0.647550013710
-0.000000000919
0.762022952243
0.578439408144
-0.158887087260
0.800101708914
0.434100835533
0.153799072408
0.887638614480
0.512436465840
0.000000000446
0.858725141403
0.862855752464
-0.257609857966
-0.434875972569
0.817659353372
-0.139373087171
-0.558577053249
0.794655879959
-0.407174985675
-0.450256108772
0.759357007686
-0.292714511329
-0.581115435809
0.635768793058
-0.308977365518
-0.707340815570
0.702389906161
-0.548590833304
-0.453537779395
0.679930471815
-0.438505000110
-0.587714146823
0.434875972486
0.862855752516
-0.257609857934
0.419203966780
0.903796657926
-0.086137305257
0.300165829298
0.887416774055
-0.349845600297
0.288400922993
0.940264525607
-0.180907516434
0.141278742492
0.985614393962
-0.092760893344
0.153799072685
0.887638614651
-0.434100835085
0.149209147434
0.950941465674
-0.271010994580
0.862855752464
0.257609857966
0.434875972569
0.817659353372
0.139373087171
0.558577053249
0.794655879959
0.407174985675
0.450256108772
0.759357007686
0.292714511329
0.581115435809
0.635768793058
0.308977365518
0.707340815570
0.702389906161
0.548590833304
0.453537779395
0.679930471815
0.438505000110
0.587714146823
0.961253962390
-0.000000000051
-0.275664324477
0.903796658195
-0.086137304555
-0.419203966346
0.985614393836
-0.092760894096
-0.141278742878
0.940264525039
-0.180907517921
-0.288400923912
0.887416773662
-0.349845600905
-0.300165829752
0.982691668838
-0.185248708490
-0.000000000277
0.950941465950
-0.271010993859
-0.149209146988
-0.000000000051
0.275664324477
-0.961253962390
-0.086137304555
0.419203966346
-0.903796658195
-0.092760894096
0.141278742878
-0.985614393836
-0.180907517921
0.288400923912
-0.940264525039
-0.349845600905
0.300165829752
-0.887416773662
-0.185248708490
0.000000000277
-0.982691668838
-0.271010993859
0.149209146988
-0.950941465950
0.434875972486
-0.862855752516
0.257609857934
0.419203966780
-0.903796657926
0.086137305257
0.300165829298
-0.887416774055
0.349845600297
0.288400922993
-0.940264525607
0.180907516434
0.141278742492
-0.985614393962
0.092760893344
0.153799072685
-0.887638614651
0.434100835085
0.149209147434
-0.950941465674
0.271010994580
-0.862855752516
0.257609857934
0.434875972486
-0.903796657926
0.086137305257
0.419203966780
-0.887416774055
0.349845600297
0.300165829298
-0.940264525607
0.180907516434
0.288400922993
-0.985614393962
0.092760893344
0.141278742492
-0.887638614651
0.434100835085
0.153799072685
-0.950941465674
0.271010994580
0.149209147434
-0.159211648009
-0.692485830503
0.703644104424
-0.000000000434
-0.644714358506
0.764423571024
-0.158887086420
-0.800101709069
0.578439408161
0.000000000919
-0.762022952243
0.647550013710
0.158887087260
-0.800101708914
0.578439408144
-0.153799072408
-0.887638614480
0.434100835533
-0.000000000446
-0.858725141403
0.512436465840
-0.703644104456
0.159211648092
0.692485830452
-0.817659352938
0.139373086903
0.558577053951
-0.635768793540
0.308977365894
0.707340814973
-0.759357008605
0.292714511897
0.581115434322
-0.794655880318
0.407174985818
0.450256108010
-0.548590833752
0.453537779118
0.702389905990
-0.679930471369
0.438504999835
0.587714147544
-0.692485830452
-0.703644104456
-0.159211648092
-0.558577053951
-0.817659352938
-0.139373086903
-0.707340814973
-0.635768793540
-0.308977365894
-0.581115434322
-0.759357008605
-0.292714511897
-0.450256108010
-0.794655880318
-0.407174985818
-0.702389905990
-0.548590833752
-0.453537779118
-0.587714147544
-0.679930471369
-0.438504999835
0.159211648092
-0.692485830452
0.703644104456
0.139373086903
-0.558577053951
0.817659352938
0.308977365894
-0.707340814973
0.635768793540
0.292714511897
-0.581115434322
0.759357008605
0.407174985818
-0.450256108010
0.794655880318
0.453537779118
-0.702389905990
0.548590833752
0.438504999835
-0.587714147544
0.679930471369
-0.703644104424
-0.159211648009
0.692485830503
-0.764423571024
-0.000000000434
0.644714358506
-0.578439408161
-0.158887086420
0.800101709069
-0.647550013710
0.000000000919
0.762022952243
-0.578439408144
0.158887087260
0.800101708914
-0.434100835533
-0.153799072408
0.887638614480
-0.512436465840
-0.000000000446
0.858725141403
0.275664324477
-0.961253962390
-0.000000000051
0.419203966346
-0.903796658195
-0.086137304555
0.141278742878
-0.985614393836
-0.092760894096
0.288400923912
-0.940264525039
-0.180907517921
0.300165829752
-0.887416773662
-0.349845600905
0.000000000277
-0.982691668838
-0.185248708490
0.149209146988
-0.950941465950
-0.271010993859
0.961253962390
0.000000000051
0.275664324477
0.903796658195
0.086137304555
0.419203966346
0.985614393836
0.092760894096
0.141278742878
0.940264525039
0.180907517921
0.288400923912
0.887416773662
0.349845600905
0.300165829752
0.982691668838
0.185248708490
0.000000000277
0.950941465950
0.271010993859
0.149209146988
0.257609857934
-0.434875972486
0.862855752516
0.086137305257
-0.419203966780
0.903796657926
0.349845600297
-0.300165829298
0.887416774055
0.180907516434
-0.288400922993
0.940264525607
0.092760893344
-0.141278742492
0.985614393962
0.434100835085
-0.153799072685
0.887638614651
0.271010994580
-0.149209147434
0.950941465674
0.703644104424
-0.159211648009
-0.692485830503
0.764423571024
-0.000000000434
-0.644714358506
0.578439408161
-0.158887086420
-0.800101709069
0.647550013710
0.000000000919
-0.762022952243
0.578439408144
0.158887087260
-0.800101708914
0.434100835533
-0.153799072408
-0.887638614480
0.512436465840
-0.000000000446
-0.858725141403
-0.692485830503
-0.703644104424
0.159211648009
-0.644714358506
-0.764423571024
0.000000000434
-0.800101709069
-0.578439408161
0.158887086420
-0.762022952243
-0.647550013710
-0.000000000919
-0.800101708914
-0.578439408144
-0.158887087260
-0.887638614480
-0.434100835533
0.153799072408
-0.858725141403
-0.512436465840
0.000000000446
0.692485830452
-0.703644104456
0.159211648092
0.558577053951
-0.817659352938
0.139373086903
0.707340814973
-0.635768793540
0.308977365894
0.581115434322
-0.759357008605
0.292714511897
0.450256108010
-0.794655880318
0.407174985818
0.702389905990
-0.548590833752
0.453537779118
0.587714147544
-0.679930471369
0.438504999835
-0.159211648092
-0.692485830452
-0.703644104456
-0.139373086903
-0.558577053951
-0.817659352938
-0.308977365894
-0.707340814973
-0.635768793540
-0.292714511897
-0.581115434322
-0.759357008605
-0.407174985818
-0.450256108010
-0.794655880318
-0.453537779118
-0.702389905990
-0.548590833752
-0.438504999835
-0.587714147544
-0.679930471369
0.159211648092
0.692485830452
-0.703644104456
0.139373086903
0.558577053951
-0.817659352938
0.308977365894
0.707340814973
-0.635768793540
0.292714511897
0.581115434322
-0.759357008605
0.407174985818
0.450256108010
-0.794655880318
0.453537779118
0.702389905990
-0.548590833752
0.438504999835
0.587714147544
-0.679930471369
-0.703644104456
-0.159211648092
-0.692485830452
-0.817659352938
-0.139373086903
-0.558577053951
-0.635768793540
-0.308977365894
-0.707340814973
-0.759357008605
-0.292714511897
-0.581115434322
-0.794655880318
-0.407174985818
-0.450256108010
-0.548590833752
-0.453537779118
-0.702389905990
-0.679930471369
-0.438504999835
-0.587714147544
-0.692485830503
0.703644104424
-0.159211648009
-0.644714358506
0.764423571024
-0.000000000434
-0.800101709069
0.578439408161
-0.158887086420
-0.762022952243
0.647550013710
0.000000000919
-0.800101708914
0.578439408144
0.158887087260
-0.887638614480
0.434100835533
-0.153799072408
-0.858725141403
0.512436465840
-0.000000000446
-0.159211648009
0.692485830503
-0.703644104424
-0.000000000434
0.644714358506
-0.764423571024
-0.158887086420
0.800101709069
-0.578439408161
0.000000000919
0.762022952243
-0.647550013710
0.158887087260
0.800101708914
-0.578439408144
-0.153799072408
0.887638614480
-0.434100835533
-0.000000000446
0.858725141403
-0.512436465840
0.257609857966
-0.434875972569
-0.862855752464
0.139373087171
-0.558577053249
-0.817659353372
0.407174985675
-0.450256108772
-0.794655879959
0.292714511329
-0.581115435809
-0.759357007686
0.308977365518
-0.707340815570
-0.635768793058
0.548590833304
-0.453537779395
-0.702389906161
0.438505000110
-0.587714146823
-0.679930471815
-0.862855752516
-0.257609857934
-0.434875972486
-0.903796657926
-0.086137305257
-0.419203966780
-0.887416774055
-0.349845600297
-0.300165829298
-0.940264525607
-0.180907516434
-0.288400922993
-0.985614393962
-0.092760893344
-0.141278742492
-0.887638614651
-0.434100835085
-0.153799072685
-0.950941465674
-0.271010994580
-0.149209147434
-0.257609857966
0.434875972569
-0.862855752464
-0.139373087171
0.558577053249
-0.817659353372
-0.407174985675
0.450256108772
-0.794655879959
-0.292714511329
0.581115435809
-0.759357007686
-0.308977365518
0.707340815570
-0.635768793058
-0.548590833304
0.453537779395
-0.702389906161
-0.438505000110
0.587714146823
-0.679930471815
0.862855752516
0.257609857934
-0.434875972486
0.903796657926
0.086137305257
-0.419203966780
0.887416774055
0.349845600297
-0.300165829298
0.940264525607
0.180907516434
-0.288400922993
0.985614393962
0.092760893344
-0.141278742492
0.887638614651
0.434100835085
-0.153799072685
0.950941465674
0.271010994580
-0.149209147434
0.159211648009
-0.692485830503
-0.703644104424
0.000000000434
-0.644714358506
-0.764423571024
0.158887086420
-0.800101709069
-0.578439408161
-0.000000000919
-0.762022952243
-0.647550013710
-0.158887087260
-0.800101708914
-0.578439408144
0.153799072408
-0.887638614480
-0.434100835533
0.000000000446
-0.858725141403
-0.512436465840
0.703644104456
0.159211648092
-0.692485830452
0.817659352938
0.139373086903
-0.558577053951
0.635768793540
0.308977365894
-0.707340814973
0.759357008605
0.292714511897
-0.581115434322
0.794655880318
0.407174985818
-0.450256108010
0.548590833752
0.453537779118
-0.702389905990
0.679930471369
0.438504999835
-0.587714147544
-0.961253962390
0.000000000051
-0.275664324477
-0.903796658195
0.086137304555
-0.419203966346
-0.985614393836
0.092760894096
-0.141278742878
-0.940264525039
0.180907517921
-0.288400923912
-0.887416773662
0.349845600905
-0.300165829752
-0.982691668838
0.185248708490
-0.000000000277
-0.950941465950
0.271010993859
-0.149209146988
0.000000000051
-0.275664324477
-0.961253962390
0.086137304555
-0.419203966346
-0.903796658195
0.092760894096
-0.141278742878
-0.985614393836
0.180907517921
-0.288400923912
-0.940264525039
0.349845600905
-0.300165829752
-0.887416773662
0.185248708490
-0.000000000277
-0.982691668838
0.271010993859
-0.149209146988
-0.950941465950
0.434875972569
-0.862855752464
-0.257609857966
0.558577053249
-0.817659353372
-0.139373087171
0.450256108772
-0.794655879959
-0.407174985675
0.581115435809
-0.759357007686
-0.292714511329
0.707340815570
-0.635768793058
-0.308977365518
0.453537779395
-0.702389906161
-0.548590833304
0.587714146823
-0.679930471815
-0.438505000110
-0.434875972569
-0.862855752464
0.257609857966
-0.558577053249
-0.817659353372
0.139373087171
-0.450256108772
-0.794655879959
0.407174985675
-0.581115435809
-0.759357007686
0.292714511329
-0.707340815570
-0.635768793058
0.308977365518
-0.453537779395
-0.702389906161
0.548590833304
-0.587714146823
-0.679930471815
0.438505000110
-0.275664324477
-0.961253962390
0.000000000051
-0.419203966346
-0.903796658195
0.086137304555
-0.141278742878
-0.985614393836
0.092760894096
-0.288400923912
-0.940264525039
0.180907517921
-0.300165829752
-0.887416773662
0.349845600905
-0.000000000277
-0.982691668838
0.185248708490
-0.149209146988
-0.950941465950
0.271010993859
0.275664324477
0.961253962390
0.000000000051
0.419203966346
0.903796658195
0.086137304555
0.141278742878
0.985614393836
0.092760894096
0.288400923912
0.940264525039
0.180907517921
0.300165829752
0.887416773662
0.349845600905
0.000000000277
0.982691668838
0.185248708490
0.149209146988
0.950941465950
0.271010993859
-0.257609857934
-0.434875972486
-0.862855752516
-0.086137305257
-0.419203966780
-0.903796657926
-0.349845600297
-0.300165829298
-0.887416774055
-0.180907516434
-0.288400922993
-0.940264525607
-0.092760893344
-0.141278742492
-0.985614393962
-0.434100835085
-0.153799072685
-0.887638614651
-0.271010994580
-0.149209147434
-0.950941465674
0.692485830503
-0.703644104424
-0.159211648009
0.644714358506
-0.764423571024
-0.000000000434
0.800101709069
-0.578439408161
-0.158887086420
0.762022952243
-0.647550013710
0.000000000919
0.800101708914
-0.578439408144
0.158887087260
0.887638614480
-0.434100835533
-0.153799072408
0.858725141403
-0.512436465840
-0.000000000446
