0.467950441409
0.855118178297
0.223148572775
0.520730181132
0.840232501272
0.151160253588
0.566047710832
0.821792592295
0.065168430328
0.376729039010
0.817110931966
0.436354163527
0.441145309713
0.817921108101
0.369318123901
0.500966874417
0.811848236248
0.299891033607
0.555650909897
0.800520943478
0.224540164301
0.604343612213
0.784478323068
0.139149412551
0.708885109052
0.679225813597
0.190089968981
0.733597128186
0.627039932646
0.262023236344
0.751414831262
0.569585069548
0.333089477329
0.401768777985
0.762196130119
0.507581430184
0.467420752626
0.765638389159
0.441945355288
0.529257591348
0.762690323871
0.371738983528
0.586723681074
0.753945759032
0.295501462780
0.637104952708
0.741351841018
0.210937732649
0.664954465348
0.691543756053
0.282139668387
0.686088277493
0.636281548534
0.352744477608
0.699811427854
0.576282372698
0.422093108641
0.488681791816
0.706398349255
0.512046363640
0.551872918848
0.707445648033
0.441539280836
0.611561769620
0.701688864734
0.365547451158
0.629355086479
0.644202702213
0.434643593745
0.640624088235
0.580771643668
0.502299786466
0.567837326322
0.645697222091
0.510525090685
0.525731112119
0.850650808352
0.000000000000
0.000000000000
0.525731112119
-0.850650808352
-0.525731112119
0.850650808352
0.000000000000
0.000000000000
0.525731112119
0.850650808352
0.850650808352
-0.000000000000
0.525731112119
-0.850650808352
-0.000000000000
0.525731112119
-0.000000000000
-0.525731112119
0.850650808352
-0.850650808352
-0.000000000000
-0.525731112119
-0.525731112119
-0.850650808352
0.000000000000
0.850650808352
-0.000000000000
-0.525731112119
0.525731112119
-0.850650808352
0.000000000000
0.000000000000
-0.525731112119
-0.850650808352
0.577350269190
0.577350269190
0.577350269190
0.356822089773
0.000000000000
-0.934172358963
-0.577350269190
0.577350269190
-0.577350269190
-0.356822089773
0.000000000000
0.934172358963
0.934172358963
0.356822089773
-0.000000000000
0.000000000000
0.934172358963
-0.356822089773
-0.577350269190
0.577350269190
0.577350269190
0.577350269190
-0.577350269190
0.577350269190
-0.934172358963
-0.356822089773
-0.000000000000
0.577350269190
0.577350269190
-0.577350269190
-0.000000000000
0.934172358963
0.356822089773
-0.577350269190
-0.577350269190
0.577350269190
0.934172358963
-0.356822089773
0.000000000000
0.356822089773
-0.000000000000
0.934172358963
-0.356822089773
-0.000000000000
-0.934172358963
-0.000000000000
-0.934172358963
-0.356822089773
0.577350269190
-0.577350269190
-0.577350269190
0.000000000000
-0.934172358963
0.356822089773
-0.934172358963
0.356822089773
0.000000000000
-0.577350269190
-0.577350269190
-0.577350269190
1.000000000000
0.000000000000
0.000000000000
-0.500000000000
-0.309016994375
-0.809016994375
-1.000000000000
0.000000000000
0.000000000000
0.500000000000
-0.309016994375
0.809016994375
0.500000000000
0.309016994375
-0.809016994375
-0.500000000000
0.309016994375
-0.809016994375
-0.500000000000
-0.309016994375
0.809016994375
0.809016994375
-0.500000000000
-0.309016994375
-0.309016994375
-0.809016994375
0.500000000000
-0.309016994375
0.809016994375
-0.500000000000
-0.809016994375
0.500000000000
0.309016994375
0.000000000000
-1.000000000000
0.000000000000
0.809016994375
0.500000000000
-0.309016994375
-0.000000000000
1.000000000000
0.000000000000
-0.809016994375
-0.500000000000
0.309016994375
0.809016994375
0.500000000000
0.309016994375
0.309016994375
0.809016994375
-0.500000000000
-0.309016994375
-0.809016994375
-0.500000000000
0.000000000000
-0.000000000000
1.000000000000
0.309016994375
0.809016994375
0.500000000000
0.000000000000
0.000000000000
-1.000000000000
0.309016994375
-0.809016994375
0.500000000000
-0.309016994375
0.809016994375
0.500000000000
0.309016994375
-0.809016994375
-0.500000000000
-0.809016994375
0.500000000000
-0.309016994375
-0.809016994375
-0.500000000000
-0.309016994375
0.809016994375
-0.500000000000
0.309016994375
0.500000000000
0.309016994375
0.809016994375
0.500000000000
-0.309016994375
-0.809016994375
-0.500000000000
0.309016994375
0.809016994375
0.210801816234
0.435626213133
-0.875095650031
0.121572245580
0.443267770508
-0.888106903888
0.023646389087
0.457341595579
-0.888976666306
0.417154578622
0.326463873158
-0.848176512913
0.330963506172
0.340731616871
-0.879980183213
0.243008407295
0.352046225360
-0.903886258991
0.151205929778
0.363659391378
-0.919178227474
0.052819566952
0.378329142190
-0.924162947492
0.009235780259
0.235402695972
-0.971854037956
0.038948682370
0.149580363856
-0.987982143002
0.069779098408
0.062059309657
-0.995630212233
0.445289171309
0.238685527015
-0.862987122215
0.360426200496
0.254000834647
-0.897539152346
0.271798630993
0.267610351564
-0.924397211120
0.178685917093
0.280896612050
-0.942957282368
0.081190051799
0.297421114283
-0.951287998593
0.109477326813
0.212918586529
-0.970917293298
0.138953950014
0.126377409780
-0.982201888653
0.169655830895
0.038922054686
-0.984734468119
0.388202408903
0.164454109013
-0.906782077321
0.299889050295
0.181027800778
-0.936640535562
0.206786999394
0.195921510832
-0.958568671758
0.236026093403
0.109367719821
-0.965572568528
0.265525327149
0.020740506075
-0.963880766511
0.328636226105
0.091646096676
-0.939999587157
-0.467950441409
0.855118178297
-0.223148572775
-0.520730181132
0.840232501272
-0.151160253588
-0.566047710832
0.821792592295
-0.065168430328
-0.376729039010
0.817110931966
-0.436354163527
-0.441145309713
0.817921108101
-0.369318123901
-0.500966874417
0.811848236248
-0.299891033607
-0.555650909897
0.800520943478
-0.224540164301
-0.604343612213
0.784478323068
-0.139149412551
-0.708885109052
0.679225813597
-0.190089968981
-0.733597128186
0.627039932646
-0.262023236344
-0.751414831262
0.569585069548
-0.333089477329
-0.401768777985
0.762196130119
-0.507581430184
-0.467420752626
0.765638389159
-0.441945355288
-0.529257591348
0.762690323871
-0.371738983528
-0.586723681074
0.753945759032
-0.295501462780
-0.637104952708
0.741351841018
-0.210937732649
-0.664954465348
0.691543756053
-0.282139668387
-0.686088277493
0.636281548534
-0.352744477608
-0.699811427854
0.576282372698
-0.422093108641
-0.488681791816
0.706398349255
-0.512046363640
-0.551872918848
0.707445648033
-0.441539280836
-0.611561769620
0.701688864734
-0.365547451158
-0.629355086479
0.644202702213
-0.434643593745
-0.640624088235
0.580771643668
-0.502299786466
-0.567837326322
0.645697222091
-0.510525090685
-0.210801816234
0.435626213133
0.875095650031
-0.121572245580
0.443267770508
0.888106903888
-0.023646389087
0.457341595579
0.888976666306
-0.417154578622
0.326463873158
0.848176512913
-0.330963506172
0.340731616871
0.879980183213
-0.243008407295
0.352046225360
0.903886258991
-0.151205929778
0.363659391378
0.919178227474
-0.052819566952
0.378329142190
0.924162947492
-0.009235780259
0.235402695972
0.971854037956
-0.038948682370
0.149580363856
0.987982143002
-0.069779098408
0.062059309657
0.995630212233
-0.445289171309
0.238685527015
0.862987122215
-0.360426200496
0.254000834647
0.897539152346
-0.271798630993
0.267610351564
0.924397211120
-0.178685917093
0.280896612050
0.942957282368
-0.081190051799
0.297421114283
0.951287998593
-0.109477326813
0.212918586529
0.970917293298
-0.138953950014
0.126377409780
0.982201888653
-0.169655830895
0.038922054686
0.984734468119
-0.388202408903
0.164454109013
0.906782077321
-0.299889050295
0.181027800778
0.936640535562
-0.206786999394
0.195921510832
0.958568671758
-0.236026093403
0.109367719821
0.965572568528
-0.265525327149
0.020740506075
0.963880766511
-0.328636226105
0.091646096676
0.939999587157
0.678752257643
0.724835490974
0.117935930781
0.642302426712
0.765096721415
0.045547771849
0.589694099919
0.807178320128
-0.026907769075
0.793883617632
0.559295223815
0.238616123246
0.772108815884
0.613374412251
0.166192078120
0.743975281711
0.661660780988
0.093304828947
0.706856839675
0.707070539574
0.020116169381
0.657163179165
0.751834035421
-0.053685557952
0.718120889312
0.673517787484
-0.175146162608
0.772545810556
0.602968323124
-0.199002944453
0.821193929670
0.526459215028
-0.220184524400
0.847057949294
0.486992287428
0.212911583816
0.827846953122
0.542882746816
0.141236487551
0.801056222341
0.594709531821
0.068040439515
0.765409598166
0.643511788958
-0.006381575613
0.718295004507
0.691173629457
-0.079569469289
0.774431792161
0.623883047085
-0.105001632607
0.825042227507
0.550403284554
-0.127912263613
0.869467258749
0.471429302816
-0.147584207864
0.876884200719
0.466476066039
0.116078328480
0.851761969143
0.522104022097
0.043691395396
0.818348769013
0.573887470677
-0.030959057707
0.865381179882
0.498330554258
-0.052745352388
0.906149415384
0.416667966617
-0.072670782265
0.896473552427
0.442588864424
0.021219493088
-0.317690282352
0.947984063749
-0.019977471735
-0.397719998658
0.916256975003
-0.047874402616
-0.484249364654
0.872346750456
-0.067184074011
-0.087847749912
0.995649387343
-0.031065580946
-0.174539538751
0.982692536152
-0.062059075112
-0.258741396413
0.961551814595
-0.092038022744
-0.343543221997
0.931610703875
-0.118657283996
-0.432014700142
0.890983447973
-0.139684624423
-0.410548858580
0.863607756465
-0.292628224359
-0.348583308309
0.864991559468
-0.360942210356
-0.282243834057
0.859548692356
-0.426045142684
-0.025773943198
0.994573717612
-0.100790992096
-0.112764347096
0.984828102104
-0.131900763187
-0.199569912050
0.966448515349
-0.161706887249
-0.287278187663
0.939013251738
-0.189011523337
-0.376990583572
0.902111362106
-0.209936157576
-0.317920219136
0.906022715472
-0.279373537245
-0.254289673394
0.903147762161
-0.345920340119
-0.186506262550
0.893522411457
-0.408452095421
-0.048375780534
0.978522429679
-0.200383728066
-0.137336405382
0.963643302933
-0.229194887529
-0.226880568539
0.939434921835
-0.256879807023
-0.162113072210
0.932974148004
-0.321369866315
-0.093411288341
0.918967753082
-0.383109122843
-0.070426603588
0.953113955109
-0.294302365066
-0.150260159057
0.658774785908
0.737182247515
-0.123010182473
0.594428024096
0.794684729423
-0.081798346178
0.522510025908
0.848700361369
-0.288881289098
0.762818036686
0.578494808720
-0.266605770962
0.710049740772
0.651729029981
-0.242225478004
0.651937258968
0.718543407301
-0.212107687900
0.588199555679
0.780404774097
-0.172328912071
0.517478554741
0.838163881021
-0.298336250472
0.425492664952
0.854371976206
-0.385013819877
0.411603600200
0.826042877099
-0.469170997205
0.395148786986
0.789769593949
-0.375994834787
0.746266957199
0.549284546303
-0.354656405530
0.695946189935
0.624401901608
-0.329687679299
0.639349335092
0.694649884356
-0.299445493411
0.576398074830
0.760327334645
-0.260114369136
0.508358846931
0.820921310307
-0.347034246213
0.495058254916
0.796545388660
-0.431798604099
0.479121887388
0.764193812147
-0.513305165304
0.461015163327
0.723866580562
-0.440306011282
0.676500472653
0.590320020776
-0.414536513466
0.622567081614
0.663754252637
-0.384681201081
0.561468961990
0.732647922441
-0.467242014270
0.544011313567
0.696948054601
-0.547212799895
0.523040292541
0.653442425934
-0.497410722733
0.602171187361
0.624477729004
0.737182247515
-0.150260159057
0.658774785908
0.794684729423
-0.123010182473
0.594428024096
0.848700361369
-0.081798346178
0.522510025908
0.578494808720
-0.288881289098
0.762818036686
0.651729029981
-0.266605770962
0.710049740772
0.718543407301
-0.242225478004
0.651937258968
0.780404774097
-0.212107687900
0.588199555679
0.838163881021
-0.172328912071
0.517478554741
0.854371976206
-0.298336250472
0.425492664952
0.826042877099
-0.385013819877
0.411603600200
0.789769593949
-0.469170997205
0.395148786986
0.549284546303
-0.375994834787
0.746266957199
0.624401901608
-0.354656405530
0.695946189935
0.694649884356
-0.329687679299
0.639349335092
0.760327334645
-0.299445493411
0.576398074830
0.820921310307
-0.260114369136
0.508358846931
0.796545388660
-0.347034246213
0.495058254916
0.764193812147
-0.431798604099
0.479121887388
0.723866580562
-0.513305165304
0.461015163327
0.590320020776
-0.440306011282
0.676500472653
0.663754252637
-0.414536513466
0.622567081614
0.732647922441
-0.384681201081
0.561468961990
0.696948054601
-0.467242014270
0.544011313567
0.653442425934
-0.547212799895
0.523040292541
0.624477729004
-0.497410722733
0.602171187361
-0.947984063749
-0.019977471735
0.317690282352
-0.916256975003
-0.047874402616
0.397719998658
-0.872346750456
-0.067184074011
0.484249364654
-0.995649387343
-0.031065580946
0.087847749912
-0.982692536152
-0.062059075112
0.174539538751
-0.961551814595
-0.092038022744
0.258741396413
-0.931610703875
-0.118657283996
0.343543221997
-0.890983447973
-0.139684624423
0.432014700142
-0.863607756465
-0.292628224359
0.410548858580
-0.864991559468
-0.360942210356
0.348583308309
-0.859548692356
-0.426045142684
0.282243834057
-0.994573717612
-0.100790992096
0.025773943198
-0.984828102104
-0.131900763187
0.112764347096
-0.966448515349
-0.161706887249
0.199569912050
-0.939013251738
-0.189011523337
0.287278187663
-0.902111362106
-0.209936157576
0.376990583572
-0.906022715472
-0.279373537245
0.317920219136
-0.903147762161
-0.345920340119
0.254289673394
-0.893522411457
-0.408452095421
0.186506262550
-0.978522429679
-0.200383728066
0.048375780534
-0.963643302933
-0.229194887529
0.137336405382
-0.939434921835
-0.256879807023
0.226880568539
-0.932974148004
-0.321369866315
0.162113072210
-0.918967753082
-0.383109122843
0.093411288341
-0.953113955109
-0.294302365066
0.070426603588
0.658774785908
0.737182247515
-0.150260159057
0.594428024096
0.794684729423
-0.123010182473
0.522510025908
0.848700361369
-0.081798346178
0.762818036686
0.578494808720
-0.288881289098
0.710049740772
0.651729029981
-0.266605770962
0.651937258968
0.718543407301
-0.242225478004
0.588199555679
0.780404774097
-0.212107687900
0.517478554741
0.838163881021
-0.172328912071
0.425492664952
0.854371976206
-0.298336250472
0.411603600200
0.826042877099
-0.385013819877
0.395148786986
0.789769593949
-0.469170997205
0.746266957199
0.549284546303
-0.375994834787
0.695946189935
0.624401901608
-0.354656405530
0.639349335092
0.694649884356
-0.329687679299
0.576398074830
0.760327334645
-0.299445493411
0.508358846931
0.820921310307
-0.260114369136
0.495058254916
0.796545388660
-0.347034246213
0.479121887388
0.764193812147
-0.431798604099
0.461015163327
0.723866580562
-0.513305165304
0.676500472653
0.590320020776
-0.440306011282
0.622567081614
0.663754252637
-0.414536513466
0.561468961990
0.732647922441
-0.384681201081
0.544011313567
0.696948054601
-0.467242014270
0.523040292541
0.653442425934
-0.547212799895
0.602171187361
0.624477729004
-0.497410722733
0.117935930781
0.678752257643
0.724835490974
0.045547771849
0.642302426712
0.765096721415
-0.026907769075
0.589694099919
0.807178320128
0.238616123246
0.793883617632
0.559295223815
0.166192078120
0.772108815884
0.613374412251
0.093304828947
0.743975281711
0.661660780988
0.020116169381
0.706856839675
0.707070539574
-0.053685557952
0.657163179165
0.751834035421
-0.175146162608
0.718120889312
0.673517787484
-0.199002944453
0.772545810556
0.602968323124
-0.220184524400
0.821193929670
0.526459215028
0.212911583816
0.847057949294
0.486992287428
0.141236487551
0.827846953122
0.542882746816
0.068040439515
0.801056222341
0.594709531821
-0.006381575613
0.765409598166
0.643511788958
-0.079569469289
0.718295004507
0.691173629457
-0.105001632607
0.774431792161
0.623883047085
-0.127912263613
0.825042227507
0.550403284554
-0.147584207864
0.869467258749
0.471429302816
0.116078328480
0.876884200719
0.466476066039
0.043691395396
0.851761969143
0.522104022097
-0.030959057707
0.818348769013
0.573887470677
-0.052745352388
0.865381179882
0.498330554258
-0.072670782265
0.906149415384
0.416667966617
0.021219493088
0.896473552427
0.442588864424
-0.223148572775
-0.467950441409
0.855118178297
-0.151160253588
-0.520730181132
0.840232501272
-0.065168430328
-0.566047710832
0.821792592295
-0.436354163527
-0.376729039010
0.817110931966
-0.369318123901
-0.441145309713
0.817921108101
-0.299891033607
-0.500966874417
0.811848236248
-0.224540164301
-0.555650909897
0.800520943478
-0.139149412551
-0.604343612213
0.784478323068
-0.190089968981
-0.708885109052
0.679225813597
-0.262023236344
-0.733597128186
0.627039932646
-0.333089477329
-0.751414831262
0.569585069548
-0.507581430184
-0.401768777985
0.762196130119
-0.441945355288
-0.467420752626
0.765638389159
-0.371738983528
-0.529257591348
0.762690323871
-0.295501462780
-0.586723681074
0.753945759032
-0.210937732649
-0.637104952708
0.741351841018
-0.282139668387
-0.664954465348
0.691543756053
-0.352744477608
-0.686088277493
0.636281548534
-0.422093108641
-0.699811427854
0.576282372698
-0.512046363640
-0.488681791816
0.706398349255
-0.441539280836
-0.551872918848
0.707445648033
-0.365547451158
-0.611561769620
0.701688864734
-0.434643593745
-0.629355086479
0.644202702213
-0.502299786466
-0.640624088235
0.580771643668
-0.510525090685
-0.567837326322
0.645697222091
0.875095650031
-0.210801816234
0.435626213133
0.888106903888
-0.121572245580
0.443267770508
0.888976666306
-0.023646389087
0.457341595579
0.848176512913
-0.417154578622
0.326463873158
0.879980183213
-0.330963506172
0.340731616871
0.903886258991
-0.243008407295
0.352046225360
0.919178227474
-0.151205929778
0.363659391378
0.924162947492
-0.052819566952
0.378329142190
0.971854037956
-0.009235780259
0.235402695972
0.987982143002
-0.038948682370
0.149580363856
0.995630212233
-0.069779098408
0.062059309657
0.862987122215
-0.445289171309
0.238685527015
0.897539152346
-0.360426200496
0.254000834647
0.924397211120
-0.271798630993
0.267610351564
0.942957282368
-0.178685917093
0.280896612050
0.951287998593
-0.081190051799
0.297421114283
0.970917293298
-0.109477326813
0.212918586529
0.982201888653
-0.138953950014
0.126377409780
0.984734468119
-0.169655830895
0.038922054686
0.906782077321
-0.388202408903
0.164454109013
0.936640535562
-0.299889050295
0.181027800778
0.958568671758
-0.206786999394
0.195921510832
0.965572568528
-0.236026093403
0.109367719821
0.963880766511
-0.265525327149
0.020740506075
0.939999587157
-0.328636226105
0.091646096676
0.223148572775
0.467950441409
0.855118178297
0.151160253588
0.520730181132
0.840232501272
0.065168430328
0.566047710832
0.821792592295
0.436354163527
0.376729039010
0.817110931966
0.369318123901
0.441145309713
0.817921108101
0.299891033607
0.500966874417
0.811848236248
0.224540164301
0.555650909897
0.800520943478
0.139149412551
0.604343612213
0.784478323068
0.190089968981
0.708885109052
0.679225813597
0.262023236344
0.733597128186
0.627039932646
0.333089477329
0.751414831262
0.569585069548
0.507581430184
0.401768777985
0.762196130119
0.441945355288
0.467420752626
0.765638389159
0.371738983528
0.529257591348
0.762690323871
0.295501462780
0.586723681074
0.753945759032
0.210937732649
0.637104952708
0.741351841018
0.282139668387
0.664954465348
0.691543756053
0.352744477608
0.686088277493
0.636281548534
0.422093108641
0.699811427854
0.576282372698
0.512046363640
0.488681791816
0.706398349255
0.441539280836
0.551872918848
0.707445648033
0.365547451158
0.611561769620
0.701688864734
0.434643593745
0.629355086479
0.644202702213
0.502299786466
0.640624088235
0.580771643668
0.510525090685
0.567837326322
0.645697222091
-0.019977471735
-0.317690282352
0.947984063749
-0.047874402616
-0.397719998658
0.916256975003
-0.067184074011
-0.484249364654
0.872346750456
-0.031065580946
-0.087847749912
0.995649387343
-0.062059075112
-0.174539538751
0.982692536152
-0.092038022744
-0.258741396413
0.961551814595
-0.118657283996
-0.343543221997
0.931610703875
-0.139684624423
-0.432014700142
0.890983447973
-0.292628224359
-0.410548858580
0.863607756465
-0.360942210356
-0.348583308309
0.864991559468
-0.426045142684
-0.282243834057
0.859548692356
-0.100790992096
-0.025773943198
0.994573717612
-0.131900763187
-0.112764347096
0.984828102104
-0.161706887249
-0.199569912050
0.966448515349
-0.189011523337
-0.287278187663
0.939013251738
-0.209936157576
-0.376990583572
0.902111362106
-0.279373537245
-0.317920219136
0.906022715472
-0.345920340119
-0.254289673394
0.903147762161
-0.408452095421
-0.186506262550
0.893522411457
-0.200383728066
-0.048375780534
0.978522429679
-0.229194887529
-0.137336405382
0.963643302933
-0.256879807023
-0.226880568539
0.939434921835
-0.321369866315
-0.162113072210
0.932974148004
-0.383109122843
-0.093411288341
0.918967753082
-0.294302365066
-0.070426603588
0.953113955109
0.019977471735
0.317690282352
0.947984063749
0.047874402616
0.397719998658
0.916256975003
0.067184074011
0.484249364654
0.872346750456
0.031065580946
0.087847749912
0.995649387343
0.062059075112
0.174539538751
0.982692536152
0.092038022744
0.258741396413
0.961551814595
0.118657283996
0.343543221997
0.931610703875
0.139684624423
0.432014700142
0.890983447973
0.292628224359
0.410548858580
0.863607756465
0.360942210356
0.348583308309
0.864991559468
0.426045142684
0.282243834057
0.859548692356
0.100790992096
0.025773943198
0.994573717612
0.131900763187
0.112764347096
0.984828102104
0.161706887249
0.199569912050
0.966448515349
0.189011523337
0.287278187663
0.939013251738
0.209936157576
0.376990583572
0.902111362106
0.279373537245
0.317920219136
0.906022715472
0.345920340119
0.254289673394
0.903147762161
0.408452095421
0.186506262550
0.893522411457
0.200383728066
0.048375780534
0.978522429679
0.229194887529
0.137336405382
0.963643302933
0.256879807023
0.226880568539
0.939434921835
0.321369866315
0.162113072210
0.932974148004
0.383109122843
0.093411288341
0.918967753082
0.294302365066
0.070426603588
0.953113955109
-0.435626213133
0.875095650031
0.210801816234
-0.443267770508
0.888106903888
0.121572245580
-0.457341595579
0.888976666306
0.023646389087
-0.326463873158
0.848176512913
0.417154578622
-0.340731616871
0.879980183213
0.330963506172
-0.352046225360
0.903886258991
0.243008407295
-0.363659391378
0.919178227474
0.151205929778
-0.378329142190
0.924162947492
0.052819566952
-0.235402695972
0.971854037956
0.009235780259
-0.149580363856
0.987982143002
0.038948682370
-0.062059309657
0.995630212233
0.069779098408
-0.238685527015
0.862987122215
0.445289171309
-0.254000834647
0.897539152346
0.360426200496
-0.267610351564
0.924397211120
0.271798630993
-0.280896612050
0.942957282368
0.178685917093
-0.297421114283
0.951287998593
0.081190051799
-0.212918586529
0.970917293298
0.109477326813
-0.126377409780
0.982201888653
0.138953950014
-0.038922054686
0.984734468119
0.169655830895
-0.164454109013
0.906782077321
0.388202408903
-0.181027800778
0.936640535562
0.299889050295
-0.195921510832
0.958568671758
0.206786999394
-0.109367719821
0.965572568528
0.236026093403
-0.020740506075
0.963880766511
0.265525327149
-0.091646096676
0.939999587157
0.328636226105
-0.724835490974
0.117935930781
-0.678752257643
-0.765096721415
0.045547771849
-0.642302426712
-0.807178320128
-0.026907769075
-0.589694099919
-0.559295223815
0.238616123246
-0.793883617632
-0.613374412251
0.166192078120
-0.772108815884
-0.661660780988
0.093304828947
-0.743975281711
-0.707070539574
0.020116169381
-0.706856839675
-0.751834035421
-0.053685557952
-0.657163179165
-0.673517787484
-0.175146162608
-0.718120889312
-0.602968323124
-0.199002944453
-0.772545810556
-0.526459215028
-0.220184524400
-0.821193929670
-0.486992287428
0.212911583816
-0.847057949294
-0.542882746816
0.141236487551
-0.827846953122
-0.594709531821
0.068040439515
-0.801056222341
-0.643511788958
-0.006381575613
-0.765409598166
-0.691173629457
-0.079569469289
-0.718295004507
-0.623883047085
-0.105001632607
-0.774431792161
-0.550403284554
-0.127912263613
-0.825042227507
-0.471429302816
-0.147584207864
-0.869467258749
-0.466476066039
0.116078328480
-0.876884200719
-0.522104022097
0.043691395396
-0.851761969143
-0.573887470677
-0.030959057707
-0.818348769013
-0.498330554258
-0.052745352388
-0.865381179882
-0.416667966617
-0.072670782265
-0.906149415384
-0.442588864424
0.021219493088
-0.896473552427
-0.855118178297
-0.223148572775
0.467950441409
-0.840232501272
-0.151160253588
0.520730181132
-0.821792592295
-0.065168430328
0.566047710832
-0.817110931966
-0.436354163527
0.376729039010
-0.817921108101
-0.369318123901
0.441145309713
-0.811848236248
-0.299891033607
0.500966874417
-0.800520943478
-0.224540164301
0.555650909897
-0.784478323068
-0.139149412551
0.604343612213
-0.679225813597
-0.190089968981
0.708885109052
-0.627039932646
-0.262023236344
0.733597128186
-0.569585069548
-0.333089477329
0.751414831262
-0.762196130119
-0.507581430184
0.401768777985
-0.765638389159
-0.441945355288
0.467420752626
-0.762690323871
-0.371738983528
0.529257591348
-0.753945759032
-0.295501462780
0.586723681074
-0.741351841018
-0.210937732649
0.637104952708
-0.691543756053
-0.282139668387
0.664954465348
-0.636281548534
-0.352744477608
0.686088277493
-0.576282372698
-0.422093108641
0.699811427854
-0.706398349255
-0.512046363640
0.488681791816
-0.707445648033
-0.441539280836
0.551872918848
-0.701688864734
-0.365547451158
0.611561769620
-0.644202702213
-0.434643593745
0.629355086479
-0.580771643668
-0.502299786466
0.640624088235
-0.645697222091
-0.510525090685
0.567837326322
-0.658774785908
0.737182247515
0.150260159057
-0.594428024096
0.794684729423
0.123010182473
-0.522510025908
0.848700361369
0.081798346178
-0.762818036686
0.578494808720
0.288881289098
-0.710049740772
0.651729029981
0.266605770962
-0.651937258968
0.718543407301
0.242225478004
-0.588199555679
0.780404774097
0.212107687900
-0.517478554741
0.838163881021
0.172328912071
-0.425492664952
0.854371976206
0.298336250472
-0.411603600200
0.826042877099
0.385013819877
-0.395148786986
0.789769593949
0.469170997205
-0.746266957199
0.549284546303
0.375994834787
-0.695946189935
0.624401901608
0.354656405530
-0.639349335092
0.694649884356
0.329687679299
-0.576398074830
0.760327334645
0.299445493411
-0.508358846931
0.820921310307
0.260114369136
-0.495058254916
0.796545388660
0.347034246213
-0.479121887388
0.764193812147
0.431798604099
-0.461015163327
0.723866580562
0.513305165304
-0.676500472653
0.590320020776
0.440306011282
-0.622567081614
0.663754252637
0.414536513466
-0.561468961990
0.732647922441
0.384681201081
-0.544011313567
0.696948054601
0.467242014270
-0.523040292541
0.653442425934
0.547212799895
-0.602171187361
0.624477729004
0.497410722733
-0.855118178297
0.223148572775
-0.467950441409
-0.840232501272
0.151160253588
-0.520730181132
-0.821792592295
0.065168430328
-0.566047710832
-0.817110931966
0.436354163527
-0.376729039010
-0.817921108101
0.369318123901
-0.441145309713
-0.811848236248
0.299891033607
-0.500966874417
-0.800520943478
0.224540164301
-0.555650909897
-0.784478323068
0.139149412551
-0.604343612213
-0.679225813597
0.190089968981
-0.708885109052
-0.627039932646
0.262023236344
-0.733597128186
-0.569585069548
0.333089477329
-0.751414831262
-0.762196130119
0.507581430184
-0.401768777985
-0.765638389159
0.441945355288
-0.467420752626
-0.762690323871
0.371738983528
-0.529257591348
-0.753945759032
0.295501462780
-0.586723681074
-0.741351841018
0.210937732649
-0.637104952708
-0.691543756053
0.282139668387
-0.664954465348
-0.636281548534
0.352744477608
-0.686088277493
-0.576282372698
0.422093108641
-0.699811427854
-0.706398349255
0.512046363640
-0.488681791816
-0.707445648033
0.441539280836
-0.551872918848
-0.701688864734
0.365547451158
-0.611561769620
-0.644202702213
0.434643593745
-0.629355086479
-0.580771643668
0.502299786466
-0.640624088235
-0.645697222091
0.510525090685
-0.567837326322
-0.435626213133
-0.875095650031
-0.210801816234
-0.443267770508
-0.888106903888
-0.121572245580
-0.457341595579
-0.888976666306
-0.023646389087
-0.326463873158
-0.848176512913
-0.417154578622
-0.340731616871
-0.879980183213
-0.330963506172
-0.352046225360
-0.903886258991
-0.243008407295
-0.363659391378
-0.919178227474
-0.151205929778
-0.378329142190
-0.924162947492
-0.052819566952
-0.235402695972
-0.971854037956
-0.009235780259
-0.149580363856
-0.987982143002
-0.038948682370
-0.062059309657
-0.995630212233
-0.069779098408
-0.238685527015
-0.862987122215
-0.445289171309
-0.254000834647
-0.897539152346
-0.360426200496
-0.267610351564
-0.924397211120
-0.271798630993
-0.280896612050
-0.942957282368
-0.178685917093
-0.297421114283
-0.951287998593
-0.081190051799
-0.212918586529
-0.970917293298
-0.109477326813
-0.126377409780
-0.982201888653
-0.138953950014
-0.038922054686
-0.984734468119
-0.169655830895
-0.164454109013
-0.906782077321
-0.388202408903
-0.181027800778
-0.936640535562
-0.299889050295
-0.195921510832
-0.958568671758
-0.206786999394
-0.109367719821
-0.965572568528
-0.236026093403
-0.020740506075
-0.963880766511
-0.265525327149
-0.091646096676
-0.939999587157
-0.328636226105
0.724835490974
0.117935930781
0.678752257643
0.765096721415
0.045547771849
0.642302426712
0.807178320128
-0.026907769075
0.589694099919
0.559295223815
0.238616123246
0.793883617632
0.613374412251
0.166192078120
0.772108815884
0.661660780988
0.093304828947
0.743975281711
0.707070539574
0.020116169381
0.706856839675
0.751834035421
-0.053685557952
0.657163179165
0.673517787484
-0.175146162608
0.718120889312
0.602968323124
-0.199002944453
0.772545810556
0.526459215028
-0.220184524400
0.821193929670
0.486992287428
0.212911583816
0.847057949294
0.542882746816
0.141236487551
0.827846953122
0.594709531821
0.068040439515
0.801056222341
0.643511788958
-0.006381575613
0.765409598166
0.691173629457
-0.079569469289
0.718295004507
0.623883047085
-0.105001632607
0.774431792161
0.550403284554
-0.127912263613
0.825042227507
0.471429302816
-0.147584207864
0.869467258749
0.466476066039
0.116078328480
0.876884200719
0.522104022097
0.043691395396
0.851761969143
0.573887470677
-0.030959057707
0.818348769013
0.498330554258
-0.052745352388
0.865381179882
0.416667966617
-0.072670782265
0.906149415384
0.442588864424
0.021219493088
0.896473552427
0.855118178297
-0.223148572775
-0.467950441409
0.840232501272
-0.151160253588
-0.520730181132
0.821792592295
-0.065168430328
-0.566047710832
0.817110931966
-0.436354163527
-0.376729039010
0.817921108101
-0.369318123901
-0.441145309713
0.811848236248
-0.299891033607
-0.500966874417
0.800520943478
-0.224540164301
-0.555650909897
0.784478323068
-0.139149412551
-0.604343612213
0.679225813597
-0.190089968981
-0.708885109052
0.627039932646
-0.262023236344
-0.733597128186
0.569585069548
-0.333089477329
-0.751414831262
0.762196130119
-0.507581430184
-0.401768777985
0.765638389159
-0.441945355288
-0.467420752626
0.762690323871
-0.371738983528
-0.529257591348
0.753945759032
-0.295501462780
-0.586723681074
0.741351841018
-0.210937732649
-0.637104952708
0.691543756053
-0.282139668387
-0.664954465348
0.636281548534
-0.352744477608
-0.686088277493
0.576282372698
-0.422093108641
-0.699811427854
0.706398349255
-0.512046363640
-0.488681791816
0.707445648033
-0.441539280836
-0.551872918848
0.701688864734
-0.365547451158
-0.611561769620
0.644202702213
-0.434643593745
-0.629355086479
0.580771643668
-0.502299786466
-0.640624088235
0.645697222091
-0.510525090685
-0.567837326322
0.435626213133
0.875095650031
-0.210801816234
0.443267770508
0.888106903888
-0.121572245580
0.457341595579
0.888976666306
-0.023646389087
0.326463873158
0.848176512913
-0.417154578622
0.340731616871
0.879980183213
-0.330963506172
0.352046225360
0.903886258991
-0.243008407295
0.363659391378
0.919178227474
-0.151205929778
0.378329142190
0.924162947492
-0.052819566952
0.235402695972
0.971854037956
-0.009235780259
0.149580363856
0.987982143002
-0.038948682370
0.062059309657
0.995630212233
-0.069779098408
0.238685527015
0.862987122215
-0.445289171309
0.254000834647
0.897539152346
-0.360426200496
0.267610351564
0.924397211120
-0.271798630993
0.280896612050
0.942957282368
-0.178685917093
0.297421114283
0.951287998593
-0.081190051799
0.212918586529
0.970917293298
-0.109477326813
0.126377409780
0.982201888653
-0.138953950014
0.038922054686
0.984734468119
-0.169655830895
0.164454109013
0.906782077321
-0.388202408903
0.181027800778
0.936640535562
-0.299889050295
0.195921510832
0.958568671758
-0.206786999394
0.109367719821
0.965572568528
-0.236026093403
0.020740506075
0.963880766511
-0.265525327149
0.091646096676
0.939999587157
-0.328636226105
0.855118178297
0.223148572775
0.467950441409
0.840232501272
0.151160253588
0.520730181132
0.821792592295
0.065168430328
0.566047710832
0.817110931966
0.436354163527
0.376729039010
0.817921108101
0.369318123901
0.441145309713
0.811848236248
0.299891033607
0.500966874417
0.800520943478
0.224540164301
0.555650909897
0.784478323068
0.139149412551
0.604343612213
0.679225813597
0.190089968981
0.708885109052
0.627039932646
0.262023236344
0.733597128186
0.569585069548
0.333089477329
0.751414831262
0.762196130119
0.507581430184
0.401768777985
0.765638389159
0.441945355288
0.467420752626
0.762690323871
0.371738983528
0.529257591348
0.753945759032
0.295501462780
0.586723681074
0.741351841018
0.210937732649
0.637104952708
0.691543756053
0.282139668387
0.664954465348
0.636281548534
0.352744477608
0.686088277493
0.576282372698
0.422093108641
0.699811427854
0.706398349255
0.512046363640
0.488681791816
0.707445648033
0.441539280836
0.551872918848
0.701688864734
0.365547451158
0.611561769620
0.644202702213
0.434643593745
0.629355086479
0.580771643668
0.502299786466
0.640624088235
0.645697222091
0.510525090685
0.567837326322
0.947984063749
-0.019977471735
-0.317690282352
0.916256975003
-0.047874402616
-0.397719998658
0.872346750456
-0.067184074011
-0.484249364654
0.995649387343
-0.031065580946
-0.087847749912
0.982692536152
-0.062059075112
-0.174539538751
0.961551814595
-0.092038022744
-0.258741396413
0.931610703875
-0.118657283996
-0.343543221997
0.890983447973
-0.139684624423
-0.432014700142
0.863607756465
-0.292628224359
-0.410548858580
0.864991559468
-0.360942210356
-0.348583308309
0.859548692356
-0.426045142684
-0.282243834057
0.994573717612
-0.100790992096
-0.025773943198
0.984828102104
-0.131900763187
-0.112764347096
0.966448515349
-0.161706887249
-0.199569912050
0.939013251738
-0.189011523337
-0.287278187663
0.902111362106
-0.209936157576
-0.376990583572
0.906022715472
-0.279373537245
-0.317920219136
0.903147762161
-0.345920340119
-0.254289673394
0.893522411457
-0.408452095421
-0.186506262550
0.978522429679
-0.200383728066
-0.048375780534
0.963643302933
-0.229194887529
-0.137336405382
0.939434921835
-0.256879807023
-0.226880568539
0.932974148004
-0.321369866315
-0.162113072210
0.918967753082
-0.383109122843
-0.093411288341
0.953113955109
-0.294302365066
-0.070426603588
-0.019977471735
0.317690282352
-0.947984063749
-0.047874402616
0.397719998658
-0.916256975003
-0.067184074011
0.484249364654
-0.872346750456
-0.031065580946
0.087847749912
-0.995649387343
-0.062059075112
0.174539538751
-0.982692536152
-0.092038022744
0.258741396413
-0.961551814595
-0.118657283996
0.343543221997
-0.931610703875
-0.139684624423
0.432014700142
-0.890983447973
-0.292628224359
0.410548858580
-0.863607756465
-0.360942210356
0.348583308309
-0.864991559468
-0.426045142684
0.282243834057
-0.859548692356
-0.100790992096
0.025773943198
-0.994573717612
-0.131900763187
0.112764347096
-0.984828102104
-0.161706887249
0.199569912050
-0.966448515349
-0.189011523337
0.287278187663
-0.939013251738
-0.209936157576
0.376990583572
-0.902111362106
-0.279373537245
0.317920219136
-0.906022715472
-0.345920340119
0.254289673394
-0.903147762161
-0.408452095421
0.186506262550
-0.893522411457
-0.200383728066
0.048375780534
-0.978522429679
-0.229194887529
0.137336405382
-0.963643302933
-0.256879807023
0.226880568539
-0.939434921835
-0.321369866315
0.162113072210
-0.932974148004
-0.383109122843
0.093411288341
-0.918967753082
-0.294302365066
0.070426603588
-0.953113955109
0.435626213133
-0.875095650031
0.210801816234
0.443267770508
-0.888106903888
0.121572245580
0.457341595579
-0.888976666306
0.023646389087
0.326463873158
-0.848176512913
0.417154578622
0.340731616871
-0.879980183213
0.330963506172
0.352046225360
-0.903886258991
0.243008407295
0.363659391378
-0.919178227474
0.151205929778
0.378329142190
-0.924162947492
0.052819566952
0.235402695972
-0.971854037956
0.009235780259
0.149580363856
-0.987982143002
0.038948682370
0.062059309657
-0.995630212233
0.069779098408
0.238685527015
-0.862987122215
0.445289171309
0.254000834647
-0.897539152346
0.360426200496
0.267610351564
-0.924397211120
0.271798630993
0.280896612050
-0.942957282368
0.178685917093
0.297421114283
-0.951287998593
0.081190051799
0.212918586529
-0.970917293298
0.109477326813
0.126377409780
-0.982201888653
0.138953950014
0.038922054686
-0.984734468119
0.169655830895
0.164454109013
-0.906782077321
0.388202408903
0.181027800778
-0.936640535562
0.299889050295
0.195921510832
-0.958568671758
0.206786999394
0.109367719821
-0.965572568528
0.236026093403
0.020740506075
-0.963880766511
0.265525327149
0.091646096676
-0.939999587157
0.328636226105
-0.875095650031
0.210801816234
0.435626213133
-0.888106903888
0.121572245580
0.443267770508
-0.888976666306
0.023646389087
0.457341595579
-0.848176512913
0.417154578622
0.326463873158
-0.879980183213
0.330963506172
0.340731616871
-0.903886258991
0.243008407295
0.352046225360
-0.919178227474
0.151205929778
0.363659391378
-0.924162947492
0.052819566952
0.378329142190
-0.971854037956
0.009235780259
0.235402695972
-0.987982143002
0.038948682370
0.149580363856
-0.995630212233
0.069779098408
0.062059309657
-0.862987122215
0.445289171309
0.238685527015
-0.897539152346
0.360426200496
0.254000834647
-0.924397211120
0.271798630993
0.267610351564
-0.942957282368
0.178685917093
0.280896612050
-0.951287998593
0.081190051799
0.297421114283
-0.970917293298
0.109477326813
0.212918586529
-0.982201888653
0.138953950014
0.126377409780
-0.984734468119
0.169655830895
0.038922054686
-0.906782077321
0.388202408903
0.164454109013
-0.936640535562
0.299889050295
0.181027800778
-0.958568671758
0.206786999394
0.195921510832
-0.965572568528
0.236026093403
0.109367719821
-0.963880766511
0.265525327149
0.020740506075
-0.939999587157
0.328636226105
0.091646096676
-0.117935930781
-0.678752257643
0.724835490974
-0.045547771849
-0.642302426712
0.765096721415
0.026907769075
-0.589694099919
0.807178320128
-0.238616123246
-0.793883617632
0.559295223815
-0.166192078120
-0.772108815884
0.613374412251
-0.093304828947
-0.743975281711
0.661660780988
-0.020116169381
-0.706856839675
0.707070539574
0.053685557952
-0.657163179165
0.751834035421
0.175146162608
-0.718120889312
0.673517787484
0.199002944453
-0.772545810556
0.602968323124
0.220184524400
-0.821193929670
0.526459215028
-0.212911583816
-0.847057949294
0.486992287428
-0.141236487551
-0.827846953122
0.542882746816
-0.068040439515
-0.801056222341
0.594709531821
0.006381575613
-0.765409598166
0.643511788958
0.079569469289
-0.718295004507
0.691173629457
0.105001632607
-0.774431792161
0.623883047085
0.127912263613
-0.825042227507
0.550403284554
0.147584207864
-0.869467258749
0.471429302816
-0.116078328480
-0.876884200719
0.466476066039
-0.043691395396
-0.851761969143
0.522104022097
0.030959057707
-0.818348769013
0.573887470677
0.052745352388
-0.865381179882
0.498330554258
0.072670782265
-0.906149415384
0.416667966617
-0.021219493088
-0.896473552427
0.442588864424
-0.737182247515
0.150260159057
0.658774785908
-0.794684729423
0.123010182473
0.594428024096
-0.848700361369
0.081798346178
0.522510025908
-0.578494808720
0.288881289098
0.762818036686
-0.651729029981
0.266605770962
0.710049740772
-0.718543407301
0.242225478004
0.651937258968
-0.780404774097
0.212107687900
0.588199555679
-0.838163881021
0.172328912071
0.517478554741
-0.854371976206
0.298336250472
0.425492664952
-0.826042877099
0.385013819877
0.411603600200
-0.789769593949
0.469170997205
0.395148786986
-0.549284546303
0.375994834787
0.746266957199
-0.624401901608
0.354656405530
0.695946189935
-0.694649884356
0.329687679299
0.639349335092
-0.760327334645
0.299445493411
0.576398074830
-0.820921310307
0.260114369136
0.508358846931
-0.796545388660
0.347034246213
0.495058254916
-0.764193812147
0.431798604099
0.479121887388
-0.723866580562
0.513305165304
0.461015163327
-0.590320020776
0.440306011282
0.676500472653
-0.663754252637
0.414536513466
0.622567081614
-0.732647922441
0.384681201081
0.561468961990
-0.696948054601
0.467242014270
0.544011313567
-0.653442425934
0.547212799895
0.523040292541
-0.624477729004
0.497410722733
0.602171187361
-0.658774785908
-0.737182247515
-0.150260159057
-0.594428024096
-0.794684729423
-0.123010182473
-0.522510025908
-0.848700361369
-0.081798346178
-0.762818036686
-0.578494808720
-0.288881289098
-0.710049740772
-0.651729029981
-0.266605770962
-0.651937258968
-0.718543407301
-0.242225478004
-0.588199555679
-0.780404774097
-0.212107687900
-0.517478554741
-0.838163881021
-0.172328912071
-0.425492664952
-0.854371976206
-0.298336250472
-0.411603600200
-0.826042877099
-0.385013819877
-0.395148786986
-0.789769593949
-0.469170997205
-0.746266957199
-0.549284546303
-0.375994834787
-0.695946189935
-0.624401901608
-0.354656405530
-0.639349335092
-0.694649884356
-0.329687679299
-0.576398074830
-0.760327334645
-0.299445493411
-0.508358846931
-0.820921310307
-0.260114369136
-0.495058254916
-0.796545388660
-0.347034246213
-0.479121887388
-0.764193812147
-0.431798604099
-0.461015163327
-0.723866580562
-0.513305165304
-0.676500472653
-0.590320020776
-0.440306011282
-0.622567081614
-0.663754252637
-0.414536513466
-0.561468961990
-0.732647922441
-0.384681201081
-0.544011313567
-0.696948054601
-0.467242014270
-0.523040292541
-0.653442425934
-0.547212799895
-0.602171187361
-0.624477729004
-0.497410722733
0.150260159057
-0.658774785908
0.737182247515
0.123010182473
-0.594428024096
0.794684729423
0.081798346178
-0.522510025908
0.848700361369
0.288881289098
-0.762818036686
0.578494808720
0.266605770962
-0.710049740772
0.651729029981
0.242225478004
-0.651937258968
0.718543407301
0.212107687900
-0.588199555679
0.780404774097
0.172328912071
-0.517478554741
0.838163881021
0.298336250472
-0.425492664952
0.854371976206
0.385013819877
-0.411603600200
0.826042877099
0.469170997205
-0.395148786986
0.789769593949
0.375994834787
-0.746266957199
0.549284546303
0.354656405530
-0.695946189935
0.624401901608
0.329687679299
-0.639349335092
0.694649884356
0.299445493411
-0.576398074830
0.760327334645
0.260114369136
-0.508358846931
0.820921310307
0.347034246213
-0.495058254916
0.796545388660
0.431798604099
-0.479121887388
0.764193812147
0.513305165304
-0.461015163327
0.723866580562
0.440306011282
-0.676500472653
0.590320020776
0.414536513466
-0.622567081614
0.663754252637
0.384681201081
-0.561468961990
0.732647922441
0.467242014270
-0.544011313567
0.696948054601
0.547212799895
-0.523040292541
0.653442425934
0.497410722733
-0.602171187361
0.624477729004
-0.724835490974
-0.117935930781
0.678752257643
-0.765096721415
-0.045547771849
0.642302426712
-0.807178320128
0.026907769075
0.589694099919
-0.559295223815
-0.238616123246
0.793883617632
-0.613374412251
-0.166192078120
0.772108815884
-0.661660780988
-0.093304828947
0.743975281711
-0.707070539574
-0.020116169381
0.706856839675
-0.751834035421
0.053685557952
0.657163179165
-0.673517787484
0.175146162608
0.718120889312
-0.602968323124
0.199002944453
0.772545810556
-0.526459215028
0.220184524400
0.821193929670
-0.486992287428
-0.212911583816
0.847057949294
-0.542882746816
-0.141236487551
0.827846953122
-0.594709531821
-0.068040439515
0.801056222341
-0.643511788958
0.006381575613
0.765409598166
-0.691173629457
0.079569469289
0.718295004507
-0.623883047085
0.105001632607
0.774431792161
-0.550403284554
0.127912263613
0.825042227507
-0.471429302816
0.147584207864
0.869467258749
-0.466476066039
-0.116078328480
0.876884200719
-0.522104022097
-0.043691395396
0.851761969143
-0.573887470677
0.030959057707
0.818348769013
-0.498330554258
0.052745352388
0.865381179882
-0.416667966617
0.072670782265
0.906149415384
-0.442588864424
-0.021219493088
0.896473552427
0.317690282352
-0.947984063749
-0.019977471735
0.397719998658
-0.916256975003
-0.047874402616
0.484249364654
-0.872346750456
-0.067184074011
0.087847749912
-0.995649387343
-0.031065580946
0.174539538751
-0.982692536152
-0.062059075112
0.258741396413
-0.961551814595
-0.092038022744
0.343543221997
-0.931610703875
-0.118657283996
0.432014700142
-0.890983447973
-0.139684624423
0.410548858580
-0.863607756465
-0.292628224359
0.348583308309
-0.864991559468
-0.360942210356
0.282243834057
-0.859548692356
-0.426045142684
0.025773943198
-0.994573717612
-0.100790992096
0.112764347096
-0.984828102104
-0.131900763187
0.199569912050
-0.966448515349
-0.161706887249
0.287278187663
-0.939013251738
-0.189011523337
0.376990583572
-0.902111362106
-0.209936157576
0.317920219136
-0.906022715472
-0.279373537245
0.254289673394
-0.903147762161
-0.345920340119
0.186506262550
-0.893522411457
-0.408452095421
0.048375780534
-0.978522429679
-0.200383728066
0.137336405382
-0.963643302933
-0.229194887529
0.226880568539
-0.939434921835
-0.256879807023
0.162113072210
-0.932974148004
-0.321369866315
0.093411288341
-0.918967753082
-0.383109122843
0.070426603588
-0.953113955109
-0.294302365066
0.947984063749
0.019977471735
0.317690282352
0.916256975003
0.047874402616
0.397719998658
0.872346750456
0.067184074011
0.484249364654
0.995649387343
0.031065580946
0.087847749912
0.982692536152
0.062059075112
0.174539538751
0.961551814595
0.092038022744
0.258741396413
0.931610703875
0.118657283996
0.343543221997
0.890983447973
0.139684624423
0.432014700142
0.863607756465
0.292628224359
0.410548858580
0.864991559468
0.360942210356
0.348583308309
0.859548692356
0.426045142684
0.282243834057
0.994573717612
0.100790992096
0.025773943198
0.984828102104
0.131900763187
0.112764347096
0.966448515349
0.161706887249
0.199569912050
0.939013251738
0.189011523337
0.287278187663
0.902111362106
0.209936157576
0.376990583572
0.906022715472
0.279373537245
0.317920219136
0.903147762161
0.345920340119
0.254289673394
0.893522411457
0.408452095421
0.186506262550
0.978522429679
0.200383728066
0.048375780534
0.963643302933
0.229194887529
0.137336405382
0.939434921835
0.256879807023
0.226880568539
0.932974148004
0.321369866315
0.162113072210
0.918967753082
0.383109122843
0.093411288341
0.953113955109
0.294302365066
0.070426603588
0.210801816234
-0.435626213133
0.875095650031
0.121572245580
-0.443267770508
0.888106903888
0.023646389087
-0.457341595579
0.888976666306
0.417154578622
-0.326463873158
0.848176512913
0.330963506172
-0.340731616871
0.879980183213
0.243008407295
-0.352046225360
0.903886258991
0.151205929778
-0.363659391378
0.919178227474
0.052819566952
-0.378329142190
0.924162947492
0.009235780259
-0.235402695972
0.971854037956
0.038948682370
-0.149580363856
0.987982143002
0.069779098408
-0.062059309657
0.995630212233
0.445289171309
-0.238685527015
0.862987122215
0.360426200496
-0.254000834647
0.897539152346
0.271798630993
-0.267610351564
0.924397211120
0.178685917093
-0.280896612050
0.942957282368
0.081190051799
-0.297421114283
0.951287998593
0.109477326813
-0.212918586529
0.970917293298
0.138953950014
-0.126377409780
0.982201888653
0.169655830895
-0.038922054686
0.984734468119
0.388202408903
-0.164454109013
0.906782077321
0.299889050295
-0.181027800778
0.936640535562
0.206786999394
-0.195921510832
0.958568671758
0.236026093403
-0.109367719821
0.965572568528
0.265525327149
-0.020740506075
0.963880766511
0.328636226105
-0.091646096676
0.939999587157
0.724835490974
-0.117935930781
-0.678752257643
0.765096721415
-0.045547771849
-0.642302426712
0.807178320128
0.026907769075
-0.589694099919
0.559295223815
-0.238616123246
-0.793883617632
0.613374412251
-0.166192078120
-0.772108815884
0.661660780988
-0.093304828947
-0.743975281711
0.707070539574
-0.020116169381
-0.706856839675
0.751834035421
0.053685557952
-0.657163179165
0.673517787484
0.175146162608
-0.718120889312
0.602968323124
0.199002944453
-0.772545810556
0.526459215028
0.220184524400
-0.821193929670
0.486992287428
-0.212911583816
-0.847057949294
0.542882746816
-0.141236487551
-0.827846953122
0.594709531821
-0.068040439515
-0.801056222341
0.643511788958
0.006381575613
-0.765409598166
0.691173629457
0.079569469289
-0.718295004507
0.623883047085
0.105001632607
-0.774431792161
0.550403284554
0.127912263613
-0.825042227507
0.471429302816
0.147584207864
-0.869467258749
0.466476066039
-0.116078328480
-0.876884200719
0.522104022097
-0.043691395396
-0.851761969143
0.573887470677
0.030959057707
-0.818348769013
0.498330554258
0.052745352388
-0.865381179882
0.416667966617
0.072670782265
-0.906149415384
0.442588864424
-0.021219493088
-0.896473552427
-0.678752257643
-0.724835490974
0.117935930781
-0.642302426712
-0.765096721415
0.045547771849
-0.589694099919
-0.807178320128
-0.026907769075
-0.793883617632
-0.559295223815
0.238616123246
-0.772108815884
-0.613374412251
0.166192078120
-0.743975281711
-0.661660780988
0.093304828947
-0.706856839675
-0.707070539574
0.020116169381
-0.657163179165
-0.751834035421
-0.053685557952
-0.718120889312
-0.673517787484
-0.175146162608
-0.772545810556
-0.602968323124
-0.199002944453
-0.821193929670
-0.526459215028
-0.220184524400
-0.847057949294
-0.486992287428
0.212911583816
-0.827846953122
-0.542882746816
0.141236487551
-0.801056222341
-0.594709531821
0.068040439515
-0.765409598166
-0.643511788958
-0.006381575613
-0.718295004507
-0.691173629457
-0.079569469289
-0.774431792161
-0.623883047085
-0.105001632607
-0.825042227507
-0.550403284554
-0.127912263613
-0.869467258749
-0.471429302816
-0.147584207864
-0.876884200719
-0.466476066039
0.116078328480
-0.851761969143
-0.522104022097
0.043691395396
-0.818348769013
-0.573887470677
-0.030959057707
-0.865381179882
-0.498330554258
-0.052745352388
-0.906149415384
-0.416667966617
-0.072670782265
-0.896473552427
-0.442588864424
0.021219493088
0.658774785908
-0.737182247515
0.150260159057
0.594428024096
-0.794684729423
0.123010182473
0.522510025908
-0.848700361369
0.081798346178
0.762818036686
-0.578494808720
0.288881289098
0.710049740772
-0.651729029981
0.266605770962
0.651937258968
-0.718543407301
0.242225478004
0.588199555679
-0.780404774097
0.212107687900
0.517478554741
-0.838163881021
0.172328912071
0.425492664952
-0.854371976206
0.298336250472
0.411603600200
-0.826042877099
0.385013819877
0.395148786986
-0.789769593949
0.469170997205
0.746266957199
-0.549284546303
0.375994834787
0.695946189935
-0.624401901608
0.354656405530
0.639349335092
-0.694649884356
0.329687679299
0.576398074830
-0.760327334645
0.299445493411
0.508358846931
-0.820921310307
0.260114369136
0.495058254916
-0.796545388660
0.347034246213
0.479121887388
-0.764193812147
0.431798604099
0.461015163327
-0.723866580562
0.513305165304
0.676500472653
-0.590320020776
0.440306011282
0.622567081614
-0.663754252637
0.414536513466
0.561468961990
-0.732647922441
0.384681201081
0.544011313567
-0.696948054601
0.467242014270
0.523040292541
-0.653442425934
0.547212799895
0.602171187361
-0.624477729004
0.497410722733
-0.150260159057
-0.658774785908
-0.737182247515
-0.123010182473
-0.594428024096
-0.794684729423
-0.081798346178
-0.522510025908
-0.848700361369
-0.288881289098
-0.762818036686
-0.578494808720
-0.266605770962
-0.710049740772
-0.651729029981
-0.242225478004
-0.651937258968
-0.718543407301
-0.212107687900
-0.588199555679
-0.780404774097
-0.172328912071
-0.517478554741
-0.838163881021
-0.298336250472
-0.425492664952
-0.854371976206
-0.385013819877
-0.411603600200
-0.826042877099
-0.469170997205
-0.395148786986
-0.789769593949
-0.375994834787
-0.746266957199
-0.549284546303
-0.354656405530
-0.695946189935
-0.624401901608
-0.329687679299
-0.639349335092
-0.694649884356
-0.299445493411
-0.576398074830
-0.760327334645
-0.260114369136
-0.508358846931
-0.820921310307
-0.347034246213
-0.495058254916
-0.796545388660
-0.431798604099
-0.479121887388
-0.764193812147
-0.513305165304
-0.461015163327
-0.723866580562
-0.440306011282
-0.676500472653
-0.590320020776
-0.414536513466
-0.622567081614
-0.663754252637
-0.384681201081
-0.561468961990
-0.732647922441
-0.467242014270
-0.544011313567
-0.696948054601
-0.547212799895
-0.523040292541
-0.653442425934
-0.497410722733
-0.602171187361
-0.624477729004
0.150260159057
0.658774785908
-0.737182247515
0.123010182473
0.594428024096
-0.794684729423
0.081798346178
0.522510025908
-0.848700361369
0.288881289098
0.762818036686
-0.578494808720
0.266605770962
0.710049740772
-0.651729029981
0.242225478004
0.651937258968
-0.718543407301
0.212107687900
0.588199555679
-0.780404774097
0.172328912071
0.517478554741
-0.838163881021
0.298336250472
0.425492664952
-0.854371976206
0.385013819877
0.411603600200
-0.826042877099
0.469170997205
0.395148786986
-0.789769593949
0.375994834787
0.746266957199
-0.549284546303
0.354656405530
0.695946189935
-0.624401901608
0.329687679299
0.639349335092
-0.694649884356
0.299445493411
0.576398074830
-0.760327334645
0.260114369136
0.508358846931
-0.820921310307
0.347034246213
0.495058254916
-0.796545388660
0.431798604099
0.479121887388
-0.764193812147
0.513305165304
0.461015163327
-0.723866580562
0.440306011282
0.676500472653
-0.590320020776
0.414536513466
0.622567081614
-0.663754252637
0.384681201081
0.561468961990
-0.732647922441
0.467242014270
0.544011313567
-0.696948054601
0.547212799895
0.523040292541
-0.653442425934
0.497410722733
0.602171187361
-0.624477729004
-0.737182247515
-0.150260159057
-0.658774785908
-0.794684729423
-0.123010182473
-0.594428024096
-0.848700361369
-0.081798346178
-0.522510025908
-0.578494808720
-0.288881289098
-0.762818036686
-0.651729029981
-0.266605770962
-0.710049740772
-0.718543407301
-0.242225478004
-0.651937258968
-0.780404774097
-0.212107687900
-0.588199555679
-0.838163881021
-0.172328912071
-0.517478554741
-0.854371976206
-0.298336250472
-0.425492664952
-0.826042877099
-0.385013819877
-0.411603600200
-0.789769593949
-0.469170997205
-0.395148786986
-0.549284546303
-0.375994834787
-0.746266957199
-0.624401901608
-0.354656405530
-0.695946189935
-0.694649884356
-0.329687679299
-0.639349335092
-0.760327334645
-0.299445493411
-0.576398074830
-0.820921310307
-0.260114369136
-0.508358846931
-0.796545388660
-0.347034246213
-0.495058254916
-0.764193812147
-0.431798604099
-0.479121887388
-0.723866580562
-0.513305165304
-0.461015163327
-0.590320020776
-0.440306011282
-0.676500472653
-0.663754252637
-0.414536513466
-0.622567081614
-0.732647922441
-0.384681201081
-0.561468961990
-0.696948054601
-0.467242014270
-0.544011313567
-0.653442425934
-0.547212799895
-0.523040292541
-0.624477729004
-0.497410722733
-0.602171187361
-0.678752257643
0.724835490974
-0.117935930781
-0.642302426712
0.765096721415
-0.045547771849
-0.589694099919
0.807178320128
0.026907769075
-0.793883617632
0.559295223815
-0.238616123246
-0.772108815884
0.613374412251
-0.166192078120
-0.743975281711
0.661660780988
-0.093304828947
-0.706856839675
0.707070539574
-0.020116169381
-0.657163179165
0.751834035421
0.053685557952
-0.718120889312
0.673517787484
0.175146162608
-0.772545810556
0.602968323124
0.199002944453
-0.821193929670
0.526459215028
0.220184524400
-0.847057949294
0.486992287428
-0.212911583816
-0.827846953122
0.542882746816
-0.141236487551
-0.801056222341
0.594709531821
-0.068040439515
-0.765409598166
0.643511788958
0.006381575613
-0.718295004507
0.691173629457
0.079569469289
-0.774431792161
0.623883047085
0.105001632607
-0.825042227507
0.550403284554
0.127912263613
-0.869467258749
0.471429302816
0.147584207864
-0.876884200719
0.466476066039
-0.116078328480
-0.851761969143
0.522104022097
-0.043691395396
-0.818348769013
0.573887470677
0.030959057707
-0.865381179882
0.498330554258
0.052745352388
-0.906149415384
0.416667966617
0.072670782265
-0.896473552427
0.442588864424
-0.021219493088
-0.117935930781
0.678752257643
-0.724835490974
-0.045547771849
0.642302426712
-0.765096721415
0.026907769075
0.589694099919
-0.807178320128
-0.238616123246
0.793883617632
-0.559295223815
-0.166192078120
0.772108815884
-0.613374412251
-0.093304828947
0.743975281711
-0.661660780988
-0.020116169381
0.706856839675
-0.707070539574
0.053685557952
0.657163179165
-0.751834035421
0.175146162608
0.718120889312
-0.673517787484
0.199002944453
0.772545810556
-0.602968323124
0.220184524400
0.821193929670
-0.526459215028
-0.212911583816
0.847057949294
-0.486992287428
-0.141236487551
0.827846953122
-0.542882746816
-0.068040439515
0.801056222341
-0.594709531821
0.006381575613
0.765409598166
-0.643511788958
0.079569469289
0.718295004507
-0.691173629457
0.105001632607
0.774431792161
-0.623883047085
0.127912263613
0.825042227507
-0.550403284554
0.147584207864
0.869467258749
-0.471429302816
-0.116078328480
0.876884200719
-0.466476066039
-0.043691395396
0.851761969143
-0.522104022097
0.030959057707
0.818348769013
-0.573887470677
0.052745352388
0.865381179882
-0.498330554258
0.072670782265
0.906149415384
-0.416667966617
-0.021219493088
0.896473552427
-0.442588864424
0.223148572775
-0.467950441409
-0.855118178297
0.151160253588
-0.520730181132
-0.840232501272
0.065168430328
-0.566047710832
-0.821792592295
0.436354163527
-0.376729039010
-0.817110931966
0.369318123901
-0.441145309713
-0.817921108101
0.299891033607
-0.500966874417
-0.811848236248
0.224540164301
-0.555650909897
-0.800520943478
0.139149412551
-0.604343612213
-0.784478323068
0.190089968981
-0.708885109052
-0.679225813597
0.262023236344
-0.733597128186
-0.627039932646
0.333089477329
-0.751414831262
-0.569585069548
0.507581430184
-0.401768777985
-0.762196130119
0.441945355288
-0.467420752626
-0.765638389159
0.371738983528
-0.529257591348
-0.762690323871
0.295501462780
-0.586723681074
-0.753945759032
0.210937732649
-0.637104952708
-0.741351841018
0.282139668387
-0.664954465348
-0.691543756053
0.352744477608
-0.686088277493
-0.636281548534
0.422093108641
-0.699811427854
-0.576282372698
0.512046363640
-0.488681791816
-0.706398349255
0.441539280836
-0.551872918848
-0.707445648033
0.365547451158
-0.611561769620
-0.701688864734
0.434643593745
-0.629355086479
-0.644202702213
0.502299786466
-0.640624088235
-0.580771643668
0.510525090685
-0.567837326322
-0.645697222091
-0.875095650031
-0.210801816234
-0.435626213133
-0.888106903888
-0.121572245580
-0.443267770508
-0.888976666306
-0.023646389087
-0.457341595579
-0.848176512913
-0.417154578622
-0.326463873158
-0.879980183213
-0.330963506172
-0.340731616871
-0.903886258991
-0.243008407295
-0.352046225360
-0.919178227474
-0.151205929778
-0.363659391378
-0.924162947492
-0.052819566952
-0.378329142190
-0.971854037956
-0.009235780259
-0.235402695972
-0.987982143002
-0.038948682370
-0.149580363856
-0.995630212233
-0.069779098408
-0.062059309657
-0.862987122215
-0.445289171309
-0.238685527015
-0.897539152346
-0.360426200496
-0.254000834647
-0.924397211120
-0.271798630993
-0.267610351564
-0.942957282368
-0.178685917093
-0.280896612050
-0.951287998593
-0.081190051799
-0.297421114283
-0.970917293298
-0.109477326813
-0.212918586529
-0.982201888653
-0.138953950014
-0.126377409780
-0.984734468119
-0.169655830895
-0.038922054686
-0.906782077321
-0.388202408903
-0.164454109013
-0.936640535562
-0.299889050295
-0.181027800778
-0.958568671758
-0.206786999394
-0.195921510832
-0.965572568528
-0.236026093403
-0.109367719821
-0.963880766511
-0.265525327149
-0.020740506075
-0.939999587157
-0.328636226105
-0.091646096676
-0.223148572775
0.467950441409
-0.855118178297
-0.151160253588
0.520730181132
-0.840232501272
-0.065168430328
0.566047710832
-0.821792592295
-0.436354163527
0.376729039010
-0.817110931966
-0.369318123901
0.441145309713
-0.817921108101
-0.299891033607
0.500966874417
-0.811848236248
-0.224540164301
0.555650909897
-0.800520943478
-0.139149412551
0.604343612213
-0.784478323068
-0.190089968981
0.708885109052
-0.679225813597
-0.262023236344
0.733597128186
-0.627039932646
-0.333089477329
0.751414831262
-0.569585069548
-0.507581430184
0.401768777985
-0.762196130119
-0.441945355288
0.467420752626
-0.765638389159
-0.371738983528
0.529257591348
-0.762690323871
-0.295501462780
0.586723681074
-0.753945759032
-0.210937732649
0.637104952708
-0.741351841018
-0.282139668387
0.664954465348
-0.691543756053
-0.352744477608
0.686088277493
-0.636281548534
-0.422093108641
0.699811427854
-0.576282372698
-0.512046363640
0.488681791816
-0.706398349255
-0.441539280836
0.551872918848
-0.707445648033
-0.365547451158
0.611561769620
-0.701688864734
-0.434643593745
0.629355086479
-0.644202702213
-0.502299786466
0.640624088235
-0.580771643668
-0.510525090685
0.567837326322
-0.645697222091
0.875095650031
0.210801816234
-0.435626213133
0.888106903888
0.121572245580
-0.443267770508
0.888976666306
0.023646389087
-0.457341595579
0.848176512913
0.417154578622
-0.326463873158
0.879980183213
0.330963506172
-0.340731616871
0.903886258991
0.243008407295
-0.352046225360
0.919178227474
0.151205929778
-0.363659391378
0.924162947492
0.052819566952
-0.378329142190
0.971854037956
0.009235780259
-0.235402695972
0.987982143002
0.038948682370
-0.149580363856
0.995630212233
0.069779098408
-0.062059309657
0.862987122215
0.445289171309
-0.238685527015
0.897539152346
0.360426200496
-0.254000834647
0.924397211120
0.271798630993
-0.267610351564
0.942957282368
0.178685917093
-0.280896612050
0.951287998593
0.081190051799
-0.297421114283
0.970917293298
0.109477326813
-0.212918586529
0.982201888653
0.138953950014
-0.126377409780
0.984734468119
0.169655830895
-0.038922054686
0.906782077321
0.388202408903
-0.164454109013
0.936640535562
0.299889050295
-0.181027800778
0.958568671758
0.206786999394
-0.195921510832
0.965572568528
0.236026093403
-0.109367719821
0.963880766511
0.265525327149
-0.020740506075
0.939999587157
0.328636226105
-0.091646096676
0.117935930781
-0.678752257643
-0.724835490974
0.045547771849
-0.642302426712
-0.765096721415
-0.026907769075
-0.589694099919
-0.807178320128
0.238616123246
-0.793883617632
-0.559295223815
0.166192078120
-0.772108815884
-0.613374412251
0.093304828947
-0.743975281711
-0.661660780988
0.020116169381
-0.706856839675
-0.707070539574
-0.053685557952
-0.657163179165
-0.751834035421
-0.175146162608
-0.718120889312
-0.673517787484
-0.199002944453
-0.772545810556
-0.602968323124
-0.220184524400
-0.821193929670
-0.526459215028
0.212911583816
-0.847057949294
-0.486992287428
0.141236487551
-0.827846953122
-0.542882746816
0.068040439515
-0.801056222341
-0.594709531821
-0.006381575613
-0.765409598166
-0.643511788958
-0.079569469289
-0.718295004507
-0.691173629457
-0.105001632607
-0.774431792161
-0.623883047085
-0.127912263613
-0.825042227507
-0.550403284554
-0.147584207864
-0.869467258749
-0.471429302816
0.116078328480
-0.876884200719
-0.466476066039
0.043691395396
-0.851761969143
-0.522104022097
-0.030959057707
-0.818348769013
-0.573887470677
-0.052745352388
-0.865381179882
-0.498330554258
-0.072670782265
-0.906149415384
-0.416667966617
0.021219493088
-0.896473552427
-0.442588864424
0.737182247515
0.150260159057
-0.658774785908
0.794684729423
0.123010182473
-0.594428024096
0.848700361369
0.081798346178
-0.522510025908
0.578494808720
0.288881289098
-0.762818036686
0.651729029981
0.266605770962
-0.710049740772
0.718543407301
0.242225478004
-0.651937258968
0.780404774097
0.212107687900
-0.588199555679
0.838163881021
0.172328912071
-0.517478554741
0.854371976206
0.298336250472
-0.425492664952
0.826042877099
0.385013819877
-0.411603600200
0.789769593949
0.469170997205
-0.395148786986
0.549284546303
0.375994834787
-0.746266957199
0.624401901608
0.354656405530
-0.695946189935
0.694649884356
0.329687679299
-0.639349335092
0.760327334645
0.299445493411
-0.576398074830
0.820921310307
0.260114369136
-0.508358846931
0.796545388660
0.347034246213
-0.495058254916
0.764193812147
0.431798604099
-0.479121887388
0.723866580562
0.513305165304
-0.461015163327
0.590320020776
0.440306011282
-0.676500472653
0.663754252637
0.414536513466
-0.622567081614
0.732647922441
0.384681201081
-0.561468961990
0.696948054601
0.467242014270
-0.544011313567
0.653442425934
0.547212799895
-0.523040292541
0.624477729004
0.497410722733
-0.602171187361
-0.947984063749
0.019977471735
-0.317690282352
-0.916256975003
0.047874402616
-0.397719998658
-0.872346750456
0.067184074011
-0.484249364654
-0.995649387343
0.031065580946
-0.087847749912
-0.982692536152
0.062059075112
-0.174539538751
-0.961551814595
0.092038022744
-0.258741396413
-0.931610703875
0.118657283996
-0.343543221997
-0.890983447973
0.139684624423
-0.432014700142
-0.863607756465
0.292628224359
-0.410548858580
-0.864991559468
0.360942210356
-0.348583308309
-0.859548692356
0.426045142684
-0.282243834057
-0.994573717612
0.100790992096
-0.025773943198
-0.984828102104
0.131900763187
-0.112764347096
-0.966448515349
0.161706887249
-0.199569912050
-0.939013251738
0.189011523337
-0.287278187663
-0.902111362106
0.209936157576
-0.376990583572
-0.906022715472
0.279373537245
-0.317920219136
-0.903147762161
0.345920340119
-0.254289673394
-0.893522411457
0.408452095421
-0.186506262550
-0.978522429679
0.200383728066
-0.048375780534
-0.963643302933
0.229194887529
-0.137336405382
-0.939434921835
0.256879807023
-0.226880568539
-0.932974148004
0.321369866315
-0.162113072210
-0.918967753082
0.383109122843
-0.093411288341
-0.953113955109
0.294302365066
-0.070426603588
0.019977471735
-0.317690282352
-0.947984063749
0.047874402616
-0.397719998658
-0.916256975003
0.067184074011
-0.484249364654
-0.872346750456
0.031065580946
-0.087847749912
-0.995649387343
0.062059075112
-0.174539538751
-0.982692536152
0.092038022744
-0.258741396413
-0.961551814595
0.118657283996
-0.343543221997
-0.931610703875
0.139684624423
-0.432014700142
-0.890983447973
0.292628224359
-0.410548858580
-0.863607756465
0.360942210356
-0.348583308309
-0.864991559468
0.426045142684
-0.282243834057
-0.859548692356
0.100790992096
-0.025773943198
-0.994573717612
0.131900763187
-0.112764347096
-0.984828102104
0.161706887249
-0.199569912050
-0.966448515349
0.189011523337
-0.287278187663
-0.939013251738
0.209936157576
-0.376990583572
-0.902111362106
0.279373537245
-0.317920219136
-0.906022715472
0.345920340119
-0.254289673394
-0.903147762161
0.408452095421
-0.186506262550
-0.893522411457
0.200383728066
-0.048375780534
-0.978522429679
0.229194887529
-0.137336405382
-0.963643302933
0.256879807023
-0.226880568539
-0.939434921835
0.321369866315
-0.162113072210
-0.932974148004
0.383109122843
-0.093411288341
-0.918967753082
0.294302365066
-0.070426603588
-0.953113955109
0.467950441409
-0.855118178297
-0.223148572775
0.520730181132
-0.840232501272
-0.151160253588
0.566047710832
-0.821792592295
-0.065168430328
0.376729039010
-0.817110931966
-0.436354163527
0.441145309713
-0.817921108101
-0.369318123901
0.500966874417
-0.811848236248
-0.299891033607
0.555650909897
-0.800520943478
-0.224540164301
0.604343612213
-0.784478323068
-0.139149412551
0.708885109052
-0.679225813597
-0.190089968981
0.733597128186
-0.627039932646
-0.262023236344
0.751414831262
-0.569585069548
-0.333089477329
0.401768777985
-0.762196130119
-0.507581430184
0.467420752626
-0.765638389159
-0.441945355288
0.529257591348
-0.762690323871
-0.371738983528
0.586723681074
-0.753945759032
-0.295501462780
0.637104952708
-0.741351841018
-0.210937732649
0.664954465348
-0.691543756053
-0.282139668387
0.686088277493
-0.636281548534
-0.352744477608
0.699811427854
-0.576282372698
-0.422093108641
0.488681791816
-0.706398349255
-0.512046363640
0.551872918848
-0.707445648033
-0.441539280836
0.611561769620
-0.701688864734
-0.365547451158
0.629355086479
-0.644202702213
-0.434643593745
0.640624088235
-0.580771643668
-0.502299786466
0.567837326322
-0.645697222091
-0.510525090685
-0.467950441409
-0.855118178297
0.223148572775
-0.520730181132
-0.840232501272
0.151160253588
-0.566047710832
-0.821792592295
0.065168430328
-0.376729039010
-0.817110931966
0.436354163527
-0.441145309713
-0.817921108101
0.369318123901
-0.500966874417
-0.811848236248
0.299891033607
-0.555650909897
-0.800520943478
0.224540164301
-0.604343612213
-0.784478323068
0.139149412551
-0.708885109052
-0.679225813597
0.190089968981
-0.733597128186
-0.627039932646
0.262023236344
-0.751414831262
-0.569585069548
0.333089477329
-0.401768777985
-0.762196130119
0.507581430184
-0.467420752626
-0.765638389159
0.441945355288
-0.529257591348
-0.762690323871
0.371738983528
-0.586723681074
-0.753945759032
0.295501462780
-0.637104952708
-0.741351841018
0.210937732649
-0.664954465348
-0.691543756053
0.282139668387
-0.686088277493
-0.636281548534
0.352744477608
-0.699811427854
-0.576282372698
0.422093108641
-0.488681791816
-0.706398349255
0.512046363640
-0.551872918848
-0.707445648033
0.441539280836
-0.611561769620
-0.701688864734
0.365547451158
-0.629355086479
-0.644202702213
0.434643593745
-0.640624088235
-0.580771643668
0.502299786466
-0.567837326322
-0.645697222091
0.510525090685
-0.317690282352
-0.947984063749
0.019977471735
-0.397719998658
-0.916256975003
0.047874402616
-0.484249364654
-0.872346750456
0.067184074011
-0.087847749912
-0.995649387343
0.031065580946
-0.174539538751
-0.982692536152
0.062059075112
-0.258741396413
-0.961551814595
0.092038022744
-0.343543221997
-0.931610703875
0.118657283996
-0.432014700142
-0.890983447973
0.139684624423
-0.410548858580
-0.863607756465
0.292628224359
-0.348583308309
-0.864991559468
0.360942210356
-0.282243834057
-0.859548692356
0.426045142684
-0.025773943198
-0.994573717612
0.100790992096
-0.112764347096
-0.984828102104
0.131900763187
-0.199569912050
-0.966448515349
0.161706887249
-0.287278187663
-0.939013251738
0.189011523337
-0.376990583572
-0.902111362106
0.209936157576
-0.317920219136
-0.906022715472
0.279373537245
-0.254289673394
-0.903147762161
0.345920340119
-0.186506262550
-0.893522411457
0.408452095421
-0.048375780534
-0.978522429679
0.200383728066
-0.137336405382
-0.963643302933
0.229194887529
-0.226880568539
-0.939434921835
0.256879807023
-0.162113072210
-0.932974148004
0.321369866315
-0.093411288341
-0.918967753082
0.383109122843
-0.070426603588
-0.953113955109
0.294302365066
0.317690282352
0.947984063749
0.019977471735
0.397719998658
0.916256975003
0.047874402616
0.484249364654
0.872346750456
0.067184074011
0.087847749912
0.995649387343
0.031065580946
0.174539538751
0.982692536152
0.062059075112
0.258741396413
0.961551814595
0.092038022744
0.343543221997
0.931610703875
0.118657283996
0.432014700142
0.890983447973
0.139684624423
0.410548858580
0.863607756465
0.292628224359
0.348583308309
0.864991559468
0.360942210356
0.282243834057
0.859548692356
0.426045142684
0.025773943198
0.994573717612
0.100790992096
0.112764347096
0.984828102104
0.131900763187
0.199569912050
0.966448515349
0.161706887249
0.287278187663
0.939013251738
0.189011523337
0.376990583572
0.902111362106
0.209936157576
0.317920219136
0.906022715472
0.279373537245
0.254289673394
0.903147762161
0.345920340119
0.186506262550
0.893522411457
0.408452095421
0.048375780534
0.978522429679
0.200383728066
0.137336405382
0.963643302933
0.229194887529
0.226880568539
0.939434921835
0.256879807023
0.162113072210
0.932974148004
0.321369866315
0.093411288341
0.918967753082
0.383109122843
0.070426603588
0.953113955109
0.294302365066
-0.210801816234
-0.435626213133
-0.875095650031
-0.121572245580
-0.443267770508
-0.888106903888
-0.023646389087
-0.457341595579
-0.888976666306
-0.417154578622
-0.326463873158
-0.848176512913
-0.330963506172
-0.340731616871
-0.879980183213
-0.243008407295
-0.352046225360
-0.903886258991
-0.151205929778
-0.363659391378
-0.919178227474
-0.052819566952
-0.378329142190
-0.924162947492
-0.009235780259
-0.235402695972
-0.971854037956
-0.038948682370
-0.149580363856
-0.987982143002
-0.069779098408
-0.062059309657
-0.995630212233
-0.445289171309
-0.238685527015
-0.862987122215
-0.360426200496
-0.254000834647
-0.897539152346
-0.271798630993
-0.267610351564
-0.924397211120
-0.178685917093
-0.280896612050
-0.942957282368
-0.081190051799
-0.297421114283
-0.951287998593
-0.109477326813
-0.212918586529
-0.970917293298
-0.138953950014
-0.126377409780
-0.982201888653
-0.169655830895
-0.038922054686
-0.984734468119
-0.388202408903
-0.164454109013
-0.906782077321
-0.299889050295
-0.181027800778
-0.936640535562
-0.206786999394
-0.195921510832
-0.958568671758
-0.236026093403
-0.109367719821
-0.965572568528
-0.265525327149
-0.020740506075
-0.963880766511
-0.328636226105
-0.091646096676
-0.939999587157
0.678752257643
-0.724835490974
-0.117935930781
0.642302426712
-0.765096721415
-0.045547771849
0.589694099919
-0.807178320128
0.026907769075
0.793883617632
-0.559295223815
-0.238616123246
0.772108815884
-0.613374412251
-0.166192078120
0.743975281711
-0.661660780988
-0.093304828947
0.706856839675
-0.707070539574
-0.020116169381
0.657163179165
-0.751834035421
0.053685557952
0.718120889312
-0.673517787484
0.175146162608
0.772545810556
-0.602968323124
0.199002944453
0.821193929670
-0.526459215028
0.220184524400
0.847057949294
-0.486992287428
-0.212911583816
0.827846953122
-0.542882746816
-0.141236487551
0.801056222341
-0.594709531821
-0.068040439515
0.765409598166
-0.643511788958
0.006381575613
0.718295004507
-0.691173629457
0.079569469289
0.774431792161
-0.623883047085
0.105001632607
0.825042227507
-0.550403284554
0.127912263613
0.869467258749
-0.471429302816
0.147584207864
0.876884200719
-0.466476066039
-0.116078328480
0.851761969143
-0.522104022097
-0.043691395396
0.818348769013
-0.573887470677
0.030959057707
0.865381179882
-0.498330554258
0.052745352388
0.906149415384
-0.416667966617
0.072670782265
0.896473552427
-0.442588864424
-0.021219493088
