0.373542648274
0.826088957489
0.421951329226
0.434455927927
0.834091247059
0.339911515351
0.490571658593
0.833165201824
0.255294328678
0.541034508031
0.824154838454
0.167482725595
0.580112826545
0.812074323185
0.063280345307
0.631245963741
0.763267944101
0.137661101143
0.675067308825
0.707369039766
0.209554694856
0.711938519496
0.643870623317
0.280310836193
0.740919282194
0.573614965659
0.349291409063
0.415094683412
0.761528804433
0.497765289893
0.477334646508
0.773165806662
0.417571874833
0.535302509554
0.776323519647
0.332825804451
0.587777683511
0.772209493909
0.241267263181
0.628469552845
0.712513525039
0.312010412941
0.661610518582
0.645686742850
0.381261264502
0.686998094898
0.571894250810
0.448297427493
0.512510543689
0.703881898429
0.491816241772
0.573156198952
0.712145166937
0.405390222885
0.603728481103
0.640415406320
0.474742065182
0.540957101155
0.626427602489
0.561207513804
0.525731112119
0.850650808352
0.000000000000
0.000000000000
0.525731112119
-0.850650808352
-0.525731112119
0.850650808352
0.000000000000
0.000000000000
0.525731112119
0.850650808352
0.850650808352
-0.000000000000
0.525731112119
-0.850650808352
-0.000000000000
0.525731112119
-0.000000000000
-0.525731112119
0.850650808352
-0.850650808352
-0.000000000000
-0.525731112119
-0.525731112119
-0.850650808352
0.000000000000
0.850650808352
-0.000000000000
-0.525731112119
0.525731112119
-0.850650808352
0.000000000000
0.000000000000
-0.525731112119
-0.850650808352
1.000000000000
0.000000000000
0.000000000000
-0.500000000000
-0.309016994375
-0.809016994375
-1.000000000000
0.000000000000
0.000000000000
0.500000000000
-0.309016994375
0.809016994375
0.500000000000
0.309016994375
-0.809016994375
-0.500000000000
0.309016994375
-0.809016994375
-0.500000000000
-0.309016994375
0.809016994375
0.809016994375
-0.500000000000
-0.309016994375
-0.309016994375
-0.809016994375
0.500000000000
-0.309016994375
0.809016994375
-0.500000000000
-0.809016994375
0.500000000000
0.309016994375
0.000000000000
-1.000000000000
0.000000000000
0.809016994375
0.500000000000
-0.309016994375
-0.000000000000
1.000000000000
0.000000000000
-0.809016994375
-0.500000000000
0.309016994375
0.809016994375
0.500000000000
0.309016994375
0.309016994375
0.809016994375
-0.500000000000
-0.309016994375
-0.809016994375
-0.500000000000
0.000000000000
-0.000000000000
1.000000000000
0.309016994375
0.809016994375
0.500000000000
0.000000000000
0.000000000000
-1.000000000000
0.309016994375
-0.809016994375
0.500000000000
-0.309016994375
0.809016994375
0.500000000000
0.309016994375
-0.809016994375
-0.500000000000
-0.809016994375
0.500000000000
-0.309016994375
-0.809016994375
-0.500000000000
-0.309016994375
0.809016994375
-0.500000000000
0.309016994375
0.500000000000
0.309016994375
0.809016994375
0.500000000000
-0.309016994375
-0.809016994375
-0.500000000000
0.309016994375
0.809016994375
0.409869998735
0.341913314420
-0.845636960852
0.315514598740
0.370583971019
-0.873566287357
0.218713827657
0.394802663595
-0.892353695801
0.119656968334
0.415825049983
-0.901538539240
0.012083228051
0.446077033441
-0.894912999032
0.031609954408
0.353600457041
-0.934862304065
0.050588709560
0.258888956264
-0.964581407031
0.069773935223
0.160745756871
-0.984526484972
0.089379817440
0.060461901256
-0.994160754974
0.430478579303
0.238935788096
-0.870400989159
0.338076793587
0.269213821868
-0.901791550056
0.241507637894
0.296228445719
-0.924079416926
0.139926331179
0.322463679080
-0.936182566339
0.158365738028
0.226222571732
-0.961115831239
0.177169759571
0.127292021858
-0.975913734643
0.195906232414
0.026229367717
-0.980271782911
0.359143894506
0.165169829180
-0.918550265673
0.261454439236
0.196327425164
-0.945038157077
0.280109402138
0.094173553933
-0.955337670446
0.377124640376
0.059021881772
-0.924279948443
-0.373542648274
0.826088957489
-0.421951329226
-0.434455927927
0.834091247059
-0.339911515351
-0.490571658593
0.833165201824
-0.255294328678
-0.541034508031
0.824154838454
-0.167482725595
-0.580112826545
0.812074323185
-0.063280345307
-0.631245963741
0.763267944101
-0.137661101143
-0.675067308825
0.707369039766
-0.209554694856
-0.711938519496
0.643870623317
-0.280310836193
-0.740919282194
0.573614965659
-0.349291409063
-0.415094683412
0.761528804433
-0.497765289893
-0.477334646508
0.773165806662
-0.417571874833
-0.535302509554
0.776323519647
-0.332825804451
-0.587777683511
0.772209493909
-0.241267263181
-0.628469552845
0.712513525039
-0.312010412941
-0.661610518582
0.645686742850
-0.381261264502
-0.686998094898
0.571894250810
-0.448297427493
-0.512510543689
0.703881898429
-0.491816241772
-0.573156198952
0.712145166937
-0.405390222885
-0.603728481103
0.640415406320
-0.474742065182
-0.540957101155
0.626427602489
-0.561207513804
-0.409869998735
0.341913314420
0.845636960852
-0.315514598740
0.370583971019
0.873566287357
-0.218713827657
0.394802663595
0.892353695801
-0.119656968334
0.415825049983
0.901538539240
-0.012083228051
0.446077033441
0.894912999032
-0.031609954408
0.353600457041
0.934862304065
-0.050588709560
0.258888956264
0.964581407031
-0.069773935223
0.160745756871
0.984526484972
-0.089379817440
0.060461901256
0.994160754974
-0.430478579303
0.238935788096
0.870400989159
-0.338076793587
0.269213821868
0.901791550056
-0.241507637894
0.296228445719
0.924079416926
-0.139926331179
0.322463679080
0.936182566339
-0.158365738028
0.226222571732
0.961115831239
-0.177169759571
0.127292021858
0.975913734643
-0.195906232414
0.026229367717
0.980271782911
-0.359143894506
0.165169829180
0.918550265673
-0.261454439236
0.196327425164
0.945038157077
-0.280109402138
0.094173553933
0.955337670446
-0.377124640376
0.059021881772
0.924279948443
0.783412647010
0.572775367301
0.241232259696
0.749970526667
0.639092501092
0.170601829357
0.709285486250
0.697992622523
0.098592078281
0.660691476365
0.750202765033
0.026126316160
0.592196054595
0.804606477556
-0.043729271627
0.662855918149
0.743731917894
-0.086515120529
0.725656018384
0.676103497811
-0.127700443341
0.781712454719
0.600747959820
-0.167414237473
0.830299099635
0.518375200572
-0.204671826536
0.845573262715
0.495478410995
0.198763682848
0.815411440095
0.564222857418
0.129447867998
0.776810147448
0.627063590886
0.057941762205
0.727704014691
0.685730265319
-0.014861703411
0.786835290873
0.614638116284
-0.055769266158
0.838780278153
0.536189809656
-0.094594571737
0.882904327311
0.450817540571
-0.131314484840
0.871654438196
0.481918764772
0.089290786391
0.834610638189
0.550557436980
0.017651946310
0.883837883241
0.467298275231
-0.021515531954
0.918081741531
0.393351756741
0.048992972318
-0.100681054724
0.994726696527
-0.019548003364
-0.199982141662
0.979004016442
-0.039475040297
-0.296210585314
0.953286951200
-0.059188493977
-0.389698733824
0.917685490628
-0.077383700786
-0.489806305069
0.867886822863
-0.082838675847
-0.440115577570
0.881393019038
-0.171594359964
-0.386589399605
0.885658192668
-0.257212367264
-0.328159994345
0.881058796013
-0.340655861655
-0.265133727792
0.867666609635
-0.420545789316
-0.040172105249
0.993243700888
-0.108872184726
-0.139765953870
0.981794732251
-0.128625743394
-0.238286683514
0.959889395336
-0.147755897279
-0.337325382492
0.926997528500
-0.163973072430
-0.281991837890
0.926648529225
-0.248602306200
-0.221886593595
0.917451074158
-0.330226991793
-0.157543852558
0.899114968064
-0.408377532100
-0.075879042789
0.973735006545
-0.214668367244
-0.178675478855
0.955947659864
-0.232892990140
-0.115689085887
0.942040340412
-0.314922264126
-0.010028909453
0.954559270546
-0.297852345954
-0.272861593551
0.763864643646
0.584856697792
-0.234473786265
0.710495486369
0.663489417703
-0.194361073279
0.650096992273
0.734573123543
-0.151335774207
0.583307775578
0.798028522294
-0.090306521476
0.509357378748
0.855803594812
-0.191130386171
0.491261558185
0.849783064630
-0.288477909219
0.468443651120
0.835069483108
-0.383778525152
0.441056593064
0.811284860790
-0.475785554402
0.409753310319
0.778286792195
-0.374922578164
0.736701077989
0.562765121585
-0.337568692638
0.686785696701
0.643717938664
-0.297015826040
0.629054250169
0.718381757442
-0.250452301020
0.563730942261
0.787071197320
-0.346477714955
0.538232984673
0.768282791197
-0.439723924987
0.508553286360
0.740281314587
-0.529454242340
0.474526795211
0.703208735651
-0.436631500901
0.656986070952
0.614591112038
-0.394480720098
0.601717648049
0.694493220628
-0.488039395216
0.568915619115
0.661930938275
-0.530928191702
0.620229395576
0.577434630170
0.584856697792
-0.272861593551
0.763864643646
0.663489417703
-0.234473786265
0.710495486369
0.734573123543
-0.194361073279
0.650096992273
0.798028522294
-0.151335774207
0.583307775578
0.855803594812
-0.090306521476
0.509357378748
0.849783064630
-0.191130386171
0.491261558185
0.835069483108
-0.288477909219
0.468443651120
0.811284860790
-0.383778525152
0.441056593064
0.778286792195
-0.475785554402
0.409753310319
0.562765121585
-0.374922578164
0.736701077989
0.643717938664
-0.337568692638
0.686785696701
0.718381757442
-0.297015826040
0.629054250169
0.787071197320
-0.250452301020
0.563730942261
0.768282791197
-0.346477714955
0.538232984673
0.740281314587
-0.439723924987
0.508553286360
0.703208735651
-0.529454242340
0.474526795211
0.614591112038
-0.436631500901
0.656986070952
0.694493220628
-0.394480720098
0.601717648049
0.661930938275
-0.488039395216
0.568915619115
0.577434630170
-0.530928191702
0.620229395576
-0.994726696527
-0.019548003364
0.100681054724
-0.979004016442
-0.039475040297
0.199982141662
-0.953286951200
-0.059188493977
0.296210585314
-0.917685490628
-0.077383700786
0.389698733824
-0.867886822863
-0.082838675847
0.489806305069
-0.881393019038
-0.171594359964
0.440115577570
-0.885658192668
-0.257212367264
0.386589399605
-0.881058796013
-0.340655861655
0.328159994345
-0.867666609635
-0.420545789316
0.265133727792
-0.993243700888
-0.108872184726
0.040172105249
-0.981794732251
-0.128625743394
0.139765953870
-0.959889395336
-0.147755897279
0.238286683514
-0.926997528500
-0.163973072430
0.337325382492
-0.926648529225
-0.248602306200
0.281991837890
-0.917451074158
-0.330226991793
0.221886593595
-0.899114968064
-0.408377532100
0.157543852558
-0.973735006545
-0.214668367244
0.075879042789
-0.955947659864
-0.232892990140
0.178675478855
-0.942040340412
-0.314922264126
0.115689085887
-0.954559270546
-0.297852345954
0.010028909453
0.763864643646
0.584856697792
-0.272861593551
0.710495486369
0.663489417703
-0.234473786265
0.650096992273
0.734573123543
-0.194361073279
0.583307775578
0.798028522294
-0.151335774207
0.509357378748
0.855803594812
-0.090306521476
0.491261558185
0.849783064630
-0.191130386171
0.468443651120
0.835069483108
-0.288477909219
0.441056593064
0.811284860790
-0.383778525152
0.409753310319
0.778286792195
-0.475785554402
0.736701077989
0.562765121585
-0.374922578164
0.686785696701
0.643717938664
-0.337568692638
0.629054250169
0.718381757442
-0.297015826040
0.563730942261
0.787071197320
-0.250452301020
0.538232984673
0.768282791197
-0.346477714955
0.508553286360
0.740281314587
-0.439723924987
0.474526795211
0.703208735651
-0.529454242340
0.656986070952
0.614591112038
-0.436631500901
0.601717648049
0.694493220628
-0.394480720098
0.568915619115
0.661930938275
-0.488039395216
0.620229395576
0.577434630170
-0.530928191702
0.241232259696
0.783412647010
0.572775367301
0.170601829357
0.749970526667
0.639092501092
0.098592078281
0.709285486250
0.697992622523
0.026126316160
0.660691476365
0.750202765033
-0.043729271627
0.592196054595
0.804606477556
-0.086515120529
0.662855918149
0.743731917894
-0.127700443341
0.725656018384
0.676103497811
-0.167414237473
0.781712454719
0.600747959820
-0.204671826536
0.830299099635
0.518375200572
0.198763682848
0.845573262715
0.495478410995
0.129447867998
0.815411440095
0.564222857418
0.057941762205
0.776810147448
0.627063590886
-0.014861703411
0.727704014691
0.685730265319
-0.055769266158
0.786835290873
0.614638116284
-0.094594571737
0.838780278153
0.536189809656
-0.131314484840
0.882904327311
0.450817540571
0.089290786391
0.871654438196
0.481918764772
0.017651946310
0.834610638189
0.550557436980
-0.021515531954
0.883837883241
0.467298275231
0.048992972318
0.918081741531
0.393351756741
-0.421951329226
-0.373542648274
0.826088957489
-0.339911515351
-0.434455927927
0.834091247059
-0.255294328678
-0.490571658593
0.833165201824
-0.167482725595
-0.541034508031
0.824154838454
-0.063280345307
-0.580112826545
0.812074323185
-0.137661101143
-0.631245963741
0.763267944101
-0.209554694856
-0.675067308825
0.707369039766
-0.280310836193
-0.711938519496
0.643870623317
-0.349291409063
-0.740919282194
0.573614965659
-0.497765289893
-0.415094683412
0.761528804433
-0.417571874833
-0.477334646508
0.773165806662
-0.332825804451
-0.535302509554
0.776323519647
-0.241267263181
-0.587777683511
0.772209493909
-0.312010412941
-0.628469552845
0.712513525039
-0.381261264502
-0.661610518582
0.645686742850
-0.448297427493
-0.686998094898
0.571894250810
-0.491816241772
-0.512510543689
0.703881898429
-0.405390222885
-0.573156198952
0.712145166937
-0.474742065182
-0.603728481103
0.640415406320
-0.561207513804
-0.540957101155
0.626427602489
0.845636960852
-0.409869998735
0.341913314420
0.873566287357
-0.315514598740
0.370583971019
0.892353695801
-0.218713827657
0.394802663595
0.901538539240
-0.119656968334
0.415825049983
0.894912999032
-0.012083228051
0.446077033441
0.934862304065
-0.031609954408
0.353600457041
0.964581407031
-0.050588709560
0.258888956264
0.984526484972
-0.069773935223
0.160745756871
0.994160754974
-0.089379817440
0.060461901256
0.870400989159
-0.430478579303
0.238935788096
0.901791550056
-0.338076793587
0.269213821868
0.924079416926
-0.241507637894
0.296228445719
0.936182566339
-0.139926331179
0.322463679080
0.961115831239
-0.158365738028
0.226222571732
0.975913734643
-0.177169759571
0.127292021858
0.980271782911
-0.195906232414
0.026229367717
0.918550265673
-0.359143894506
0.165169829180
0.945038157077
-0.261454439236
0.196327425164
0.955337670446
-0.280109402138
0.094173553933
0.924279948443
-0.377124640376
0.059021881772
0.421951329226
0.373542648274
0.826088957489
0.339911515351
0.434455927927
0.834091247059
0.255294328678
0.490571658593
0.833165201824
0.167482725595
0.541034508031
0.824154838454
0.063280345307
0.580112826545
0.812074323185
0.137661101143
0.631245963741
0.763267944101
0.209554694856
0.675067308825
0.707369039766
0.280310836193
0.711938519496
0.643870623317
0.349291409063
0.740919282194
0.573614965659
0.497765289893
0.415094683412
0.761528804433
0.417571874833
0.477334646508
0.773165806662
0.332825804451
0.535302509554
0.776323519647
0.241267263181
0.587777683511
0.772209493909
0.312010412941
0.628469552845
0.712513525039
0.381261264502
0.661610518582
0.645686742850
0.448297427493
0.686998094898
0.571894250810
0.491816241772
0.512510543689
0.703881898429
0.405390222885
0.573156198952
0.712145166937
0.474742065182
0.603728481103
0.640415406320
0.561207513804
0.540957101155
0.626427602489
-0.019548003364
-0.100681054724
0.994726696527
-0.039475040297
-0.199982141662
0.979004016442
-0.059188493977
-0.296210585314
0.953286951200
-0.077383700786
-0.389698733824
0.917685490628
-0.082838675847
-0.489806305069
0.867886822863
-0.171594359964
-0.440115577570
0.881393019038
-0.257212367264
-0.386589399605
0.885658192668
-0.340655861655
-0.328159994345
0.881058796013
-0.420545789316
-0.265133727792
0.867666609635
-0.108872184726
-0.040172105249
0.993243700888
-0.128625743394
-0.139765953870
0.981794732251
-0.147755897279
-0.238286683514
0.959889395336
-0.163973072430
-0.337325382492
0.926997528500
-0.248602306200
-0.281991837890
0.926648529225
-0.330226991793
-0.221886593595
0.917451074158
-0.408377532100
-0.157543852558
0.899114968064
-0.214668367244
-0.075879042789
0.973735006545
-0.232892990140
-0.178675478855
0.955947659864
-0.314922264126
-0.115689085887
0.942040340412
-0.297852345954
-0.010028909453
0.954559270546
0.019548003364
0.100681054724
0.994726696527
0.039475040297
0.199982141662
0.979004016442
0.059188493977
0.296210585314
0.953286951200
0.077383700786
0.389698733824
0.917685490628
0.082838675847
0.489806305069
0.867886822863
0.171594359964
0.440115577570
0.881393019038
0.257212367264
0.386589399605
0.885658192668
0.340655861655
0.328159994345
0.881058796013
0.420545789316
0.265133727792
0.867666609635
0.108872184726
0.040172105249
0.993243700888
0.128625743394
0.139765953870
0.981794732251
0.147755897279
0.238286683514
0.959889395336
0.163973072430
0.337325382492
0.926997528500
0.248602306200
0.281991837890
0.926648529225
0.330226991793
0.221886593595
0.917451074158
0.408377532100
0.157543852558
0.899114968064
0.214668367244
0.075879042789
0.973735006545
0.232892990140
0.178675478855
0.955947659864
0.314922264126
0.115689085887
0.942040340412
0.297852345954
0.010028909453
0.954559270546
-0.341913314420
0.845636960852
0.409869998735
-0.370583971019
0.873566287357
0.315514598740
-0.394802663595
0.892353695801
0.218713827657
-0.415825049983
0.901538539240
0.119656968334
-0.446077033441
0.894912999032
0.012083228051
-0.353600457041
0.934862304065
0.031609954408
-0.258888956264
0.964581407031
0.050588709560
-0.160745756871
0.984526484972
0.069773935223
-0.060461901256
0.994160754974
0.089379817440
-0.238935788096
0.870400989159
0.430478579303
-0.269213821868
0.901791550056
0.338076793587
-0.296228445719
0.924079416926
0.241507637894
-0.322463679080
0.936182566339
0.139926331179
-0.226222571732
0.961115831239
0.158365738028
-0.127292021858
0.975913734643
0.177169759571
-0.026229367717
0.980271782911
0.195906232414
-0.165169829180
0.918550265673
0.359143894506
-0.196327425164
0.945038157077
0.261454439236
-0.094173553933
0.955337670446
0.280109402138
-0.059021881772
0.924279948443
0.377124640376
-0.572775367301
0.241232259696
-0.783412647010
-0.639092501092
0.170601829357
-0.749970526667
-0.697992622523
0.098592078281
-0.709285486250
-0.750202765033
0.026126316160
-0.660691476365
-0.804606477556
-0.043729271627
-0.592196054595
-0.743731917894
-0.086515120529
-0.662855918149
-0.676103497811
-0.127700443341
-0.725656018384
-0.600747959820
-0.167414237473
-0.781712454719
-0.518375200572
-0.204671826536
-0.830299099635
-0.495478410995
0.198763682848
-0.845573262715
-0.564222857418
0.129447867998
-0.815411440095
-0.627063590886
0.057941762205
-0.776810147448
-0.685730265319
-0.014861703411
-0.727704014691
-0.614638116284
-0.055769266158
-0.786835290873
-0.536189809656
-0.094594571737
-0.838780278153
-0.450817540571
-0.131314484840
-0.882904327311
-0.481918764772
0.089290786391
-0.871654438196
-0.550557436980
0.017651946310
-0.834610638189
-0.467298275231
-0.021515531954
-0.883837883241
-0.393351756741
0.048992972318
-0.918081741531
-0.826088957489
-0.421951329226
0.373542648274
-0.834091247059
-0.339911515351
0.434455927927
-0.833165201824
-0.255294328678
0.490571658593
-0.824154838454
-0.167482725595
0.541034508031
-0.812074323185
-0.063280345307
0.580112826545
-0.763267944101
-0.137661101143
0.631245963741
-0.707369039766
-0.209554694856
0.675067308825
-0.643870623317
-0.280310836193
0.711938519496
-0.573614965659
-0.349291409063
0.740919282194
-0.761528804433
-0.497765289893
0.415094683412
-0.773165806662
-0.417571874833
0.477334646508
-0.776323519647
-0.332825804451
0.535302509554
-0.772209493909
-0.241267263181
0.587777683511
-0.712513525039
-0.312010412941
0.628469552845
-0.645686742850
-0.381261264502
0.661610518582
-0.571894250810
-0.448297427493
0.686998094898
-0.703881898429
-0.491816241772
0.512510543689
-0.712145166937
-0.405390222885
0.573156198952
-0.640415406320
-0.474742065182
0.603728481103
-0.626427602489
-0.561207513804
0.540957101155
-0.763864643646
0.584856697792
0.272861593551
-0.710495486369
0.663489417703
0.234473786265
-0.650096992273
0.734573123543
0.194361073279
-0.583307775578
0.798028522294
0.151335774207
-0.509357378748
0.855803594812
0.090306521476
-0.491261558185
0.849783064630
0.191130386171
-0.468443651120
0.835069483108
0.288477909219
-0.441056593064
0.811284860790
0.383778525152
-0.409753310319
0.778286792195
0.475785554402
-0.736701077989
0.562765121585
0.374922578164
-0.686785696701
0.643717938664
0.337568692638
-0.629054250169
0.718381757442
0.297015826040
-0.563730942261
0.787071197320
0.250452301020
-0.538232984673
0.768282791197
0.346477714955
-0.508553286360
0.740281314587
0.439723924987
-0.474526795211
0.703208735651
0.529454242340
-0.656986070952
0.614591112038
0.436631500901
-0.601717648049
0.694493220628
0.394480720098
-0.568915619115
0.661930938275
0.488039395216
-0.620229395576
0.577434630170
0.530928191702
-0.826088957489
0.421951329226
-0.373542648274
-0.834091247059
0.339911515351
-0.434455927927
-0.833165201824
0.255294328678
-0.490571658593
-0.824154838454
0.167482725595
-0.541034508031
-0.812074323185
0.063280345307
-0.580112826545
-0.763267944101
0.137661101143
-0.631245963741
-0.707369039766
0.209554694856
-0.675067308825
-0.643870623317
0.280310836193
-0.711938519496
-0.573614965659
0.349291409063
-0.740919282194
-0.761528804433
0.497765289893
-0.415094683412
-0.773165806662
0.417571874833
-0.477334646508
-0.776323519647
0.332825804451
-0.535302509554
-0.772209493909
0.241267263181
-0.587777683511
-0.712513525039
0.312010412941
-0.628469552845
-0.645686742850
0.381261264502
-0.661610518582
-0.571894250810
0.448297427493
-0.686998094898
-0.703881898429
0.491816241772
-0.512510543689
-0.712145166937
0.405390222885
-0.573156198952
-0.640415406320
0.474742065182
-0.603728481103
-0.626427602489
0.561207513804
-0.540957101155
-0.341913314420
-0.845636960852
-0.409869998735
-0.370583971019
-0.873566287357
-0.315514598740
-0.394802663595
-0.892353695801
-0.218713827657
-0.415825049983
-0.901538539240
-0.119656968334
-0.446077033441
-0.894912999032
-0.012083228051
-0.353600457041
-0.934862304065
-0.031609954408
-0.258888956264
-0.964581407031
-0.050588709560
-0.160745756871
-0.984526484972
-0.069773935223
-0.060461901256
-0.994160754974
-0.089379817440
-0.238935788096
-0.870400989159
-0.430478579303
-0.269213821868
-0.901791550056
-0.338076793587
-0.296228445719
-0.924079416926
-0.241507637894
-0.322463679080
-0.936182566339
-0.139926331179
-0.226222571732
-0.961115831239
-0.158365738028
-0.127292021858
-0.975913734643
-0.177169759571
-0.026229367717
-0.980271782911
-0.195906232414
-0.165169829180
-0.918550265673
-0.359143894506
-0.196327425164
-0.945038157077
-0.261454439236
-0.094173553933
-0.955337670446
-0.280109402138
-0.059021881772
-0.924279948443
-0.377124640376
0.572775367301
0.241232259696
0.783412647010
0.639092501092
0.170601829357
0.749970526667
0.697992622523
0.098592078281
0.709285486250
0.750202765033
0.026126316160
0.660691476365
0.804606477556
-0.043729271627
0.592196054595
0.743731917894
-0.086515120529
0.662855918149
0.676103497811
-0.127700443341
0.725656018384
0.600747959820
-0.167414237473
0.781712454719
0.518375200572
-0.204671826536
0.830299099635
0.495478410995
0.198763682848
0.845573262715
0.564222857418
0.129447867998
0.815411440095
0.627063590886
0.057941762205
0.776810147448
0.685730265319
-0.014861703411
0.727704014691
0.614638116284
-0.055769266158
0.786835290873
0.536189809656
-0.094594571737
0.838780278153
0.450817540571
-0.131314484840
0.882904327311
0.481918764772
0.089290786391
0.871654438196
0.550557436980
0.017651946310
0.834610638189
0.467298275231
-0.021515531954
0.883837883241
0.393351756741
0.048992972318
0.918081741531
0.826088957489
-0.421951329226
-0.373542648274
0.834091247059
-0.339911515351
-0.434455927927
0.833165201824
-0.255294328678
-0.490571658593
0.824154838454
-0.167482725595
-0.541034508031
0.812074323185
-0.063280345307
-0.580112826545
0.763267944101
-0.137661101143
-0.631245963741
0.707369039766
-0.209554694856
-0.675067308825
0.643870623317
-0.280310836193
-0.711938519496
0.573614965659
-0.349291409063
-0.740919282194
0.761528804433
-0.497765289893
-0.415094683412
0.773165806662
-0.417571874833
-0.477334646508
0.776323519647
-0.332825804451
-0.535302509554
0.772209493909
-0.241267263181
-0.587777683511
0.712513525039
-0.312010412941
-0.628469552845
0.645686742850
-0.381261264502
-0.661610518582
0.571894250810
-0.448297427493
-0.686998094898
0.703881898429
-0.491816241772
-0.512510543689
0.712145166937
-0.405390222885
-0.573156198952
0.640415406320
-0.474742065182
-0.603728481103
0.626427602489
-0.561207513804
-0.540957101155
0.341913314420
0.845636960852
-0.409869998735
0.370583971019
0.873566287357
-0.315514598740
0.394802663595
0.892353695801
-0.218713827657
0.415825049983
0.901538539240
-0.119656968334
0.446077033441
0.894912999032
-0.012083228051
0.353600457041
0.934862304065
-0.031609954408
0.258888956264
0.964581407031
-0.050588709560
0.160745756871
0.984526484972
-0.069773935223
0.060461901256
0.994160754974
-0.089379817440
0.238935788096
0.870400989159
-0.430478579303
0.269213821868
0.901791550056
-0.338076793587
0.296228445719
0.924079416926
-0.241507637894
0.322463679080
0.936182566339
-0.139926331179
0.226222571732
0.961115831239
-0.158365738028
0.127292021858
0.975913734643
-0.177169759571
0.026229367717
0.980271782911
-0.195906232414
0.165169829180
0.918550265673
-0.359143894506
0.196327425164
0.945038157077
-0.261454439236
0.094173553933
0.955337670446
-0.280109402138
0.059021881772
0.924279948443
-0.377124640376
0.826088957489
0.421951329226
0.373542648274
0.834091247059
0.339911515351
0.434455927927
0.833165201824
0.255294328678
0.490571658593
0.824154838454
0.167482725595
0.541034508031
0.812074323185
0.063280345307
0.580112826545
0.763267944101
0.137661101143
0.631245963741
0.707369039766
0.209554694856
0.675067308825
0.643870623317
0.280310836193
0.711938519496
0.573614965659
0.349291409063
0.740919282194
0.761528804433
0.497765289893
0.415094683412
0.773165806662
0.417571874833
0.477334646508
0.776323519647
0.332825804451
0.535302509554
0.772209493909
0.241267263181
0.587777683511
0.712513525039
0.312010412941
0.628469552845
0.645686742850
0.381261264502
0.661610518582
0.571894250810
0.448297427493
0.686998094898
0.703881898429
0.491816241772
0.512510543689
0.712145166937
0.405390222885
0.573156198952
0.640415406320
0.474742065182
0.603728481103
0.626427602489
0.561207513804
0.540957101155
0.994726696527
-0.019548003364
-0.100681054724
0.979004016442
-0.039475040297
-0.199982141662
0.953286951200
-0.059188493977
-0.296210585314
0.917685490628
-0.077383700786
-0.389698733824
0.867886822863
-0.082838675847
-0.489806305069
0.881393019038
-0.171594359964
-0.440115577570
0.885658192668
-0.257212367264
-0.386589399605
0.881058796013
-0.340655861655
-0.328159994345
0.867666609635
-0.420545789316
-0.265133727792
0.993243700888
-0.108872184726
-0.040172105249
0.981794732251
-0.128625743394
-0.139765953870
0.959889395336
-0.147755897279
-0.238286683514
0.926997528500
-0.163973072430
-0.337325382492
0.926648529225
-0.248602306200
-0.281991837890
0.917451074158
-0.330226991793
-0.221886593595
0.899114968064
-0.408377532100
-0.157543852558
0.973735006545
-0.214668367244
-0.075879042789
0.955947659864
-0.232892990140
-0.178675478855
0.942040340412
-0.314922264126
-0.115689085887
0.954559270546
-0.297852345954
-0.010028909453
-0.019548003364
0.100681054724
-0.994726696527
-0.039475040297
0.199982141662
-0.979004016442
-0.059188493977
0.296210585314
-0.953286951200
-0.077383700786
0.389698733824
-0.917685490628
-0.082838675847
0.489806305069
-0.867886822863
-0.171594359964
0.440115577570
-0.881393019038
-0.257212367264
0.386589399605
-0.885658192668
-0.340655861655
0.328159994345
-0.881058796013
-0.420545789316
0.265133727792
-0.867666609635
-0.108872184726
0.040172105249
-0.993243700888
-0.128625743394
0.139765953870
-0.981794732251
-0.147755897279
0.238286683514
-0.959889395336
-0.163973072430
0.337325382492
-0.926997528500
-0.248602306200
0.281991837890
-0.926648529225
-0.330226991793
0.221886593595
-0.917451074158
-0.408377532100
0.157543852558
-0.899114968064
-0.214668367244
0.075879042789
-0.973735006545
-0.232892990140
0.178675478855
-0.955947659864
-0.314922264126
0.115689085887
-0.942040340412
-0.297852345954
0.010028909453
-0.954559270546
0.341913314420
-0.845636960852
0.409869998735
0.370583971019
-0.873566287357
0.315514598740
0.394802663595
-0.892353695801
0.218713827657
0.415825049983
-0.901538539240
0.119656968334
0.446077033441
-0.894912999032
0.012083228051
0.353600457041
-0.934862304065
0.031609954408
0.258888956264
-0.964581407031
0.050588709560
0.160745756871
-0.984526484972
0.069773935223
0.060461901256
-0.994160754974
0.089379817440
0.238935788096
-0.870400989159
0.430478579303
0.269213821868
-0.901791550056
0.338076793587
0.296228445719
-0.924079416926
0.241507637894
0.322463679080
-0.936182566339
0.139926331179
0.226222571732
-0.961115831239
0.158365738028
0.127292021858
-0.975913734643
0.177169759571
0.026229367717
-0.980271782911
0.195906232414
0.165169829180
-0.918550265673
0.359143894506
0.196327425164
-0.945038157077
0.261454439236
0.094173553933
-0.955337670446
0.280109402138
0.059021881772
-0.924279948443
0.377124640376
-0.845636960852
0.409869998735
0.341913314420
-0.873566287357
0.315514598740
0.370583971019
-0.892353695801
0.218713827657
0.394802663595
-0.901538539240
0.119656968334
0.415825049983
-0.894912999032
0.012083228051
0.446077033441
-0.934862304065
0.031609954408
0.353600457041
-0.964581407031
0.050588709560
0.258888956264
-0.984526484972
0.069773935223
0.160745756871
-0.994160754974
0.089379817440
0.060461901256
-0.870400989159
0.430478579303
0.238935788096
-0.901791550056
0.338076793587
0.269213821868
-0.924079416926
0.241507637894
0.296228445719
-0.936182566339
0.139926331179
0.322463679080
-0.961115831239
0.158365738028
0.226222571732
-0.975913734643
0.177169759571
0.127292021858
-0.980271782911
0.195906232414
0.026229367717
-0.918550265673
0.359143894506
0.165169829180
-0.945038157077
0.261454439236
0.196327425164
-0.955337670446
0.280109402138
0.094173553933
-0.924279948443
0.377124640376
0.059021881772
-0.241232259696
-0.783412647010
0.572775367301
-0.170601829357
-0.749970526667
0.639092501092
-0.098592078281
-0.709285486250
0.697992622523
-0.026126316160
-0.660691476365
0.750202765033
0.043729271627
-0.592196054595
0.804606477556
0.086515120529
-0.662855918149
0.743731917894
0.127700443341
-0.725656018384
0.676103497811
0.167414237473
-0.781712454719
0.600747959820
0.204671826536
-0.830299099635
0.518375200572
-0.198763682848
-0.845573262715
0.495478410995
-0.129447867998
-0.815411440095
0.564222857418
-0.057941762205
-0.776810147448
0.627063590886
0.014861703411
-0.727704014691
0.685730265319
0.055769266158
-0.786835290873
0.614638116284
0.094594571737
-0.838780278153
0.536189809656
0.131314484840
-0.882904327311
0.450817540571
-0.089290786391
-0.871654438196
0.481918764772
-0.017651946310
-0.834610638189
0.550557436980
0.021515531954
-0.883837883241
0.467298275231
-0.048992972318
-0.918081741531
0.393351756741
-0.584856697792
0.272861593551
0.763864643646
-0.663489417703
0.234473786265
0.710495486369
-0.734573123543
0.194361073279
0.650096992273
-0.798028522294
0.151335774207
0.583307775578
-0.855803594812
0.090306521476
0.509357378748
-0.849783064630
0.191130386171
0.491261558185
-0.835069483108
0.288477909219
0.468443651120
-0.811284860790
0.383778525152
0.441056593064
-0.778286792195
0.475785554402
0.409753310319
-0.562765121585
0.374922578164
0.736701077989
-0.643717938664
0.337568692638
0.686785696701
-0.718381757442
0.297015826040
0.629054250169
-0.787071197320
0.250452301020
0.563730942261
-0.768282791197
0.346477714955
0.538232984673
-0.740281314587
0.439723924987
0.508553286360
-0.703208735651
0.529454242340
0.474526795211
-0.614591112038
0.436631500901
0.656986070952
-0.694493220628
0.394480720098
0.601717648049
-0.661930938275
0.488039395216
0.568915619115
-0.577434630170
0.530928191702
0.620229395576
-0.763864643646
-0.584856697792
-0.272861593551
-0.710495486369
-0.663489417703
-0.234473786265
-0.650096992273
-0.734573123543
-0.194361073279
-0.583307775578
-0.798028522294
-0.151335774207
-0.509357378748
-0.855803594812
-0.090306521476
-0.491261558185
-0.849783064630
-0.191130386171
-0.468443651120
-0.835069483108
-0.288477909219
-0.441056593064
-0.811284860790
-0.383778525152
-0.409753310319
-0.778286792195
-0.475785554402
-0.736701077989
-0.562765121585
-0.374922578164
-0.686785696701
-0.643717938664
-0.337568692638
-0.629054250169
-0.718381757442
-0.297015826040
-0.563730942261
-0.787071197320
-0.250452301020
-0.538232984673
-0.768282791197
-0.346477714955
-0.508553286360
-0.740281314587
-0.439723924987
-0.474526795211
-0.703208735651
-0.529454242340
-0.656986070952
-0.614591112038
-0.436631500901
-0.601717648049
-0.694493220628
-0.394480720098
-0.568915619115
-0.661930938275
-0.488039395216
-0.620229395576
-0.577434630170
-0.530928191702
0.272861593551
-0.763864643646
0.584856697792
0.234473786265
-0.710495486369
0.663489417703
0.194361073279
-0.650096992273
0.734573123543
0.151335774207
-0.583307775578
0.798028522294
0.090306521476
-0.509357378748
0.855803594812
0.191130386171
-0.491261558185
0.849783064630
0.288477909219
-0.468443651120
0.835069483108
0.383778525152
-0.441056593064
0.811284860790
0.475785554402
-0.409753310319
0.778286792195
0.374922578164
-0.736701077989
0.562765121585
0.337568692638
-0.686785696701
0.643717938664
0.297015826040
-0.629054250169
0.718381757442
0.250452301020
-0.563730942261
0.787071197320
0.346477714955
-0.538232984673
0.768282791197
0.439723924987
-0.508553286360
0.740281314587
0.529454242340
-0.474526795211
0.703208735651
0.436631500901
-0.656986070952
0.614591112038
0.394480720098
-0.601717648049
0.694493220628
0.488039395216
-0.568915619115
0.661930938275
0.530928191702
-0.620229395576
0.577434630170
-0.572775367301
-0.241232259696
0.783412647010
-0.639092501092
-0.170601829357
0.749970526667
-0.697992622523
-0.098592078281
0.709285486250
-0.750202765033
-0.026126316160
0.660691476365
-0.804606477556
0.043729271627
0.592196054595
-0.743731917894
0.086515120529
0.662855918149
-0.676103497811
0.127700443341
0.725656018384
-0.600747959820
0.167414237473
0.781712454719
-0.518375200572
0.204671826536
0.830299099635
-0.495478410995
-0.198763682848
0.845573262715
-0.564222857418
-0.129447867998
0.815411440095
-0.627063590886
-0.057941762205
0.776810147448
-0.685730265319
0.014861703411
0.727704014691
-0.614638116284
0.055769266158
0.786835290873
-0.536189809656
0.094594571737
0.838780278153
-0.450817540571
0.131314484840
0.882904327311
-0.481918764772
-0.089290786391
0.871654438196
-0.550557436980
-0.017651946310
0.834610638189
-0.467298275231
0.021515531954
0.883837883241
-0.393351756741
-0.048992972318
0.918081741531
0.100681054724
-0.994726696527
-0.019548003364
0.199982141662
-0.979004016442
-0.039475040297
0.296210585314
-0.953286951200
-0.059188493977
0.389698733824
-0.917685490628
-0.077383700786
0.489806305069
-0.867886822863
-0.082838675847
0.440115577570
-0.881393019038
-0.171594359964
0.386589399605
-0.885658192668
-0.257212367264
0.328159994345
-0.881058796013
-0.340655861655
0.265133727792
-0.867666609635
-0.420545789316
0.040172105249
-0.993243700888
-0.108872184726
0.139765953870
-0.981794732251
-0.128625743394
0.238286683514
-0.959889395336
-0.147755897279
0.337325382492
-0.926997528500
-0.163973072430
0.281991837890
-0.926648529225
-0.248602306200
0.221886593595
-0.917451074158
-0.330226991793
0.157543852558
-0.899114968064
-0.408377532100
0.075879042789
-0.973735006545
-0.214668367244
0.178675478855
-0.955947659864
-0.232892990140
0.115689085887
-0.942040340412
-0.314922264126
0.010028909453
-0.954559270546
-0.297852345954
0.994726696527
0.019548003364
0.100681054724
0.979004016442
0.039475040297
0.199982141662
0.953286951200
0.059188493977
0.296210585314
0.917685490628
0.077383700786
0.389698733824
0.867886822863
0.082838675847
0.489806305069
0.881393019038
0.171594359964
0.440115577570
0.885658192668
0.257212367264
0.386589399605
0.881058796013
0.340655861655
0.328159994345
0.867666609635
0.420545789316
0.265133727792
0.993243700888
0.108872184726
0.040172105249
0.981794732251
0.128625743394
0.139765953870
0.959889395336
0.147755897279
0.238286683514
0.926997528500
0.163973072430
0.337325382492
0.926648529225
0.248602306200
0.281991837890
0.917451074158
0.330226991793
0.221886593595
0.899114968064
0.408377532100
0.157543852558
0.973735006545
0.214668367244
0.075879042789
0.955947659864
0.232892990140
0.178675478855
0.942040340412
0.314922264126
0.115689085887
0.954559270546
0.297852345954
0.010028909453
0.409869998735
-0.341913314420
0.845636960852
0.315514598740
-0.370583971019
0.873566287357
0.218713827657
-0.394802663595
0.892353695801
0.119656968334
-0.415825049983
0.901538539240
0.012083228051
-0.446077033441
0.894912999032
0.031609954408
-0.353600457041
0.934862304065
0.050588709560
-0.258888956264
0.964581407031
0.069773935223
-0.160745756871
0.984526484972
0.089379817440
-0.060461901256
0.994160754974
0.430478579303
-0.238935788096
0.870400989159
0.338076793587
-0.269213821868
0.901791550056
0.241507637894
-0.296228445719
0.924079416926
0.139926331179
-0.322463679080
0.936182566339
0.158365738028
-0.226222571732
0.961115831239
0.177169759571
-0.127292021858
0.975913734643
0.195906232414
-0.026229367717
0.980271782911
0.359143894506
-0.165169829180
0.918550265673
0.261454439236
-0.196327425164
0.945038157077
0.280109402138
-0.094173553933
0.955337670446
0.377124640376
-0.059021881772
0.924279948443
0.572775367301
-0.241232259696
-0.783412647010
0.639092501092
-0.170601829357
-0.749970526667
0.697992622523
-0.098592078281
-0.709285486250
0.750202765033
-0.026126316160
-0.660691476365
0.804606477556
0.043729271627
-0.592196054595
0.743731917894
0.086515120529
-0.662855918149
0.676103497811
0.127700443341
-0.725656018384
0.600747959820
0.167414237473
-0.781712454719
0.518375200572
0.204671826536
-0.830299099635
0.495478410995
-0.198763682848
-0.845573262715
0.564222857418
-0.129447867998
-0.815411440095
0.627063590886
-0.057941762205
-0.776810147448
0.685730265319
0.014861703411
-0.727704014691
0.614638116284
0.055769266158
-0.786835290873
0.536189809656
0.094594571737
-0.838780278153
0.450817540571
0.131314484840
-0.882904327311
0.481918764772
-0.089290786391
-0.871654438196
0.550557436980
-0.017651946310
-0.834610638189
0.467298275231
0.021515531954
-0.883837883241
0.393351756741
-0.048992972318
-0.918081741531
-0.783412647010
-0.572775367301
0.241232259696
-0.749970526667
-0.639092501092
0.170601829357
-0.709285486250
-0.697992622523
0.098592078281
-0.660691476365
-0.750202765033
0.026126316160
-0.592196054595
-0.804606477556
-0.043729271627
-0.662855918149
-0.743731917894
-0.086515120529
-0.725656018384
-0.676103497811
-0.127700443341
-0.781712454719
-0.600747959820
-0.167414237473
-0.830299099635
-0.518375200572
-0.204671826536
-0.845573262715
-0.495478410995
0.198763682848
-0.815411440095
-0.564222857418
0.129447867998
-0.776810147448
-0.627063590886
0.057941762205
-0.727704014691
-0.685730265319
-0.014861703411
-0.786835290873
-0.614638116284
-0.055769266158
-0.838780278153
-0.536189809656
-0.094594571737
-0.882904327311
-0.450817540571
-0.131314484840
-0.871654438196
-0.481918764772
0.089290786391
-0.834610638189
-0.550557436980
0.017651946310
-0.883837883241
-0.467298275231
-0.021515531954
-0.918081741531
-0.393351756741
0.048992972318
0.763864643646
-0.584856697792
0.272861593551
0.710495486369
-0.663489417703
0.234473786265
0.650096992273
-0.734573123543
0.194361073279
0.583307775578
-0.798028522294
0.151335774207
0.509357378748
-0.855803594812
0.090306521476
0.491261558185
-0.849783064630
0.191130386171
0.468443651120
-0.835069483108
0.288477909219
0.441056593064
-0.811284860790
0.383778525152
0.409753310319
-0.778286792195
0.475785554402
0.736701077989
-0.562765121585
0.374922578164
0.686785696701
-0.643717938664
0.337568692638
0.629054250169
-0.718381757442
0.297015826040
0.563730942261
-0.787071197320
0.250452301020
0.538232984673
-0.768282791197
0.346477714955
0.508553286360
-0.740281314587
0.439723924987
0.474526795211
-0.703208735651
0.529454242340
0.656986070952
-0.614591112038
0.436631500901
0.601717648049
-0.694493220628
0.394480720098
0.568915619115
-0.661930938275
0.488039395216
0.620229395576
-0.577434630170
0.530928191702
-0.272861593551
-0.763864643646
-0.584856697792
-0.234473786265
-0.710495486369
-0.663489417703
-0.194361073279
-0.650096992273
-0.734573123543
-0.151335774207
-0.583307775578
-0.798028522294
-0.090306521476
-0.509357378748
-0.855803594812
-0.191130386171
-0.491261558185
-0.849783064630
-0.288477909219
-0.468443651120
-0.835069483108
-0.383778525152
-0.441056593064
-0.811284860790
-0.475785554402
-0.409753310319
-0.778286792195
-0.374922578164
-0.736701077989
-0.562765121585
-0.337568692638
-0.686785696701
-0.643717938664
-0.297015826040
-0.629054250169
-0.718381757442
-0.250452301020
-0.563730942261
-0.787071197320
-0.346477714955
-0.538232984673
-0.768282791197
-0.439723924987
-0.508553286360
-0.740281314587
-0.529454242340
-0.474526795211
-0.703208735651
-0.436631500901
-0.656986070952
-0.614591112038
-0.394480720098
-0.601717648049
-0.694493220628
-0.488039395216
-0.568915619115
-0.661930938275
-0.530928191702
-0.620229395576
-0.577434630170
0.272861593551
0.763864643646
-0.584856697792
0.234473786265
0.710495486369
-0.663489417703
0.194361073279
0.650096992273
-0.734573123543
0.151335774207
0.583307775578
-0.798028522294
0.090306521476
0.509357378748
-0.855803594812
0.191130386171
0.491261558185
-0.849783064630
0.288477909219
0.468443651120
-0.835069483108
0.383778525152
0.441056593064
-0.811284860790
0.475785554402
0.409753310319
-0.778286792195
0.374922578164
0.736701077989
-0.562765121585
0.337568692638
0.686785696701
-0.643717938664
0.297015826040
0.629054250169
-0.718381757442
0.250452301020
0.563730942261
-0.787071197320
0.346477714955
0.538232984673
-0.768282791197
0.439723924987
0.508553286360
-0.740281314587
0.529454242340
0.474526795211
-0.703208735651
0.436631500901
0.656986070952
-0.614591112038
0.394480720098
0.601717648049
-0.694493220628
0.488039395216
0.568915619115
-0.661930938275
0.530928191702
0.620229395576
-0.577434630170
-0.584856697792
-0.272861593551
-0.763864643646
-0.663489417703
-0.234473786265
-0.710495486369
-0.734573123543
-0.194361073279
-0.650096992273
-0.798028522294
-0.151335774207
-0.583307775578
-0.855803594812
-0.090306521476
-0.509357378748
-0.849783064630
-0.191130386171
-0.491261558185
-0.835069483108
-0.288477909219
-0.468443651120
-0.811284860790
-0.383778525152
-0.441056593064
-0.778286792195
-0.475785554402
-0.409753310319
-0.562765121585
-0.374922578164
-0.736701077989
-0.643717938664
-0.337568692638
-0.686785696701
-0.718381757442
-0.297015826040
-0.629054250169
-0.787071197320
-0.250452301020
-0.563730942261
-0.768282791197
-0.346477714955
-0.538232984673
-0.740281314587
-0.439723924987
-0.508553286360
-0.703208735651
-0.529454242340
-0.474526795211
-0.614591112038
-0.436631500901
-0.656986070952
-0.694493220628
-0.394480720098
-0.601717648049
-0.661930938275
-0.488039395216
-0.568915619115
-0.577434630170
-0.530928191702
-0.620229395576
-0.783412647010
0.572775367301
-0.241232259696
-0.749970526667
0.639092501092
-0.170601829357
-0.709285486250
0.697992622523
-0.098592078281
-0.660691476365
0.750202765033
-0.026126316160
-0.592196054595
0.804606477556
0.043729271627
-0.662855918149
0.743731917894
0.086515120529
-0.725656018384
0.676103497811
0.127700443341
-0.781712454719
0.600747959820
0.167414237473
-0.830299099635
0.518375200572
0.204671826536
-0.845573262715
0.495478410995
-0.198763682848
-0.815411440095
0.564222857418
-0.129447867998
-0.776810147448
0.627063590886
-0.057941762205
-0.727704014691
0.685730265319
0.014861703411
-0.786835290873
0.614638116284
0.055769266158
-0.838780278153
0.536189809656
0.094594571737
-0.882904327311
0.450817540571
0.131314484840
-0.871654438196
0.481918764772
-0.089290786391
-0.834610638189
0.550557436980
-0.017651946310
-0.883837883241
0.467298275231
0.021515531954
-0.918081741531
0.393351756741
-0.048992972318
-0.241232259696
0.783412647010
-0.572775367301
-0.170601829357
0.749970526667
-0.639092501092
-0.098592078281
0.709285486250
-0.697992622523
-0.026126316160
0.660691476365
-0.750202765033
0.043729271627
0.592196054595
-0.804606477556
0.086515120529
0.662855918149
-0.743731917894
0.127700443341
0.725656018384
-0.676103497811
0.167414237473
0.781712454719
-0.600747959820
0.204671826536
0.830299099635
-0.518375200572
-0.198763682848
0.845573262715
-0.495478410995
-0.129447867998
0.815411440095
-0.564222857418
-0.057941762205
0.776810147448
-0.627063590886
0.014861703411
0.727704014691
-0.685730265319
0.055769266158
0.786835290873
-0.614638116284
0.094594571737
0.838780278153
-0.536189809656
0.131314484840
0.882904327311
-0.450817540571
-0.089290786391
0.871654438196
-0.481918764772
-0.017651946310
0.834610638189
-0.550557436980
0.021515531954
0.883837883241
-0.467298275231
-0.048992972318
0.918081741531
-0.393351756741
0.421951329226
-0.373542648274
-0.826088957489
0.339911515351
-0.434455927927
-0.834091247059
0.255294328678
-0.490571658593
-0.833165201824
0.167482725595
-0.541034508031
-0.824154838454
0.063280345307
-0.580112826545
-0.812074323185
0.137661101143
-0.631245963741
-0.763267944101
0.209554694856
-0.675067308825
-0.707369039766
0.280310836193
-0.711938519496
-0.643870623317
0.349291409063
-0.740919282194
-0.573614965659
0.497765289893
-0.415094683412
-0.761528804433
0.417571874833
-0.477334646508
-0.773165806662
0.332825804451
-0.535302509554
-0.776323519647
0.241267263181
-0.587777683511
-0.772209493909
0.312010412941
-0.628469552845
-0.712513525039
0.381261264502
-0.661610518582
-0.645686742850
0.448297427493
-0.686998094898
-0.571894250810
0.491816241772
-0.512510543689
-0.703881898429
0.405390222885
-0.573156198952
-0.712145166937
0.474742065182
-0.603728481103
-0.640415406320
0.561207513804
-0.540957101155
-0.626427602489
-0.845636960852
-0.409869998735
-0.341913314420
-0.873566287357
-0.315514598740
-0.370583971019
-0.892353695801
-0.218713827657
-0.394802663595
-0.901538539240
-0.119656968334
-0.415825049983
-0.894912999032
-0.012083228051
-0.446077033441
-0.934862304065
-0.031609954408
-0.353600457041
-0.964581407031
-0.050588709560
-0.258888956264
-0.984526484972
-0.069773935223
-0.160745756871
-0.994160754974
-0.089379817440
-0.060461901256
-0.870400989159
-0.430478579303
-0.238935788096
-0.901791550056
-0.338076793587
-0.269213821868
-0.924079416926
-0.241507637894
-0.296228445719
-0.936182566339
-0.139926331179
-0.322463679080
-0.961115831239
-0.158365738028
-0.226222571732
-0.975913734643
-0.177169759571
-0.127292021858
-0.980271782911
-0.195906232414
-0.026229367717
-0.918550265673
-0.359143894506
-0.165169829180
-0.945038157077
-0.261454439236
-0.196327425164
-0.955337670446
-0.280109402138
-0.094173553933
-0.924279948443
-0.377124640376
-0.059021881772
-0.421951329226
0.373542648274
-0.826088957489
-0.339911515351
0.434455927927
-0.834091247059
-0.255294328678
0.490571658593
-0.833165201824
-0.167482725595
0.541034508031
-0.824154838454
-0.063280345307
0.580112826545
-0.812074323185
-0.137661101143
0.631245963741
-0.763267944101
-0.209554694856
0.675067308825
-0.707369039766
-0.280310836193
0.711938519496
-0.643870623317
-0.349291409063
0.740919282194
-0.573614965659
-0.497765289893
0.415094683412
-0.761528804433
-0.417571874833
0.477334646508
-0.773165806662
-0.332825804451
0.535302509554
-0.776323519647
-0.241267263181
0.587777683511
-0.772209493909
-0.312010412941
0.628469552845
-0.712513525039
-0.381261264502
0.661610518582
-0.645686742850
-0.448297427493
0.686998094898
-0.571894250810
-0.491816241772
0.512510543689
-0.703881898429
-0.405390222885
0.573156198952
-0.712145166937
-0.474742065182
0.603728481103
-0.640415406320
-0.561207513804
0.540957101155
-0.626427602489
0.845636960852
0.409869998735
-0.341913314420
0.873566287357
0.315514598740
-0.370583971019
0.892353695801
0.218713827657
-0.394802663595
0.901538539240
0.119656968334
-0.415825049983
0.894912999032
0.012083228051
-0.446077033441
0.934862304065
0.031609954408
-0.353600457041
0.964581407031
0.050588709560
-0.258888956264
0.984526484972
0.069773935223
-0.160745756871
0.994160754974
0.089379817440
-0.060461901256
0.870400989159
0.430478579303
-0.238935788096
0.901791550056
0.338076793587
-0.269213821868
0.924079416926
0.241507637894
-0.296228445719
0.936182566339
0.139926331179
-0.322463679080
0.961115831239
0.158365738028
-0.226222571732
0.975913734643
0.177169759571
-0.127292021858
0.980271782911
0.195906232414
-0.026229367717
0.918550265673
0.359143894506
-0.165169829180
0.945038157077
0.261454439236
-0.196327425164
0.955337670446
0.280109402138
-0.094173553933
0.924279948443
0.377124640376
-0.059021881772
0.241232259696
-0.783412647010
-0.572775367301
0.170601829357
-0.749970526667
-0.639092501092
0.098592078281
-0.709285486250
-0.697992622523
0.026126316160
-0.660691476365
-0.750202765033
-0.043729271627
-0.592196054595
-0.804606477556
-0.086515120529
-0.662855918149
-0.743731917894
-0.127700443341
-0.725656018384
-0.676103497811
-0.167414237473
-0.781712454719
-0.600747959820
-0.204671826536
-0.830299099635
-0.518375200572
0.198763682848
-0.845573262715
-0.495478410995
0.129447867998
-0.815411440095
-0.564222857418
0.057941762205
-0.776810147448
-0.627063590886
-0.014861703411
-0.727704014691
-0.685730265319
-0.055769266158
-0.786835290873
-0.614638116284
-0.094594571737
-0.838780278153
-0.536189809656
-0.131314484840
-0.882904327311
-0.450817540571
0.089290786391
-0.871654438196
-0.481918764772
0.017651946310
-0.834610638189
-0.550557436980
-0.021515531954
-0.883837883241
-0.467298275231
0.048992972318
-0.918081741531
-0.393351756741
0.584856697792
0.272861593551
-0.763864643646
0.663489417703
0.234473786265
-0.710495486369
0.734573123543
0.194361073279
-0.650096992273
0.798028522294
0.151335774207
-0.583307775578
0.855803594812
0.090306521476
-0.509357378748
0.849783064630
0.191130386171
-0.491261558185
0.835069483108
0.288477909219
-0.468443651120
0.811284860790
0.383778525152
-0.441056593064
0.778286792195
0.475785554402
-0.409753310319
0.562765121585
0.374922578164
-0.736701077989
0.643717938664
0.337568692638
-0.686785696701
0.718381757442
0.297015826040
-0.629054250169
0.787071197320
0.250452301020
-0.563730942261
0.768282791197
0.346477714955
-0.538232984673
0.740281314587
0.439723924987
-0.508553286360
0.703208735651
0.529454242340
-0.474526795211
0.614591112038
0.436631500901
-0.656986070952
0.694493220628
0.394480720098
-0.601717648049
0.661930938275
0.488039395216
-0.568915619115
0.577434630170
0.530928191702
-0.620229395576
-0.994726696527
0.019548003364
-0.100681054724
-0.979004016442
0.039475040297
-0.199982141662
-0.953286951200
0.059188493977
-0.296210585314
-0.917685490628
0.077383700786
-0.389698733824
-0.867886822863
0.082838675847
-0.489806305069
-0.881393019038
0.171594359964
-0.440115577570
-0.885658192668
0.257212367264
-0.386589399605
-0.881058796013
0.340655861655
-0.328159994345
-0.867666609635
0.420545789316
-0.265133727792
-0.993243700888
0.108872184726
-0.040172105249
-0.981794732251
0.128625743394
-0.139765953870
-0.959889395336
0.147755897279
-0.238286683514
-0.926997528500
0.163973072430
-0.337325382492
-0.926648529225
0.248602306200
-0.281991837890
-0.917451074158
0.330226991793
-0.221886593595
-0.899114968064
0.408377532100
-0.157543852558
-0.973735006545
0.214668367244
-0.075879042789
-0.955947659864
0.232892990140
-0.178675478855
-0.942040340412
0.314922264126
-0.115689085887
-0.954559270546
0.297852345954
-0.010028909453
0.019548003364
-0.100681054724
-0.994726696527
0.039475040297
-0.199982141662
-0.979004016442
0.059188493977
-0.296210585314
-0.953286951200
0.077383700786
-0.389698733824
-0.917685490628
0.082838675847
-0.489806305069
-0.867886822863
0.171594359964
-0.440115577570
-0.881393019038
0.257212367264
-0.386589399605
-0.885658192668
0.340655861655
-0.328159994345
-0.881058796013
0.420545789316
-0.265133727792
-0.867666609635
0.108872184726
-0.040172105249
-0.993243700888
0.128625743394
-0.139765953870
-0.981794732251
0.147755897279
-0.238286683514
-0.959889395336
0.163973072430
-0.337325382492
-0.926997528500
0.248602306200
-0.281991837890
-0.926648529225
0.330226991793
-0.221886593595
-0.917451074158
0.408377532100
-0.157543852558
-0.899114968064
0.214668367244
-0.075879042789
-0.973735006545
0.232892990140
-0.178675478855
-0.955947659864
0.314922264126
-0.115689085887
-0.942040340412
0.297852345954
-0.010028909453
-0.954559270546
0.373542648274
-0.826088957489
-0.421951329226
0.434455927927
-0.834091247059
-0.339911515351
0.490571658593
-0.833165201824
-0.255294328678
0.541034508031
-0.824154838454
-0.167482725595
0.580112826545
-0.812074323185
-0.063280345307
0.631245963741
-0.763267944101
-0.137661101143
0.675067308825
-0.707369039766
-0.209554694856
0.711938519496
-0.643870623317
-0.280310836193
0.740919282194
-0.573614965659
-0.349291409063
0.415094683412
-0.761528804433
-0.497765289893
0.477334646508
-0.773165806662
-0.417571874833
0.535302509554
-0.776323519647
-0.332825804451
0.587777683511
-0.772209493909
-0.241267263181
0.628469552845
-0.712513525039
-0.312010412941
0.661610518582
-0.645686742850
-0.381261264502
0.686998094898
-0.571894250810
-0.448297427493
0.512510543689
-0.703881898429
-0.491816241772
0.573156198952
-0.712145166937
-0.405390222885
0.603728481103
-0.640415406320
-0.474742065182
0.540957101155
-0.626427602489
-0.561207513804
-0.373542648274
-0.826088957489
0.421951329226
-0.434455927927
-0.834091247059
0.339911515351
-0.490571658593
-0.833165201824
0.255294328678
-0.541034508031
-0.824154838454
0.167482725595
-0.580112826545
-0.812074323185
0.063280345307
-0.631245963741
-0.763267944101
0.137661101143
-0.675067308825
-0.707369039766
0.209554694856
-0.711938519496
-0.643870623317
0.280310836193
-0.740919282194
-0.573614965659
0.349291409063
-0.415094683412
-0.761528804433
0.497765289893
-0.477334646508
-0.773165806662
0.417571874833
-0.535302509554
-0.776323519647
0.332825804451
-0.587777683511
-0.772209493909
0.241267263181
-0.628469552845
-0.712513525039
0.312010412941
-0.661610518582
-0.645686742850
0.381261264502
-0.686998094898
-0.571894250810
0.448297427493
-0.512510543689
-0.703881898429
0.491816241772
-0.573156198952
-0.712145166937
0.405390222885
-0.603728481103
-0.640415406320
0.474742065182
-0.540957101155
-0.626427602489
0.561207513804
-0.100681054724
-0.994726696527
0.019548003364
-0.199982141662
-0.979004016442
0.039475040297
-0.296210585314
-0.953286951200
0.059188493977
-0.389698733824
-0.917685490628
0.077383700786
-0.489806305069
-0.867886822863
0.082838675847
-0.440115577570
-0.881393019038
0.171594359964
-0.386589399605
-0.885658192668
0.257212367264
-0.328159994345
-0.881058796013
0.340655861655
-0.265133727792
-0.867666609635
0.420545789316
-0.040172105249
-0.993243700888
0.108872184726
-0.139765953870
-0.981794732251
0.128625743394
-0.238286683514
-0.959889395336
0.147755897279
-0.337325382492
-0.926997528500
0.163973072430
-0.281991837890
-0.926648529225
0.248602306200
-0.221886593595
-0.917451074158
0.330226991793
-0.157543852558
-0.899114968064
0.408377532100
-0.075879042789
-0.973735006545
0.214668367244
-0.178675478855
-0.955947659864
0.232892990140
-0.115689085887
-0.942040340412
0.314922264126
-0.010028909453
-0.954559270546
0.297852345954
0.100681054724
0.994726696527
0.019548003364
0.199982141662
0.979004016442
0.039475040297
0.296210585314
0.953286951200
0.059188493977
0.389698733824
0.917685490628
0.077383700786
0.489806305069
0.867886822863
0.082838675847
0.440115577570
0.881393019038
0.171594359964
0.386589399605
0.885658192668
0.257212367264
0.328159994345
0.881058796013
0.340655861655
0.265133727792
0.867666609635
0.420545789316
0.040172105249
0.993243700888
0.108872184726
0.139765953870
0.981794732251
0.128625743394
0.238286683514
0.959889395336
0.147755897279
0.337325382492
0.926997528500
0.163973072430
0.281991837890
0.926648529225
0.248602306200
0.221886593595
0.917451074158
0.330226991793
0.157543852558
0.899114968064
0.408377532100
0.075879042789
0.973735006545
0.214668367244
0.178675478855
0.955947659864
0.232892990140
0.115689085887
0.942040340412
0.314922264126
0.010028909453
0.954559270546
0.297852345954
-0.409869998735
-0.341913314420
-0.845636960852
-0.315514598740
-0.370583971019
-0.873566287357
-0.218713827657
-0.394802663595
-0.892353695801
-0.119656968334
-0.415825049983
-0.901538539240
-0.012083228051
-0.446077033441
-0.894912999032
-0.031609954408
-0.353600457041
-0.934862304065
-0.050588709560
-0.258888956264
-0.964581407031
-0.069773935223
-0.160745756871
-0.984526484972
-0.089379817440
-0.060461901256
-0.994160754974
-0.430478579303
-0.238935788096
-0.870400989159
-0.338076793587
-0.269213821868
-0.901791550056
-0.241507637894
-0.296228445719
-0.924079416926
-0.139926331179
-0.322463679080
-0.936182566339
-0.158365738028
-0.226222571732
-0.961115831239
-0.177169759571
-0.127292021858
-0.975913734643
-0.195906232414
-0.026229367717
-0.980271782911
-0.359143894506
-0.165169829180
-0.918550265673
-0.261454439236
-0.196327425164
-0.945038157077
-0.280109402138
-0.094173553933
-0.955337670446
-0.377124640376
-0.059021881772
-0.924279948443
0.783412647010
-0.572775367301
-0.241232259696
0.749970526667
-0.639092501092
-0.170601829357
0.709285486250
-0.697992622523
-0.098592078281
0.660691476365
-0.750202765033
-0.026126316160
0.592196054595
-0.804606477556
0.043729271627
0.662855918149
-0.743731917894
0.086515120529
0.725656018384
-0.676103497811
0.127700443341
0.781712454719
-0.600747959820
0.167414237473
0.830299099635
-0.518375200572
0.204671826536
0.845573262715
-0.495478410995
-0.198763682848
0.815411440095
-0.564222857418
-0.129447867998
0.776810147448
-0.627063590886
-0.057941762205
0.727704014691
-0.685730265319
0.014861703411
0.786835290873
-0.614638116284
0.055769266158
0.838780278153
-0.536189809656
0.094594571737
0.882904327311
-0.450817540571
0.131314484840
0.871654438196
-0.481918764772
-0.089290786391
0.834610638189
-0.550557436980
-0.017651946310
0.883837883241
-0.467298275231
0.021515531954
0.918081741531
-0.393351756741
-0.048992972318
