0.577362144832
0.814948498737
0.050118839987
0.629245238379
0.769436106551
0.109628955631
0.674999225885
0.718667552341
0.167011958457
0.715483929031
0.662010962609
0.223213424068
0.750431628898
0.599611256737
0.278062423106
0.779287870042
0.532053534407
0.331103385863
0.381804953795
0.801504157018
0.460234791754
0.429683498573
0.816710323561
0.385170531639
0.474267173093
0.824834944680
0.307762834924
0.515142031480
0.826095342636
0.228462627749
0.551720288582
0.821092814673
0.146326049833
0.599727889523
0.773315839935
0.205691687323
0.642932699993
0.719594487920
0.262338171515
0.680885772686
0.659988635220
0.317505221901
0.713045306038
0.594864231069
0.371083465183
0.422791070770
0.738775397185
0.524841521786
0.472213269677
0.757531196810
0.450733972316
0.518753055483
0.769183975644
0.373163876921
0.561667435337
0.774105717428
0.292044569077
0.603222178761
0.716469281353
0.350420849734
0.639210482594
0.653198256157
0.405884216366
0.668983009644
0.584533887450
0.459109864010
0.510125034954
0.691859933082
0.510981684318
0.558473286685
0.707559218165
0.432975219672
0.592507535126
0.640147109982
0.489026071290
0.542186863255
0.619951827917
0.567179985874
0.525731112119
0.850650808352
0.000000000000
0.000000000000
0.525731112119
-0.850650808352
-0.525731112119
0.850650808352
0.000000000000
0.000000000000
0.525731112119
0.850650808352
0.850650808352
-0.000000000000
0.525731112119
-0.850650808352
-0.000000000000
0.525731112119
-0.000000000000
-0.525731112119
0.850650808352
-0.850650808352
-0.000000000000
-0.525731112119
-0.525731112119
-0.850650808352
0.000000000000
0.850650808352
-0.000000000000
-0.525731112119
0.525731112119
-0.850650808352
0.000000000000
0.000000000000
-0.525731112119
-0.850650808352
0.003698856523
0.455833050363
-0.890057609741
0.011837902002
0.373224936182
-0.927665355119
0.019696386692
0.289322051933
-0.957029154528
0.027414126837
0.202874713907
-0.978820880502
0.035031479692
0.114168358720
-0.992843583500
0.042637915087
0.024075462968
-0.998800470705
0.429113696615
0.300328868954
-0.851859146720
0.349145126004
0.335367762161
-0.875000654337
0.266739792605
0.366867453979
-0.891211621475
0.182536632537
0.394906215048
-0.900405163856
0.096251750436
0.420624070800
-0.902114733059
0.105511862444
0.337453703002
-0.935410201577
0.113136614858
0.252317953491
-0.961007677766
0.120371938354
0.164784136049
-0.978956988311
0.127513333391
0.075370422364
-0.988968982951
0.441504327850
0.204611464518
-0.873617809501
0.362634822291
0.241566700531
-0.900078615931
0.280210310649
0.275397459608
-0.919586005247
0.194647123958
0.306677613598
-0.931698094048
0.203286517123
0.218019495074
-0.954537632429
0.210611349341
0.127979479640
-0.969156392085
0.217567082457
0.036615797802
-0.975358317739
0.372126826000
0.146598296374
-0.916531813344
0.289695490455
0.183362085696
-0.939390689936
0.297192970687
0.090281957581
-0.950539586924
0.379340466334
0.050416616669
-0.923882554963
-0.577362144832
0.814948498737
-0.050118839987
-0.629245238379
0.769436106551
-0.109628955631
-0.674999225885
0.718667552341
-0.167011958457
-0.715483929031
0.662010962609
-0.223213424068
-0.750431628898
0.599611256737
-0.278062423106
-0.779287870042
0.532053534407
-0.331103385863
-0.381804953795
0.801504157018
-0.460234791754
-0.429683498573
0.816710323561
-0.385170531639
-0.474267173093
0.824834944680
-0.307762834924
-0.515142031480
0.826095342636
-0.228462627749
-0.551720288582
0.821092814673
-0.146326049833
-0.599727889523
0.773315839935
-0.205691687323
-0.642932699993
0.719594487920
-0.262338171515
-0.680885772686
0.659988635220
-0.317505221901
-0.713045306038
0.594864231069
-0.371083465183
-0.422791070770
0.738775397185
-0.524841521786
-0.472213269677
0.757531196810
-0.450733972316
-0.518753055483
0.769183975644
-0.373163876921
-0.561667435337
0.774105717428
-0.292044569077
-0.603222178761
0.716469281353
-0.350420849734
-0.639210482594
0.653198256157
-0.405884216366
-0.668983009644
0.584533887450
-0.459109864010
-0.510125034954
0.691859933082
-0.510981684318
-0.558473286685
0.707559218165
-0.432975219672
-0.592507535126
0.640147109982
-0.489026071290
-0.542186863255
0.619951827917
-0.567179985874
-0.003698856523
0.455833050363
0.890057609741
-0.011837902002
0.373224936182
0.927665355119
-0.019696386692
0.289322051933
0.957029154528
-0.027414126837
0.202874713907
0.978820880502
-0.035031479692
0.114168358720
0.992843583500
-0.042637915087
0.024075462968
0.998800470705
-0.429113696615
0.300328868954
0.851859146720
-0.349145126004
0.335367762161
0.875000654337
-0.266739792605
0.366867453979
0.891211621475
-0.182536632537
0.394906215048
0.900405163856
-0.096251750436
0.420624070800
0.902114733059
-0.105511862444
0.337453703002
0.935410201577
-0.113136614858
0.252317953491
0.961007677766
-0.120371938354
0.164784136049
0.978956988311
-0.127513333391
0.075370422364
0.988968982951
-0.441504327850
0.204611464518
0.873617809501
-0.362634822291
0.241566700531
0.900078615931
-0.280210310649
0.275397459608
0.919586005247
-0.194647123958
0.306677613598
0.931698094048
-0.203286517123
0.218019495074
0.954537632429
-0.210611349341
0.127979479640
0.969156392085
-0.217567082457
0.036615797802
0.975358317739
-0.372126826000
0.146598296374
0.916531813344
-0.289695490455
0.183362085696
0.939390689936
-0.297192970687
0.090281957581
0.950539586924
-0.379340466334
0.050416616669
0.923882554963
0.581061001354
0.812662479687
-0.044133964414
0.641083140381
0.762119880759
-0.090474827837
0.694695612577
0.706494515909
-0.135142535333
0.742898055868
0.645068100452
-0.178856435074
0.785463108589
0.577960611612
-0.221380298289
0.821925785129
0.505701853674
-0.262113790044
0.810918650410
0.536297307472
0.234085754407
0.778828624577
0.600926768684
0.179758149242
0.741006965698
0.659980686698
0.123831215663
0.697678664017
0.713281499536
0.066887847888
0.647972039018
0.761605961426
0.009412553850
0.705239751967
0.708105922728
-0.034969907673
0.756069314852
0.649672214566
-0.079279283302
0.801257711041
0.585594686025
-0.122739334352
0.840558639430
0.516056657014
-0.164762557737
0.864295398620
0.465910716394
0.189527486855
0.834848091968
0.533410551130
0.136021495655
0.798963366133
0.596004479665
0.080225929708
0.756314559295
0.653807179010
0.022901093299
0.806508695884
0.590831304316
-0.021496355574
0.849821831935
0.523033283848
-0.065107894716
0.886550092101
0.450070035658
-0.107078929761
0.882251860954
0.461872906488
0.091132168275
0.848168777140
0.528517558676
0.035761930272
0.889700505813
0.456471752879
-0.008157743500
0.921527329589
0.385506526414
0.046605781963
-0.499967014778
0.862781319674
-0.075109111003
-0.463699764018
0.871748836390
-0.158229248568
-0.424464587266
0.873506474366
-0.238361602187
-0.381731148980
0.868281524520
-0.316809917893
-0.335548657009
0.856023034718
-0.393232326763
-0.286189253012
0.836805239538
-0.466746936298
-0.066243114547
0.996532099226
-0.050354989702
-0.155609612919
0.986097300323
-0.058290330776
-0.243036238316
0.967743521623
-0.066376676795
-0.328018367160
0.941744127285
-0.074309821220
-0.411211516950
0.907932011259
-0.081021918386
-0.372423610675
0.913797610052
-0.162094361642
-0.331597236793
0.912010386081
-0.241413189845
-0.287523470400
0.903099907926
-0.318968353092
-0.240132980101
0.887140122197
-0.394104751883
-0.015083977663
0.990752238180
-0.134842412316
-0.105545204876
0.984144523446
-0.142547419121
-0.195171529901
0.969168356586
-0.150402029603
-0.283776520298
0.945851748087
-0.157592376620
-0.239515850648
0.941252154050
-0.238068351076
-0.193087374356
0.928917500215
-0.315958135928
-0.143694727563
0.909179899668
-0.390824430289
-0.055466128099
0.972854590807
-0.224671880262
-0.147600155424
0.961492778348
-0.231831471772
-0.098439701082
0.945497824169
-0.310392476942
-0.003810834706
0.952686512288
-0.303930727046
-0.077395130054
0.505951890351
0.859082463152
-0.165545474360
0.482853891813
0.859910934388
-0.250534638619
0.456334010390
0.853810087674
-0.333752780050
0.426088137975
0.840867397683
-0.414882971889
0.392230781826
0.820991555026
-0.493098617031
0.355178848831
0.794167324451
-0.315561839248
0.760563660707
0.567418402611
-0.274073885653
0.720538293801
0.636952174319
-0.231230934777
0.674630288903
0.701003729018
-0.187123664320
0.623368842797
0.759207494748
-0.140508771632
0.566950120632
0.811680260823
-0.227304278848
0.543145390325
0.808285747608
-0.311335463200
0.514656125006
0.798873771223
-0.393362302286
0.482289357949
0.782727969571
-0.472912325938
0.446453887547
0.759626788805
-0.407707093107
0.729452986304
0.549247910330
-0.366668064801
0.692300672847
0.621509701155
-0.323581525583
0.648561336530
0.688958045936
-0.277890915039
0.598722182674
0.751204624129
-0.363706328113
0.568440344808
0.737965636927
-0.446123108237
0.533863696007
0.718306150874
-0.525288282081
0.495725661812
0.691612817211
-0.454658906855
0.657579980692
0.600727764807
-0.410873131261
0.616337305368
0.671797287893
-0.494067834044
0.579308028871
0.648304853482
-0.538376028549
0.617596602543
0.573346045954
0.859082463152
-0.077395130054
0.505951890351
0.859910934388
-0.165545474360
0.482853891813
0.853810087674
-0.250534638619
0.456334010390
0.840867397683
-0.333752780050
0.426088137975
0.820991555026
-0.414882971889
0.392230781826
0.794167324451
-0.493098617031
0.355178848831
0.567418402611
-0.315561839248
0.760563660707
0.636952174319
-0.274073885653
0.720538293801
0.701003729018
-0.231230934777
0.674630288903
0.759207494748
-0.187123664320
0.623368842797
0.811680260823
-0.140508771632
0.566950120632
0.808285747608
-0.227304278848
0.543145390325
0.798873771223
-0.311335463200
0.514656125006
0.782727969571
-0.393362302286
0.482289357949
0.759626788805
-0.472912325938
0.446453887547
0.549247910330
-0.407707093107
0.729452986304
0.621509701155
-0.366668064801
0.692300672847
0.688958045936
-0.323581525583
0.648561336530
0.751204624129
-0.277890915039
0.598722182674
0.737965636927
-0.363706328113
0.568440344808
0.718306150874
-0.446123108237
0.533863696007
0.691612817211
-0.525288282081
0.495725661812
0.600727764807
-0.454658906855
0.657579980692
0.671797287893
-0.410873131261
0.616337305368
0.648304853482
-0.494067834044
0.579308028871
0.573346045954
-0.538376028549
0.617596602543
-0.862781319674
-0.075109111003
0.499967014778
-0.871748836390
-0.158229248568
0.463699764018
-0.873506474366
-0.238361602187
0.424464587266
-0.868281524520
-0.316809917893
0.381731148980
-0.856023034718
-0.393232326763
0.335548657009
-0.836805239538
-0.466746936298
0.286189253012
-0.996532099226
-0.050354989702
0.066243114547
-0.986097300323
-0.058290330776
0.155609612919
-0.967743521623
-0.066376676795
0.243036238316
-0.941744127285
-0.074309821220
0.328018367160
-0.907932011259
-0.081021918386
0.411211516950
-0.913797610052
-0.162094361642
0.372423610675
-0.912010386081
-0.241413189845
0.331597236793
-0.903099907926
-0.318968353092
0.287523470400
-0.887140122197
-0.394104751883
0.240132980101
-0.990752238180
-0.134842412316
0.015083977663
-0.984144523446
-0.142547419121
0.105545204876
-0.969168356586
-0.150402029603
0.195171529901
-0.945851748087
-0.157592376620
0.283776520298
-0.941252154050
-0.238068351076
0.239515850648
-0.928917500215
-0.315958135928
0.193087374356
-0.909179899668
-0.390824430289
0.143694727563
-0.972854590807
-0.224671880262
0.055466128099
-0.961492778348
-0.231831471772
0.147600155424
-0.945497824169
-0.310392476942
0.098439701082
-0.952686512288
-0.303930727046
0.003810834706
0.505951890351
0.859082463152
-0.077395130054
0.482853891813
0.859910934388
-0.165545474360
0.456334010390
0.853810087674
-0.250534638619
0.426088137975
0.840867397683
-0.333752780050
0.392230781826
0.820991555026
-0.414882971889
0.355178848831
0.794167324451
-0.493098617031
0.760563660707
0.567418402611
-0.315561839248
0.720538293801
0.636952174319
-0.274073885653
0.674630288903
0.701003729018
-0.231230934777
0.623368842797
0.759207494748
-0.187123664320
0.566950120632
0.811680260823
-0.140508771632
0.543145390325
0.808285747608
-0.227304278848
0.514656125006
0.798873771223
-0.311335463200
0.482289357949
0.782727969571
-0.393362302286
0.446453887547
0.759626788805
-0.472912325938
0.729452986304
0.549247910330
-0.407707093107
0.692300672847
0.621509701155
-0.366668064801
0.648561336530
0.688958045936
-0.323581525583
0.598722182674
0.751204624129
-0.277890915039
0.568440344808
0.737965636927
-0.363706328113
0.533863696007
0.718306150874
-0.446123108237
0.495725661812
0.691612817211
-0.525288282081
0.657579980692
0.600727764807
-0.454658906855
0.616337305368
0.671797287893
-0.410873131261
0.579308028871
0.648304853482
-0.494067834044
0.617596602543
0.573346045954
-0.538376028549
-0.044133964414
0.581061001354
0.812662479687
-0.090474827837
0.641083140381
0.762119880759
-0.135142535333
0.694695612577
0.706494515909
-0.178856435074
0.742898055868
0.645068100452
-0.221380298289
0.785463108589
0.577960611612
-0.262113790044
0.821925785129
0.505701853674
0.234085754407
0.810918650410
0.536297307472
0.179758149242
0.778828624577
0.600926768684
0.123831215663
0.741006965698
0.659980686698
0.066887847888
0.697678664017
0.713281499536
0.009412553850
0.647972039018
0.761605961426
-0.034969907673
0.705239751967
0.708105922728
-0.079279283302
0.756069314852
0.649672214566
-0.122739334352
0.801257711041
0.585594686025
-0.164762557737
0.840558639430
0.516056657014
0.189527486855
0.864295398620
0.465910716394
0.136021495655
0.834848091968
0.533410551130
0.080225929708
0.798963366133
0.596004479665
0.022901093299
0.756314559295
0.653807179010
-0.021496355574
0.806508695884
0.590831304316
-0.065107894716
0.849821831935
0.523033283848
-0.107078929761
0.886550092101
0.450070035658
0.091132168275
0.882251860954
0.461872906488
0.035761930272
0.848168777140
0.528517558676
-0.008157743500
0.889700505813
0.456471752879
0.046605781963
0.921527329589
0.385506526414
-0.050118839987
-0.577362144832
0.814948498737
-0.109628955631
-0.629245238379
0.769436106551
-0.167011958457
-0.674999225885
0.718667552341
-0.223213424068
-0.715483929031
0.662010962609
-0.278062423106
-0.750431628898
0.599611256737
-0.331103385863
-0.779287870042
0.532053534407
-0.460234791754
-0.381804953795
0.801504157018
-0.385170531639
-0.429683498573
0.816710323561
-0.307762834924
-0.474267173093
0.824834944680
-0.228462627749
-0.515142031480
0.826095342636
-0.146326049833
-0.551720288582
0.821092814673
-0.205691687323
-0.599727889523
0.773315839935
-0.262338171515
-0.642932699993
0.719594487920
-0.317505221901
-0.680885772686
0.659988635220
-0.371083465183
-0.713045306038
0.594864231069
-0.524841521786
-0.422791070770
0.738775397185
-0.450733972316
-0.472213269677
0.757531196810
-0.373163876921
-0.518753055483
0.769183975644
-0.292044569077
-0.561667435337
0.774105717428
-0.350420849734
-0.603222178761
0.716469281353
-0.405884216366
-0.639210482594
0.653198256157
-0.459109864010
-0.668983009644
0.584533887450
-0.510981684318
-0.510125034954
0.691859933082
-0.432975219672
-0.558473286685
0.707559218165
-0.489026071290
-0.592507535126
0.640147109982
-0.567179985874
-0.542186863255
0.619951827917
0.890057609741
-0.003698856523
0.455833050363
0.927665355119
-0.011837902002
0.373224936182
0.957029154528
-0.019696386692
0.289322051933
0.978820880502
-0.027414126837
0.202874713907
0.992843583500
-0.035031479692
0.114168358720
0.998800470705
-0.042637915087
0.024075462968
0.851859146720
-0.429113696615
0.300328868954
0.875000654337
-0.349145126004
0.335367762161
0.891211621475
-0.266739792605
0.366867453979
0.900405163856
-0.182536632537
0.394906215048
0.902114733059
-0.096251750436
0.420624070800
0.935410201577
-0.105511862444
0.337453703002
0.961007677766
-0.113136614858
0.252317953491
0.978956988311
-0.120371938354
0.164784136049
0.988968982951
-0.127513333391
0.075370422364
0.873617809501
-0.441504327850
0.204611464518
0.900078615931
-0.362634822291
0.241566700531
0.919586005247
-0.280210310649
0.275397459608
0.931698094048
-0.194647123958
0.306677613598
0.954537632429
-0.203286517123
0.218019495074
0.969156392085
-0.210611349341
0.127979479640
0.975358317739
-0.217567082457
0.036615797802
0.916531813344
-0.372126826000
0.146598296374
0.939390689936
-0.289695490455
0.183362085696
0.950539586924
-0.297192970687
0.090281957581
0.923882554963
-0.379340466334
0.050416616669
0.050118839987
0.577362144832
0.814948498737
0.109628955631
0.629245238379
0.769436106551
0.167011958457
0.674999225885
0.718667552341
0.223213424068
0.715483929031
0.662010962609
0.278062423106
0.750431628898
0.599611256737
0.331103385863
0.779287870042
0.532053534407
0.460234791754
0.381804953795
0.801504157018
0.385170531639
0.429683498573
0.816710323561
0.307762834924
0.474267173093
0.824834944680
0.228462627749
0.515142031480
0.826095342636
0.146326049833
0.551720288582
0.821092814673
0.205691687323
0.599727889523
0.773315839935
0.262338171515
0.642932699993
0.719594487920
0.317505221901
0.680885772686
0.659988635220
0.371083465183
0.713045306038
0.594864231069
0.524841521786
0.422791070770
0.738775397185
0.450733972316
0.472213269677
0.757531196810
0.373163876921
0.518753055483
0.769183975644
0.292044569077
0.561667435337
0.774105717428
0.350420849734
0.603222178761
0.716469281353
0.405884216366
0.639210482594
0.653198256157
0.459109864010
0.668983009644
0.584533887450
0.510981684318
0.510125034954
0.691859933082
0.432975219672
0.558473286685
0.707559218165
0.489026071290
0.592507535126
0.640147109982
0.567179985874
0.542186863255
0.619951827917
-0.075109111003
-0.499967014778
0.862781319674
-0.158229248568
-0.463699764018
0.871748836390
-0.238361602187
-0.424464587266
0.873506474366
-0.316809917893
-0.381731148980
0.868281524520
-0.393232326763
-0.335548657009
0.856023034718
-0.466746936298
-0.286189253012
0.836805239538
-0.050354989702
-0.066243114547
0.996532099226
-0.058290330776
-0.155609612919
0.986097300323
-0.066376676795
-0.243036238316
0.967743521623
-0.074309821220
-0.328018367160
0.941744127285
-0.081021918386
-0.411211516950
0.907932011259
-0.162094361642
-0.372423610675
0.913797610052
-0.241413189845
-0.331597236793
0.912010386081
-0.318968353092
-0.287523470400
0.903099907926
-0.394104751883
-0.240132980101
0.887140122197
-0.134842412316
-0.015083977663
0.990752238180
-0.142547419121
-0.105545204876
0.984144523446
-0.150402029603
-0.195171529901
0.969168356586
-0.157592376620
-0.283776520298
0.945851748087
-0.238068351076
-0.239515850648
0.941252154050
-0.315958135928
-0.193087374356
0.928917500215
-0.390824430289
-0.143694727563
0.909179899668
-0.224671880262
-0.055466128099
0.972854590807
-0.231831471772
-0.147600155424
0.961492778348
-0.310392476942
-0.098439701082
0.945497824169
-0.303930727046
-0.003810834706
0.952686512288
0.075109111003
0.499967014778
0.862781319674
0.158229248568
0.463699764018
0.871748836390
0.238361602187
0.424464587266
0.873506474366
0.316809917893
0.381731148980
0.868281524520
0.393232326763
0.335548657009
0.856023034718
0.466746936298
0.286189253012
0.836805239538
0.050354989702
0.066243114547
0.996532099226
0.058290330776
0.155609612919
0.986097300323
0.066376676795
0.243036238316
0.967743521623
0.074309821220
0.328018367160
0.941744127285
0.081021918386
0.411211516950
0.907932011259
0.162094361642
0.372423610675
0.913797610052
0.241413189845
0.331597236793
0.912010386081
0.318968353092
0.287523470400
0.903099907926
0.394104751883
0.240132980101
0.887140122197
0.134842412316
0.015083977663
0.990752238180
0.142547419121
0.105545204876
0.984144523446
0.150402029603
0.195171529901
0.969168356586
0.157592376620
0.283776520298
0.945851748087
0.238068351076
0.239515850648
0.941252154050
0.315958135928
0.193087374356
0.928917500215
0.390824430289
0.143694727563
0.909179899668
0.224671880262
0.055466128099
0.972854590807
0.231831471772
0.147600155424
0.961492778348
0.310392476942
0.098439701082
0.945497824169
0.303930727046
0.003810834706
0.952686512288
-0.455833050363
0.890057609741
0.003698856523
-0.373224936182
0.927665355119
0.011837902002
-0.289322051933
0.957029154528
0.019696386692
-0.202874713907
0.978820880502
0.027414126837
-0.114168358720
0.992843583500
0.035031479692
-0.024075462968
0.998800470705
0.042637915087
-0.300328868954
0.851859146720
0.429113696615
-0.335367762161
0.875000654337
0.349145126004
-0.366867453979
0.891211621475
0.266739792605
-0.394906215048
0.900405163856
0.182536632537
-0.420624070800
0.902114733059
0.096251750436
-0.337453703002
0.935410201577
0.105511862444
-0.252317953491
0.961007677766
0.113136614858
-0.164784136049
0.978956988311
0.120371938354
-0.075370422364
0.988968982951
0.127513333391
-0.204611464518
0.873617809501
0.441504327850
-0.241566700531
0.900078615931
0.362634822291
-0.275397459608
0.919586005247
0.280210310649
-0.306677613598
0.931698094048
0.194647123958
-0.218019495074
0.954537632429
0.203286517123
-0.127979479640
0.969156392085
0.210611349341
-0.036615797802
0.975358317739
0.217567082457
-0.146598296374
0.916531813344
0.372126826000
-0.183362085696
0.939390689936
0.289695490455
-0.090281957581
0.950539586924
0.297192970687
-0.050416616669
0.923882554963
0.379340466334
-0.812662479687
-0.044133964414
-0.581061001354
-0.762119880759
-0.090474827837
-0.641083140381
-0.706494515909
-0.135142535333
-0.694695612577
-0.645068100452
-0.178856435074
-0.742898055868
-0.577960611612
-0.221380298289
-0.785463108589
-0.505701853674
-0.262113790044
-0.821925785129
-0.536297307472
0.234085754407
-0.810918650410
-0.600926768684
0.179758149242
-0.778828624577
-0.659980686698
0.123831215663
-0.741006965698
-0.713281499536
0.066887847888
-0.697678664017
-0.761605961426
0.009412553850
-0.647972039018
-0.708105922728
-0.034969907673
-0.705239751967
-0.649672214566
-0.079279283302
-0.756069314852
-0.585594686025
-0.122739334352
-0.801257711041
-0.516056657014
-0.164762557737
-0.840558639430
-0.465910716394
0.189527486855
-0.864295398620
-0.533410551130
0.136021495655
-0.834848091968
-0.596004479665
0.080225929708
-0.798963366133
-0.653807179010
0.022901093299
-0.756314559295
-0.590831304316
-0.021496355574
-0.806508695884
-0.523033283848
-0.065107894716
-0.849821831935
-0.450070035658
-0.107078929761
-0.886550092101
-0.461872906488
0.091132168275
-0.882251860954
-0.528517558676
0.035761930272
-0.848168777140
-0.456471752879
-0.008157743500
-0.889700505813
-0.385506526414
0.046605781963
-0.921527329589
-0.814948498737
-0.050118839987
0.577362144832
-0.769436106551
-0.109628955631
0.629245238379
-0.718667552341
-0.167011958457
0.674999225885
-0.662010962609
-0.223213424068
0.715483929031
-0.599611256737
-0.278062423106
0.750431628898
-0.532053534407
-0.331103385863
0.779287870042
-0.801504157018
-0.460234791754
0.381804953795
-0.816710323561
-0.385170531639
0.429683498573
-0.824834944680
-0.307762834924
0.474267173093
-0.826095342636
-0.228462627749
0.515142031480
-0.821092814673
-0.146326049833
0.551720288582
-0.773315839935
-0.205691687323
0.599727889523
-0.719594487920
-0.262338171515
0.642932699993
-0.659988635220
-0.317505221901
0.680885772686
-0.594864231069
-0.371083465183
0.713045306038
-0.738775397185
-0.524841521786
0.422791070770
-0.757531196810
-0.450733972316
0.472213269677
-0.769183975644
-0.373163876921
0.518753055483
-0.774105717428
-0.292044569077
0.561667435337
-0.716469281353
-0.350420849734
0.603222178761
-0.653198256157
-0.405884216366
0.639210482594
-0.584533887450
-0.459109864010
0.668983009644
-0.691859933082
-0.510981684318
0.510125034954
-0.707559218165
-0.432975219672
0.558473286685
-0.640147109982
-0.489026071290
0.592507535126
-0.619951827917
-0.567179985874
0.542186863255
-0.505951890351
0.859082463152
0.077395130054
-0.482853891813
0.859910934388
0.165545474360
-0.456334010390
0.853810087674
0.250534638619
-0.426088137975
0.840867397683
0.333752780050
-0.392230781826
0.820991555026
0.414882971889
-0.355178848831
0.794167324451
0.493098617031
-0.760563660707
0.567418402611
0.315561839248
-0.720538293801
0.636952174319
0.274073885653
-0.674630288903
0.701003729018
0.231230934777
-0.623368842797
0.759207494748
0.187123664320
-0.566950120632
0.811680260823
0.140508771632
-0.543145390325
0.808285747608
0.227304278848
-0.514656125006
0.798873771223
0.311335463200
-0.482289357949
0.782727969571
0.393362302286
-0.446453887547
0.759626788805
0.472912325938
-0.729452986304
0.549247910330
0.407707093107
-0.692300672847
0.621509701155
0.366668064801
-0.648561336530
0.688958045936
0.323581525583
-0.598722182674
0.751204624129
0.277890915039
-0.568440344808
0.737965636927
0.363706328113
-0.533863696007
0.718306150874
0.446123108237
-0.495725661812
0.691612817211
0.525288282081
-0.657579980692
0.600727764807
0.454658906855
-0.616337305368
0.671797287893
0.410873131261
-0.579308028871
0.648304853482
0.494067834044
-0.617596602543
0.573346045954
0.538376028549
-0.814948498737
0.050118839987
-0.577362144832
-0.769436106551
0.109628955631
-0.629245238379
-0.718667552341
0.167011958457
-0.674999225885
-0.662010962609
0.223213424068
-0.715483929031
-0.599611256737
0.278062423106
-0.750431628898
-0.532053534407
0.331103385863
-0.779287870042
-0.801504157018
0.460234791754
-0.381804953795
-0.816710323561
0.385170531639
-0.429683498573
-0.824834944680
0.307762834924
-0.474267173093
-0.826095342636
0.228462627749
-0.515142031480
-0.821092814673
0.146326049833
-0.551720288582
-0.773315839935
0.205691687323
-0.599727889523
-0.719594487920
0.262338171515
-0.642932699993
-0.659988635220
0.317505221901
-0.680885772686
-0.594864231069
0.371083465183
-0.713045306038
-0.738775397185
0.524841521786
-0.422791070770
-0.757531196810
0.450733972316
-0.472213269677
-0.769183975644
0.373163876921
-0.518753055483
-0.774105717428
0.292044569077
-0.561667435337
-0.716469281353
0.350420849734
-0.603222178761
-0.653198256157
0.405884216366
-0.639210482594
-0.584533887450
0.459109864010
-0.668983009644
-0.691859933082
0.510981684318
-0.510125034954
-0.707559218165
0.432975219672
-0.558473286685
-0.640147109982
0.489026071290
-0.592507535126
-0.619951827917
0.567179985874
-0.542186863255
-0.455833050363
-0.890057609741
-0.003698856523
-0.373224936182
-0.927665355119
-0.011837902002
-0.289322051933
-0.957029154528
-0.019696386692
-0.202874713907
-0.978820880502
-0.027414126837
-0.114168358720
-0.992843583500
-0.035031479692
-0.024075462968
-0.998800470705
-0.042637915087
-0.300328868954
-0.851859146720
-0.429113696615
-0.335367762161
-0.875000654337
-0.349145126004
-0.366867453979
-0.891211621475
-0.266739792605
-0.394906215048
-0.900405163856
-0.182536632537
-0.420624070800
-0.902114733059
-0.096251750436
-0.337453703002
-0.935410201577
-0.105511862444
-0.252317953491
-0.961007677766
-0.113136614858
-0.164784136049
-0.978956988311
-0.120371938354
-0.075370422364
-0.988968982951
-0.127513333391
-0.204611464518
-0.873617809501
-0.441504327850
-0.241566700531
-0.900078615931
-0.362634822291
-0.275397459608
-0.919586005247
-0.280210310649
-0.306677613598
-0.931698094048
-0.194647123958
-0.218019495074
-0.954537632429
-0.203286517123
-0.127979479640
-0.969156392085
-0.210611349341
-0.036615797802
-0.975358317739
-0.217567082457
-0.146598296374
-0.916531813344
-0.372126826000
-0.183362085696
-0.939390689936
-0.289695490455
-0.090281957581
-0.950539586924
-0.297192970687
-0.050416616669
-0.923882554963
-0.379340466334
0.812662479687
-0.044133964414
0.581061001354
0.762119880759
-0.090474827837
0.641083140381
0.706494515909
-0.135142535333
0.694695612577
0.645068100452
-0.178856435074
0.742898055868
0.577960611612
-0.221380298289
0.785463108589
0.505701853674
-0.262113790044
0.821925785129
0.536297307472
0.234085754407
0.810918650410
0.600926768684
0.179758149242
0.778828624577
0.659980686698
0.123831215663
0.741006965698
0.713281499536
0.066887847888
0.697678664017
0.761605961426
0.009412553850
0.647972039018
0.708105922728
-0.034969907673
0.705239751967
0.649672214566
-0.079279283302
0.756069314852
0.585594686025
-0.122739334352
0.801257711041
0.516056657014
-0.164762557737
0.840558639430
0.465910716394
0.189527486855
0.864295398620
0.533410551130
0.136021495655
0.834848091968
0.596004479665
0.080225929708
0.798963366133
0.653807179010
0.022901093299
0.756314559295
0.590831304316
-0.021496355574
0.806508695884
0.523033283848
-0.065107894716
0.849821831935
0.450070035658
-0.107078929761
0.886550092101
0.461872906488
0.091132168275
0.882251860954
0.528517558676
0.035761930272
0.848168777140
0.456471752879
-0.008157743500
0.889700505813
0.385506526414
0.046605781963
0.921527329589
0.814948498737
-0.050118839987
-0.577362144832
0.769436106551
-0.109628955631
-0.629245238379
0.718667552341
-0.167011958457
-0.674999225885
0.662010962609
-0.223213424068
-0.715483929031
0.599611256737
-0.278062423106
-0.750431628898
0.532053534407
-0.331103385863
-0.779287870042
0.801504157018
-0.460234791754
-0.381804953795
0.816710323561
-0.385170531639
-0.429683498573
0.824834944680
-0.307762834924
-0.474267173093
0.826095342636
-0.228462627749
-0.515142031480
0.821092814673
-0.146326049833
-0.551720288582
0.773315839935
-0.205691687323
-0.599727889523
0.719594487920
-0.262338171515
-0.642932699993
0.659988635220
-0.317505221901
-0.680885772686
0.594864231069
-0.371083465183
-0.713045306038
0.738775397185
-0.524841521786
-0.422791070770
0.757531196810
-0.450733972316
-0.472213269677
0.769183975644
-0.373163876921
-0.518753055483
0.774105717428
-0.292044569077
-0.561667435337
0.716469281353
-0.350420849734
-0.603222178761
0.653198256157
-0.405884216366
-0.639210482594
0.584533887450
-0.459109864010
-0.668983009644
0.691859933082
-0.510981684318
-0.510125034954
0.707559218165
-0.432975219672
-0.558473286685
0.640147109982
-0.489026071290
-0.592507535126
0.619951827917
-0.567179985874
-0.542186863255
0.455833050363
0.890057609741
-0.003698856523
0.373224936182
0.927665355119
-0.011837902002
0.289322051933
0.957029154528
-0.019696386692
0.202874713907
0.978820880502
-0.027414126837
0.114168358720
0.992843583500
-0.035031479692
0.024075462968
0.998800470705
-0.042637915087
0.300328868954
0.851859146720
-0.429113696615
0.335367762161
0.875000654337
-0.349145126004
0.366867453979
0.891211621475
-0.266739792605
0.394906215048
0.900405163856
-0.182536632537
0.420624070800
0.902114733059
-0.096251750436
0.337453703002
0.935410201577
-0.105511862444
0.252317953491
0.961007677766
-0.113136614858
0.164784136049
0.978956988311
-0.120371938354
0.075370422364
0.988968982951
-0.127513333391
0.204611464518
0.873617809501
-0.441504327850
0.241566700531
0.900078615931
-0.362634822291
0.275397459608
0.919586005247
-0.280210310649
0.306677613598
0.931698094048
-0.194647123958
0.218019495074
0.954537632429
-0.203286517123
0.127979479640
0.969156392085
-0.210611349341
0.036615797802
0.975358317739
-0.217567082457
0.146598296374
0.916531813344
-0.372126826000
0.183362085696
0.939390689936
-0.289695490455
0.090281957581
0.950539586924
-0.297192970687
0.050416616669
0.923882554963
-0.379340466334
0.814948498737
0.050118839987
0.577362144832
0.769436106551
0.109628955631
0.629245238379
0.718667552341
0.167011958457
0.674999225885
0.662010962609
0.223213424068
0.715483929031
0.599611256737
0.278062423106
0.750431628898
0.532053534407
0.331103385863
0.779287870042
0.801504157018
0.460234791754
0.381804953795
0.816710323561
0.385170531639
0.429683498573
0.824834944680
0.307762834924
0.474267173093
0.826095342636
0.228462627749
0.515142031480
0.821092814673
0.146326049833
0.551720288582
0.773315839935
0.205691687323
0.599727889523
0.719594487920
0.262338171515
0.642932699993
0.659988635220
0.317505221901
0.680885772686
0.594864231069
0.371083465183
0.713045306038
0.738775397185
0.524841521786
0.422791070770
0.757531196810
0.450733972316
0.472213269677
0.769183975644
0.373163876921
0.518753055483
0.774105717428
0.292044569077
0.561667435337
0.716469281353
0.350420849734
0.603222178761
0.653198256157
0.405884216366
0.639210482594
0.584533887450
0.459109864010
0.668983009644
0.691859933082
0.510981684318
0.510125034954
0.707559218165
0.432975219672
0.558473286685
0.640147109982
0.489026071290
0.592507535126
0.619951827917
0.567179985874
0.542186863255
0.862781319674
-0.075109111003
-0.499967014778
0.871748836390
-0.158229248568
-0.463699764018
0.873506474366
-0.238361602187
-0.424464587266
0.868281524520
-0.316809917893
-0.381731148980
0.856023034718
-0.393232326763
-0.335548657009
0.836805239538
-0.466746936298
-0.286189253012
0.996532099226
-0.050354989702
-0.066243114547
0.986097300323
-0.058290330776
-0.155609612919
0.967743521623
-0.066376676795
-0.243036238316
0.941744127285
-0.074309821220
-0.328018367160
0.907932011259
-0.081021918386
-0.411211516950
0.913797610052
-0.162094361642
-0.372423610675
0.912010386081
-0.241413189845
-0.331597236793
0.903099907926
-0.318968353092
-0.287523470400
0.887140122197
-0.394104751883
-0.240132980101
0.990752238180
-0.134842412316
-0.015083977663
0.984144523446
-0.142547419121
-0.105545204876
0.969168356586
-0.150402029603
-0.195171529901
0.945851748087
-0.157592376620
-0.283776520298
0.941252154050
-0.238068351076
-0.239515850648
0.928917500215
-0.315958135928
-0.193087374356
0.909179899668
-0.390824430289
-0.143694727563
0.972854590807
-0.224671880262
-0.055466128099
0.961492778348
-0.231831471772
-0.147600155424
0.945497824169
-0.310392476942
-0.098439701082
0.952686512288
-0.303930727046
-0.003810834706
-0.075109111003
0.499967014778
-0.862781319674
-0.158229248568
0.463699764018
-0.871748836390
-0.238361602187
0.424464587266
-0.873506474366
-0.316809917893
0.381731148980
-0.868281524520
-0.393232326763
0.335548657009
-0.856023034718
-0.466746936298
0.286189253012
-0.836805239538
-0.050354989702
0.066243114547
-0.996532099226
-0.058290330776
0.155609612919
-0.986097300323
-0.066376676795
0.243036238316
-0.967743521623
-0.074309821220
0.328018367160
-0.941744127285
-0.081021918386
0.411211516950
-0.907932011259
-0.162094361642
0.372423610675
-0.913797610052
-0.241413189845
0.331597236793
-0.912010386081
-0.318968353092
0.287523470400
-0.903099907926
-0.394104751883
0.240132980101
-0.887140122197
-0.134842412316
0.015083977663
-0.990752238180
-0.142547419121
0.105545204876
-0.984144523446
-0.150402029603
0.195171529901
-0.969168356586
-0.157592376620
0.283776520298
-0.945851748087
-0.238068351076
0.239515850648
-0.941252154050
-0.315958135928
0.193087374356
-0.928917500215
-0.390824430289
0.143694727563
-0.909179899668
-0.224671880262
0.055466128099
-0.972854590807
-0.231831471772
0.147600155424
-0.961492778348
-0.310392476942
0.098439701082
-0.945497824169
-0.303930727046
0.003810834706
-0.952686512288
0.455833050363
-0.890057609741
0.003698856523
0.373224936182
-0.927665355119
0.011837902002
0.289322051933
-0.957029154528
0.019696386692
0.202874713907
-0.978820880502
0.027414126837
0.114168358720
-0.992843583500
0.035031479692
0.024075462968
-0.998800470705
0.042637915087
0.300328868954
-0.851859146720
0.429113696615
0.335367762161
-0.875000654337
0.349145126004
0.366867453979
-0.891211621475
0.266739792605
0.394906215048
-0.900405163856
0.182536632537
0.420624070800
-0.902114733059
0.096251750436
0.337453703002
-0.935410201577
0.105511862444
0.252317953491
-0.961007677766
0.113136614858
0.164784136049
-0.978956988311
0.120371938354
0.075370422364
-0.988968982951
0.127513333391
0.204611464518
-0.873617809501
0.441504327850
0.241566700531
-0.900078615931
0.362634822291
0.275397459608
-0.919586005247
0.280210310649
0.306677613598
-0.931698094048
0.194647123958
0.218019495074
-0.954537632429
0.203286517123
0.127979479640
-0.969156392085
0.210611349341
0.036615797802
-0.975358317739
0.217567082457
0.146598296374
-0.916531813344
0.372126826000
0.183362085696
-0.939390689936
0.289695490455
0.090281957581
-0.950539586924
0.297192970687
0.050416616669
-0.923882554963
0.379340466334
-0.890057609741
0.003698856523
0.455833050363
-0.927665355119
0.011837902002
0.373224936182
-0.957029154528
0.019696386692
0.289322051933
-0.978820880502
0.027414126837
0.202874713907
-0.992843583500
0.035031479692
0.114168358720
-0.998800470705
0.042637915087
0.024075462968
-0.851859146720
0.429113696615
0.300328868954
-0.875000654337
0.349145126004
0.335367762161
-0.891211621475
0.266739792605
0.366867453979
-0.900405163856
0.182536632537
0.394906215048
-0.902114733059
0.096251750436
0.420624070800
-0.935410201577
0.105511862444
0.337453703002
-0.961007677766
0.113136614858
0.252317953491
-0.978956988311
0.120371938354
0.164784136049
-0.988968982951
0.127513333391
0.075370422364
-0.873617809501
0.441504327850
0.204611464518
-0.900078615931
0.362634822291
0.241566700531
-0.919586005247
0.280210310649
0.275397459608
-0.931698094048
0.194647123958
0.306677613598
-0.954537632429
0.203286517123
0.218019495074
-0.969156392085
0.210611349341
0.127979479640
-0.975358317739
0.217567082457
0.036615797802
-0.916531813344
0.372126826000
0.146598296374
-0.939390689936
0.289695490455
0.183362085696
-0.950539586924
0.297192970687
0.090281957581
-0.923882554963
0.379340466334
0.050416616669
0.044133964414
-0.581061001354
0.812662479687
0.090474827837
-0.641083140381
0.762119880759
0.135142535333
-0.694695612577
0.706494515909
0.178856435074
-0.742898055868
0.645068100452
0.221380298289
-0.785463108589
0.577960611612
0.262113790044
-0.821925785129
0.505701853674
-0.234085754407
-0.810918650410
0.536297307472
-0.179758149242
-0.778828624577
0.600926768684
-0.123831215663
-0.741006965698
0.659980686698
-0.066887847888
-0.697678664017
0.713281499536
-0.009412553850
-0.647972039018
0.761605961426
0.034969907673
-0.705239751967
0.708105922728
0.079279283302
-0.756069314852
0.649672214566
0.122739334352
-0.801257711041
0.585594686025
0.164762557737
-0.840558639430
0.516056657014
-0.189527486855
-0.864295398620
0.465910716394
-0.136021495655
-0.834848091968
0.533410551130
-0.080225929708
-0.798963366133
0.596004479665
-0.022901093299
-0.756314559295
0.653807179010
0.021496355574
-0.806508695884
0.590831304316
0.065107894716
-0.849821831935
0.523033283848
0.107078929761
-0.886550092101
0.450070035658
-0.091132168275
-0.882251860954
0.461872906488
-0.035761930272
-0.848168777140
0.528517558676
0.008157743500
-0.889700505813
0.456471752879
-0.046605781963
-0.921527329589
0.385506526414
-0.859082463152
0.077395130054
0.505951890351
-0.859910934388
0.165545474360
0.482853891813
-0.853810087674
0.250534638619
0.456334010390
-0.840867397683
0.333752780050
0.426088137975
-0.820991555026
0.414882971889
0.392230781826
-0.794167324451
0.493098617031
0.355178848831
-0.567418402611
0.315561839248
0.760563660707
-0.636952174319
0.274073885653
0.720538293801
-0.701003729018
0.231230934777
0.674630288903
-0.759207494748
0.187123664320
0.623368842797
-0.811680260823
0.140508771632
0.566950120632
-0.808285747608
0.227304278848
0.543145390325
-0.798873771223
0.311335463200
0.514656125006
-0.782727969571
0.393362302286
0.482289357949
-0.759626788805
0.472912325938
0.446453887547
-0.549247910330
0.407707093107
0.729452986304
-0.621509701155
0.366668064801
0.692300672847
-0.688958045936
0.323581525583
0.648561336530
-0.751204624129
0.277890915039
0.598722182674
-0.737965636927
0.363706328113
0.568440344808
-0.718306150874
0.446123108237
0.533863696007
-0.691612817211
0.525288282081
0.495725661812
-0.600727764807
0.454658906855
0.657579980692
-0.671797287893
0.410873131261
0.616337305368
-0.648304853482
0.494067834044
0.579308028871
-0.573346045954
0.538376028549
0.617596602543
-0.505951890351
-0.859082463152
-0.077395130054
-0.482853891813
-0.859910934388
-0.165545474360
-0.456334010390
-0.853810087674
-0.250534638619
-0.426088137975
-0.840867397683
-0.333752780050
-0.392230781826
-0.820991555026
-0.414882971889
-0.355178848831
-0.794167324451
-0.493098617031
-0.760563660707
-0.567418402611
-0.315561839248
-0.720538293801
-0.636952174319
-0.274073885653
-0.674630288903
-0.701003729018
-0.231230934777
-0.623368842797
-0.759207494748
-0.187123664320
-0.566950120632
-0.811680260823
-0.140508771632
-0.543145390325
-0.808285747608
-0.227304278848
-0.514656125006
-0.798873771223
-0.311335463200
-0.482289357949
-0.782727969571
-0.393362302286
-0.446453887547
-0.759626788805
-0.472912325938
-0.729452986304
-0.549247910330
-0.407707093107
-0.692300672847
-0.621509701155
-0.366668064801
-0.648561336530
-0.688958045936
-0.323581525583
-0.598722182674
-0.751204624129
-0.277890915039
-0.568440344808
-0.737965636927
-0.363706328113
-0.533863696007
-0.718306150874
-0.446123108237
-0.495725661812
-0.691612817211
-0.525288282081
-0.657579980692
-0.600727764807
-0.454658906855
-0.616337305368
-0.671797287893
-0.410873131261
-0.579308028871
-0.648304853482
-0.494067834044
-0.617596602543
-0.573346045954
-0.538376028549
0.077395130054
-0.505951890351
0.859082463152
0.165545474360
-0.482853891813
0.859910934388
0.250534638619
-0.456334010390
0.853810087674
0.333752780050
-0.426088137975
0.840867397683
0.414882971889
-0.392230781826
0.820991555026
0.493098617031
-0.355178848831
0.794167324451
0.315561839248
-0.760563660707
0.567418402611
0.274073885653
-0.720538293801
0.636952174319
0.231230934777
-0.674630288903
0.701003729018
0.187123664320
-0.623368842797
0.759207494748
0.140508771632
-0.566950120632
0.811680260823
0.227304278848
-0.543145390325
0.808285747608
0.311335463200
-0.514656125006
0.798873771223
0.393362302286
-0.482289357949
0.782727969571
0.472912325938
-0.446453887547
0.759626788805
0.407707093107
-0.729452986304
0.549247910330
0.366668064801
-0.692300672847
0.621509701155
0.323581525583
-0.648561336530
0.688958045936
0.277890915039
-0.598722182674
0.751204624129
0.363706328113
-0.568440344808
0.737965636927
0.446123108237
-0.533863696007
0.718306150874
0.525288282081
-0.495725661812
0.691612817211
0.454658906855
-0.657579980692
0.600727764807
0.410873131261
-0.616337305368
0.671797287893
0.494067834044
-0.579308028871
0.648304853482
0.538376028549
-0.617596602543
0.573346045954
-0.812662479687
0.044133964414
0.581061001354
-0.762119880759
0.090474827837
0.641083140381
-0.706494515909
0.135142535333
0.694695612577
-0.645068100452
0.178856435074
0.742898055868
-0.577960611612
0.221380298289
0.785463108589
-0.505701853674
0.262113790044
0.821925785129
-0.536297307472
-0.234085754407
0.810918650410
-0.600926768684
-0.179758149242
0.778828624577
-0.659980686698
-0.123831215663
0.741006965698
-0.713281499536
-0.066887847888
0.697678664017
-0.761605961426
-0.009412553850
0.647972039018
-0.708105922728
0.034969907673
0.705239751967
-0.649672214566
0.079279283302
0.756069314852
-0.585594686025
0.122739334352
0.801257711041
-0.516056657014
0.164762557737
0.840558639430
-0.465910716394
-0.189527486855
0.864295398620
-0.533410551130
-0.136021495655
0.834848091968
-0.596004479665
-0.080225929708
0.798963366133
-0.653807179010
-0.022901093299
0.756314559295
-0.590831304316
0.021496355574
0.806508695884
-0.523033283848
0.065107894716
0.849821831935
-0.450070035658
0.107078929761
0.886550092101
-0.461872906488
-0.091132168275
0.882251860954
-0.528517558676
-0.035761930272
0.848168777140
-0.456471752879
0.008157743500
0.889700505813
-0.385506526414
-0.046605781963
0.921527329589
0.499967014778
-0.862781319674
-0.075109111003
0.463699764018
-0.871748836390
-0.158229248568
0.424464587266
-0.873506474366
-0.238361602187
0.381731148980
-0.868281524520
-0.316809917893
0.335548657009
-0.856023034718
-0.393232326763
0.286189253012
-0.836805239538
-0.466746936298
0.066243114547
-0.996532099226
-0.050354989702
0.155609612919
-0.986097300323
-0.058290330776
0.243036238316
-0.967743521623
-0.066376676795
0.328018367160
-0.941744127285
-0.074309821220
0.411211516950
-0.907932011259
-0.081021918386
0.372423610675
-0.913797610052
-0.162094361642
0.331597236793
-0.912010386081
-0.241413189845
0.287523470400
-0.903099907926
-0.318968353092
0.240132980101
-0.887140122197
-0.394104751883
0.015083977663
-0.990752238180
-0.134842412316
0.105545204876
-0.984144523446
-0.142547419121
0.195171529901
-0.969168356586
-0.150402029603
0.283776520298
-0.945851748087
-0.157592376620
0.239515850648
-0.941252154050
-0.238068351076
0.193087374356
-0.928917500215
-0.315958135928
0.143694727563
-0.909179899668
-0.390824430289
0.055466128099
-0.972854590807
-0.224671880262
0.147600155424
-0.961492778348
-0.231831471772
0.098439701082
-0.945497824169
-0.310392476942
0.003810834706
-0.952686512288
-0.303930727046
0.862781319674
0.075109111003
0.499967014778
0.871748836390
0.158229248568
0.463699764018
0.873506474366
0.238361602187
0.424464587266
0.868281524520
0.316809917893
0.381731148980
0.856023034718
0.393232326763
0.335548657009
0.836805239538
0.466746936298
0.286189253012
0.996532099226
0.050354989702
0.066243114547
0.986097300323
0.058290330776
0.155609612919
0.967743521623
0.066376676795
0.243036238316
0.941744127285
0.074309821220
0.328018367160
0.907932011259
0.081021918386
0.411211516950
0.913797610052
0.162094361642
0.372423610675
0.912010386081
0.241413189845
0.331597236793
0.903099907926
0.318968353092
0.287523470400
0.887140122197
0.394104751883
0.240132980101
0.990752238180
0.134842412316
0.015083977663
0.984144523446
0.142547419121
0.105545204876
0.969168356586
0.150402029603
0.195171529901
0.945851748087
0.157592376620
0.283776520298
0.941252154050
0.238068351076
0.239515850648
0.928917500215
0.315958135928
0.193087374356
0.909179899668
0.390824430289
0.143694727563
0.972854590807
0.224671880262
0.055466128099
0.961492778348
0.231831471772
0.147600155424
0.945497824169
0.310392476942
0.098439701082
0.952686512288
0.303930727046
0.003810834706
0.003698856523
-0.455833050363
0.890057609741
0.011837902002
-0.373224936182
0.927665355119
0.019696386692
-0.289322051933
0.957029154528
0.027414126837
-0.202874713907
0.978820880502
0.035031479692
-0.114168358720
0.992843583500
0.042637915087
-0.024075462968
0.998800470705
0.429113696615
-0.300328868954
0.851859146720
0.349145126004
-0.335367762161
0.875000654337
0.266739792605
-0.366867453979
0.891211621475
0.182536632537
-0.394906215048
0.900405163856
0.096251750436
-0.420624070800
0.902114733059
0.105511862444
-0.337453703002
0.935410201577
0.113136614858
-0.252317953491
0.961007677766
0.120371938354
-0.164784136049
0.978956988311
0.127513333391
-0.075370422364
0.988968982951
0.441504327850
-0.204611464518
0.873617809501
0.362634822291
-0.241566700531
0.900078615931
0.280210310649
-0.275397459608
0.919586005247
0.194647123958
-0.306677613598
0.931698094048
0.203286517123
-0.218019495074
0.954537632429
0.210611349341
-0.127979479640
0.969156392085
0.217567082457
-0.036615797802
0.975358317739
0.372126826000
-0.146598296374
0.916531813344
0.289695490455
-0.183362085696
0.939390689936
0.297192970687
-0.090281957581
0.950539586924
0.379340466334
-0.050416616669
0.923882554963
0.812662479687
0.044133964414
-0.581061001354
0.762119880759
0.090474827837
-0.641083140381
0.706494515909
0.135142535333
-0.694695612577
0.645068100452
0.178856435074
-0.742898055868
0.577960611612
0.221380298289
-0.785463108589
0.505701853674
0.262113790044
-0.821925785129
0.536297307472
-0.234085754407
-0.810918650410
0.600926768684
-0.179758149242
-0.778828624577
0.659980686698
-0.123831215663
-0.741006965698
0.713281499536
-0.066887847888
-0.697678664017
0.761605961426
-0.009412553850
-0.647972039018
0.708105922728
0.034969907673
-0.705239751967
0.649672214566
0.079279283302
-0.756069314852
0.585594686025
0.122739334352
-0.801257711041
0.516056657014
0.164762557737
-0.840558639430
0.465910716394
-0.189527486855
-0.864295398620
0.533410551130
-0.136021495655
-0.834848091968
0.596004479665
-0.080225929708
-0.798963366133
0.653807179010
-0.022901093299
-0.756314559295
0.590831304316
0.021496355574
-0.806508695884
0.523033283848
0.065107894716
-0.849821831935
0.450070035658
0.107078929761
-0.886550092101
0.461872906488
-0.091132168275
-0.882251860954
0.528517558676
-0.035761930272
-0.848168777140
0.456471752879
0.008157743500
-0.889700505813
0.385506526414
-0.046605781963
-0.921527329589
-0.581061001354
-0.812662479687
-0.044133964414
-0.641083140381
-0.762119880759
-0.090474827837
-0.694695612577
-0.706494515909
-0.135142535333
-0.742898055868
-0.645068100452
-0.178856435074
-0.785463108589
-0.577960611612
-0.221380298289
-0.821925785129
-0.505701853674
-0.262113790044
-0.810918650410
-0.536297307472
0.234085754407
-0.778828624577
-0.600926768684
0.179758149242
-0.741006965698
-0.659980686698
0.123831215663
-0.697678664017
-0.713281499536
0.066887847888
-0.647972039018
-0.761605961426
0.009412553850
-0.705239751967
-0.708105922728
-0.034969907673
-0.756069314852
-0.649672214566
-0.079279283302
-0.801257711041
-0.585594686025
-0.122739334352
-0.840558639430
-0.516056657014
-0.164762557737
-0.864295398620
-0.465910716394
0.189527486855
-0.834848091968
-0.533410551130
0.136021495655
-0.798963366133
-0.596004479665
0.080225929708
-0.756314559295
-0.653807179010
0.022901093299
-0.806508695884
-0.590831304316
-0.021496355574
-0.849821831935
-0.523033283848
-0.065107894716
-0.886550092101
-0.450070035658
-0.107078929761
-0.882251860954
-0.461872906488
0.091132168275
-0.848168777140
-0.528517558676
0.035761930272
-0.889700505813
-0.456471752879
-0.008157743500
-0.921527329589
-0.385506526414
0.046605781963
0.505951890351
-0.859082463152
0.077395130054
0.482853891813
-0.859910934388
0.165545474360
0.456334010390
-0.853810087674
0.250534638619
0.426088137975
-0.840867397683
0.333752780050
0.392230781826
-0.820991555026
0.414882971889
0.355178848831
-0.794167324451
0.493098617031
0.760563660707
-0.567418402611
0.315561839248
0.720538293801
-0.636952174319
0.274073885653
0.674630288903
-0.701003729018
0.231230934777
0.623368842797
-0.759207494748
0.187123664320
0.566950120632
-0.811680260823
0.140508771632
0.543145390325
-0.808285747608
0.227304278848
0.514656125006
-0.798873771223
0.311335463200
0.482289357949
-0.782727969571
0.393362302286
0.446453887547
-0.759626788805
0.472912325938
0.729452986304
-0.549247910330
0.407707093107
0.692300672847
-0.621509701155
0.366668064801
0.648561336530
-0.688958045936
0.323581525583
0.598722182674
-0.751204624129
0.277890915039
0.568440344808
-0.737965636927
0.363706328113
0.533863696007
-0.718306150874
0.446123108237
0.495725661812
-0.691612817211
0.525288282081
0.657579980692
-0.600727764807
0.454658906855
0.616337305368
-0.671797287893
0.410873131261
0.579308028871
-0.648304853482
0.494067834044
0.617596602543
-0.573346045954
0.538376028549
-0.077395130054
-0.505951890351
-0.859082463152
-0.165545474360
-0.482853891813
-0.859910934388
-0.250534638619
-0.456334010390
-0.853810087674
-0.333752780050
-0.426088137975
-0.840867397683
-0.414882971889
-0.392230781826
-0.820991555026
-0.493098617031
-0.355178848831
-0.794167324451
-0.315561839248
-0.760563660707
-0.567418402611
-0.274073885653
-0.720538293801
-0.636952174319
-0.231230934777
-0.674630288903
-0.701003729018
-0.187123664320
-0.623368842797
-0.759207494748
-0.140508771632
-0.566950120632
-0.811680260823
-0.227304278848
-0.543145390325
-0.808285747608
-0.311335463200
-0.514656125006
-0.798873771223
-0.393362302286
-0.482289357949
-0.782727969571
-0.472912325938
-0.446453887547
-0.759626788805
-0.407707093107
-0.729452986304
-0.549247910330
-0.366668064801
-0.692300672847
-0.621509701155
-0.323581525583
-0.648561336530
-0.688958045936
-0.277890915039
-0.598722182674
-0.751204624129
-0.363706328113
-0.568440344808
-0.737965636927
-0.446123108237
-0.533863696007
-0.718306150874
-0.525288282081
-0.495725661812
-0.691612817211
-0.454658906855
-0.657579980692
-0.600727764807
-0.410873131261
-0.616337305368
-0.671797287893
-0.494067834044
-0.579308028871
-0.648304853482
-0.538376028549
-0.617596602543
-0.573346045954
0.077395130054
0.505951890351
-0.859082463152
0.165545474360
0.482853891813
-0.859910934388
0.250534638619
0.456334010390
-0.853810087674
0.333752780050
0.426088137975
-0.840867397683
0.414882971889
0.392230781826
-0.820991555026
0.493098617031
0.355178848831
-0.794167324451
0.315561839248
0.760563660707
-0.567418402611
0.274073885653
0.720538293801
-0.636952174319
0.231230934777
0.674630288903
-0.701003729018
0.187123664320
0.623368842797
-0.759207494748
0.140508771632
0.566950120632
-0.811680260823
0.227304278848
0.543145390325
-0.808285747608
0.311335463200
0.514656125006
-0.798873771223
0.393362302286
0.482289357949
-0.782727969571
0.472912325938
0.446453887547
-0.759626788805
0.407707093107
0.729452986304
-0.549247910330
0.366668064801
0.692300672847
-0.621509701155
0.323581525583
0.648561336530
-0.688958045936
0.277890915039
0.598722182674
-0.751204624129
0.363706328113
0.568440344808
-0.737965636927
0.446123108237
0.533863696007
-0.718306150874
0.525288282081
0.495725661812
-0.691612817211
0.454658906855
0.657579980692
-0.600727764807
0.410873131261
0.616337305368
-0.671797287893
0.494067834044
0.579308028871
-0.648304853482
0.538376028549
0.617596602543
-0.573346045954
-0.859082463152
-0.077395130054
-0.505951890351
-0.859910934388
-0.165545474360
-0.482853891813
-0.853810087674
-0.250534638619
-0.456334010390
-0.840867397683
-0.333752780050
-0.426088137975
-0.820991555026
-0.414882971889
-0.392230781826
-0.794167324451
-0.493098617031
-0.355178848831
-0.567418402611
-0.315561839248
-0.760563660707
-0.636952174319
-0.274073885653
-0.720538293801
-0.701003729018
-0.231230934777
-0.674630288903
-0.759207494748
-0.187123664320
-0.623368842797
-0.811680260823
-0.140508771632
-0.566950120632
-0.808285747608
-0.227304278848
-0.543145390325
-0.798873771223
-0.311335463200
-0.514656125006
-0.782727969571
-0.393362302286
-0.482289357949
-0.759626788805
-0.472912325938
-0.446453887547
-0.549247910330
-0.407707093107
-0.729452986304
-0.621509701155
-0.366668064801
-0.692300672847
-0.688958045936
-0.323581525583
-0.648561336530
-0.751204624129
-0.277890915039
-0.598722182674
-0.737965636927
-0.363706328113
-0.568440344808
-0.718306150874
-0.446123108237
-0.533863696007
-0.691612817211
-0.525288282081
-0.495725661812
-0.600727764807
-0.454658906855
-0.657579980692
-0.671797287893
-0.410873131261
-0.616337305368
-0.648304853482
-0.494067834044
-0.579308028871
-0.573346045954
-0.538376028549
-0.617596602543
-0.581061001354
0.812662479687
0.044133964414
-0.641083140381
0.762119880759
0.090474827837
-0.694695612577
0.706494515909
0.135142535333
-0.742898055868
0.645068100452
0.178856435074
-0.785463108589
0.577960611612
0.221380298289
-0.821925785129
0.505701853674
0.262113790044
-0.810918650410
0.536297307472
-0.234085754407
-0.778828624577
0.600926768684
-0.179758149242
-0.741006965698
0.659980686698
-0.123831215663
-0.697678664017
0.713281499536
-0.066887847888
-0.647972039018
0.761605961426
-0.009412553850
-0.705239751967
0.708105922728
0.034969907673
-0.756069314852
0.649672214566
0.079279283302
-0.801257711041
0.585594686025
0.122739334352
-0.840558639430
0.516056657014
0.164762557737
-0.864295398620
0.465910716394
-0.189527486855
-0.834848091968
0.533410551130
-0.136021495655
-0.798963366133
0.596004479665
-0.080225929708
-0.756314559295
0.653807179010
-0.022901093299
-0.806508695884
0.590831304316
0.021496355574
-0.849821831935
0.523033283848
0.065107894716
-0.886550092101
0.450070035658
0.107078929761
-0.882251860954
0.461872906488
-0.091132168275
-0.848168777140
0.528517558676
-0.035761930272
-0.889700505813
0.456471752879
0.008157743500
-0.921527329589
0.385506526414
-0.046605781963
0.044133964414
0.581061001354
-0.812662479687
0.090474827837
0.641083140381
-0.762119880759
0.135142535333
0.694695612577
-0.706494515909
0.178856435074
0.742898055868
-0.645068100452
0.221380298289
0.785463108589
-0.577960611612
0.262113790044
0.821925785129
-0.505701853674
-0.234085754407
0.810918650410
-0.536297307472
-0.179758149242
0.778828624577
-0.600926768684
-0.123831215663
0.741006965698
-0.659980686698
-0.066887847888
0.697678664017
-0.713281499536
-0.009412553850
0.647972039018
-0.761605961426
0.034969907673
0.705239751967
-0.708105922728
0.079279283302
0.756069314852
-0.649672214566
0.122739334352
0.801257711041
-0.585594686025
0.164762557737
0.840558639430
-0.516056657014
-0.189527486855
0.864295398620
-0.465910716394
-0.136021495655
0.834848091968
-0.533410551130
-0.080225929708
0.798963366133
-0.596004479665
-0.022901093299
0.756314559295
-0.653807179010
0.021496355574
0.806508695884
-0.590831304316
0.065107894716
0.849821831935
-0.523033283848
0.107078929761
0.886550092101
-0.450070035658
-0.091132168275
0.882251860954
-0.461872906488
-0.035761930272
0.848168777140
-0.528517558676
0.008157743500
0.889700505813
-0.456471752879
-0.046605781963
0.921527329589
-0.385506526414
0.050118839987
-0.577362144832
-0.814948498737
0.109628955631
-0.629245238379
-0.769436106551
0.167011958457
-0.674999225885
-0.718667552341
0.223213424068
-0.715483929031
-0.662010962609
0.278062423106
-0.750431628898
-0.599611256737
0.331103385863
-0.779287870042
-0.532053534407
0.460234791754
-0.381804953795
-0.801504157018
0.385170531639
-0.429683498573
-0.816710323561
0.307762834924
-0.474267173093
-0.824834944680
0.228462627749
-0.515142031480
-0.826095342636
0.146326049833
-0.551720288582
-0.821092814673
0.205691687323
-0.599727889523
-0.773315839935
0.262338171515
-0.642932699993
-0.719594487920
0.317505221901
-0.680885772686
-0.659988635220
0.371083465183
-0.713045306038
-0.594864231069
0.524841521786
-0.422791070770
-0.738775397185
0.450733972316
-0.472213269677
-0.757531196810
0.373163876921
-0.518753055483
-0.769183975644
0.292044569077
-0.561667435337
-0.774105717428
0.350420849734
-0.603222178761
-0.716469281353
0.405884216366
-0.639210482594
-0.653198256157
0.459109864010
-0.668983009644
-0.584533887450
0.510981684318
-0.510125034954
-0.691859933082
0.432975219672
-0.558473286685
-0.707559218165
0.489026071290
-0.592507535126
-0.640147109982
0.567179985874
-0.542186863255
-0.619951827917
-0.890057609741
-0.003698856523
-0.455833050363
-0.927665355119
-0.011837902002
-0.373224936182
-0.957029154528
-0.019696386692
-0.289322051933
-0.978820880502
-0.027414126837
-0.202874713907
-0.992843583500
-0.035031479692
-0.114168358720
-0.998800470705
-0.042637915087
-0.024075462968
-0.851859146720
-0.429113696615
-0.300328868954
-0.875000654337
-0.349145126004
-0.335367762161
-0.891211621475
-0.266739792605
-0.366867453979
-0.900405163856
-0.182536632537
-0.394906215048
-0.902114733059
-0.096251750436
-0.420624070800
-0.935410201577
-0.105511862444
-0.337453703002
-0.961007677766
-0.113136614858
-0.252317953491
-0.978956988311
-0.120371938354
-0.164784136049
-0.988968982951
-0.127513333391
-0.075370422364
-0.873617809501
-0.441504327850
-0.204611464518
-0.900078615931
-0.362634822291
-0.241566700531
-0.919586005247
-0.280210310649
-0.275397459608
-0.931698094048
-0.194647123958
-0.306677613598
-0.954537632429
-0.203286517123
-0.218019495074
-0.969156392085
-0.210611349341
-0.127979479640
-0.975358317739
-0.217567082457
-0.036615797802
-0.916531813344
-0.372126826000
-0.146598296374
-0.939390689936
-0.289695490455
-0.183362085696
-0.950539586924
-0.297192970687
-0.090281957581
-0.923882554963
-0.379340466334
-0.050416616669
-0.050118839987
0.577362144832
-0.814948498737
-0.109628955631
0.629245238379
-0.769436106551
-0.167011958457
0.674999225885
-0.718667552341
-0.223213424068
0.715483929031
-0.662010962609
-0.278062423106
0.750431628898
-0.599611256737
-0.331103385863
0.779287870042
-0.532053534407
-0.460234791754
0.381804953795
-0.801504157018
-0.385170531639
0.429683498573
-0.816710323561
-0.307762834924
0.474267173093
-0.824834944680
-0.228462627749
0.515142031480
-0.826095342636
-0.146326049833
0.551720288582
-0.821092814673
-0.205691687323
0.599727889523
-0.773315839935
-0.262338171515
0.642932699993
-0.719594487920
-0.317505221901
0.680885772686
-0.659988635220
-0.371083465183
0.713045306038
-0.594864231069
-0.524841521786
0.422791070770
-0.738775397185
-0.450733972316
0.472213269677
-0.757531196810
-0.373163876921
0.518753055483
-0.769183975644
-0.292044569077
0.561667435337
-0.774105717428
-0.350420849734
0.603222178761
-0.716469281353
-0.405884216366
0.639210482594
-0.653198256157
-0.459109864010
0.668983009644
-0.584533887450
-0.510981684318
0.510125034954
-0.691859933082
-0.432975219672
0.558473286685
-0.707559218165
-0.489026071290
0.592507535126
-0.640147109982
-0.567179985874
0.542186863255
-0.619951827917
0.890057609741
0.003698856523
-0.455833050363
0.927665355119
0.011837902002
-0.373224936182
0.957029154528
0.019696386692
-0.289322051933
0.978820880502
0.027414126837
-0.202874713907
0.992843583500
0.035031479692
-0.114168358720
0.998800470705
0.042637915087
-0.024075462968
0.851859146720
0.429113696615
-0.300328868954
0.875000654337
0.349145126004
-0.335367762161
0.891211621475
0.266739792605
-0.366867453979
0.900405163856
0.182536632537
-0.394906215048
0.902114733059
0.096251750436
-0.420624070800
0.935410201577
0.105511862444
-0.337453703002
0.961007677766
0.113136614858
-0.252317953491
0.978956988311
0.120371938354
-0.164784136049
0.988968982951
0.127513333391
-0.075370422364
0.873617809501
0.441504327850
-0.204611464518
0.900078615931
0.362634822291
-0.241566700531
0.919586005247
0.280210310649
-0.275397459608
0.931698094048
0.194647123958
-0.306677613598
0.954537632429
0.203286517123
-0.218019495074
0.969156392085
0.210611349341
-0.127979479640
0.975358317739
0.217567082457
-0.036615797802
0.916531813344
0.372126826000
-0.146598296374
0.939390689936
0.289695490455
-0.183362085696
0.950539586924
0.297192970687
-0.090281957581
0.923882554963
0.379340466334
-0.050416616669
-0.044133964414
-0.581061001354
-0.812662479687
-0.090474827837
-0.641083140381
-0.762119880759
-0.135142535333
-0.694695612577
-0.706494515909
-0.178856435074
-0.742898055868
-0.645068100452
-0.221380298289
-0.785463108589
-0.577960611612
-0.262113790044
-0.821925785129
-0.505701853674
0.234085754407
-0.810918650410
-0.536297307472
0.179758149242
-0.778828624577
-0.600926768684
0.123831215663
-0.741006965698
-0.659980686698
0.066887847888
-0.697678664017
-0.713281499536
0.009412553850
-0.647972039018
-0.761605961426
-0.034969907673
-0.705239751967
-0.708105922728
-0.079279283302
-0.756069314852
-0.649672214566
-0.122739334352
-0.801257711041
-0.585594686025
-0.164762557737
-0.840558639430
-0.516056657014
0.189527486855
-0.864295398620
-0.465910716394
0.136021495655
-0.834848091968
-0.533410551130
0.080225929708
-0.798963366133
-0.596004479665
0.022901093299
-0.756314559295
-0.653807179010
-0.021496355574
-0.806508695884
-0.590831304316
-0.065107894716
-0.849821831935
-0.523033283848
-0.107078929761
-0.886550092101
-0.450070035658
0.091132168275
-0.882251860954
-0.461872906488
0.035761930272
-0.848168777140
-0.528517558676
-0.008157743500
-0.889700505813
-0.456471752879
0.046605781963
-0.921527329589
-0.385506526414
0.859082463152
0.077395130054
-0.505951890351
0.859910934388
0.165545474360
-0.482853891813
0.853810087674
0.250534638619
-0.456334010390
0.840867397683
0.333752780050
-0.426088137975
0.820991555026
0.414882971889
-0.392230781826
0.794167324451
0.493098617031
-0.355178848831
0.567418402611
0.315561839248
-0.760563660707
0.636952174319
0.274073885653
-0.720538293801
0.701003729018
0.231230934777
-0.674630288903
0.759207494748
0.187123664320
-0.623368842797
0.811680260823
0.140508771632
-0.566950120632
0.808285747608
0.227304278848
-0.543145390325
0.798873771223
0.311335463200
-0.514656125006
0.782727969571
0.393362302286
-0.482289357949
0.759626788805
0.472912325938
-0.446453887547
0.549247910330
0.407707093107
-0.729452986304
0.621509701155
0.366668064801
-0.692300672847
0.688958045936
0.323581525583
-0.648561336530
0.751204624129
0.277890915039
-0.598722182674
0.737965636927
0.363706328113
-0.568440344808
0.718306150874
0.446123108237
-0.533863696007
0.691612817211
0.525288282081
-0.495725661812
0.600727764807
0.454658906855
-0.657579980692
0.671797287893
0.410873131261
-0.616337305368
0.648304853482
0.494067834044
-0.579308028871
0.573346045954
0.538376028549
-0.617596602543
-0.862781319674
0.075109111003
-0.499967014778
-0.871748836390
0.158229248568
-0.463699764018
-0.873506474366
0.238361602187
-0.424464587266
-0.868281524520
0.316809917893
-0.381731148980
-0.856023034718
0.393232326763
-0.335548657009
-0.836805239538
0.466746936298
-0.286189253012
-0.996532099226
0.050354989702
-0.066243114547
-0.986097300323
0.058290330776
-0.155609612919
-0.967743521623
0.066376676795
-0.243036238316
-0.941744127285
0.074309821220
-0.328018367160
-0.907932011259
0.081021918386
-0.411211516950
-0.913797610052
0.162094361642
-0.372423610675
-0.912010386081
0.241413189845
-0.331597236793
-0.903099907926
0.318968353092
-0.287523470400
-0.887140122197
0.394104751883
-0.240132980101
-0.990752238180
0.134842412316
-0.015083977663
-0.984144523446
0.142547419121
-0.105545204876
-0.969168356586
0.150402029603
-0.195171529901
-0.945851748087
0.157592376620
-0.283776520298
-0.941252154050
0.238068351076
-0.239515850648
-0.928917500215
0.315958135928
-0.193087374356
-0.909179899668
0.390824430289
-0.143694727563
-0.972854590807
0.224671880262
-0.055466128099
-0.961492778348
0.231831471772
-0.147600155424
-0.945497824169
0.310392476942
-0.098439701082
-0.952686512288
0.303930727046
-0.003810834706
0.075109111003
-0.499967014778
-0.862781319674
0.158229248568
-0.463699764018
-0.871748836390
0.238361602187
-0.424464587266
-0.873506474366
0.316809917893
-0.381731148980
-0.868281524520
0.393232326763
-0.335548657009
-0.856023034718
0.466746936298
-0.286189253012
-0.836805239538
0.050354989702
-0.066243114547
-0.996532099226
0.058290330776
-0.155609612919
-0.986097300323
0.066376676795
-0.243036238316
-0.967743521623
0.074309821220
-0.328018367160
-0.941744127285
0.081021918386
-0.411211516950
-0.907932011259
0.162094361642
-0.372423610675
-0.913797610052
0.241413189845
-0.331597236793
-0.912010386081
0.318968353092
-0.287523470400
-0.903099907926
0.394104751883
-0.240132980101
-0.887140122197
0.134842412316
-0.015083977663
-0.990752238180
0.142547419121
-0.105545204876
-0.984144523446
0.150402029603
-0.195171529901
-0.969168356586
0.157592376620
-0.283776520298
-0.945851748087
0.238068351076
-0.239515850648
-0.941252154050
0.315958135928
-0.193087374356
-0.928917500215
0.390824430289
-0.143694727563
-0.909179899668
0.224671880262
-0.055466128099
-0.972854590807
0.231831471772
-0.147600155424
-0.961492778348
0.310392476942
-0.098439701082
-0.945497824169
0.303930727046
-0.003810834706
-0.952686512288
0.577362144832
-0.814948498737
-0.050118839987
0.629245238379
-0.769436106551
-0.109628955631
0.674999225885
-0.718667552341
-0.167011958457
0.715483929031
-0.662010962609
-0.223213424068
0.750431628898
-0.599611256737
-0.278062423106
0.779287870042
-0.532053534407
-0.331103385863
0.381804953795
-0.801504157018
-0.460234791754
0.429683498573
-0.816710323561
-0.385170531639
0.474267173093
-0.824834944680
-0.307762834924
0.515142031480
-0.826095342636
-0.228462627749
0.551720288582
-0.821092814673
-0.146326049833
0.599727889523
-0.773315839935
-0.205691687323
0.642932699993
-0.719594487920
-0.262338171515
0.680885772686
-0.659988635220
-0.317505221901
0.713045306038
-0.594864231069
-0.371083465183
0.422791070770
-0.738775397185
-0.524841521786
0.472213269677
-0.757531196810
-0.450733972316
0.518753055483
-0.769183975644
-0.373163876921
0.561667435337
-0.774105717428
-0.292044569077
0.603222178761
-0.716469281353
-0.350420849734
0.639210482594
-0.653198256157
-0.405884216366
0.668983009644
-0.584533887450
-0.459109864010
0.510125034954
-0.691859933082
-0.510981684318
0.558473286685
-0.707559218165
-0.432975219672
0.592507535126
-0.640147109982
-0.489026071290
0.542186863255
-0.619951827917
-0.567179985874
-0.577362144832
-0.814948498737
0.050118839987
-0.629245238379
-0.769436106551
0.109628955631
-0.674999225885
-0.718667552341
0.167011958457
-0.715483929031
-0.662010962609
0.223213424068
-0.750431628898
-0.599611256737
0.278062423106
-0.779287870042
-0.532053534407
0.331103385863
-0.381804953795
-0.801504157018
0.460234791754
-0.429683498573
-0.816710323561
0.385170531639
-0.474267173093
-0.824834944680
0.307762834924
-0.515142031480
-0.826095342636
0.228462627749
-0.551720288582
-0.821092814673
0.146326049833
-0.599727889523
-0.773315839935
0.205691687323
-0.642932699993
-0.719594487920
0.262338171515
-0.680885772686
-0.659988635220
0.317505221901
-0.713045306038
-0.594864231069
0.371083465183
-0.422791070770
-0.738775397185
0.524841521786
-0.472213269677
-0.757531196810
0.450733972316
-0.518753055483
-0.769183975644
0.373163876921
-0.561667435337
-0.774105717428
0.292044569077
-0.603222178761
-0.716469281353
0.350420849734
-0.639210482594
-0.653198256157
0.405884216366
-0.668983009644
-0.584533887450
0.459109864010
-0.510125034954
-0.691859933082
0.510981684318
-0.558473286685
-0.707559218165
0.432975219672
-0.592507535126
-0.640147109982
0.489026071290
-0.542186863255
-0.619951827917
0.567179985874
-0.499967014778
-0.862781319674
0.075109111003
-0.463699764018
-0.871748836390
0.158229248568
-0.424464587266
-0.873506474366
0.238361602187
-0.381731148980
-0.868281524520
0.316809917893
-0.335548657009
-0.856023034718
0.393232326763
-0.286189253012
-0.836805239538
0.466746936298
-0.066243114547
-0.996532099226
0.050354989702
-0.155609612919
-0.986097300323
0.058290330776
-0.243036238316
-0.967743521623
0.066376676795
-0.328018367160
-0.941744127285
0.074309821220
-0.411211516950
-0.907932011259
0.081021918386
-0.372423610675
-0.913797610052
0.162094361642
-0.331597236793
-0.912010386081
0.241413189845
-0.287523470400
-0.903099907926
0.318968353092
-0.240132980101
-0.887140122197
0.394104751883
-0.015083977663
-0.990752238180
0.134842412316
-0.105545204876
-0.984144523446
0.142547419121
-0.195171529901
-0.969168356586
0.150402029603
-0.283776520298
-0.945851748087
0.157592376620
-0.239515850648
-0.941252154050
0.238068351076
-0.193087374356
-0.928917500215
0.315958135928
-0.143694727563
-0.909179899668
0.390824430289
-0.055466128099
-0.972854590807
0.224671880262
-0.147600155424
-0.961492778348
0.231831471772
-0.098439701082
-0.945497824169
0.310392476942
-0.003810834706
-0.952686512288
0.303930727046
0.499967014778
0.862781319674
0.075109111003
0.463699764018
0.871748836390
0.158229248568
0.424464587266
0.873506474366
0.238361602187
0.381731148980
0.868281524520
0.316809917893
0.335548657009
0.856023034718
0.393232326763
0.286189253012
0.836805239538
0.466746936298
0.066243114547
0.996532099226
0.050354989702
0.155609612919
0.986097300323
0.058290330776
0.243036238316
0.967743521623
0.066376676795
0.328018367160
0.941744127285
0.074309821220
0.411211516950
0.907932011259
0.081021918386
0.372423610675
0.913797610052
0.162094361642
0.331597236793
0.912010386081
0.241413189845
0.287523470400
0.903099907926
0.318968353092
0.240132980101
0.887140122197
0.394104751883
0.015083977663
0.990752238180
0.134842412316
0.105545204876
0.984144523446
0.142547419121
0.195171529901
0.969168356586
0.150402029603
0.283776520298
0.945851748087
0.157592376620
0.239515850648
0.941252154050
0.238068351076
0.193087374356
0.928917500215
0.315958135928
0.143694727563
0.909179899668
0.390824430289
0.055466128099
0.972854590807
0.224671880262
0.147600155424
0.961492778348
0.231831471772
0.098439701082
0.945497824169
0.310392476942
0.003810834706
0.952686512288
0.303930727046
-0.003698856523
-0.455833050363
-0.890057609741
-0.011837902002
-0.373224936182
-0.927665355119
-0.019696386692
-0.289322051933
-0.957029154528
-0.027414126837
-0.202874713907
-0.978820880502
-0.035031479692
-0.114168358720
-0.992843583500
-0.042637915087
-0.024075462968
-0.998800470705
-0.429113696615
-0.300328868954
-0.851859146720
-0.349145126004
-0.335367762161
-0.875000654337
-0.266739792605
-0.366867453979
-0.891211621475
-0.182536632537
-0.394906215048
-0.900405163856
-0.096251750436
-0.420624070800
-0.902114733059
-0.105511862444
-0.337453703002
-0.935410201577
-0.113136614858
-0.252317953491
-0.961007677766
-0.120371938354
-0.164784136049
-0.978956988311
-0.127513333391
-0.075370422364
-0.988968982951
-0.441504327850
-0.204611464518
-0.873617809501
-0.362634822291
-0.241566700531
-0.900078615931
-0.280210310649
-0.275397459608
-0.919586005247
-0.194647123958
-0.306677613598
-0.931698094048
-0.203286517123
-0.218019495074
-0.954537632429
-0.210611349341
-0.127979479640
-0.969156392085
-0.217567082457
-0.036615797802
-0.975358317739
-0.372126826000
-0.146598296374
-0.916531813344
-0.289695490455
-0.183362085696
-0.939390689936
-0.297192970687
-0.090281957581
-0.950539586924
-0.379340466334
-0.050416616669
-0.923882554963
0.581061001354
-0.812662479687
0.044133964414
0.641083140381
-0.762119880759
0.090474827837
0.694695612577
-0.706494515909
0.135142535333
0.742898055868
-0.645068100452
0.178856435074
0.785463108589
-0.577960611612
0.221380298289
0.821925785129
-0.505701853674
0.262113790044
0.810918650410
-0.536297307472
-0.234085754407
0.778828624577
-0.600926768684
-0.179758149242
0.741006965698
-0.659980686698
-0.123831215663
0.697678664017
-0.713281499536
-0.066887847888
0.647972039018
-0.761605961426
-0.009412553850
0.705239751967
-0.708105922728
0.034969907673
0.756069314852
-0.649672214566
0.079279283302
0.801257711041
-0.585594686025
0.122739334352
0.840558639430
-0.516056657014
0.164762557737
0.864295398620
-0.465910716394
-0.189527486855
0.834848091968
-0.533410551130
-0.136021495655
0.798963366133
-0.596004479665
-0.080225929708
0.756314559295
-0.653807179010
-0.022901093299
0.806508695884
-0.590831304316
0.021496355574
0.849821831935
-0.523033283848
0.065107894716
0.886550092101
-0.450070035658
0.107078929761
0.882251860954
-0.461872906488
-0.091132168275
0.848168777140
-0.528517558676
-0.035761930272
0.889700505813
-0.456471752879
0.008157743500
0.921527329589
-0.385506526414
-0.046605781963
