0.481675414834
0.861283402890
0.161801404971
0.550647746772
0.830532805994
0.083679849085
0.424391413573
0.846565384418
0.321277104679
0.501760473475
0.826979103498
0.253657228629
0.574600473978
0.799114396330
0.176778044120
0.353360195179
0.807378133759
0.472522085824
0.437635774724
0.799734897446
0.410973262499
0.517470553517
0.784248302691
0.342313928973
0.592432204168
0.760266400874
0.266494058408
0.659773285966
0.729122272227
0.181878869767
0.746287993155
0.608679070137
0.269377097855
0.749545928556
0.556622593664
0.358262737677
0.445601916406
0.744316852652
0.497424722902
0.527174294461
0.733589407988
0.428875091079
0.604367347900
0.713460267056
0.354562485502
0.674298040569
0.686887455173
0.271123175718
0.681907802820
0.637018516660
0.359456753846
0.681669118814
0.579755304847
0.446330593795
0.531011588406
0.673854001332
0.513758190073
0.609183441382
0.659009003080
0.441137924696
0.607226942200
0.595627866220
0.525835416883
0.525731112119
0.850650808352
0.000000000000
0.000000000000
0.525731112119
-0.850650808352
-0.525731112119
0.850650808352
0.000000000000
0.000000000000
0.525731112119
0.850650808352
0.850650808352
-0.000000000000
0.525731112119
-0.850650808352
-0.000000000000
0.525731112119
-0.000000000000
-0.525731112119
0.850650808352
-0.850650808352
-0.000000000000
-0.525731112119
-0.525731112119
-0.850650808352
0.000000000000
0.850650808352
-0.000000000000
-0.525731112119
0.525731112119
-0.850650808352
0.000000000000
0.000000000000
-0.525731112119
-0.850650808352
0.156213587384
0.467046318469
-0.870324681668
0.049023298049
0.459915718226
-0.886608283504
0.309326021437
0.393103071443
-0.865902643306
0.209883368943
0.387159020999
-0.897806696288
0.102656133852
0.380546793586
-0.919046166454
0.455091864278
0.307727282740
-0.835580824652
0.360798140539
0.306275600043
-0.880919950167
0.260548562533
0.303406045074
-0.916547444694
0.154317358190
0.298749790252
-0.941772114572
0.042567626671
0.295051716527
-0.954532598571
0.032878830275
0.127127490351
-0.991341305362
0.087073519849
0.039563338900
-0.995415965492
0.409630652716
0.215754056648
-0.886370642223
0.310071683878
0.216142936430
-0.925817358818
0.205134749720
0.213160456762
-0.955239422412
0.094454133311
0.211772482789
-0.972743970546
0.146702268574
0.124909329118
-0.981262505090
0.199408717859
0.035219255049
-0.979283292677
0.358365650705
0.124188638741
-0.925284411628
0.255941338649
0.124332484511
-0.958663373904
0.305855450388
0.031311913071
-0.951562928853
-0.481675414834
0.861283402890
-0.161801404971
-0.550647746772
0.830532805994
-0.083679849085
-0.424391413573
0.846565384418
-0.321277104679
-0.501760473475
0.826979103498
-0.253657228629
-0.574600473978
0.799114396330
-0.176778044120
-0.353360195179
0.807378133759
-0.472522085824
-0.437635774724
0.799734897446
-0.410973262499
-0.517470553517
0.784248302691
-0.342313928973
-0.592432204168
0.760266400874
-0.266494058408
-0.659773285966
0.729122272227
-0.181878869767
-0.746287993155
0.608679070137
-0.269377097855
-0.749545928556
0.556622593664
-0.358262737677
-0.445601916406
0.744316852652
-0.497424722902
-0.527174294461
0.733589407988
-0.428875091079
-0.604367347900
0.713460267056
-0.354562485502
-0.674298040569
0.686887455173
-0.271123175718
-0.681907802820
0.637018516660
-0.359456753846
-0.681669118814
0.579755304847
-0.446330593795
-0.531011588406
0.673854001332
-0.513758190073
-0.609183441382
0.659009003080
-0.441137924696
-0.607226942200
0.595627866220
-0.525835416883
-0.156213587384
0.467046318469
0.870324681668
-0.049023298049
0.459915718226
0.886608283504
-0.309326021437
0.393103071443
0.865902643306
-0.209883368943
0.387159020999
0.897806696288
-0.102656133852
0.380546793586
0.919046166454
-0.455091864278
0.307727282740
0.835580824652
-0.360798140539
0.306275600043
0.880919950167
-0.260548562533
0.303406045074
0.916547444694
-0.154317358190
0.298749790252
0.941772114572
-0.042567626671
0.295051716527
0.954532598571
-0.032878830275
0.127127490351
0.991341305362
-0.087073519849
0.039563338900
0.995415965492
-0.409630652716
0.215754056648
0.886370642223
-0.310071683878
0.216142936430
0.925817358818
-0.205134749720
0.213160456762
0.955239422412
-0.094454133311
0.211772482789
0.972743970546
-0.146702268574
0.124909329118
0.981262505090
-0.199408717859
0.035219255049
0.979283292677
-0.358365650705
0.124188638741
0.925284411628
-0.255941338649
0.124332484511
0.958663373904
-0.305855450388
0.031311913071
0.951562928853
0.637889002218
0.764738096382
0.090957488921
0.599671044820
0.800234741559
-0.004358486601
0.733717435010
0.655391389565
0.179222911611
0.711643842418
0.697264047818
0.085941195995
0.677256607830
0.735669416456
-0.010676930393
0.808452059457
0.526115893632
0.263832018581
0.798433915263
0.576749383515
0.172810391970
0.778019116051
0.623220435325
0.079262500925
0.746749562359
0.664893028458
-0.016803327802
0.702340912638
0.702814032124
-0.113003002992
0.779166823430
0.588358835517
-0.216178032959
0.836619448405
0.502808198877
-0.217374823042
0.855232569122
0.491151186439
0.165371596026
0.837245978339
0.541954568402
0.072831432385
0.809502097620
0.586680019455
-0.022647488181
0.768752173880
0.628511590408
-0.118293177642
0.828610071394
0.546351528455
-0.122087497067
0.881077836673
0.456513939557
-0.123680510646
0.889377239111
0.452371848796
0.066089613168
0.865124780031
0.500828556669
-0.027016139635
0.913082392588
0.406598802236
-0.030950902511
-0.376088829548
0.926539501353
-0.009041278778
-0.464274204827
0.883914590644
-0.056075477509
-0.213880159832
0.976668494244
-0.019337258888
-0.301217825005
0.950921276447
-0.070827592790
-0.391223723979
0.912447460576
-0.119931770124
-0.043895264158
0.998637979455
-0.028202690893
-0.133465208072
0.987722646014
-0.081185052721
-0.224143544149
0.965534364299
-0.132299142003
-0.315553118054
0.931387086866
-0.181505713698
-0.408054719519
0.884692901891
-0.225410326344
-0.343305523311
0.857735933372
-0.382662235225
-0.256938161942
0.861070936554
-0.438793371828
-0.050382460622
0.988575909341
-0.142053789572
-0.143311504045
0.970829659481
-0.192227950830
-0.235807944943
0.941242504957
-0.241779155356
-0.330065660431
0.899634766126
-0.285856515373
-0.246996826185
0.905808282301
-0.344243988430
-0.158899765695
0.902844533352
-0.399527987830
-0.058099025573
0.966130038869
-0.251430410296
-0.151348624147
0.941966481365
-0.299654370824
-0.062262815583
0.932434219119
-0.355935062634
-0.105586585286
0.628847723440
0.770325913969
-0.086373541944
0.543595567311
0.834891292596
-0.210511253741
0.714380176122
0.667342472807
-0.200542648470
0.640816249628
0.741037907504
-0.183376749999
0.557324837706
0.809791326723
-0.309464931020
0.780249368564
0.543546115177
-0.304170566652
0.717248862542
0.626924505475
-0.293327009368
0.645719974048
0.704985801765
-0.276879086114
0.565243848660
0.777069728676
-0.251718566447
0.476930586294
0.842125275219
-0.402982469845
0.396504588206
0.824857103097
-0.492607766615
0.397826076577
0.773997416705
-0.395219455784
0.713178779550
0.578945256626
-0.383862790416
0.645018027509
0.660757975603
-0.368559402957
0.567722942264
0.736107755236
-0.344232380138
0.482895658507
0.805180632815
-0.434910976635
0.484366082964
0.759106013727
-0.522769353120
0.481549848843
0.703435815493
-0.472912562832
0.637946828814
0.607764388164
-0.457834817235
0.565470409207
0.686025142716
-0.544964126618
0.557147329954
0.626578768731
0.770325913969
-0.105586585286
0.628847723440
0.834891292596
-0.086373541944
0.543595567311
0.667342472807
-0.210511253741
0.714380176122
0.741037907504
-0.200542648470
0.640816249628
0.809791326723
-0.183376749999
0.557324837706
0.543546115177
-0.309464931020
0.780249368564
0.626924505475
-0.304170566652
0.717248862542
0.704985801765
-0.293327009368
0.645719974048
0.777069728676
-0.276879086114
0.565243848660
0.842125275219
-0.251718566447
0.476930586294
0.824857103097
-0.402982469845
0.396504588206
0.773997416705
-0.492607766615
0.397826076577
0.578945256626
-0.395219455784
0.713178779550
0.660757975603
-0.383862790416
0.645018027509
0.736107755236
-0.368559402957
0.567722942264
0.805180632815
-0.344232380138
0.482895658507
0.759106013727
-0.434910976635
0.484366082964
0.703435815493
-0.522769353120
0.481549848843
0.607764388164
-0.472912562832
0.637946828814
0.686025142716
-0.457834817235
0.565470409207
0.626578768731
-0.544964126618
0.557147329954
-0.926539501353
-0.009041278778
0.376088829548
-0.883914590644
-0.056075477509
0.464274204827
-0.976668494244
-0.019337258888
0.213880159832
-0.950921276447
-0.070827592790
0.301217825005
-0.912447460576
-0.119931770124
0.391223723979
-0.998637979455
-0.028202690893
0.043895264158
-0.987722646014
-0.081185052721
0.133465208072
-0.965534364299
-0.132299142003
0.224143544149
-0.931387086866
-0.181505713698
0.315553118054
-0.884692901891
-0.225410326344
0.408054719519
-0.857735933372
-0.382662235225
0.343305523311
-0.861070936554
-0.438793371828
0.256938161942
-0.988575909341
-0.142053789572
0.050382460622
-0.970829659481
-0.192227950830
0.143311504045
-0.941242504957
-0.241779155356
0.235807944943
-0.899634766126
-0.285856515373
0.330065660431
-0.905808282301
-0.344243988430
0.246996826185
-0.902844533352
-0.399527987830
0.158899765695
-0.966130038869
-0.251430410296
0.058099025573
-0.941966481365
-0.299654370824
0.151348624147
-0.932434219119
-0.355935062634
0.062262815583
0.628847723440
0.770325913969
-0.105586585286
0.543595567311
0.834891292596
-0.086373541944
0.714380176122
0.667342472807
-0.210511253741
0.640816249628
0.741037907504
-0.200542648470
0.557324837706
0.809791326723
-0.183376749999
0.780249368564
0.543546115177
-0.309464931020
0.717248862542
0.626924505475
-0.304170566652
0.645719974048
0.704985801765
-0.293327009368
0.565243848660
0.777069728676
-0.276879086114
0.476930586294
0.842125275219
-0.251718566447
0.396504588206
0.824857103097
-0.402982469845
0.397826076577
0.773997416705
-0.492607766615
0.713178779550
0.578945256626
-0.395219455784
0.645018027509
0.660757975603
-0.383862790416
0.567722942264
0.736107755236
-0.368559402957
0.482895658507
0.805180632815
-0.344232380138
0.484366082964
0.759106013727
-0.434910976635
0.481549848843
0.703435815493
-0.522769353120
0.637946828814
0.607764388164
-0.472912562832
0.565470409207
0.686025142716
-0.457834817235
0.557147329954
0.626578768731
-0.544964126618
0.090957488921
0.637889002218
0.764738096382
-0.004358486601
0.599671044820
0.800234741559
0.179222911611
0.733717435010
0.655391389565
0.085941195995
0.711643842418
0.697264047818
-0.010676930393
0.677256607830
0.735669416456
0.263832018581
0.808452059457
0.526115893632
0.172810391970
0.798433915263
0.576749383515
0.079262500925
0.778019116051
0.623220435325
-0.016803327802
0.746749562359
0.664893028458
-0.113003002992
0.702340912638
0.702814032124
-0.216178032959
0.779166823430
0.588358835517
-0.217374823042
0.836619448405
0.502808198877
0.165371596026
0.855232569122
0.491151186439
0.072831432385
0.837245978339
0.541954568402
-0.022647488181
0.809502097620
0.586680019455
-0.118293177642
0.768752173880
0.628511590408
-0.122087497067
0.828610071394
0.546351528455
-0.123680510646
0.881077836673
0.456513939557
0.066089613168
0.889377239111
0.452371848796
-0.027016139635
0.865124780031
0.500828556669
-0.030950902511
0.913082392588
0.406598802236
-0.161801404971
-0.481675414834
0.861283402890
-0.083679849085
-0.550647746772
0.830532805994
-0.321277104679
-0.424391413573
0.846565384418
-0.253657228629
-0.501760473475
0.826979103498
-0.176778044120
-0.574600473978
0.799114396330
-0.472522085824
-0.353360195179
0.807378133759
-0.410973262499
-0.437635774724
0.799734897446
-0.342313928973
-0.517470553517
0.784248302691
-0.266494058408
-0.592432204168
0.760266400874
-0.181878869767
-0.659773285966
0.729122272227
-0.269377097855
-0.746287993155
0.608679070137
-0.358262737677
-0.749545928556
0.556622593664
-0.497424722902
-0.445601916406
0.744316852652
-0.428875091079
-0.527174294461
0.733589407988
-0.354562485502
-0.604367347900
0.713460267056
-0.271123175718
-0.674298040569
0.686887455173
-0.359456753846
-0.681907802820
0.637018516660
-0.446330593795
-0.681669118814
0.579755304847
-0.513758190073
-0.531011588406
0.673854001332
-0.441137924696
-0.609183441382
0.659009003080
-0.525835416883
-0.607226942200
0.595627866220
0.870324681668
-0.156213587384
0.467046318469
0.886608283504
-0.049023298049
0.459915718226
0.865902643306
-0.309326021437
0.393103071443
0.897806696288
-0.209883368943
0.387159020999
0.919046166454
-0.102656133852
0.380546793586
0.835580824652
-0.455091864278
0.307727282740
0.880919950167
-0.360798140539
0.306275600043
0.916547444694
-0.260548562533
0.303406045074
0.941772114572
-0.154317358190
0.298749790252
0.954532598571
-0.042567626671
0.295051716527
0.991341305362
-0.032878830275
0.127127490351
0.995415965492
-0.087073519849
0.039563338900
0.886370642223
-0.409630652716
0.215754056648
0.925817358818
-0.310071683878
0.216142936430
0.955239422412
-0.205134749720
0.213160456762
0.972743970546
-0.094454133311
0.211772482789
0.981262505090
-0.146702268574
0.124909329118
0.979283292677
-0.199408717859
0.035219255049
0.925284411628
-0.358365650705
0.124188638741
0.958663373904
-0.255941338649
0.124332484511
0.951562928853
-0.305855450388
0.031311913071
0.161801404971
0.481675414834
0.861283402890
0.083679849085
0.550647746772
0.830532805994
0.321277104679
0.424391413573
0.846565384418
0.253657228629
0.501760473475
0.826979103498
0.176778044120
0.574600473978
0.799114396330
0.472522085824
0.353360195179
0.807378133759
0.410973262499
0.437635774724
0.799734897446
0.342313928973
0.517470553517
0.784248302691
0.266494058408
0.592432204168
0.760266400874
0.181878869767
0.659773285966
0.729122272227
0.269377097855
0.746287993155
0.608679070137
0.358262737677
0.749545928556
0.556622593664
0.497424722902
0.445601916406
0.744316852652
0.428875091079
0.527174294461
0.733589407988
0.354562485502
0.604367347900
0.713460267056
0.271123175718
0.674298040569
0.686887455173
0.359456753846
0.681907802820
0.637018516660
0.446330593795
0.681669118814
0.579755304847
0.513758190073
0.531011588406
0.673854001332
0.441137924696
0.609183441382
0.659009003080
0.525835416883
0.607226942200
0.595627866220
-0.009041278778
-0.376088829548
0.926539501353
-0.056075477509
-0.464274204827
0.883914590644
-0.019337258888
-0.213880159832
0.976668494244
-0.070827592790
-0.301217825005
0.950921276447
-0.119931770124
-0.391223723979
0.912447460576
-0.028202690893
-0.043895264158
0.998637979455
-0.081185052721
-0.133465208072
0.987722646014
-0.132299142003
-0.224143544149
0.965534364299
-0.181505713698
-0.315553118054
0.931387086866
-0.225410326344
-0.408054719519
0.884692901891
-0.382662235225
-0.343305523311
0.857735933372
-0.438793371828
-0.256938161942
0.861070936554
-0.142053789572
-0.050382460622
0.988575909341
-0.192227950830
-0.143311504045
0.970829659481
-0.241779155356
-0.235807944943
0.941242504957
-0.285856515373
-0.330065660431
0.899634766126
-0.344243988430
-0.246996826185
0.905808282301
-0.399527987830
-0.158899765695
0.902844533352
-0.251430410296
-0.058099025573
0.966130038869
-0.299654370824
-0.151348624147
0.941966481365
-0.355935062634
-0.062262815583
0.932434219119
0.009041278778
0.376088829548
0.926539501353
0.056075477509
0.464274204827
0.883914590644
0.019337258888
0.213880159832
0.976668494244
0.070827592790
0.301217825005
0.950921276447
0.119931770124
0.391223723979
0.912447460576
0.028202690893
0.043895264158
0.998637979455
0.081185052721
0.133465208072
0.987722646014
0.132299142003
0.224143544149
0.965534364299
0.181505713698
0.315553118054
0.931387086866
0.225410326344
0.408054719519
0.884692901891
0.382662235225
0.343305523311
0.857735933372
0.438793371828
0.256938161942
0.861070936554
0.142053789572
0.050382460622
0.988575909341
0.192227950830
0.143311504045
0.970829659481
0.241779155356
0.235807944943
0.941242504957
0.285856515373
0.330065660431
0.899634766126
0.344243988430
0.246996826185
0.905808282301
0.399527987830
0.158899765695
0.902844533352
0.251430410296
0.058099025573
0.966130038869
0.299654370824
0.151348624147
0.941966481365
0.355935062634
0.062262815583
0.932434219119
-0.467046318469
0.870324681668
0.156213587384
-0.459915718226
0.886608283504
0.049023298049
-0.393103071443
0.865902643306
0.309326021437
-0.387159020999
0.897806696288
0.209883368943
-0.380546793586
0.919046166454
0.102656133852
-0.307727282740
0.835580824652
0.455091864278
-0.306275600043
0.880919950167
0.360798140539
-0.303406045074
0.916547444694
0.260548562533
-0.298749790252
0.941772114572
0.154317358190
-0.295051716527
0.954532598571
0.042567626671
-0.127127490351
0.991341305362
0.032878830275
-0.039563338900
0.995415965492
0.087073519849
-0.215754056648
0.886370642223
0.409630652716
-0.216142936430
0.925817358818
0.310071683878
-0.213160456762
0.955239422412
0.205134749720
-0.211772482789
0.972743970546
0.094454133311
-0.124909329118
0.981262505090
0.146702268574
-0.035219255049
0.979283292677
0.199408717859
-0.124188638741
0.925284411628
0.358365650705
-0.124332484511
0.958663373904
0.255941338649
-0.031311913071
0.951562928853
0.305855450388
-0.764738096382
0.090957488921
-0.637889002218
-0.800234741559
-0.004358486601
-0.599671044820
-0.655391389565
0.179222911611
-0.733717435010
-0.697264047818
0.085941195995
-0.711643842418
-0.735669416456
-0.010676930393
-0.677256607830
-0.526115893632
0.263832018581
-0.808452059457
-0.576749383515
0.172810391970
-0.798433915263
-0.623220435325
0.079262500925
-0.778019116051
-0.664893028458
-0.016803327802
-0.746749562359
-0.702814032124
-0.113003002992
-0.702340912638
-0.588358835517
-0.216178032959
-0.779166823430
-0.502808198877
-0.217374823042
-0.836619448405
-0.491151186439
0.165371596026
-0.855232569122
-0.541954568402
0.072831432385
-0.837245978339
-0.586680019455
-0.022647488181
-0.809502097620
-0.628511590408
-0.118293177642
-0.768752173880
-0.546351528455
-0.122087497067
-0.828610071394
-0.456513939557
-0.123680510646
-0.881077836673
-0.452371848796
0.066089613168
-0.889377239111
-0.500828556669
-0.027016139635
-0.865124780031
-0.406598802236
-0.030950902511
-0.913082392588
-0.861283402890
-0.161801404971
0.481675414834
-0.830532805994
-0.083679849085
0.550647746772
-0.846565384418
-0.321277104679
0.424391413573
-0.826979103498
-0.253657228629
0.501760473475
-0.799114396330
-0.176778044120
0.574600473978
-0.807378133759
-0.472522085824
0.353360195179
-0.799734897446
-0.410973262499
0.437635774724
-0.784248302691
-0.342313928973
0.517470553517
-0.760266400874
-0.266494058408
0.592432204168
-0.729122272227
-0.181878869767
0.659773285966
-0.608679070137
-0.269377097855
0.746287993155
-0.556622593664
-0.358262737677
0.749545928556
-0.744316852652
-0.497424722902
0.445601916406
-0.733589407988
-0.428875091079
0.527174294461
-0.713460267056
-0.354562485502
0.604367347900
-0.686887455173
-0.271123175718
0.674298040569
-0.637018516660
-0.359456753846
0.681907802820
-0.579755304847
-0.446330593795
0.681669118814
-0.673854001332
-0.513758190073
0.531011588406
-0.659009003080
-0.441137924696
0.609183441382
-0.595627866220
-0.525835416883
0.607226942200
-0.628847723440
0.770325913969
0.105586585286
-0.543595567311
0.834891292596
0.086373541944
-0.714380176122
0.667342472807
0.210511253741
-0.640816249628
0.741037907504
0.200542648470
-0.557324837706
0.809791326723
0.183376749999
-0.780249368564
0.543546115177
0.309464931020
-0.717248862542
0.626924505475
0.304170566652
-0.645719974048
0.704985801765
0.293327009368
-0.565243848660
0.777069728676
0.276879086114
-0.476930586294
0.842125275219
0.251718566447
-0.396504588206
0.824857103097
0.402982469845
-0.397826076577
0.773997416705
0.492607766615
-0.713178779550
0.578945256626
0.395219455784
-0.645018027509
0.660757975603
0.383862790416
-0.567722942264
0.736107755236
0.368559402957
-0.482895658507
0.805180632815
0.344232380138
-0.484366082964
0.759106013727
0.434910976635
-0.481549848843
0.703435815493
0.522769353120
-0.637946828814
0.607764388164
0.472912562832
-0.565470409207
0.686025142716
0.457834817235
-0.557147329954
0.626578768731
0.544964126618
-0.861283402890
0.161801404971
-0.481675414834
-0.830532805994
0.083679849085
-0.550647746772
-0.846565384418
0.321277104679
-0.424391413573
-0.826979103498
0.253657228629
-0.501760473475
-0.799114396330
0.176778044120
-0.574600473978
-0.807378133759
0.472522085824
-0.353360195179
-0.799734897446
0.410973262499
-0.437635774724
-0.784248302691
0.342313928973
-0.517470553517
-0.760266400874
0.266494058408
-0.592432204168
-0.729122272227
0.181878869767
-0.659773285966
-0.608679070137
0.269377097855
-0.746287993155
-0.556622593664
0.358262737677
-0.749545928556
-0.744316852652
0.497424722902
-0.445601916406
-0.733589407988
0.428875091079
-0.527174294461
-0.713460267056
0.354562485502
-0.604367347900
-0.686887455173
0.271123175718
-0.674298040569
-0.637018516660
0.359456753846
-0.681907802820
-0.579755304847
0.446330593795
-0.681669118814
-0.673854001332
0.513758190073
-0.531011588406
-0.659009003080
0.441137924696
-0.609183441382
-0.595627866220
0.525835416883
-0.607226942200
-0.467046318469
-0.870324681668
-0.156213587384
-0.459915718226
-0.886608283504
-0.049023298049
-0.393103071443
-0.865902643306
-0.309326021437
-0.387159020999
-0.897806696288
-0.209883368943
-0.380546793586
-0.919046166454
-0.102656133852
-0.307727282740
-0.835580824652
-0.455091864278
-0.306275600043
-0.880919950167
-0.360798140539
-0.303406045074
-0.916547444694
-0.260548562533
-0.298749790252
-0.941772114572
-0.154317358190
-0.295051716527
-0.954532598571
-0.042567626671
-0.127127490351
-0.991341305362
-0.032878830275
-0.039563338900
-0.995415965492
-0.087073519849
-0.215754056648
-0.886370642223
-0.409630652716
-0.216142936430
-0.925817358818
-0.310071683878
-0.213160456762
-0.955239422412
-0.205134749720
-0.211772482789
-0.972743970546
-0.094454133311
-0.124909329118
-0.981262505090
-0.146702268574
-0.035219255049
-0.979283292677
-0.199408717859
-0.124188638741
-0.925284411628
-0.358365650705
-0.124332484511
-0.958663373904
-0.255941338649
-0.031311913071
-0.951562928853
-0.305855450388
0.764738096382
0.090957488921
0.637889002218
0.800234741559
-0.004358486601
0.599671044820
0.655391389565
0.179222911611
0.733717435010
0.697264047818
0.085941195995
0.711643842418
0.735669416456
-0.010676930393
0.677256607830
0.526115893632
0.263832018581
0.808452059457
0.576749383515
0.172810391970
0.798433915263
0.623220435325
0.079262500925
0.778019116051
0.664893028458
-0.016803327802
0.746749562359
0.702814032124
-0.113003002992
0.702340912638
0.588358835517
-0.216178032959
0.779166823430
0.502808198877
-0.217374823042
0.836619448405
0.491151186439
0.165371596026
0.855232569122
0.541954568402
0.072831432385
0.837245978339
0.586680019455
-0.022647488181
0.809502097620
0.628511590408
-0.118293177642
0.768752173880
0.546351528455
-0.122087497067
0.828610071394
0.456513939557
-0.123680510646
0.881077836673
0.452371848796
0.066089613168
0.889377239111
0.500828556669
-0.027016139635
0.865124780031
0.406598802236
-0.030950902511
0.913082392588
0.861283402890
-0.161801404971
-0.481675414834
0.830532805994
-0.083679849085
-0.550647746772
0.846565384418
-0.321277104679
-0.424391413573
0.826979103498
-0.253657228629
-0.501760473475
0.799114396330
-0.176778044120
-0.574600473978
0.807378133759
-0.472522085824
-0.353360195179
0.799734897446
-0.410973262499
-0.437635774724
0.784248302691
-0.342313928973
-0.517470553517
0.760266400874
-0.266494058408
-0.592432204168
0.729122272227
-0.181878869767
-0.659773285966
0.608679070137
-0.269377097855
-0.746287993155
0.556622593664
-0.358262737677
-0.749545928556
0.744316852652
-0.497424722902
-0.445601916406
0.733589407988
-0.428875091079
-0.527174294461
0.713460267056
-0.354562485502
-0.604367347900
0.686887455173
-0.271123175718
-0.674298040569
0.637018516660
-0.359456753846
-0.681907802820
0.579755304847
-0.446330593795
-0.681669118814
0.673854001332
-0.513758190073
-0.531011588406
0.659009003080
-0.441137924696
-0.609183441382
0.595627866220
-0.525835416883
-0.607226942200
0.467046318469
0.870324681668
-0.156213587384
0.459915718226
0.886608283504
-0.049023298049
0.393103071443
0.865902643306
-0.309326021437
0.387159020999
0.897806696288
-0.209883368943
0.380546793586
0.919046166454
-0.102656133852
0.307727282740
0.835580824652
-0.455091864278
0.306275600043
0.880919950167
-0.360798140539
0.303406045074
0.916547444694
-0.260548562533
0.298749790252
0.941772114572
-0.154317358190
0.295051716527
0.954532598571
-0.042567626671
0.127127490351
0.991341305362
-0.032878830275
0.039563338900
0.995415965492
-0.087073519849
0.215754056648
0.886370642223
-0.409630652716
0.216142936430
0.925817358818
-0.310071683878
0.213160456762
0.955239422412
-0.205134749720
0.211772482789
0.972743970546
-0.094454133311
0.124909329118
0.981262505090
-0.146702268574
0.035219255049
0.979283292677
-0.199408717859
0.124188638741
0.925284411628
-0.358365650705
0.124332484511
0.958663373904
-0.255941338649
0.031311913071
0.951562928853
-0.305855450388
0.861283402890
0.161801404971
0.481675414834
0.830532805994
0.083679849085
0.550647746772
0.846565384418
0.321277104679
0.424391413573
0.826979103498
0.253657228629
0.501760473475
0.799114396330
0.176778044120
0.574600473978
0.807378133759
0.472522085824
0.353360195179
0.799734897446
0.410973262499
0.437635774724
0.784248302691
0.342313928973
0.517470553517
0.760266400874
0.266494058408
0.592432204168
0.729122272227
0.181878869767
0.659773285966
0.608679070137
0.269377097855
0.746287993155
0.556622593664
0.358262737677
0.749545928556
0.744316852652
0.497424722902
0.445601916406
0.733589407988
0.428875091079
0.527174294461
0.713460267056
0.354562485502
0.604367347900
0.686887455173
0.271123175718
0.674298040569
0.637018516660
0.359456753846
0.681907802820
0.579755304847
0.446330593795
0.681669118814
0.673854001332
0.513758190073
0.531011588406
0.659009003080
0.441137924696
0.609183441382
0.595627866220
0.525835416883
0.607226942200
0.926539501353
-0.009041278778
-0.376088829548
0.883914590644
-0.056075477509
-0.464274204827
0.976668494244
-0.019337258888
-0.213880159832
0.950921276447
-0.070827592790
-0.301217825005
0.912447460576
-0.119931770124
-0.391223723979
0.998637979455
-0.028202690893
-0.043895264158
0.987722646014
-0.081185052721
-0.133465208072
0.965534364299
-0.132299142003
-0.224143544149
0.931387086866
-0.181505713698
-0.315553118054
0.884692901891
-0.225410326344
-0.408054719519
0.857735933372
-0.382662235225
-0.343305523311
0.861070936554
-0.438793371828
-0.256938161942
0.988575909341
-0.142053789572
-0.050382460622
0.970829659481
-0.192227950830
-0.143311504045
0.941242504957
-0.241779155356
-0.235807944943
0.899634766126
-0.285856515373
-0.330065660431
0.905808282301
-0.344243988430
-0.246996826185
0.902844533352
-0.399527987830
-0.158899765695
0.966130038869
-0.251430410296
-0.058099025573
0.941966481365
-0.299654370824
-0.151348624147
0.932434219119
-0.355935062634
-0.062262815583
-0.009041278778
0.376088829548
-0.926539501353
-0.056075477509
0.464274204827
-0.883914590644
-0.019337258888
0.213880159832
-0.976668494244
-0.070827592790
0.301217825005
-0.950921276447
-0.119931770124
0.391223723979
-0.912447460576
-0.028202690893
0.043895264158
-0.998637979455
-0.081185052721
0.133465208072
-0.987722646014
-0.132299142003
0.224143544149
-0.965534364299
-0.181505713698
0.315553118054
-0.931387086866
-0.225410326344
0.408054719519
-0.884692901891
-0.382662235225
0.343305523311
-0.857735933372
-0.438793371828
0.256938161942
-0.861070936554
-0.142053789572
0.050382460622
-0.988575909341
-0.192227950830
0.143311504045
-0.970829659481
-0.241779155356
0.235807944943
-0.941242504957
-0.285856515373
0.330065660431
-0.899634766126
-0.344243988430
0.246996826185
-0.905808282301
-0.399527987830
0.158899765695
-0.902844533352
-0.251430410296
0.058099025573
-0.966130038869
-0.299654370824
0.151348624147
-0.941966481365
-0.355935062634
0.062262815583
-0.932434219119
0.467046318469
-0.870324681668
0.156213587384
0.459915718226
-0.886608283504
0.049023298049
0.393103071443
-0.865902643306
0.309326021437
0.387159020999
-0.897806696288
0.209883368943
0.380546793586
-0.919046166454
0.102656133852
0.307727282740
-0.835580824652
0.455091864278
0.306275600043
-0.880919950167
0.360798140539
0.303406045074
-0.916547444694
0.260548562533
0.298749790252
-0.941772114572
0.154317358190
0.295051716527
-0.954532598571
0.042567626671
0.127127490351
-0.991341305362
0.032878830275
0.039563338900
-0.995415965492
0.087073519849
0.215754056648
-0.886370642223
0.409630652716
0.216142936430
-0.925817358818
0.310071683878
0.213160456762
-0.955239422412
0.205134749720
0.211772482789
-0.972743970546
0.094454133311
0.124909329118
-0.981262505090
0.146702268574
0.035219255049
-0.979283292677
0.199408717859
0.124188638741
-0.925284411628
0.358365650705
0.124332484511
-0.958663373904
0.255941338649
0.031311913071
-0.951562928853
0.305855450388
-0.870324681668
0.156213587384
0.467046318469
-0.886608283504
0.049023298049
0.459915718226
-0.865902643306
0.309326021437
0.393103071443
-0.897806696288
0.209883368943
0.387159020999
-0.919046166454
0.102656133852
0.380546793586
-0.835580824652
0.455091864278
0.307727282740
-0.880919950167
0.360798140539
0.306275600043
-0.916547444694
0.260548562533
0.303406045074
-0.941772114572
0.154317358190
0.298749790252
-0.954532598571
0.042567626671
0.295051716527
-0.991341305362
0.032878830275
0.127127490351
-0.995415965492
0.087073519849
0.039563338900
-0.886370642223
0.409630652716
0.215754056648
-0.925817358818
0.310071683878
0.216142936430
-0.955239422412
0.205134749720
0.213160456762
-0.972743970546
0.094454133311
0.211772482789
-0.981262505090
0.146702268574
0.124909329118
-0.979283292677
0.199408717859
0.035219255049
-0.925284411628
0.358365650705
0.124188638741
-0.958663373904
0.255941338649
0.124332484511
-0.951562928853
0.305855450388
0.031311913071
-0.090957488921
-0.637889002218
0.764738096382
0.004358486601
-0.599671044820
0.800234741559
-0.179222911611
-0.733717435010
0.655391389565
-0.085941195995
-0.711643842418
0.697264047818
0.010676930393
-0.677256607830
0.735669416456
-0.263832018581
-0.808452059457
0.526115893632
-0.172810391970
-0.798433915263
0.576749383515
-0.079262500925
-0.778019116051
0.623220435325
0.016803327802
-0.746749562359
0.664893028458
0.113003002992
-0.702340912638
0.702814032124
0.216178032959
-0.779166823430
0.588358835517
0.217374823042
-0.836619448405
0.502808198877
-0.165371596026
-0.855232569122
0.491151186439
-0.072831432385
-0.837245978339
0.541954568402
0.022647488181
-0.809502097620
0.586680019455
0.118293177642
-0.768752173880
0.628511590408
0.122087497067
-0.828610071394
0.546351528455
0.123680510646
-0.881077836673
0.456513939557
-0.066089613168
-0.889377239111
0.452371848796
0.027016139635
-0.865124780031
0.500828556669
0.030950902511
-0.913082392588
0.406598802236
-0.770325913969
0.105586585286
0.628847723440
-0.834891292596
0.086373541944
0.543595567311
-0.667342472807
0.210511253741
0.714380176122
-0.741037907504
0.200542648470
0.640816249628
-0.809791326723
0.183376749999
0.557324837706
-0.543546115177
0.309464931020
0.780249368564
-0.626924505475
0.304170566652
0.717248862542
-0.704985801765
0.293327009368
0.645719974048
-0.777069728676
0.276879086114
0.565243848660
-0.842125275219
0.251718566447
0.476930586294
-0.824857103097
0.402982469845
0.396504588206
-0.773997416705
0.492607766615
0.397826076577
-0.578945256626
0.395219455784
0.713178779550
-0.660757975603
0.383862790416
0.645018027509
-0.736107755236
0.368559402957
0.567722942264
-0.805180632815
0.344232380138
0.482895658507
-0.759106013727
0.434910976635
0.484366082964
-0.703435815493
0.522769353120
0.481549848843
-0.607764388164
0.472912562832
0.637946828814
-0.686025142716
0.457834817235
0.565470409207
-0.626578768731
0.544964126618
0.557147329954
-0.628847723440
-0.770325913969
-0.105586585286
-0.543595567311
-0.834891292596
-0.086373541944
-0.714380176122
-0.667342472807
-0.210511253741
-0.640816249628
-0.741037907504
-0.200542648470
-0.557324837706
-0.809791326723
-0.183376749999
-0.780249368564
-0.543546115177
-0.309464931020
-0.717248862542
-0.626924505475
-0.304170566652
-0.645719974048
-0.704985801765
-0.293327009368
-0.565243848660
-0.777069728676
-0.276879086114
-0.476930586294
-0.842125275219
-0.251718566447
-0.396504588206
-0.824857103097
-0.402982469845
-0.397826076577
-0.773997416705
-0.492607766615
-0.713178779550
-0.578945256626
-0.395219455784
-0.645018027509
-0.660757975603
-0.383862790416
-0.567722942264
-0.736107755236
-0.368559402957
-0.482895658507
-0.805180632815
-0.344232380138
-0.484366082964
-0.759106013727
-0.434910976635
-0.481549848843
-0.703435815493
-0.522769353120
-0.637946828814
-0.607764388164
-0.472912562832
-0.565470409207
-0.686025142716
-0.457834817235
-0.557147329954
-0.626578768731
-0.544964126618
0.105586585286
-0.628847723440
0.770325913969
0.086373541944
-0.543595567311
0.834891292596
0.210511253741
-0.714380176122
0.667342472807
0.200542648470
-0.640816249628
0.741037907504
0.183376749999
-0.557324837706
0.809791326723
0.309464931020
-0.780249368564
0.543546115177
0.304170566652
-0.717248862542
0.626924505475
0.293327009368
-0.645719974048
0.704985801765
0.276879086114
-0.565243848660
0.777069728676
0.251718566447
-0.476930586294
0.842125275219
0.402982469845
-0.396504588206
0.824857103097
0.492607766615
-0.397826076577
0.773997416705
0.395219455784
-0.713178779550
0.578945256626
0.383862790416
-0.645018027509
0.660757975603
0.368559402957
-0.567722942264
0.736107755236
0.344232380138
-0.482895658507
0.805180632815
0.434910976635
-0.484366082964
0.759106013727
0.522769353120
-0.481549848843
0.703435815493
0.472912562832
-0.637946828814
0.607764388164
0.457834817235
-0.565470409207
0.686025142716
0.544964126618
-0.557147329954
0.626578768731
-0.764738096382
-0.090957488921
0.637889002218
-0.800234741559
0.004358486601
0.599671044820
-0.655391389565
-0.179222911611
0.733717435010
-0.697264047818
-0.085941195995
0.711643842418
-0.735669416456
0.010676930393
0.677256607830
-0.526115893632
-0.263832018581
0.808452059457
-0.576749383515
-0.172810391970
0.798433915263
-0.623220435325
-0.079262500925
0.778019116051
-0.664893028458
0.016803327802
0.746749562359
-0.702814032124
0.113003002992
0.702340912638
-0.588358835517
0.216178032959
0.779166823430
-0.502808198877
0.217374823042
0.836619448405
-0.491151186439
-0.165371596026
0.855232569122
-0.541954568402
-0.072831432385
0.837245978339
-0.586680019455
0.022647488181
0.809502097620
-0.628511590408
0.118293177642
0.768752173880
-0.546351528455
0.122087497067
0.828610071394
-0.456513939557
0.123680510646
0.881077836673
-0.452371848796
-0.066089613168
0.889377239111
-0.500828556669
0.027016139635
0.865124780031
-0.406598802236
0.030950902511
0.913082392588
0.376088829548
-0.926539501353
-0.009041278778
0.464274204827
-0.883914590644
-0.056075477509
0.213880159832
-0.976668494244
-0.019337258888
0.301217825005
-0.950921276447
-0.070827592790
0.391223723979
-0.912447460576
-0.119931770124
0.043895264158
-0.998637979455
-0.028202690893
0.133465208072
-0.987722646014
-0.081185052721
0.224143544149
-0.965534364299
-0.132299142003
0.315553118054
-0.931387086866
-0.181505713698
0.408054719519
-0.884692901891
-0.225410326344
0.343305523311
-0.857735933372
-0.382662235225
0.256938161942
-0.861070936554
-0.438793371828
0.050382460622
-0.988575909341
-0.142053789572
0.143311504045
-0.970829659481
-0.192227950830
0.235807944943
-0.941242504957
-0.241779155356
0.330065660431
-0.899634766126
-0.285856515373
0.246996826185
-0.905808282301
-0.344243988430
0.158899765695
-0.902844533352
-0.399527987830
0.058099025573
-0.966130038869
-0.251430410296
0.151348624147
-0.941966481365
-0.299654370824
0.062262815583
-0.932434219119
-0.355935062634
0.926539501353
0.009041278778
0.376088829548
0.883914590644
0.056075477509
0.464274204827
0.976668494244
0.019337258888
0.213880159832
0.950921276447
0.070827592790
0.301217825005
0.912447460576
0.119931770124
0.391223723979
0.998637979455
0.028202690893
0.043895264158
0.987722646014
0.081185052721
0.133465208072
0.965534364299
0.132299142003
0.224143544149
0.931387086866
0.181505713698
0.315553118054
0.884692901891
0.225410326344
0.408054719519
0.857735933372
0.382662235225
0.343305523311
0.861070936554
0.438793371828
0.256938161942
0.988575909341
0.142053789572
0.050382460622
0.970829659481
0.192227950830
0.143311504045
0.941242504957
0.241779155356
0.235807944943
0.899634766126
0.285856515373
0.330065660431
0.905808282301
0.344243988430
0.246996826185
0.902844533352
0.399527987830
0.158899765695
0.966130038869
0.251430410296
0.058099025573
0.941966481365
0.299654370824
0.151348624147
0.932434219119
0.355935062634
0.062262815583
0.156213587384
-0.467046318469
0.870324681668
0.049023298049
-0.459915718226
0.886608283504
0.309326021437
-0.393103071443
0.865902643306
0.209883368943
-0.387159020999
0.897806696288
0.102656133852
-0.380546793586
0.919046166454
0.455091864278
-0.307727282740
0.835580824652
0.360798140539
-0.306275600043
0.880919950167
0.260548562533
-0.303406045074
0.916547444694
0.154317358190
-0.298749790252
0.941772114572
0.042567626671
-0.295051716527
0.954532598571
0.032878830275
-0.127127490351
0.991341305362
0.087073519849
-0.039563338900
0.995415965492
0.409630652716
-0.215754056648
0.886370642223
0.310071683878
-0.216142936430
0.925817358818
0.205134749720
-0.213160456762
0.955239422412
0.094454133311
-0.211772482789
0.972743970546
0.146702268574
-0.124909329118
0.981262505090
0.199408717859
-0.035219255049
0.979283292677
0.358365650705
-0.124188638741
0.925284411628
0.255941338649
-0.124332484511
0.958663373904
0.305855450388
-0.031311913071
0.951562928853
0.764738096382
-0.090957488921
-0.637889002218
0.800234741559
0.004358486601
-0.599671044820
0.655391389565
-0.179222911611
-0.733717435010
0.697264047818
-0.085941195995
-0.711643842418
0.735669416456
0.010676930393
-0.677256607830
0.526115893632
-0.263832018581
-0.808452059457
0.576749383515
-0.172810391970
-0.798433915263
0.623220435325
-0.079262500925
-0.778019116051
0.664893028458
0.016803327802
-0.746749562359
0.702814032124
0.113003002992
-0.702340912638
0.588358835517
0.216178032959
-0.779166823430
0.502808198877
0.217374823042
-0.836619448405
0.491151186439
-0.165371596026
-0.855232569122
0.541954568402
-0.072831432385
-0.837245978339
0.586680019455
0.022647488181
-0.809502097620
0.628511590408
0.118293177642
-0.768752173880
0.546351528455
0.122087497067
-0.828610071394
0.456513939557
0.123680510646
-0.881077836673
0.452371848796
-0.066089613168
-0.889377239111
0.500828556669
0.027016139635
-0.865124780031
0.406598802236
0.030950902511
-0.913082392588
-0.637889002218
-0.764738096382
0.090957488921
-0.599671044820
-0.800234741559
-0.004358486601
-0.733717435010
-0.655391389565
0.179222911611
-0.711643842418
-0.697264047818
0.085941195995
-0.677256607830
-0.735669416456
-0.010676930393
-0.808452059457
-0.526115893632
0.263832018581
-0.798433915263
-0.576749383515
0.172810391970
-0.778019116051
-0.623220435325
0.079262500925
-0.746749562359
-0.664893028458
-0.016803327802
-0.702340912638
-0.702814032124
-0.113003002992
-0.779166823430
-0.588358835517
-0.216178032959
-0.836619448405
-0.502808198877
-0.217374823042
-0.855232569122
-0.491151186439
0.165371596026
-0.837245978339
-0.541954568402
0.072831432385
-0.809502097620
-0.586680019455
-0.022647488181
-0.768752173880
-0.628511590408
-0.118293177642
-0.828610071394
-0.546351528455
-0.122087497067
-0.881077836673
-0.456513939557
-0.123680510646
-0.889377239111
-0.452371848796
0.066089613168
-0.865124780031
-0.500828556669
-0.027016139635
-0.913082392588
-0.406598802236
-0.030950902511
0.628847723440
-0.770325913969
0.105586585286
0.543595567311
-0.834891292596
0.086373541944
0.714380176122
-0.667342472807
0.210511253741
0.640816249628
-0.741037907504
0.200542648470
0.557324837706
-0.809791326723
0.183376749999
0.780249368564
-0.543546115177
0.309464931020
0.717248862542
-0.626924505475
0.304170566652
0.645719974048
-0.704985801765
0.293327009368
0.565243848660
-0.777069728676
0.276879086114
0.476930586294
-0.842125275219
0.251718566447
0.396504588206
-0.824857103097
0.402982469845
0.397826076577
-0.773997416705
0.492607766615
0.713178779550
-0.578945256626
0.395219455784
0.645018027509
-0.660757975603
0.383862790416
0.567722942264
-0.736107755236
0.368559402957
0.482895658507
-0.805180632815
0.344232380138
0.484366082964
-0.759106013727
0.434910976635
0.481549848843
-0.703435815493
0.522769353120
0.637946828814
-0.607764388164
0.472912562832
0.565470409207
-0.686025142716
0.457834817235
0.557147329954
-0.626578768731
0.544964126618
-0.105586585286
-0.628847723440
-0.770325913969
-0.086373541944
-0.543595567311
-0.834891292596
-0.210511253741
-0.714380176122
-0.667342472807
-0.200542648470
-0.640816249628
-0.741037907503
-0.183376749999
-0.557324837706
-0.809791326723
-0.309464931020
-0.780249368564
-0.543546115177
-0.304170566652
-0.717248862542
-0.626924505475
-0.293327009368
-0.645719974048
-0.704985801765
-0.276879086114
-0.565243848660
-0.777069728676
-0.251718566447
-0.476930586294
-0.842125275219
-0.402982469845
-0.396504588206
-0.824857103097
-0.492607766615
-0.397826076577
-0.773997416705
-0.395219455784
-0.713178779550
-0.578945256626
-0.383862790416
-0.645018027509
-0.660757975603
-0.368559402957
-0.567722942264
-0.736107755236
-0.344232380138
-0.482895658507
-0.805180632815
-0.434910976635
-0.484366082964
-0.759106013727
-0.522769353120
-0.481549848843
-0.703435815493
-0.472912562832
-0.637946828814
-0.607764388164
-0.457834817235
-0.565470409207
-0.686025142716
-0.544964126618
-0.557147329954
-0.626578768731
0.105586585286
0.628847723440
-0.770325913969
0.086373541944
0.543595567311
-0.834891292596
0.210511253741
0.714380176122
-0.667342472807
0.200542648470
0.640816249628
-0.741037907504
0.183376749999
0.557324837706
-0.809791326723
0.309464931020
0.780249368564
-0.543546115177
0.304170566652
0.717248862542
-0.626924505475
0.293327009368
0.645719974048
-0.704985801765
0.276879086114
0.565243848660
-0.777069728676
0.251718566447
0.476930586294
-0.842125275219
0.402982469845
0.396504588206
-0.824857103097
0.492607766615
0.397826076577
-0.773997416705
0.395219455784
0.713178779550
-0.578945256626
0.383862790416
0.645018027509
-0.660757975603
0.368559402957
0.567722942264
-0.736107755236
0.344232380138
0.482895658507
-0.805180632815
0.434910976635
0.484366082964
-0.759106013727
0.522769353120
0.481549848843
-0.703435815493
0.472912562832
0.637946828814
-0.607764388164
0.457834817235
0.565470409207
-0.686025142716
0.544964126618
0.557147329954
-0.626578768731
-0.770325913969
-0.105586585286
-0.628847723440
-0.834891292596
-0.086373541944
-0.543595567311
-0.667342472807
-0.210511253741
-0.714380176122
-0.741037907504
-0.200542648470
-0.640816249628
-0.809791326723
-0.183376749999
-0.557324837706
-0.543546115177
-0.309464931020
-0.780249368564
-0.626924505475
-0.304170566652
-0.717248862542
-0.704985801765
-0.293327009368
-0.645719974048
-0.777069728676
-0.276879086114
-0.565243848660
-0.842125275219
-0.251718566447
-0.476930586294
-0.824857103097
-0.402982469845
-0.396504588206
-0.773997416705
-0.492607766615
-0.397826076577
-0.578945256626
-0.395219455784
-0.713178779550
-0.660757975603
-0.383862790416
-0.645018027509
-0.736107755236
-0.368559402957
-0.567722942264
-0.805180632815
-0.344232380138
-0.482895658507
-0.759106013727
-0.434910976635
-0.484366082964
-0.703435815493
-0.522769353120
-0.481549848843
-0.607764388164
-0.472912562832
-0.637946828814
-0.686025142716
-0.457834817235
-0.565470409207
-0.626578768731
-0.544964126618
-0.557147329954
-0.637889002218
0.764738096382
-0.090957488921
-0.599671044820
0.800234741559
0.004358486601
-0.733717435010
0.655391389565
-0.179222911611
-0.711643842418
0.697264047818
-0.085941195995
-0.677256607830
0.735669416456
0.010676930393
-0.808452059457
0.526115893632
-0.263832018581
-0.798433915263
0.576749383515
-0.172810391970
-0.778019116051
0.623220435325
-0.079262500925
-0.746749562359
0.664893028458
0.016803327802
-0.702340912638
0.702814032124
0.113003002992
-0.779166823430
0.588358835517
0.216178032959
-0.836619448405
0.502808198877
0.217374823042
-0.855232569122
0.491151186439
-0.165371596026
-0.837245978339
0.541954568402
-0.072831432385
-0.809502097620
0.586680019455
0.022647488181
-0.768752173880
0.628511590408
0.118293177642
-0.828610071394
0.546351528455
0.122087497067
-0.881077836673
0.456513939557
0.123680510646
-0.889377239111
0.452371848796
-0.066089613168
-0.865124780031
0.500828556669
0.027016139635
-0.913082392588
0.406598802236
0.030950902511
-0.090957488921
0.637889002218
-0.764738096382
0.004358486601
0.599671044820
-0.800234741559
-0.179222911611
0.733717435010
-0.655391389565
-0.085941195995
0.711643842418
-0.697264047818
0.010676930393
0.677256607830
-0.735669416456
-0.263832018581
0.808452059457
-0.526115893632
-0.172810391970
0.798433915263
-0.576749383515
-0.079262500925
0.778019116051
-0.623220435325
0.016803327802
0.746749562359
-0.664893028458
0.113003002992
0.702340912638
-0.702814032124
0.216178032959
0.779166823430
-0.588358835517
0.217374823042
0.836619448405
-0.502808198877
-0.165371596026
0.855232569122
-0.491151186439
-0.072831432385
0.837245978339
-0.541954568402
0.022647488181
0.809502097620
-0.586680019455
0.118293177642
0.768752173880
-0.628511590408
0.122087497067
0.828610071394
-0.546351528455
0.123680510646
0.881077836673
-0.456513939557
-0.066089613168
0.889377239111
-0.452371848796
0.027016139635
0.865124780031
-0.500828556669
0.030950902511
0.913082392588
-0.406598802236
0.161801404971
-0.481675414834
-0.861283402890
0.083679849085
-0.550647746772
-0.830532805994
0.321277104679
-0.424391413573
-0.846565384418
0.253657228629
-0.501760473475
-0.826979103498
0.176778044120
-0.574600473978
-0.799114396330
0.472522085824
-0.353360195179
-0.807378133759
0.410973262499
-0.437635774724
-0.799734897446
0.342313928973
-0.517470553517
-0.784248302691
0.266494058408
-0.592432204168
-0.760266400874
0.181878869767
-0.659773285966
-0.729122272227
0.269377097855
-0.746287993155
-0.608679070137
0.358262737677
-0.749545928556
-0.556622593664
0.497424722902
-0.445601916406
-0.744316852652
0.428875091079
-0.527174294461
-0.733589407988
0.354562485502
-0.604367347900
-0.713460267056
0.271123175718
-0.674298040569
-0.686887455173
0.359456753846
-0.681907802820
-0.637018516660
0.446330593795
-0.681669118814
-0.579755304847
0.513758190073
-0.531011588406
-0.673854001332
0.441137924696
-0.609183441382
-0.659009003080
0.525835416883
-0.607226942200
-0.595627866220
-0.870324681668
-0.156213587384
-0.467046318469
-0.886608283504
-0.049023298049
-0.459915718226
-0.865902643306
-0.309326021437
-0.393103071443
-0.897806696288
-0.209883368943
-0.387159020999
-0.919046166454
-0.102656133852
-0.380546793586
-0.835580824652
-0.455091864278
-0.307727282740
-0.880919950167
-0.360798140539
-0.306275600043
-0.916547444694
-0.260548562533
-0.303406045074
-0.941772114572
-0.154317358190
-0.298749790252
-0.954532598571
-0.042567626671
-0.295051716527
-0.991341305362
-0.032878830275
-0.127127490351
-0.995415965492
-0.087073519849
-0.039563338900
-0.886370642223
-0.409630652716
-0.215754056648
-0.925817358818
-0.310071683878
-0.216142936430
-0.955239422412
-0.205134749720
-0.213160456762
-0.972743970546
-0.094454133311
-0.211772482789
-0.981262505090
-0.146702268574
-0.124909329118
-0.979283292677
-0.199408717859
-0.035219255049
-0.925284411628
-0.358365650705
-0.124188638741
-0.958663373904
-0.255941338649
-0.124332484511
-0.951562928853
-0.305855450388
-0.031311913071
-0.161801404971
0.481675414834
-0.861283402890
-0.083679849085
0.550647746772
-0.830532805994
-0.321277104679
0.424391413573
-0.846565384418
-0.253657228629
0.501760473475
-0.826979103498
-0.176778044120
0.574600473978
-0.799114396330
-0.472522085824
0.353360195179
-0.807378133759
-0.410973262499
0.437635774724
-0.799734897446
-0.342313928973
0.517470553517
-0.784248302691
-0.266494058408
0.592432204168
-0.760266400874
-0.181878869767
0.659773285966
-0.729122272227
-0.269377097855
0.746287993155
-0.608679070137
-0.358262737677
0.749545928556
-0.556622593664
-0.497424722902
0.445601916406
-0.744316852652
-0.428875091079
0.527174294461
-0.733589407988
-0.354562485502
0.604367347900
-0.713460267056
-0.271123175718
0.674298040569
-0.686887455173
-0.359456753846
0.681907802820
-0.637018516660
-0.446330593795
0.681669118814
-0.579755304847
-0.513758190073
0.531011588406
-0.673854001332
-0.441137924696
0.609183441382
-0.659009003080
-0.525835416883
0.607226942200
-0.595627866220
0.870324681668
0.156213587384
-0.467046318469
0.886608283504
0.049023298049
-0.459915718226
0.865902643306
0.309326021437
-0.393103071443
0.897806696288
0.209883368943
-0.387159020999
0.919046166454
0.102656133852
-0.380546793586
0.835580824652
0.455091864278
-0.307727282740
0.880919950167
0.360798140539
-0.306275600043
0.916547444694
0.260548562533
-0.303406045074
0.941772114572
0.154317358190
-0.298749790252
0.954532598571
0.042567626671
-0.295051716527
0.991341305362
0.032878830275
-0.127127490351
0.995415965492
0.087073519849
-0.039563338900
0.886370642223
0.409630652716
-0.215754056648
0.925817358818
0.310071683878
-0.216142936430
0.955239422412
0.205134749720
-0.213160456762
0.972743970546
0.094454133311
-0.211772482789
0.981262505090
0.146702268574
-0.124909329118
0.979283292677
0.199408717859
-0.035219255049
0.925284411628
0.358365650705
-0.124188638741
0.958663373904
0.255941338649
-0.124332484511
0.951562928853
0.305855450388
-0.031311913071
0.090957488921
-0.637889002218
-0.764738096382
-0.004358486601
-0.599671044820
-0.800234741559
0.179222911611
-0.733717435010
-0.655391389565
0.085941195995
-0.711643842418
-0.697264047818
-0.010676930393
-0.677256607830
-0.735669416456
0.263832018581
-0.808452059457
-0.526115893632
0.172810391970
-0.798433915263
-0.576749383515
0.079262500925
-0.778019116051
-0.623220435325
-0.016803327802
-0.746749562359
-0.664893028458
-0.113003002992
-0.702340912638
-0.702814032124
-0.216178032959
-0.779166823430
-0.588358835517
-0.217374823042
-0.836619448405
-0.502808198877
0.165371596026
-0.855232569122
-0.491151186439
0.072831432385
-0.837245978339
-0.541954568402
-0.022647488181
-0.809502097620
-0.586680019455
-0.118293177642
-0.768752173880
-0.628511590408
-0.122087497067
-0.828610071394
-0.546351528455
-0.123680510646
-0.881077836673
-0.456513939557
0.066089613168
-0.889377239111
-0.452371848796
-0.027016139635
-0.865124780031
-0.500828556669
-0.030950902511
-0.913082392588
-0.406598802236
0.770325913969
0.105586585286
-0.628847723440
0.834891292596
0.086373541944
-0.543595567311
0.667342472807
0.210511253741
-0.714380176122
0.741037907504
0.200542648470
-0.640816249628
0.809791326723
0.183376749999
-0.557324837706
0.543546115177
0.309464931020
-0.780249368564
0.626924505475
0.304170566652
-0.717248862542
0.704985801765
0.293327009368
-0.645719974048
0.777069728676
0.276879086114
-0.565243848660
0.842125275219
0.251718566447
-0.476930586294
0.824857103097
0.402982469845
-0.396504588206
0.773997416705
0.492607766615
-0.397826076577
0.578945256626
0.395219455784
-0.713178779550
0.660757975603
0.383862790416
-0.645018027509
0.736107755236
0.368559402957
-0.567722942264
0.805180632815
0.344232380138
-0.482895658507
0.759106013727
0.434910976635
-0.484366082964
0.703435815493
0.522769353120
-0.481549848843
0.607764388164
0.472912562832
-0.637946828814
0.686025142716
0.457834817235
-0.565470409207
0.626578768731
0.544964126618
-0.557147329954
-0.926539501353
0.009041278778
-0.376088829548
-0.883914590644
0.056075477509
-0.464274204827
-0.976668494244
0.019337258888
-0.213880159832
-0.950921276447
0.070827592790
-0.301217825005
-0.912447460576
0.119931770124
-0.391223723979
-0.998637979455
0.028202690893
-0.043895264158
-0.987722646014
0.081185052721
-0.133465208072
-0.965534364299
0.132299142003
-0.224143544149
-0.931387086866
0.181505713698
-0.315553118054
-0.884692901891
0.225410326344
-0.408054719519
-0.857735933372
0.382662235225
-0.343305523311
-0.861070936554
0.438793371828
-0.256938161942
-0.988575909341
0.142053789572
-0.050382460622
-0.970829659481
0.192227950830
-0.143311504045
-0.941242504957
0.241779155356
-0.235807944943
-0.899634766126
0.285856515373
-0.330065660431
-0.905808282301
0.344243988430
-0.246996826185
-0.902844533352
0.399527987830
-0.158899765695
-0.966130038869
0.251430410296
-0.058099025573
-0.941966481365
0.299654370824
-0.151348624147
-0.932434219119
0.355935062634
-0.062262815583
0.009041278778
-0.376088829548
-0.926539501353
0.056075477509
-0.464274204827
-0.883914590644
0.019337258888
-0.213880159832
-0.976668494244
0.070827592790
-0.301217825005
-0.950921276447
0.119931770124
-0.391223723979
-0.912447460576
0.028202690893
-0.043895264158
-0.998637979455
0.081185052721
-0.133465208072
-0.987722646014
0.132299142003
-0.224143544149
-0.965534364299
0.181505713698
-0.315553118054
-0.931387086866
0.225410326344
-0.408054719519
-0.884692901891
0.382662235225
-0.343305523311
-0.857735933372
0.438793371828
-0.256938161942
-0.861070936554
0.142053789572
-0.050382460622
-0.988575909341
0.192227950830
-0.143311504045
-0.970829659481
0.241779155356
-0.235807944943
-0.941242504957
0.285856515373
-0.330065660431
-0.899634766126
0.344243988430
-0.246996826185
-0.905808282301
0.399527987830
-0.158899765695
-0.902844533352
0.251430410296
-0.058099025573
-0.966130038869
0.299654370824
-0.151348624147
-0.941966481365
0.355935062634
-0.062262815583
-0.932434219119
0.481675414834
-0.861283402890
-0.161801404971
0.550647746772
-0.830532805994
-0.083679849085
0.424391413573
-0.846565384418
-0.321277104679
0.501760473475
-0.826979103498
-0.253657228629
0.574600473978
-0.799114396330
-0.176778044120
0.353360195179
-0.807378133759
-0.472522085824
0.437635774724
-0.799734897446
-0.410973262499
0.517470553517
-0.784248302691
-0.342313928973
0.592432204168
-0.760266400874
-0.266494058408
0.659773285966
-0.729122272227
-0.181878869767
0.746287993155
-0.608679070137
-0.269377097855
0.749545928556
-0.556622593664
-0.358262737677
0.445601916406
-0.744316852652
-0.497424722902
0.527174294461
-0.733589407988
-0.428875091079
0.604367347900
-0.713460267056
-0.354562485502
0.674298040569
-0.686887455173
-0.271123175718
0.681907802820
-0.637018516660
-0.359456753846
0.681669118814
-0.579755304847
-0.446330593795
0.531011588406
-0.673854001332
-0.513758190073
0.609183441382
-0.659009003080
-0.441137924696
0.607226942200
-0.595627866220
-0.525835416883
-0.481675414834
-0.861283402890
0.161801404971
-0.550647746772
-0.830532805994
0.083679849085
-0.424391413573
-0.846565384418
0.321277104679
-0.501760473475
-0.826979103498
0.253657228629
-0.574600473978
-0.799114396330
0.176778044120
-0.353360195179
-0.807378133759
0.472522085824
-0.437635774724
-0.799734897446
0.410973262499
-0.517470553517
-0.784248302691
0.342313928973
-0.592432204168
-0.760266400874
0.266494058408
-0.659773285966
-0.729122272227
0.181878869767
-0.746287993155
-0.608679070137
0.269377097855
-0.749545928556
-0.556622593664
0.358262737677
-0.445601916406
-0.744316852652
0.497424722902
-0.527174294461
-0.733589407988
0.428875091079
-0.604367347900
-0.713460267056
0.354562485502
-0.674298040569
-0.686887455173
0.271123175718
-0.681907802820
-0.637018516660
0.359456753846
-0.681669118814
-0.579755304847
0.446330593795
-0.531011588406
-0.673854001332
0.513758190073
-0.609183441382
-0.659009003080
0.441137924696
-0.607226942200
-0.595627866220
0.525835416883
-0.376088829548
-0.926539501353
0.009041278778
-0.464274204827
-0.883914590644
0.056075477509
-0.213880159832
-0.976668494244
0.019337258888
-0.301217825005
-0.950921276447
0.070827592790
-0.391223723979
-0.912447460576
0.119931770124
-0.043895264158
-0.998637979455
0.028202690893
-0.133465208072
-0.987722646014
0.081185052721
-0.224143544149
-0.965534364299
0.132299142003
-0.315553118054
-0.931387086866
0.181505713698
-0.408054719519
-0.884692901891
0.225410326344
-0.343305523311
-0.857735933372
0.382662235225
-0.256938161942
-0.861070936554
0.438793371828
-0.050382460622
-0.988575909341
0.142053789572
-0.143311504045
-0.970829659481
0.192227950830
-0.235807944943
-0.941242504957
0.241779155356
-0.330065660431
-0.899634766126
0.285856515373
-0.246996826185
-0.905808282301
0.344243988430
-0.158899765695
-0.902844533352
0.399527987830
-0.058099025573
-0.966130038869
0.251430410296
-0.151348624147
-0.941966481365
0.299654370824
-0.062262815583
-0.932434219119
0.355935062634
0.376088829548
0.926539501353
0.009041278778
0.464274204827
0.883914590644
0.056075477509
0.213880159832
0.976668494244
0.019337258888
0.301217825005
0.950921276447
0.070827592790
0.391223723979
0.912447460576
0.119931770124
0.043895264158
0.998637979455
0.028202690893
0.133465208072
0.987722646014
0.081185052721
0.224143544149
0.965534364299
0.132299142003
0.315553118054
0.931387086866
0.181505713698
0.408054719519
0.884692901891
0.225410326344
0.343305523311
0.857735933372
0.382662235225
0.256938161942
0.861070936554
0.438793371828
0.050382460622
0.988575909341
0.142053789572
0.143311504045
0.970829659481
0.192227950830
0.235807944943
0.941242504957
0.241779155356
0.330065660431
0.899634766126
0.285856515373
0.246996826185
0.905808282301
0.344243988430
0.158899765695
0.902844533352
0.399527987830
0.058099025573
0.966130038869
0.251430410296
0.151348624147
0.941966481365
0.299654370824
0.062262815583
0.932434219119
0.355935062634
-0.156213587384
-0.467046318469
-0.870324681668
-0.049023298049
-0.459915718226
-0.886608283504
-0.309326021437
-0.393103071443
-0.865902643306
-0.209883368943
-0.387159020999
-0.897806696288
-0.102656133852
-0.380546793586
-0.919046166454
-0.455091864278
-0.307727282740
-0.835580824652
-0.360798140539
-0.306275600043
-0.880919950167
-0.260548562533
-0.303406045074
-0.916547444694
-0.154317358190
-0.298749790252
-0.941772114572
-0.042567626671
-0.295051716527
-0.954532598571
-0.032878830275
-0.127127490351
-0.991341305362
-0.087073519849
-0.039563338900
-0.995415965492
-0.409630652716
-0.215754056648
-0.886370642223
-0.310071683878
-0.216142936430
-0.925817358818
-0.205134749720
-0.213160456762
-0.955239422412
-0.094454133311
-0.211772482789
-0.972743970546
-0.146702268574
-0.124909329118
-0.981262505090
-0.199408717859
-0.035219255049
-0.979283292677
-0.358365650705
-0.124188638741
-0.925284411628
-0.255941338649
-0.124332484511
-0.958663373904
-0.305855450388
-0.031311913071
-0.951562928853
0.637889002218
-0.764738096382
-0.090957488921
0.599671044820
-0.800234741559
0.004358486601
0.733717435010
-0.655391389565
-0.179222911611
0.711643842418
-0.697264047818
-0.085941195995
0.677256607830
-0.735669416456
0.010676930393
0.808452059457
-0.526115893632
-0.263832018581
0.798433915263
-0.576749383515
-0.172810391970
0.778019116051
-0.623220435325
-0.079262500925
0.746749562359
-0.664893028458
0.016803327802
0.702340912638
-0.702814032124
0.113003002992
0.779166823430
-0.588358835517
0.216178032959
0.836619448405
-0.502808198877
0.217374823042
0.855232569122
-0.491151186439
-0.165371596026
0.837245978339
-0.541954568402
-0.072831432385
0.809502097620
-0.586680019455
0.022647488181
0.768752173880
-0.628511590408
0.118293177642
0.828610071394
-0.546351528455
0.122087497067
0.881077836673
-0.456513939557
0.123680510646
0.889377239111
-0.452371848796
-0.066089613168
0.865124780031
-0.500828556669
0.027016139635
0.913082392588
-0.406598802236
0.030950902511
