0.768599967938
0.588809099048
0.250115841489
0.718571689911
0.669449083973
0.188394932061
0.458032594528
0.865755489096
0.201676908569
0.497143207118
0.862550890539
0.094098846152
0.566003375221
0.804481614847
0.180137476978
0.628913141787
0.737434179988
0.246290662172
0.683656708803
0.661321024876
0.308655158009
0.729206865653
0.576575357933
0.368535213662
0.425389555749
0.764344782103
0.484583099099
0.478085984942
0.788370719645
0.387176186521
0.525397265796
0.801410509739
0.285830208296
0.585928299464
0.727773532737
0.356417890873
0.637562538031
0.645737250336
0.420163555807
0.678865428083
0.555828638375
0.479787719014
0.535476528108
0.708829874638
0.459156941214
0.583570952062
0.620414448902
0.523956921420
0.525731112119
0.850650808352
0.000000000000
0.000000000000
0.525731112119
-0.850650808352
-0.525731112119
0.850650808352
0.000000000000
0.000000000000
0.525731112119
0.850650808352
0.850650808352
-0.000000000000
0.525731112119
-0.850650808352
-0.000000000000
0.525731112119
-0.000000000000
-0.525731112119
0.850650808352
-0.850650808352
-0.000000000000
-0.525731112119
-0.525731112119
-0.850650808352
0.000000000000
0.850650808352
-0.000000000000
-0.525731112119
0.525731112119
-0.850650808352
0.000000000000
0.000000000000
-0.525731112119
-0.850650808352
1.000000000000
0.000000000000
0.000000000000
-0.500000000000
-0.309016994375
-0.809016994375
-1.000000000000
0.000000000000
0.000000000000
0.500000000000
-0.309016994375
0.809016994375
0.500000000000
0.309016994375
-0.809016994375
-0.500000000000
0.309016994375
-0.809016994375
-0.500000000000
-0.309016994375
0.809016994375
0.809016994375
-0.500000000000
-0.309016994375
-0.309016994375
-0.809016994375
0.500000000000
-0.309016994375
0.809016994375
-0.500000000000
-0.809016994375
0.500000000000
0.309016994375
0.000000000000
-1.000000000000
0.000000000000
0.809016994375
0.500000000000
-0.309016994375
-0.000000000000
1.000000000000
0.000000000000
-0.809016994375
-0.500000000000
0.309016994375
0.809016994375
0.500000000000
0.309016994375
0.309016994375
0.809016994375
-0.500000000000
-0.309016994375
-0.809016994375
-0.500000000000
0.000000000000
-0.000000000000
1.000000000000
0.309016994375
0.809016994375
0.500000000000
0.000000000000
0.000000000000
-1.000000000000
0.309016994375
-0.809016994375
0.500000000000
-0.309016994375
0.809016994375
0.500000000000
0.309016994375
-0.809016994375
-0.500000000000
-0.809016994375
0.500000000000
-0.309016994375
-0.809016994375
-0.500000000000
-0.309016994375
0.809016994375
-0.500000000000
0.309016994375
0.500000000000
0.309016994375
0.809016994375
0.500000000000
-0.309016994375
-0.809016994375
-0.500000000000
0.309016994375
0.809016994375
0.000000000406
0.113788194859
-0.993505031044
0.000000000552
0.225347355913
-0.974278486462
0.201676908245
0.458032593681
-0.865755489620
0.094098845819
0.497143206246
-0.862550891078
0.111331083238
0.385865897767
-0.915812698561
0.112676454209
0.279106603959
-0.953626509852
0.112238349253
0.169430827519
-0.979130097404
0.111719402190
0.056854342373
-0.992112069742
0.415536711715
0.244623766778
-0.876064183690
0.317809072480
0.296480522681
-0.900609067865
0.216192330099
0.343082933773
-0.914086963565
0.220278370755
0.229510408584
-0.948051903499
0.220681972303
0.115312972291
-0.968505232573
0.220484199551
0.000000000727
-0.975390546268
0.322767981857
0.178405596822
-0.929511846568
0.323823185985
0.059614030397
-0.944237635131
-0.768599967938
0.588809099048
-0.250115841489
-0.718571689911
0.669449083973
-0.188394932061
-0.458032594528
0.865755489096
-0.201676908569
-0.497143207118
0.862550890539
-0.094098846152
-0.566003375221
0.804481614847
-0.180137476978
-0.628913141787
0.737434179988
-0.246290662172
-0.683656708803
0.661321024876
-0.308655158009
-0.729206865653
0.576575357933
-0.368535213662
-0.425389555749
0.764344782103
-0.484583099099
-0.478085984942
0.788370719645
-0.387176186521
-0.525397265796
0.801410509739
-0.285830208296
-0.585928299464
0.727773532737
-0.356417890873
-0.637562538031
0.645737250336
-0.420163555807
-0.678865428083
0.555828638375
-0.479787719014
-0.535476528108
0.708829874638
-0.459156941214
-0.583570952062
0.620414448902
-0.523956921420
-0.000000000406
0.113788194859
0.993505031044
-0.000000000552
0.225347355913
0.974278486462
-0.201676908245
0.458032593681
0.865755489620
-0.094098845819
0.497143206246
0.862550891078
-0.111331083238
0.385865897767
0.915812698561
-0.112676454209
0.279106603959
0.953626509852
-0.112238349253
0.169430827519
0.979130097404
-0.111719402190
0.056854342373
0.992112069742
-0.415536711715
0.244623766778
0.876064183690
-0.317809072480
0.296480522681
0.900609067865
-0.216192330099
0.343082933773
0.914086963565
-0.220278370755
0.229510408584
0.948051903499
-0.220681972303
0.115312972291
0.968505232573
-0.220484199551
0.000000000727
0.975390546268
-0.322767981857
0.178405596822
0.929511846568
-0.323823185985
0.059614030397
0.944237635131
0.768599968344
0.588809098797
-0.250115840831
0.718571690463
0.669449083631
-0.188394931168
0.659709502773
0.741112305054
0.124643183718
0.591242052937
0.804394605521
0.058156284685
0.677334458459
0.735675221401
-0.000000000294
0.741589595996
0.667796301555
-0.063976329530
0.795895058056
0.591953910196
-0.127049694076
0.840926267844
0.507528970176
-0.187769423715
0.840926267464
0.507528970690
0.187769424030
0.795895057421
0.591953910920
0.127049694685
0.741589595895
0.667796301631
0.063976329912
0.806206670220
0.591634012624
-0.000000000004
0.858244510335
0.509348290748
-0.063092623915
0.899349627634
0.419561909070
-0.123036790157
0.858244509966
0.509348291370
0.063092623911
0.907394138046
0.420280713618
-0.000000000151
-0.363904035691
0.838924940286
-0.404695931996
-0.413742287080
0.857844015692
-0.304829402489
-0.333389409963
0.942789213623
-0.000000000524
-0.438986921561
0.898493451673
-0.000000000539
-0.385865898061
0.915812698379
-0.111331083714
-0.343082933489
0.914086963727
-0.216192329865
-0.296480521595
0.900609068205
-0.317809072528
-0.244623766088
0.876064183838
-0.415536711809
-0.056854342748
0.992112069788
-0.111719401587
-0.169430827996
0.979130097440
-0.112238348220
-0.279106603861
0.953626509926
-0.112676453826
-0.229510408589
0.948051903497
-0.220278370762
-0.178405596206
0.929511846554
-0.322767982238
-0.123036790885
0.899349628084
-0.419561907893
-0.115312972910
0.968505232585
-0.220681971930
-0.059614030548
0.944237635038
-0.323823186229
-0.404695932247
0.363904036348
0.838924939880
-0.304829402831
0.413742287974
0.857844015140
-0.124643184565
0.659709502250
0.741112305378
-0.058156285557
0.591242052398
0.804394605854
-0.180137477160
0.566003374745
0.804481615141
-0.285830208298
0.525397266131
0.801410509518
-0.387176187208
0.478085985528
0.788370718952
-0.484583099566
0.425389556034
0.764344781648
-0.368535213000
0.729206865877
0.576575358073
-0.308655156945
0.683656709201
0.661321024961
-0.246290661935
0.628913142068
0.737434179827
-0.356417890876
0.585928299457
0.727773532741
-0.459156941826
0.535476528097
0.708829874251
-0.555828637198
0.479787719741
0.678865428532
-0.420163555198
0.637562538036
0.645737250727
-0.523956921513
0.583570951817
0.620414449053
0.838924939880
-0.404695932247
0.363904036348
0.857844015140
-0.304829402831
0.413742287974
0.741112305378
-0.124643184565
0.659709502250
0.804394605854
-0.058156285557
0.591242052398
0.804481615141
-0.180137477160
0.566003374745
0.801410509518
-0.285830208298
0.525397266131
0.788370718952
-0.387176187208
0.478085985528
0.764344781648
-0.484583099566
0.425389556034
0.576575358073
-0.368535213000
0.729206865877
0.661321024961
-0.308655156945
0.683656709201
0.737434179827
-0.246290661935
0.628913142068
0.727773532741
-0.356417890876
0.585928299457
0.708829874251
-0.459156941826
0.535476528097
0.678865428532
-0.555828637198
0.479787719741
0.645737250727
-0.420163555198
0.637562538036
0.620414449053
-0.523956921513
0.583570951817
-0.838924940286
-0.404695931996
0.363904035691
-0.857844015692
-0.304829402489
0.413742287080
-0.942789213623
-0.000000000524
0.333389409963
-0.898493451673
-0.000000000539
0.438986921561
-0.915812698379
-0.111331083714
0.385865898061
-0.914086963727
-0.216192329865
0.343082933489
-0.900609068205
-0.317809072528
0.296480521595
-0.876064183838
-0.415536711809
0.244623766088
-0.992112069788
-0.111719401587
0.056854342748
-0.979130097440
-0.112238348220
0.169430827996
-0.953626509926
-0.112676453826
0.279106603861
-0.948051903497
-0.220278370762
0.229510408589
-0.929511846554
-0.322767982238
0.178405596206
-0.899349628084
-0.419561907893
0.123036790885
-0.968505232585
-0.220681971930
0.115312972910
-0.944237635038
-0.323823186229
0.059614030548
0.363904036348
0.838924939880
-0.404695932247
0.413742287974
0.857844015140
-0.304829402831
0.659709502250
0.741112305378
-0.124643184565
0.591242052398
0.804394605854
-0.058156285557
0.566003374745
0.804481615141
-0.180137477160
0.525397266131
0.801410509518
-0.285830208298
0.478085985528
0.788370718952
-0.387176187208
0.425389556034
0.764344781648
-0.484583099566
0.729206865877
0.576575358073
-0.368535213000
0.683656709201
0.661321024961
-0.308655156945
0.628913142068
0.737434179827
-0.246290661935
0.585928299457
0.727773532741
-0.356417890876
0.535476528097
0.708829874251
-0.459156941826
0.479787719741
0.678865428532
-0.555828637198
0.637562538036
0.645737250727
-0.420163555198
0.583570951817
0.620414449053
-0.523956921513
-0.250115840831
0.768599968344
0.588809098797
-0.188394931168
0.718571690463
0.669449083631
0.124643183718
0.659709502773
0.741112305054
0.058156284685
0.591242052937
0.804394605521
-0.000000000294
0.677334458459
0.735675221401
-0.063976329530
0.741589595996
0.667796301555
-0.127049694076
0.795895058056
0.591953910196
-0.187769423715
0.840926267844
0.507528970176
0.187769424030
0.840926267464
0.507528970690
0.127049694685
0.795895057421
0.591953910920
0.063976329912
0.741589595895
0.667796301631
-0.000000000004
0.806206670220
0.591634012624
-0.063092623915
0.858244510335
0.509348290748
-0.123036790157
0.899349627634
0.419561909070
0.063092623911
0.858244509966
0.509348291370
-0.000000000151
0.907394138046
0.420280713618
-0.250115841489
-0.768599967938
0.588809099048
-0.188394932061
-0.718571689911
0.669449083973
-0.201676908569
-0.458032594528
0.865755489096
-0.094098846152
-0.497143207118
0.862550890539
-0.180137476978
-0.566003375221
0.804481614847
-0.246290662172
-0.628913141787
0.737434179988
-0.308655158009
-0.683656708803
0.661321024876
-0.368535213662
-0.729206865653
0.576575357933
-0.484583099099
-0.425389555749
0.764344782103
-0.387176186521
-0.478085984942
0.788370719645
-0.285830208296
-0.525397265796
0.801410509739
-0.356417890873
-0.585928299464
0.727773532737
-0.420163555807
-0.637562538031
0.645737250336
-0.479787719014
-0.678865428083
0.555828638375
-0.459156941214
-0.535476528108
0.708829874638
-0.523956921420
-0.583570952062
0.620414448902
0.993505031044
-0.000000000406
0.113788194859
0.974278486462
-0.000000000552
0.225347355913
0.865755489620
-0.201676908245
0.458032593681
0.862550891078
-0.094098845819
0.497143206246
0.915812698561
-0.111331083238
0.385865897767
0.953626509852
-0.112676454209
0.279106603959
0.979130097404
-0.112238349253
0.169430827519
0.992112069742
-0.111719402190
0.056854342373
0.876064183690
-0.415536711715
0.244623766778
0.900609067865
-0.317809072480
0.296480522681
0.914086963565
-0.216192330099
0.343082933773
0.948051903499
-0.220278370755
0.229510408584
0.968505232573
-0.220681972303
0.115312972291
0.975390546268
-0.220484199551
0.000000000727
0.929511846568
-0.322767981857
0.178405596822
0.944237635131
-0.323823185985
0.059614030397
0.250115841489
0.768599967938
0.588809099048
0.188394932061
0.718571689911
0.669449083973
0.201676908569
0.458032594528
0.865755489096
0.094098846152
0.497143207118
0.862550890539
0.180137476978
0.566003375221
0.804481614847
0.246290662172
0.628913141787
0.737434179988
0.308655158009
0.683656708803
0.661321024876
0.368535213662
0.729206865653
0.576575357933
0.484583099099
0.425389555749
0.764344782103
0.387176186521
0.478085984942
0.788370719645
0.285830208296
0.525397265796
0.801410509739
0.356417890873
0.585928299464
0.727773532737
0.420163555807
0.637562538031
0.645737250336
0.479787719014
0.678865428083
0.555828638375
0.459156941214
0.535476528108
0.708829874638
0.523956921420
0.583570952062
0.620414448902
-0.404695931996
-0.363904035691
0.838924940286
-0.304829402489
-0.413742287080
0.857844015692
-0.000000000524
-0.333389409963
0.942789213623
-0.000000000539
-0.438986921561
0.898493451673
-0.111331083714
-0.385865898061
0.915812698379
-0.216192329865
-0.343082933489
0.914086963727
-0.317809072528
-0.296480521595
0.900609068205
-0.415536711809
-0.244623766088
0.876064183838
-0.111719401587
-0.056854342748
0.992112069788
-0.112238348220
-0.169430827996
0.979130097440
-0.112676453826
-0.279106603861
0.953626509926
-0.220278370762
-0.229510408589
0.948051903497
-0.322767982238
-0.178405596206
0.929511846554
-0.419561907893
-0.123036790885
0.899349628084
-0.220681971930
-0.115312972910
0.968505232585
-0.323823186229
-0.059614030548
0.944237635038
0.404695931996
0.363904035691
0.838924940286
0.304829402489
0.413742287080
0.857844015692
0.000000000524
0.333389409963
0.942789213623
0.000000000539
0.438986921561
0.898493451673
0.111331083714
0.385865898061
0.915812698379
0.216192329865
0.343082933489
0.914086963727
0.317809072528
0.296480521595
0.900609068205
0.415536711809
0.244623766088
0.876064183838
0.111719401587
0.056854342748
0.992112069788
0.112238348220
0.169430827996
0.979130097440
0.112676453826
0.279106603861
0.953626509926
0.220278370762
0.229510408589
0.948051903497
0.322767982238
0.178405596206
0.929511846554
0.419561907893
0.123036790885
0.899349628084
0.220681971930
0.115312972910
0.968505232585
0.323823186229
0.059614030548
0.944237635038
-0.113788194859
0.993505031044
0.000000000406
-0.225347355913
0.974278486462
0.000000000552
-0.458032593681
0.865755489620
0.201676908245
-0.497143206246
0.862550891078
0.094098845819
-0.385865897767
0.915812698561
0.111331083238
-0.279106603959
0.953626509852
0.112676454209
-0.169430827519
0.979130097404
0.112238349253
-0.056854342373
0.992112069742
0.111719402190
-0.244623766778
0.876064183690
0.415536711715
-0.296480522681
0.900609067865
0.317809072480
-0.343082933773
0.914086963565
0.216192330099
-0.229510408584
0.948051903499
0.220278370755
-0.115312972291
0.968505232573
0.220681972303
-0.000000000727
0.975390546268
0.220484199551
-0.178405596822
0.929511846568
0.322767981857
-0.059614030397
0.944237635131
0.323823185985
-0.588809098797
-0.250115840831
-0.768599968344
-0.669449083631
-0.188394931168
-0.718571690463
-0.741112305054
0.124643183718
-0.659709502773
-0.804394605521
0.058156284685
-0.591242052937
-0.735675221401
-0.000000000294
-0.677334458459
-0.667796301555
-0.063976329530
-0.741589595996
-0.591953910196
-0.127049694076
-0.795895058056
-0.507528970176
-0.187769423715
-0.840926267844
-0.507528970690
0.187769424030
-0.840926267464
-0.591953910920
0.127049694685
-0.795895057421
-0.667796301631
0.063976329912
-0.741589595895
-0.591634012624
-0.000000000004
-0.806206670220
-0.509348290748
-0.063092623915
-0.858244510335
-0.419561909070
-0.123036790157
-0.899349627634
-0.509348291370
0.063092623911
-0.858244509966
-0.420280713618
-0.000000000151
-0.907394138046
-0.588809099048
-0.250115841489
0.768599967938
-0.669449083973
-0.188394932061
0.718571689911
-0.865755489096
-0.201676908569
0.458032594528
-0.862550890539
-0.094098846152
0.497143207118
-0.804481614847
-0.180137476978
0.566003375221
-0.737434179988
-0.246290662172
0.628913141787
-0.661321024876
-0.308655158009
0.683656708803
-0.576575357933
-0.368535213662
0.729206865653
-0.764344782103
-0.484583099099
0.425389555749
-0.788370719645
-0.387176186521
0.478085984942
-0.801410509739
-0.285830208296
0.525397265796
-0.727773532737
-0.356417890873
0.585928299464
-0.645737250336
-0.420163555807
0.637562538031
-0.555828638375
-0.479787719014
0.678865428083
-0.708829874638
-0.459156941214
0.535476528108
-0.620414448902
-0.523956921420
0.583570952062
-0.363904036348
0.838924939880
0.404695932247
-0.413742287974
0.857844015140
0.304829402831
-0.659709502250
0.741112305378
0.124643184565
-0.591242052398
0.804394605854
0.058156285557
-0.566003374745
0.804481615141
0.180137477160
-0.525397266131
0.801410509518
0.285830208298
-0.478085985528
0.788370718952
0.387176187208
-0.425389556034
0.764344781648
0.484583099566
-0.729206865877
0.576575358073
0.368535213000
-0.683656709201
0.661321024961
0.308655156945
-0.628913142068
0.737434179827
0.246290661935
-0.585928299457
0.727773532741
0.356417890876
-0.535476528097
0.708829874251
0.459156941826
-0.479787719741
0.678865428532
0.555828637198
-0.637562538036
0.645737250727
0.420163555198
-0.583570951817
0.620414449053
0.523956921513
-0.588809099048
0.250115841489
-0.768599967938
-0.669449083973
0.188394932061
-0.718571689911
-0.865755489096
0.201676908569
-0.458032594528
-0.862550890539
0.094098846152
-0.497143207118
-0.804481614847
0.180137476978
-0.566003375221
-0.737434179988
0.246290662172
-0.628913141787
-0.661321024876
0.308655158009
-0.683656708803
-0.576575357933
0.368535213662
-0.729206865653
-0.764344782103
0.484583099099
-0.425389555749
-0.788370719645
0.387176186521
-0.478085984942
-0.801410509739
0.285830208296
-0.525397265796
-0.727773532737
0.356417890873
-0.585928299464
-0.645737250336
0.420163555807
-0.637562538031
-0.555828638375
0.479787719014
-0.678865428083
-0.708829874638
0.459156941214
-0.535476528108
-0.620414448902
0.523956921420
-0.583570952062
-0.113788194859
-0.993505031044
-0.000000000406
-0.225347355913
-0.974278486462
-0.000000000552
-0.458032593681
-0.865755489620
-0.201676908245
-0.497143206246
-0.862550891078
-0.094098845819
-0.385865897767
-0.915812698561
-0.111331083238
-0.279106603959
-0.953626509852
-0.112676454209
-0.169430827519
-0.979130097404
-0.112238349253
-0.056854342373
-0.992112069742
-0.111719402190
-0.244623766778
-0.876064183690
-0.415536711715
-0.296480522681
-0.900609067865
-0.317809072480
-0.343082933773
-0.914086963565
-0.216192330099
-0.229510408584
-0.948051903499
-0.220278370755
-0.115312972291
-0.968505232573
-0.220681972303
-0.000000000727
-0.975390546268
-0.220484199551
-0.178405596822
-0.929511846568
-0.322767981857
-0.059614030397
-0.944237635131
-0.323823185985
0.588809098797
-0.250115840831
0.768599968344
0.669449083631
-0.188394931168
0.718571690463
0.741112305054
0.124643183718
0.659709502773
0.804394605521
0.058156284685
0.591242052937
0.735675221401
-0.000000000294
0.677334458459
0.667796301555
-0.063976329530
0.741589595996
0.591953910196
-0.127049694076
0.795895058056
0.507528970176
-0.187769423715
0.840926267844
0.507528970690
0.187769424030
0.840926267464
0.591953910920
0.127049694685
0.795895057421
0.667796301631
0.063976329912
0.741589595895
0.591634012624
-0.000000000004
0.806206670220
0.509348290748
-0.063092623915
0.858244510335
0.419561909070
-0.123036790157
0.899349627634
0.509348291370
0.063092623911
0.858244509966
0.420280713618
-0.000000000151
0.907394138046
0.588809099048
-0.250115841489
-0.768599967938
0.669449083973
-0.188394932061
-0.718571689911
0.865755489096
-0.201676908569
-0.458032594528
0.862550890539
-0.094098846152
-0.497143207118
0.804481614847
-0.180137476978
-0.566003375221
0.737434179988
-0.246290662172
-0.628913141787
0.661321024876
-0.308655158009
-0.683656708803
0.576575357933
-0.368535213662
-0.729206865653
0.764344782103
-0.484583099099
-0.425389555749
0.788370719645
-0.387176186521
-0.478085984942
0.801410509739
-0.285830208296
-0.525397265796
0.727773532737
-0.356417890873
-0.585928299464
0.645737250336
-0.420163555807
-0.637562538031
0.555828638375
-0.479787719014
-0.678865428083
0.708829874638
-0.459156941214
-0.535476528108
0.620414448902
-0.523956921420
-0.583570952062
0.113788194859
0.993505031044
-0.000000000406
0.225347355913
0.974278486462
-0.000000000552
0.458032593681
0.865755489620
-0.201676908245
0.497143206246
0.862550891078
-0.094098845819
0.385865897767
0.915812698561
-0.111331083238
0.279106603959
0.953626509852
-0.112676454209
0.169430827519
0.979130097404
-0.112238349253
0.056854342373
0.992112069742
-0.111719402190
0.244623766778
0.876064183690
-0.415536711715
0.296480522681
0.900609067865
-0.317809072480
0.343082933773
0.914086963565
-0.216192330099
0.229510408584
0.948051903499
-0.220278370755
0.115312972291
0.968505232573
-0.220681972303
0.000000000727
0.975390546268
-0.220484199551
0.178405596822
0.929511846568
-0.322767981857
0.059614030397
0.944237635131
-0.323823185985
0.588809099048
0.250115841489
0.768599967938
0.669449083973
0.188394932061
0.718571689911
0.865755489096
0.201676908569
0.458032594528
0.862550890539
0.094098846152
0.497143207118
0.804481614847
0.180137476978
0.566003375221
0.737434179988
0.246290662172
0.628913141787
0.661321024876
0.308655158009
0.683656708803
0.576575357933
0.368535213662
0.729206865653
0.764344782103
0.484583099099
0.425389555749
0.788370719645
0.387176186521
0.478085984942
0.801410509739
0.285830208296
0.525397265796
0.727773532737
0.356417890873
0.585928299464
0.645737250336
0.420163555807
0.637562538031
0.555828638375
0.479787719014
0.678865428083
0.708829874638
0.459156941214
0.535476528108
0.620414448902
0.523956921420
0.583570952062
0.838924940286
-0.404695931996
-0.363904035691
0.857844015692
-0.304829402489
-0.413742287080
0.942789213623
-0.000000000524
-0.333389409963
0.898493451673
-0.000000000539
-0.438986921561
0.915812698379
-0.111331083714
-0.385865898061
0.914086963727
-0.216192329865
-0.343082933489
0.900609068205
-0.317809072528
-0.296480521595
0.876064183838
-0.415536711809
-0.244623766088
0.992112069788
-0.111719401587
-0.056854342748
0.979130097440
-0.112238348220
-0.169430827996
0.953626509926
-0.112676453826
-0.279106603861
0.948051903497
-0.220278370762
-0.229510408589
0.929511846554
-0.322767982238
-0.178405596206
0.899349628084
-0.419561907893
-0.123036790885
0.968505232585
-0.220681971930
-0.115312972910
0.944237635038
-0.323823186229
-0.059614030548
-0.404695931996
0.363904035691
-0.838924940286
-0.304829402489
0.413742287080
-0.857844015692
-0.000000000524
0.333389409963
-0.942789213623
-0.000000000539
0.438986921561
-0.898493451673
-0.111331083714
0.385865898061
-0.915812698379
-0.216192329865
0.343082933489
-0.914086963727
-0.317809072528
0.296480521595
-0.900609068205
-0.415536711809
0.244623766088
-0.876064183838
-0.111719401587
0.056854342748
-0.992112069788
-0.112238348220
0.169430827996
-0.979130097440
-0.112676453826
0.279106603861
-0.953626509926
-0.220278370762
0.229510408589
-0.948051903497
-0.322767982238
0.178405596206
-0.929511846554
-0.419561907893
0.123036790885
-0.899349628084
-0.220681971930
0.115312972910
-0.968505232585
-0.323823186229
0.059614030548
-0.944237635038
0.113788194859
-0.993505031044
0.000000000406
0.225347355913
-0.974278486462
0.000000000552
0.458032593681
-0.865755489620
0.201676908245
0.497143206246
-0.862550891078
0.094098845819
0.385865897767
-0.915812698561
0.111331083238
0.279106603959
-0.953626509852
0.112676454209
0.169430827519
-0.979130097404
0.112238349253
0.056854342373
-0.992112069742
0.111719402190
0.244623766778
-0.876064183690
0.415536711715
0.296480522681
-0.900609067865
0.317809072480
0.343082933773
-0.914086963565
0.216192330099
0.229510408584
-0.948051903499
0.220278370755
0.115312972291
-0.968505232573
0.220681972303
0.000000000727
-0.975390546268
0.220484199551
0.178405596822
-0.929511846568
0.322767981857
0.059614030397
-0.944237635131
0.323823185985
-0.993505031044
0.000000000406
0.113788194859
-0.974278486462
0.000000000552
0.225347355913
-0.865755489620
0.201676908245
0.458032593681
-0.862550891078
0.094098845819
0.497143206246
-0.915812698561
0.111331083238
0.385865897767
-0.953626509852
0.112676454209
0.279106603959
-0.979130097404
0.112238349253
0.169430827519
-0.992112069742
0.111719402190
0.056854342373
-0.876064183690
0.415536711715
0.244623766778
-0.900609067865
0.317809072480
0.296480522681
-0.914086963565
0.216192330099
0.343082933773
-0.948051903499
0.220278370755
0.229510408584
-0.968505232573
0.220681972303
0.115312972291
-0.975390546268
0.220484199551
0.000000000727
-0.929511846568
0.322767981857
0.178405596822
-0.944237635131
0.323823185985
0.059614030397
0.250115840831
-0.768599968344
0.588809098797
0.188394931168
-0.718571690463
0.669449083631
-0.124643183718
-0.659709502773
0.741112305054
-0.058156284685
-0.591242052937
0.804394605521
0.000000000294
-0.677334458459
0.735675221401
0.063976329530
-0.741589595996
0.667796301555
0.127049694076
-0.795895058056
0.591953910196
0.187769423715
-0.840926267844
0.507528970176
-0.187769424030
-0.840926267464
0.507528970690
-0.127049694685
-0.795895057421
0.591953910920
-0.063976329912
-0.741589595895
0.667796301631
0.000000000004
-0.806206670220
0.591634012624
0.063092623915
-0.858244510335
0.509348290748
0.123036790157
-0.899349627634
0.419561909070
-0.063092623911
-0.858244509966
0.509348291370
0.000000000151
-0.907394138046
0.420280713618
-0.838924939880
0.404695932247
0.363904036348
-0.857844015140
0.304829402831
0.413742287974
-0.741112305378
0.124643184565
0.659709502250
-0.804394605854
0.058156285557
0.591242052398
-0.804481615141
0.180137477160
0.566003374745
-0.801410509518
0.285830208298
0.525397266131
-0.788370718952
0.387176187208
0.478085985528
-0.764344781648
0.484583099566
0.425389556034
-0.576575358073
0.368535213000
0.729206865877
-0.661321024961
0.308655156945
0.683656709201
-0.737434179827
0.246290661935
0.628913142068
-0.727773532741
0.356417890876
0.585928299457
-0.708829874251
0.459156941826
0.535476528097
-0.678865428532
0.555828637198
0.479787719741
-0.645737250727
0.420163555198
0.637562538036
-0.620414449053
0.523956921513
0.583570951817
-0.363904036348
-0.838924939880
-0.404695932247
-0.413742287974
-0.857844015140
-0.304829402831
-0.659709502250
-0.741112305378
-0.124643184565
-0.591242052398
-0.804394605854
-0.058156285557
-0.566003374745
-0.804481615141
-0.180137477160
-0.525397266131
-0.801410509518
-0.285830208298
-0.478085985528
-0.788370718952
-0.387176187208
-0.425389556034
-0.764344781648
-0.484583099566
-0.729206865877
-0.576575358073
-0.368535213000
-0.683656709201
-0.661321024961
-0.308655156945
-0.628913142068
-0.737434179827
-0.246290661935
-0.585928299457
-0.727773532741
-0.356417890876
-0.535476528097
-0.708829874251
-0.459156941826
-0.479787719741
-0.678865428532
-0.555828637198
-0.637562538036
-0.645737250727
-0.420163555198
-0.583570951817
-0.620414449053
-0.523956921513
0.404695932247
-0.363904036348
0.838924939880
0.304829402831
-0.413742287974
0.857844015140
0.124643184565
-0.659709502250
0.741112305378
0.058156285557
-0.591242052398
0.804394605854
0.180137477160
-0.566003374745
0.804481615141
0.285830208298
-0.525397266131
0.801410509518
0.387176187208
-0.478085985528
0.788370718952
0.484583099566
-0.425389556034
0.764344781648
0.368535213000
-0.729206865877
0.576575358073
0.308655156945
-0.683656709201
0.661321024961
0.246290661935
-0.628913142068
0.737434179827
0.356417890876
-0.585928299457
0.727773532741
0.459156941826
-0.535476528097
0.708829874251
0.555828637198
-0.479787719741
0.678865428532
0.420163555198
-0.637562538036
0.645737250727
0.523956921513
-0.583570951817
0.620414449053
-0.588809098797
0.250115840831
0.768599968344
-0.669449083631
0.188394931168
0.718571690463
-0.741112305054
-0.124643183718
0.659709502773
-0.804394605521
-0.058156284685
0.591242052937
-0.735675221401
0.000000000294
0.677334458459
-0.667796301555
0.063976329530
0.741589595996
-0.591953910196
0.127049694076
0.795895058056
-0.507528970176
0.187769423715
0.840926267844
-0.507528970690
-0.187769424030
0.840926267464
-0.591953910920
-0.127049694685
0.795895057421
-0.667796301631
-0.063976329912
0.741589595895
-0.591634012624
0.000000000004
0.806206670220
-0.509348290748
0.063092623915
0.858244510335
-0.419561909070
0.123036790157
0.899349627634
-0.509348291370
-0.063092623911
0.858244509966
-0.420280713618
0.000000000151
0.907394138046
0.363904035691
-0.838924940286
-0.404695931996
0.413742287080
-0.857844015692
-0.304829402489
0.333389409963
-0.942789213623
-0.000000000524
0.438986921561
-0.898493451673
-0.000000000539
0.385865898061
-0.915812698379
-0.111331083714
0.343082933489
-0.914086963727
-0.216192329865
0.296480521595
-0.900609068205
-0.317809072528
0.244623766088
-0.876064183838
-0.415536711809
0.056854342748
-0.992112069788
-0.111719401587
0.169430827996
-0.979130097440
-0.112238348220
0.279106603861
-0.953626509926
-0.112676453826
0.229510408589
-0.948051903497
-0.220278370762
0.178405596206
-0.929511846554
-0.322767982238
0.123036790885
-0.899349628084
-0.419561907893
0.115312972910
-0.968505232585
-0.220681971930
0.059614030548
-0.944237635038
-0.323823186229
0.838924940286
0.404695931996
0.363904035691
0.857844015692
0.304829402489
0.413742287080
0.942789213623
0.000000000524
0.333389409963
0.898493451673
0.000000000539
0.438986921561
0.915812698379
0.111331083714
0.385865898061
0.914086963727
0.216192329865
0.343082933489
0.900609068205
0.317809072528
0.296480521595
0.876064183838
0.415536711809
0.244623766088
0.992112069788
0.111719401587
0.056854342748
0.979130097440
0.112238348220
0.169430827996
0.953626509926
0.112676453826
0.279106603861
0.948051903497
0.220278370762
0.229510408589
0.929511846554
0.322767982238
0.178405596206
0.899349628084
0.419561907893
0.123036790885
0.968505232585
0.220681971930
0.115312972910
0.944237635038
0.323823186229
0.059614030548
0.000000000406
-0.113788194859
0.993505031044
0.000000000552
-0.225347355913
0.974278486462
0.201676908245
-0.458032593681
0.865755489620
0.094098845819
-0.497143206246
0.862550891078
0.111331083238
-0.385865897767
0.915812698561
0.112676454209
-0.279106603959
0.953626509852
0.112238349253
-0.169430827519
0.979130097404
0.111719402190
-0.056854342373
0.992112069742
0.415536711715
-0.244623766778
0.876064183690
0.317809072480
-0.296480522681
0.900609067865
0.216192330099
-0.343082933773
0.914086963565
0.220278370755
-0.229510408584
0.948051903499
0.220681972303
-0.115312972291
0.968505232573
0.220484199551
-0.000000000727
0.975390546268
0.322767981857
-0.178405596822
0.929511846568
0.323823185985
-0.059614030397
0.944237635131
0.588809098797
0.250115840831
-0.768599968344
0.669449083631
0.188394931168
-0.718571690463
0.741112305054
-0.124643183718
-0.659709502773
0.804394605521
-0.058156284685
-0.591242052937
0.735675221401
0.000000000294
-0.677334458459
0.667796301555
0.063976329530
-0.741589595996
0.591953910196
0.127049694076
-0.795895058056
0.507528970176
0.187769423715
-0.840926267844
0.507528970690
-0.187769424030
-0.840926267464
0.591953910920
-0.127049694685
-0.795895057421
0.667796301631
-0.063976329912
-0.741589595895
0.591634012624
0.000000000004
-0.806206670220
0.509348290748
0.063092623915
-0.858244510335
0.419561909070
0.123036790157
-0.899349627634
0.509348291370
-0.063092623911
-0.858244509966
0.420280713618
0.000000000151
-0.907394138046
-0.768599968344
-0.588809098797
-0.250115840831
-0.718571690463
-0.669449083631
-0.188394931168
-0.659709502773
-0.741112305054
0.124643183718
-0.591242052937
-0.804394605521
0.058156284685
-0.677334458459
-0.735675221401
-0.000000000294
-0.741589595996
-0.667796301555
-0.063976329530
-0.795895058056
-0.591953910196
-0.127049694076
-0.840926267844
-0.507528970176
-0.187769423715
-0.840926267464
-0.507528970690
0.187769424030
-0.795895057421
-0.591953910920
0.127049694685
-0.741589595895
-0.667796301631
0.063976329912
-0.806206670220
-0.591634012624
-0.000000000004
-0.858244510335
-0.509348290748
-0.063092623915
-0.899349627634
-0.419561909070
-0.123036790157
-0.858244509966
-0.509348291370
0.063092623911
-0.907394138046
-0.420280713618
-0.000000000151
0.363904036348
-0.838924939880
0.404695932247
0.413742287974
-0.857844015140
0.304829402831
0.659709502250
-0.741112305378
0.124643184565
0.591242052398
-0.804394605854
0.058156285557
0.566003374745
-0.804481615141
0.180137477160
0.525397266131
-0.801410509518
0.285830208298
0.478085985528
-0.788370718952
0.387176187208
0.425389556034
-0.764344781648
0.484583099566
0.729206865877
-0.576575358073
0.368535213000
0.683656709201
-0.661321024961
0.308655156945
0.628913142068
-0.737434179827
0.246290661935
0.585928299457
-0.727773532741
0.356417890876
0.535476528097
-0.708829874251
0.459156941826
0.479787719741
-0.678865428532
0.555828637198
0.637562538036
-0.645737250727
0.420163555198
0.583570951817
-0.620414449053
0.523956921513
-0.404695932247
-0.363904036348
-0.838924939880
-0.304829402831
-0.413742287974
-0.857844015140
-0.124643184565
-0.659709502250
-0.741112305378
-0.058156285557
-0.591242052398
-0.804394605854
-0.180137477160
-0.566003374745
-0.804481615141
-0.285830208298
-0.525397266131
-0.801410509518
-0.387176187208
-0.478085985528
-0.788370718952
-0.484583099566
-0.425389556034
-0.764344781648
-0.368535213000
-0.729206865877
-0.576575358073
-0.308655156945
-0.683656709201
-0.661321024961
-0.246290661935
-0.628913142068
-0.737434179827
-0.356417890876
-0.585928299457
-0.727773532741
-0.459156941826
-0.535476528097
-0.708829874251
-0.555828637198
-0.479787719741
-0.678865428532
-0.420163555198
-0.637562538036
-0.645737250727
-0.523956921513
-0.583570951817
-0.620414449053
0.404695932247
0.363904036348
-0.838924939880
0.304829402831
0.413742287974
-0.857844015140
0.124643184565
0.659709502250
-0.741112305378
0.058156285557
0.591242052398
-0.804394605854
0.180137477160
0.566003374745
-0.804481615141
0.285830208298
0.525397266131
-0.801410509518
0.387176187208
0.478085985528
-0.788370718952
0.484583099566
0.425389556034
-0.764344781648
0.368535213000
0.729206865877
-0.576575358073
0.308655156945
0.683656709201
-0.661321024961
0.246290661935
0.628913142068
-0.737434179827
0.356417890876
0.585928299457
-0.727773532741
0.459156941826
0.535476528097
-0.708829874251
0.555828637198
0.479787719741
-0.678865428532
0.420163555198
0.637562538036
-0.645737250727
0.523956921513
0.583570951817
-0.620414449053
-0.838924939880
-0.404695932247
-0.363904036348
-0.857844015140
-0.304829402831
-0.413742287974
-0.741112305378
-0.124643184565
-0.659709502250
-0.804394605854
-0.058156285557
-0.591242052398
-0.804481615141
-0.180137477160
-0.566003374745
-0.801410509518
-0.285830208298
-0.525397266131
-0.788370718952
-0.387176187208
-0.478085985528
-0.764344781648
-0.484583099566
-0.425389556034
-0.576575358073
-0.368535213000
-0.729206865877
-0.661321024961
-0.308655156945
-0.683656709201
-0.737434179827
-0.246290661935
-0.628913142068
-0.727773532741
-0.356417890876
-0.585928299457
-0.708829874251
-0.459156941826
-0.535476528097
-0.678865428532
-0.555828637198
-0.479787719741
-0.645737250727
-0.420163555198
-0.637562538036
-0.620414449053
-0.523956921513
-0.583570951817
-0.768599968344
0.588809098797
0.250115840831
-0.718571690463
0.669449083631
0.188394931168
-0.659709502773
0.741112305054
-0.124643183718
-0.591242052937
0.804394605521
-0.058156284685
-0.677334458459
0.735675221401
0.000000000294
-0.741589595996
0.667796301555
0.063976329530
-0.795895058056
0.591953910196
0.127049694076
-0.840926267844
0.507528970176
0.187769423715
-0.840926267464
0.507528970690
-0.187769424030
-0.795895057421
0.591953910920
-0.127049694685
-0.741589595895
0.667796301631
-0.063976329912
-0.806206670220
0.591634012624
0.000000000004
-0.858244510335
0.509348290748
0.063092623915
-0.899349627634
0.419561909070
0.123036790157
-0.858244509966
0.509348291370
-0.063092623911
-0.907394138046
0.420280713618
0.000000000151
0.250115840831
0.768599968344
-0.588809098797
0.188394931168
0.718571690463
-0.669449083631
-0.124643183718
0.659709502773
-0.741112305054
-0.058156284685
0.591242052937
-0.804394605521
0.000000000294
0.677334458459
-0.735675221401
0.063976329530
0.741589595996
-0.667796301555
0.127049694076
0.795895058056
-0.591953910196
0.187769423715
0.840926267844
-0.507528970176
-0.187769424030
0.840926267464
-0.507528970690
-0.127049694685
0.795895057421
-0.591953910920
-0.063976329912
0.741589595895
-0.667796301631
0.000000000004
0.806206670220
-0.591634012624
0.063092623915
0.858244510335
-0.509348290748
0.123036790157
0.899349627634
-0.419561909070
-0.063092623911
0.858244509966
-0.509348291370
0.000000000151
0.907394138046
-0.420280713618
0.250115841489
-0.768599967938
-0.588809099048
0.188394932061
-0.718571689911
-0.669449083973
0.201676908569
-0.458032594528
-0.865755489096
0.094098846152
-0.497143207118
-0.862550890539
0.180137476978
-0.566003375221
-0.804481614847
0.246290662172
-0.628913141787
-0.737434179988
0.308655158009
-0.683656708803
-0.661321024876
0.368535213662
-0.729206865653
-0.576575357933
0.484583099099
-0.425389555749
-0.764344782103
0.387176186521
-0.478085984942
-0.788370719645
0.285830208296
-0.525397265796
-0.801410509739
0.356417890873
-0.585928299464
-0.727773532737
0.420163555807
-0.637562538031
-0.645737250336
0.479787719014
-0.678865428083
-0.555828638375
0.459156941214
-0.535476528108
-0.708829874638
0.523956921420
-0.583570952062
-0.620414448902
-0.993505031044
-0.000000000406
-0.113788194859
-0.974278486462
-0.000000000552
-0.225347355913
-0.865755489620
-0.201676908245
-0.458032593681
-0.862550891078
-0.094098845819
-0.497143206246
-0.915812698561
-0.111331083238
-0.385865897767
-0.953626509852
-0.112676454209
-0.279106603959
-0.979130097404
-0.112238349253
-0.169430827519
-0.992112069742
-0.111719402190
-0.056854342373
-0.876064183690
-0.415536711715
-0.244623766778
-0.900609067865
-0.317809072480
-0.296480522681
-0.914086963565
-0.216192330099
-0.343082933773
-0.948051903499
-0.220278370755
-0.229510408584
-0.968505232573
-0.220681972303
-0.115312972291
-0.975390546268
-0.220484199551
-0.000000000727
-0.929511846568
-0.322767981857
-0.178405596822
-0.944237635131
-0.323823185985
-0.059614030397
-0.250115841489
0.768599967938
-0.588809099048
-0.188394932061
0.718571689911
-0.669449083973
-0.201676908569
0.458032594528
-0.865755489096
-0.094098846152
0.497143207118
-0.862550890539
-0.180137476978
0.566003375221
-0.804481614847
-0.246290662172
0.628913141787
-0.737434179988
-0.308655158009
0.683656708803
-0.661321024876
-0.368535213662
0.729206865653
-0.576575357933
-0.484583099099
0.425389555749
-0.764344782103
-0.387176186521
0.478085984942
-0.788370719645
-0.285830208296
0.525397265796
-0.801410509739
-0.356417890873
0.585928299464
-0.727773532737
-0.420163555807
0.637562538031
-0.645737250336
-0.479787719014
0.678865428083
-0.555828638375
-0.459156941214
0.535476528108
-0.708829874638
-0.523956921420
0.583570952062
-0.620414448902
0.993505031044
0.000000000406
-0.113788194859
0.974278486462
0.000000000552
-0.225347355913
0.865755489620
0.201676908245
-0.458032593681
0.862550891078
0.094098845819
-0.497143206246
0.915812698561
0.111331083238
-0.385865897767
0.953626509852
0.112676454209
-0.279106603959
0.979130097404
0.112238349253
-0.169430827519
0.992112069742
0.111719402190
-0.056854342373
0.876064183690
0.415536711715
-0.244623766778
0.900609067865
0.317809072480
-0.296480522681
0.914086963565
0.216192330099
-0.343082933773
0.948051903499
0.220278370755
-0.229510408584
0.968505232573
0.220681972303
-0.115312972291
0.975390546268
0.220484199551
-0.000000000727
0.929511846568
0.322767981857
-0.178405596822
0.944237635131
0.323823185985
-0.059614030397
-0.250115840831
-0.768599968344
-0.588809098797
-0.188394931168
-0.718571690463
-0.669449083631
0.124643183718
-0.659709502773
-0.741112305054
0.058156284685
-0.591242052937
-0.804394605521
-0.000000000294
-0.677334458459
-0.735675221401
-0.063976329530
-0.741589595996
-0.667796301555
-0.127049694076
-0.795895058056
-0.591953910196
-0.187769423715
-0.840926267844
-0.507528970176
0.187769424030
-0.840926267464
-0.507528970690
0.127049694685
-0.795895057421
-0.591953910920
0.063976329912
-0.741589595895
-0.667796301631
-0.000000000004
-0.806206670220
-0.591634012624
-0.063092623915
-0.858244510335
-0.509348290748
-0.123036790157
-0.899349627634
-0.419561909070
0.063092623911
-0.858244509966
-0.509348291370
-0.000000000151
-0.907394138046
-0.420280713618
0.838924939880
0.404695932247
-0.363904036348
0.857844015140
0.304829402831
-0.413742287974
0.741112305378
0.124643184565
-0.659709502250
0.804394605854
0.058156285557
-0.591242052398
0.804481615141
0.180137477160
-0.566003374745
0.801410509518
0.285830208298
-0.525397266131
0.788370718952
0.387176187208
-0.478085985528
0.764344781648
0.484583099566
-0.425389556034
0.576575358073
0.368535213000
-0.729206865877
0.661321024961
0.308655156945
-0.683656709201
0.737434179827
0.246290661935
-0.628913142068
0.727773532741
0.356417890876
-0.585928299457
0.708829874251
0.459156941826
-0.535476528097
0.678865428532
0.555828637198
-0.479787719741
0.645737250727
0.420163555198
-0.637562538036
0.620414449053
0.523956921513
-0.583570951817
-0.838924940286
0.404695931996
-0.363904035691
-0.857844015692
0.304829402489
-0.413742287080
-0.942789213623
0.000000000524
-0.333389409963
-0.898493451673
0.000000000539
-0.438986921561
-0.915812698379
0.111331083714
-0.385865898061
-0.914086963727
0.216192329865
-0.343082933489
-0.900609068205
0.317809072528
-0.296480521595
-0.876064183838
0.415536711809
-0.244623766088
-0.992112069788
0.111719401587
-0.056854342748
-0.979130097440
0.112238348220
-0.169430827996
-0.953626509926
0.112676453826
-0.279106603861
-0.948051903497
0.220278370762
-0.229510408589
-0.929511846554
0.322767982238
-0.178405596206
-0.899349628084
0.419561907893
-0.123036790885
-0.968505232585
0.220681971930
-0.115312972910
-0.944237635038
0.323823186229
-0.059614030548
0.404695931996
-0.363904035691
-0.838924940286
0.304829402489
-0.413742287080
-0.857844015692
0.000000000524
-0.333389409963
-0.942789213623
0.000000000539
-0.438986921561
-0.898493451673
0.111331083714
-0.385865898061
-0.915812698379
0.216192329865
-0.343082933489
-0.914086963727
0.317809072528
-0.296480521595
-0.900609068205
0.415536711809
-0.244623766088
-0.876064183838
0.111719401587
-0.056854342748
-0.992112069788
0.112238348220
-0.169430827996
-0.979130097440
0.112676453826
-0.279106603861
-0.953626509926
0.220278370762
-0.229510408589
-0.948051903497
0.322767982238
-0.178405596206
-0.929511846554
0.419561907893
-0.123036790885
-0.899349628084
0.220681971930
-0.115312972910
-0.968505232585
0.323823186229
-0.059614030548
-0.944237635038
0.768599967938
-0.588809099048
-0.250115841489
0.718571689911
-0.669449083973
-0.188394932061
0.458032594528
-0.865755489096
-0.201676908569
0.497143207118
-0.862550890539
-0.094098846152
0.566003375221
-0.804481614847
-0.180137476978
0.628913141787
-0.737434179988
-0.246290662172
0.683656708803
-0.661321024876
-0.308655158009
0.729206865653
-0.576575357933
-0.368535213662
0.425389555749
-0.764344782103
-0.484583099099
0.478085984942
-0.788370719645
-0.387176186521
0.525397265796
-0.801410509739
-0.285830208296
0.585928299464
-0.727773532737
-0.356417890873
0.637562538031
-0.645737250336
-0.420163555807
0.678865428083
-0.555828638375
-0.479787719014
0.535476528108
-0.708829874638
-0.459156941214
0.583570952062
-0.620414448902
-0.523956921420
-0.768599967938
-0.588809099048
0.250115841489
-0.718571689911
-0.669449083973
0.188394932061
-0.458032594528
-0.865755489096
0.201676908569
-0.497143207118
-0.862550890539
0.094098846152
-0.566003375221
-0.804481614847
0.180137476978
-0.628913141787
-0.737434179988
0.246290662172
-0.683656708803
-0.661321024876
0.308655158009
-0.729206865653
-0.576575357933
0.368535213662
-0.425389555749
-0.764344782103
0.484583099099
-0.478085984942
-0.788370719645
0.387176186521
-0.525397265796
-0.801410509739
0.285830208296
-0.585928299464
-0.727773532737
0.356417890873
-0.637562538031
-0.645737250336
0.420163555807
-0.678865428083
-0.555828638375
0.479787719014
-0.535476528108
-0.708829874638
0.459156941214
-0.583570952062
-0.620414448902
0.523956921420
-0.363904035691
-0.838924940286
0.404695931996
-0.413742287080
-0.857844015692
0.304829402489
-0.333389409963
-0.942789213623
0.000000000524
-0.438986921561
-0.898493451673
0.000000000539
-0.385865898061
-0.915812698379
0.111331083714
-0.343082933489
-0.914086963727
0.216192329865
-0.296480521595
-0.900609068205
0.317809072528
-0.244623766088
-0.876064183838
0.415536711809
-0.056854342748
-0.992112069788
0.111719401587
-0.169430827996
-0.979130097440
0.112238348220
-0.279106603861
-0.953626509926
0.112676453826
-0.229510408589
-0.948051903497
0.220278370762
-0.178405596206
-0.929511846554
0.322767982238
-0.123036790885
-0.899349628084
0.419561907893
-0.115312972910
-0.968505232585
0.220681971930
-0.059614030548
-0.944237635038
0.323823186229
0.363904035691
0.838924940286
0.404695931996
0.413742287080
0.857844015692
0.304829402489
0.333389409963
0.942789213623
0.000000000524
0.438986921561
0.898493451673
0.000000000539
0.385865898061
0.915812698379
0.111331083714
0.343082933489
0.914086963727
0.216192329865
0.296480521595
0.900609068205
0.317809072528
0.244623766088
0.876064183838
0.415536711809
0.056854342748
0.992112069788
0.111719401587
0.169430827996
0.979130097440
0.112238348220
0.279106603861
0.953626509926
0.112676453826
0.229510408589
0.948051903497
0.220278370762
0.178405596206
0.929511846554
0.322767982238
0.123036790885
0.899349628084
0.419561907893
0.115312972910
0.968505232585
0.220681971930
0.059614030548
0.944237635038
0.323823186229
-0.000000000406
-0.113788194859
-0.993505031044
-0.000000000552
-0.225347355913
-0.974278486462
-0.201676908245
-0.458032593681
-0.865755489620
-0.094098845819
-0.497143206246
-0.862550891078
-0.111331083238
-0.385865897767
-0.915812698561
-0.112676454209
-0.279106603959
-0.953626509852
-0.112238349253
-0.169430827519
-0.979130097404
-0.111719402190
-0.056854342373
-0.992112069742
-0.415536711715
-0.244623766778
-0.876064183690
-0.317809072480
-0.296480522681
-0.900609067865
-0.216192330099
-0.343082933773
-0.914086963565
-0.220278370755
-0.229510408584
-0.948051903499
-0.220681972303
-0.115312972291
-0.968505232573
-0.220484199551
-0.000000000727
-0.975390546268
-0.322767981857
-0.178405596822
-0.929511846568
-0.323823185985
-0.059614030397
-0.944237635131
0.768599968344
-0.588809098797
0.250115840831
0.718571690463
-0.669449083631
0.188394931168
0.659709502773
-0.741112305054
-0.124643183718
0.591242052937
-0.804394605521
-0.058156284685
0.677334458459
-0.735675221401
0.000000000294
0.741589595996
-0.667796301555
0.063976329530
0.795895058056
-0.591953910196
0.127049694076
0.840926267844
-0.507528970176
0.187769423715
0.840926267464
-0.507528970690
-0.187769424030
0.795895057421
-0.591953910920
-0.127049694685
0.741589595895
-0.667796301631
-0.063976329912
0.806206670220
-0.591634012624
0.000000000004
0.858244510335
-0.509348290748
0.063092623915
0.899349627634
-0.419561909070
0.123036790157
0.858244509966
-0.509348291370
-0.063092623911
0.907394138046
-0.420280713618
0.000000000151
