0.338474468328
0.818365346175
0.464449345430
0.395144829992
0.831467505544
0.390541099699
0.448522574734
0.836921120528
0.313672660536
0.497645118739
0.834922973998
0.235059488822
0.542085336987
0.826166910119
0.153595976665
0.576219776645
0.815293489490
0.057160257159
0.624721935485
0.770851512905
0.124540950599
0.666925047524
0.720575531945
0.189688913085
0.703631375916
0.663711486850
0.253751746890
0.733906080481
0.600899460725
0.316704441291
0.757382961456
0.532922773156
0.377312029424
0.435165991075
0.773523693439
0.460751186543
0.489862723742
0.782023058739
0.385323821596
0.540609280579
0.783666788600
0.305954196240
0.586653208360
0.779216830153
0.220588179029
0.626423401292
0.725579759572
0.284829308206
0.660126639530
0.665811154060
0.347747504537
0.687310744077
0.600129621103
0.409204568585
0.468382798135
0.707602811977
0.529070708784
0.524991555605
0.720472229179
0.453104439975
0.578239629976
0.726171596441
0.371905556353
0.609597750474
0.662543493323
0.435231779714
0.634488834534
0.592677939218
0.496141894237
0.554454038385
0.652249443345
0.516866890964
0.525731112119
0.850650808352
0.000000000000
0.000000000000
0.525731112119
-0.850650808352
-0.525731112119
0.850650808352
0.000000000000
0.000000000000
0.525731112119
0.850650808352
0.850650808352
-0.000000000000
0.525731112119
-0.850650808352
-0.000000000000
0.525731112119
-0.000000000000
-0.525731112119
0.850650808352
-0.850650808352
-0.000000000000
-0.525731112119
-0.525731112119
-0.850650808352
0.000000000000
0.850650808352
-0.000000000000
-0.525731112119
0.525731112119
-0.850650808352
0.000000000000
0.000000000000
-0.525731112119
-0.850650808352
0.577350269190
0.577350269190
0.577350269190
0.356822089773
0.000000000000
-0.934172358963
-0.577350269190
0.577350269190
-0.577350269190
-0.356822089773
0.000000000000
0.934172358963
0.934172358963
0.356822089773
-0.000000000000
0.000000000000
0.934172358963
-0.356822089773
-0.577350269190
0.577350269190
0.577350269190
0.577350269190
-0.577350269190
0.577350269190
-0.934172358963
-0.356822089773
-0.000000000000
0.577350269190
0.577350269190
-0.577350269190
-0.000000000000
0.934172358963
0.356822089773
-0.577350269190
-0.577350269190
0.577350269190
0.934172358963
-0.356822089773
0.000000000000
0.356822089773
-0.000000000000
0.934172358963
-0.356822089773
-0.000000000000
-0.934172358963
-0.000000000000
-0.934172358963
-0.356822089773
0.577350269190
-0.577350269190
-0.577350269190
0.000000000000
-0.934172358963
0.356822089773
-0.934172358963
0.356822089773
0.000000000000
-0.577350269190
-0.577350269190
-0.577350269190
0.459398978891
0.325252437072
-0.826537010891
0.375319561146
0.355294324699
-0.856096472284
0.288128074872
0.381645981237
-0.878253128361
0.199349949736
0.404156331689
-0.892702221962
0.108518702313
0.424071500614
-0.899103472141
0.010073274778
0.452944456342
-0.891481827411
0.026600995416
0.368311803957
-0.929321689249
0.042669115670
0.282022220872
-0.958458561182
0.058571916426
0.192643945845
-0.979519086458
0.074954380233
0.100996203849
-0.992059276300
0.091242556853
0.008443359121
-0.995792902920
0.394204511378
0.260944533656
-0.881198475693
0.308460573281
0.288632127167
-0.906390406998
0.219383859574
0.313965196769
-0.923740535744
0.125924224233
0.338819757195
-0.932386326522
0.141436526671
0.251016225491
-0.957594153837
0.157017282806
0.160788436356
-0.974419135503
0.172848329871
0.068522077672
-0.982562048795
0.412497089733
0.163189101269
-0.896222889793
0.326711577156
0.194090744808
-0.924980177156
0.236157464537
0.222846511693
-0.945816622908
0.252048229993
0.130016991125
-0.958940702951
0.267290362201
0.035347745288
-0.962967496428
0.342483241992
0.097911718295
-0.934408114463
-0.338474468328
0.818365346175
-0.464449345430
-0.395144829992
0.831467505544
-0.390541099699
-0.448522574734
0.836921120528
-0.313672660536
-0.497645118739
0.834922973998
-0.235059488822
-0.542085336987
0.826166910119
-0.153595976665
-0.576219776645
0.815293489490
-0.057160257159
-0.624721935485
0.770851512905
-0.124540950599
-0.666925047524
0.720575531945
-0.189688913085
-0.703631375916
0.663711486850
-0.253751746890
-0.733906080481
0.600899460725
-0.316704441291
-0.757382961456
0.532922773156
-0.377312029424
-0.435165991075
0.773523693439
-0.460751186543
-0.489862723742
0.782023058739
-0.385323821596
-0.540609280579
0.783666788600
-0.305954196240
-0.586653208360
0.779216830153
-0.220588179029
-0.626423401292
0.725579759572
-0.284829308206
-0.660126639530
0.665811154060
-0.347747504537
-0.687310744077
0.600129621103
-0.409204568585
-0.468382798135
0.707602811977
-0.529070708784
-0.524991555605
0.720472229179
-0.453104439975
-0.578239629976
0.726171596441
-0.371905556353
-0.609597750474
0.662543493323
-0.435231779714
-0.634488834534
0.592677939218
-0.496141894237
-0.554454038385
0.652249443345
-0.516866890964
-0.459398978891
0.325252437072
0.826537010891
-0.375319561146
0.355294324699
0.856096472284
-0.288128074872
0.381645981237
0.878253128361
-0.199349949736
0.404156331689
0.892702221962
-0.108518702313
0.424071500614
0.899103472141
-0.010073274778
0.452944456342
0.891481827411
-0.026600995416
0.368311803957
0.929321689249
-0.042669115670
0.282022220872
0.958458561182
-0.058571916426
0.192643945845
0.979519086458
-0.074954380233
0.100996203849
0.992059276300
-0.091242556853
0.008443359121
0.995792902920
-0.394204511378
0.260944533656
0.881198475693
-0.308460573281
0.288632127167
0.906390406998
-0.219383859574
0.313965196769
0.923740535744
-0.125924224233
0.338819757195
0.932386326522
-0.141436526671
0.251016225491
0.957594153837
-0.157017282806
0.160788436356
0.974419135503
-0.172848329871
0.068522077672
0.982562048795
-0.412497089733
0.163189101269
0.896222889793
-0.326711577156
0.194090744808
0.924980177156
-0.236157464537
0.222846511693
0.945816622908
-0.252048229993
0.130016991125
0.958940702951
-0.267290362201
0.035347745288
0.962967496428
-0.342483241992
0.097911718295
0.934408114463
0.797873447219
0.534441162823
0.278873816812
0.770464391138
0.599507260113
0.216738706878
0.736650649606
0.658848177144
0.152528357720
0.696995068475
0.711717929406
0.087495505506
0.650604039300
0.759098663675
0.021990972093
0.586293051423
0.809067863299
-0.040861356191
0.651322930900
0.754411193604
-0.081499635882
0.709594163194
0.694204568191
-0.120648833661
0.762203292343
0.627512051712
-0.158980395325
0.808860460714
0.554575106136
-0.195425706468
0.848625518309
0.476531771801
-0.229678471215
0.829370502453
0.529891906888
0.177085111385
0.798323297023
0.591383940261
0.113775870162
0.759993140153
0.648080106801
0.049016345134
0.712577432593
0.701391379570
-0.016838504213
0.767859927963
0.638167178839
-0.055980200802
0.817143922336
0.568769136465
-0.093688204136
0.860159073948
0.493303478344
-0.129530095954
0.880879887868
0.452665590262
0.138363602664
0.851703132761
0.518553369979
0.075525996381
0.814397094513
0.580218256661
0.010205247964
0.861645980467
0.506769120383
-0.027409176781
0.901779196735
0.427483410512
-0.063657003330
0.896937280377
0.440583159216
0.037282635156
-0.046378620260
0.998890508253
-0.008171664716
-0.138555617821
0.990048359813
-0.024628966740
-0.229117623517
0.972520837680
-0.041332007833
-0.316660826183
0.946777418228
-0.057779247964
-0.402080528521
0.912694640340
-0.072936562021
-0.493805812533
0.866228120459
-0.076188337921
-0.449811439839
0.878952144203
-0.158470176344
-0.402671054533
0.883893481276
-0.237883029237
-0.351624341171
0.881263798602
-0.315807599608
-0.296421910317
0.871279547427
-0.391159815574
-0.238121830337
0.853843801225
-0.462870129764
-0.083859422270
0.990643093431
-0.107674782255
-0.174856257005
0.976707761858
-0.124367348259
-0.264948851636
0.954034303041
-0.140073747143
-0.355658261408
0.921979558599
-0.153169496369
-0.306996426294
0.922996487045
-0.232014394266
-0.254476640492
0.916516641002
-0.308607981443
-0.198052173626
0.902508046929
-0.382432427692
-0.024825498604
0.981736299046
-0.188620077816
-0.118564748427
0.971657809954
-0.204507947977
-0.212641263729
0.952123813014
-0.219645026467
-0.157426167906
0.942000900097
-0.296397209628
-0.099004748617
0.923625304749
-0.370289557211
-0.060629083138
0.957450050180
-0.282158671119
-0.292095848068
0.789701782502
0.539491529363
-0.256589212171
0.745835424399
0.614728798666
-0.219404951217
0.695318641773
0.684392762808
-0.180984292556
0.639215820511
0.747427468492
-0.140004808466
0.577667477279
0.804175938027
-0.082413964112
0.510104713502
0.856154845681
-0.174910495645
0.492852754556
0.852351148788
-0.264253992991
0.471711133957
0.841224365606
-0.352007034746
0.446395692735
0.822691882175
-0.437484170164
0.417700645139
0.796325167194
-0.519261131119
0.385755388545
0.762601244372
-0.351306568805
0.721695720199
0.596438582053
-0.315006466736
0.673955948764
0.668247188576
-0.275660428943
0.619919393009
0.734650443467
-0.230994946952
0.559407936223
0.796055334366
-0.319426974999
0.535845533697
0.781559960374
-0.405649999038
0.508535940893
0.759499358196
-0.489258570451
0.477726646257
0.729659717058
-0.443557299531
0.692259810052
0.569239209313
-0.406426807178
0.647195184783
0.644946232798
-0.365598366248
0.594752068046
0.715966348477
-0.452171582568
0.565248770839
0.689952670104
-0.535484085916
0.531489639524
0.656334942547
-0.493824955247
0.614778609259
0.614966808188
0.539491529363
-0.292095848068
0.789701782502
0.614728798666
-0.256589212171
0.745835424399
0.684392762808
-0.219404951217
0.695318641773
0.747427468492
-0.180984292556
0.639215820511
0.804175938027
-0.140004808466
0.577667477279
0.856154845681
-0.082413964112
0.510104713502
0.852351148788
-0.174910495645
0.492852754556
0.841224365606
-0.264253992991
0.471711133957
0.822691882175
-0.352007034746
0.446395692735
0.796325167194
-0.437484170164
0.417700645139
0.762601244372
-0.519261131119
0.385755388545
0.596438582053
-0.351306568805
0.721695720199
0.668247188576
-0.315006466736
0.673955948764
0.734650443467
-0.275660428943
0.619919393009
0.796055334366
-0.230994946952
0.559407936223
0.781559960374
-0.319426974999
0.535845533697
0.759499358196
-0.405649999038
0.508535940893
0.729659717058
-0.489258570451
0.477726646257
0.569239209313
-0.443557299531
0.692259810052
0.644946232798
-0.406426807178
0.647195184783
0.715966348477
-0.365598366248
0.594752068046
0.689952670104
-0.452171582568
0.565248770839
0.656334942547
-0.535484085916
0.531489639524
0.614966808188
-0.493824955247
0.614778609259
-0.998890508253
-0.008171664716
0.046378620260
-0.990048359813
-0.024628966740
0.138555617821
-0.972520837680
-0.041332007833
0.229117623517
-0.946777418228
-0.057779247964
0.316660826183
-0.912694640340
-0.072936562021
0.402080528521
-0.866228120459
-0.076188337921
0.493805812533
-0.878952144203
-0.158470176344
0.449811439839
-0.883893481276
-0.237883029237
0.402671054533
-0.881263798602
-0.315807599608
0.351624341171
-0.871279547427
-0.391159815574
0.296421910317
-0.853843801225
-0.462870129764
0.238121830337
-0.990643093431
-0.107674782255
0.083859422270
-0.976707761858
-0.124367348259
0.174856257005
-0.954034303041
-0.140073747143
0.264948851636
-0.921979558599
-0.153169496369
0.355658261408
-0.922996487045
-0.232014394266
0.306996426294
-0.916516641002
-0.308607981443
0.254476640492
-0.902508046929
-0.382432427692
0.198052173626
-0.981736299046
-0.188620077816
0.024825498604
-0.971657809954
-0.204507947977
0.118564748427
-0.952123813014
-0.219645026467
0.212641263729
-0.942000900097
-0.296397209628
0.157426167906
-0.923625304749
-0.370289557211
0.099004748617
-0.957450050180
-0.282158671119
0.060629083138
0.789701782502
0.539491529363
-0.292095848068
0.745835424399
0.614728798666
-0.256589212171
0.695318641773
0.684392762808
-0.219404951217
0.639215820511
0.747427468492
-0.180984292556
0.577667477279
0.804175938027
-0.140004808466
0.510104713502
0.856154845681
-0.082413964112
0.492852754556
0.852351148788
-0.174910495645
0.471711133957
0.841224365606
-0.264253992991
0.446395692735
0.822691882175
-0.352007034746
0.417700645139
0.796325167194
-0.437484170164
0.385755388545
0.762601244372
-0.519261131119
0.721695720199
0.596438582053
-0.351306568805
0.673955948764
0.668247188576
-0.315006466736
0.619919393009
0.734650443467
-0.275660428943
0.559407936223
0.796055334366
-0.230994946952
0.535845533697
0.781559960374
-0.319426974999
0.508535940893
0.759499358196
-0.405649999038
0.477726646257
0.729659717058
-0.489258570451
0.692259810052
0.569239209313
-0.443557299531
0.647195184783
0.644946232798
-0.406426807178
0.594752068046
0.715966348477
-0.365598366248
0.565248770839
0.689952670104
-0.452171582568
0.531489639524
0.656334942547
-0.535484085916
0.614778609259
0.614966808188
-0.493824955247
0.278873816812
0.797873447219
0.534441162823
0.216738706878
0.770464391138
0.599507260113
0.152528357720
0.736650649606
0.658848177144
0.087495505506
0.696995068475
0.711717929406
0.021990972093
0.650604039300
0.759098663675
-0.040861356191
0.586293051423
0.809067863299
-0.081499635882
0.651322930900
0.754411193604
-0.120648833661
0.709594163194
0.694204568191
-0.158980395325
0.762203292343
0.627512051712
-0.195425706468
0.808860460714
0.554575106136
-0.229678471215
0.848625518309
0.476531771801
0.177085111385
0.829370502453
0.529891906888
0.113775870162
0.798323297023
0.591383940261
0.049016345134
0.759993140153
0.648080106801
-0.016838504213
0.712577432593
0.701391379570
-0.055980200802
0.767859927963
0.638167178839
-0.093688204136
0.817143922336
0.568769136465
-0.129530095954
0.860159073948
0.493303478344
0.138363602664
0.880879887868
0.452665590262
0.075525996381
0.851703132761
0.518553369979
0.010205247964
0.814397094513
0.580218256661
-0.027409176781
0.861645980467
0.506769120383
-0.063657003330
0.901779196735
0.427483410512
0.037282635156
0.896937280377
0.440583159216
-0.464449345430
-0.338474468328
0.818365346175
-0.390541099699
-0.395144829992
0.831467505544
-0.313672660536
-0.448522574734
0.836921120528
-0.235059488822
-0.497645118739
0.834922973998
-0.153595976665
-0.542085336987
0.826166910119
-0.057160257159
-0.576219776645
0.815293489490
-0.124540950599
-0.624721935485
0.770851512905
-0.189688913085
-0.666925047524
0.720575531945
-0.253751746890
-0.703631375916
0.663711486850
-0.316704441291
-0.733906080481
0.600899460725
-0.377312029424
-0.757382961456
0.532922773156
-0.460751186543
-0.435165991075
0.773523693439
-0.385323821596
-0.489862723742
0.782023058739
-0.305954196240
-0.540609280579
0.783666788600
-0.220588179029
-0.586653208360
0.779216830153
-0.284829308206
-0.626423401292
0.725579759572
-0.347747504537
-0.660126639530
0.665811154060
-0.409204568585
-0.687310744077
0.600129621103
-0.529070708784
-0.468382798135
0.707602811977
-0.453104439975
-0.524991555605
0.720472229179
-0.371905556353
-0.578239629976
0.726171596441
-0.435231779714
-0.609597750474
0.662543493323
-0.496141894237
-0.634488834534
0.592677939218
-0.516866890964
-0.554454038385
0.652249443345
0.826537010891
-0.459398978891
0.325252437072
0.856096472284
-0.375319561146
0.355294324699
0.878253128361
-0.288128074872
0.381645981237
0.892702221962
-0.199349949736
0.404156331689
0.899103472141
-0.108518702313
0.424071500614
0.891481827411
-0.010073274778
0.452944456342
0.929321689249
-0.026600995416
0.368311803957
0.958458561182
-0.042669115670
0.282022220872
0.979519086458
-0.058571916426
0.192643945845
0.992059276300
-0.074954380233
0.100996203849
0.995792902920
-0.091242556853
0.008443359121
0.881198475693
-0.394204511378
0.260944533656
0.906390406998
-0.308460573281
0.288632127167
0.923740535744
-0.219383859574
0.313965196769
0.932386326522
-0.125924224233
0.338819757195
0.957594153837
-0.141436526671
0.251016225491
0.974419135503
-0.157017282806
0.160788436356
0.982562048795
-0.172848329871
0.068522077672
0.896222889793
-0.412497089733
0.163189101269
0.924980177156
-0.326711577156
0.194090744808
0.945816622908
-0.236157464537
0.222846511693
0.958940702951
-0.252048229993
0.130016991125
0.962967496428
-0.267290362201
0.035347745288
0.934408114463
-0.342483241992
0.097911718295
0.464449345430
0.338474468328
0.818365346175
0.390541099699
0.395144829992
0.831467505544
0.313672660536
0.448522574734
0.836921120528
0.235059488822
0.497645118739
0.834922973998
0.153595976665
0.542085336987
0.826166910119
0.057160257159
0.576219776645
0.815293489490
0.124540950599
0.624721935485
0.770851512905
0.189688913085
0.666925047524
0.720575531945
0.253751746890
0.703631375916
0.663711486850
0.316704441291
0.733906080481
0.600899460725
0.377312029424
0.757382961456
0.532922773156
0.460751186543
0.435165991075
0.773523693439
0.385323821596
0.489862723742
0.782023058739
0.305954196240
0.540609280579
0.783666788600
0.220588179029
0.586653208360
0.779216830153
0.284829308206
0.626423401292
0.725579759572
0.347747504537
0.660126639530
0.665811154060
0.409204568585
0.687310744077
0.600129621103
0.529070708784
0.468382798135
0.707602811977
0.453104439975
0.524991555605
0.720472229179
0.371905556353
0.578239629976
0.726171596441
0.435231779714
0.609597750474
0.662543493323
0.496141894237
0.634488834534
0.592677939218
0.516866890964
0.554454038385
0.652249443345
-0.008171664716
-0.046378620260
0.998890508253
-0.024628966740
-0.138555617821
0.990048359813
-0.041332007833
-0.229117623517
0.972520837680
-0.057779247964
-0.316660826183
0.946777418228
-0.072936562021
-0.402080528521
0.912694640340
-0.076188337921
-0.493805812533
0.866228120459
-0.158470176344
-0.449811439839
0.878952144203
-0.237883029237
-0.402671054533
0.883893481276
-0.315807599608
-0.351624341171
0.881263798602
-0.391159815574
-0.296421910317
0.871279547427
-0.462870129764
-0.238121830337
0.853843801225
-0.107674782255
-0.083859422270
0.990643093431
-0.124367348259
-0.174856257005
0.976707761858
-0.140073747143
-0.264948851636
0.954034303041
-0.153169496369
-0.355658261408
0.921979558599
-0.232014394266
-0.306996426294
0.922996487045
-0.308607981443
-0.254476640492
0.916516641002
-0.382432427692
-0.198052173626
0.902508046929
-0.188620077816
-0.024825498604
0.981736299046
-0.204507947977
-0.118564748427
0.971657809954
-0.219645026467
-0.212641263729
0.952123813014
-0.296397209628
-0.157426167906
0.942000900097
-0.370289557211
-0.099004748617
0.923625304749
-0.282158671119
-0.060629083138
0.957450050180
0.008171664716
0.046378620260
0.998890508253
0.024628966740
0.138555617821
0.990048359813
0.041332007833
0.229117623517
0.972520837680
0.057779247964
0.316660826183
0.946777418228
0.072936562021
0.402080528521
0.912694640340
0.076188337921
0.493805812533
0.866228120459
0.158470176344
0.449811439839
0.878952144203
0.237883029237
0.402671054533
0.883893481276
0.315807599608
0.351624341171
0.881263798602
0.391159815574
0.296421910317
0.871279547427
0.462870129764
0.238121830337
0.853843801225
0.107674782255
0.083859422270
0.990643093431
0.124367348259
0.174856257005
0.976707761858
0.140073747143
0.264948851636
0.954034303041
0.153169496369
0.355658261408
0.921979558599
0.232014394266
0.306996426294
0.922996487045
0.308607981443
0.254476640492
0.916516641002
0.382432427692
0.198052173626
0.902508046929
0.188620077816
0.024825498604
0.981736299046
0.204507947977
0.118564748427
0.971657809954
0.219645026467
0.212641263729
0.952123813014
0.296397209628
0.157426167906
0.942000900097
0.370289557211
0.099004748617
0.923625304749
0.282158671119
0.060629083138
0.957450050180
-0.325252437072
0.826537010891
0.459398978891
-0.355294324699
0.856096472284
0.375319561146
-0.381645981237
0.878253128361
0.288128074872
-0.404156331689
0.892702221962
0.199349949736
-0.424071500614
0.899103472141
0.108518702313
-0.452944456342
0.891481827411
0.010073274778
-0.368311803957
0.929321689249
0.026600995416
-0.282022220872
0.958458561182
0.042669115670
-0.192643945845
0.979519086458
0.058571916426
-0.100996203849
0.992059276300
0.074954380233
-0.008443359121
0.995792902920
0.091242556853
-0.260944533656
0.881198475693
0.394204511378
-0.288632127167
0.906390406998
0.308460573281
-0.313965196769
0.923740535744
0.219383859574
-0.338819757195
0.932386326522
0.125924224233
-0.251016225491
0.957594153837
0.141436526671
-0.160788436356
0.974419135503
0.157017282806
-0.068522077672
0.982562048795
0.172848329871
-0.163189101269
0.896222889793
0.412497089733
-0.194090744808
0.924980177156
0.326711577156
-0.222846511693
0.945816622908
0.236157464537
-0.130016991125
0.958940702951
0.252048229993
-0.035347745288
0.962967496428
0.267290362201
-0.097911718295
0.934408114463
0.342483241992
-0.534441162823
0.278873816812
-0.797873447219
-0.599507260113
0.216738706878
-0.770464391138
-0.658848177144
0.152528357720
-0.736650649606
-0.711717929406
0.087495505506
-0.696995068475
-0.759098663675
0.021990972093
-0.650604039300
-0.809067863299
-0.040861356191
-0.586293051423
-0.754411193604
-0.081499635882
-0.651322930900
-0.694204568191
-0.120648833661
-0.709594163194
-0.627512051712
-0.158980395325
-0.762203292343
-0.554575106136
-0.195425706468
-0.808860460714
-0.476531771801
-0.229678471215
-0.848625518309
-0.529891906888
0.177085111385
-0.829370502453
-0.591383940261
0.113775870162
-0.798323297023
-0.648080106801
0.049016345134
-0.759993140153
-0.701391379570
-0.016838504213
-0.712577432593
-0.638167178839
-0.055980200802
-0.767859927963
-0.568769136465
-0.093688204136
-0.817143922336
-0.493303478344
-0.129530095954
-0.860159073948
-0.452665590262
0.138363602664
-0.880879887868
-0.518553369979
0.075525996381
-0.851703132761
-0.580218256661
0.010205247964
-0.814397094513
-0.506769120383
-0.027409176781
-0.861645980467
-0.427483410512
-0.063657003330
-0.901779196735
-0.440583159216
0.037282635156
-0.896937280377
-0.818365346175
-0.464449345430
0.338474468328
-0.831467505544
-0.390541099699
0.395144829992
-0.836921120528
-0.313672660536
0.448522574734
-0.834922973998
-0.235059488822
0.497645118739
-0.826166910119
-0.153595976665
0.542085336987
-0.815293489490
-0.057160257159
0.576219776645
-0.770851512905
-0.124540950599
0.624721935485
-0.720575531945
-0.189688913085
0.666925047524
-0.663711486850
-0.253751746890
0.703631375916
-0.600899460725
-0.316704441291
0.733906080481
-0.532922773156
-0.377312029424
0.757382961456
-0.773523693439
-0.460751186543
0.435165991075
-0.782023058739
-0.385323821596
0.489862723742
-0.783666788600
-0.305954196240
0.540609280579
-0.779216830153
-0.220588179029
0.586653208360
-0.725579759572
-0.284829308206
0.626423401292
-0.665811154060
-0.347747504537
0.660126639530
-0.600129621103
-0.409204568585
0.687310744077
-0.707602811977
-0.529070708784
0.468382798135
-0.720472229179
-0.453104439975
0.524991555605
-0.726171596441
-0.371905556353
0.578239629976
-0.662543493323
-0.435231779714
0.609597750474
-0.592677939218
-0.496141894237
0.634488834534
-0.652249443345
-0.516866890964
0.554454038385
-0.789701782502
0.539491529363
0.292095848068
-0.745835424399
0.614728798666
0.256589212171
-0.695318641773
0.684392762808
0.219404951217
-0.639215820511
0.747427468492
0.180984292556
-0.577667477279
0.804175938027
0.140004808466
-0.510104713502
0.856154845681
0.082413964112
-0.492852754556
0.852351148788
0.174910495645
-0.471711133957
0.841224365606
0.264253992991
-0.446395692735
0.822691882175
0.352007034746
-0.417700645139
0.796325167194
0.437484170164
-0.385755388545
0.762601244372
0.519261131119
-0.721695720199
0.596438582053
0.351306568805
-0.673955948764
0.668247188576
0.315006466736
-0.619919393009
0.734650443467
0.275660428943
-0.559407936223
0.796055334366
0.230994946952
-0.535845533697
0.781559960374
0.319426974999
-0.508535940893
0.759499358196
0.405649999038
-0.477726646257
0.729659717058
0.489258570451
-0.692259810052
0.569239209313
0.443557299531
-0.647195184783
0.644946232798
0.406426807178
-0.594752068046
0.715966348477
0.365598366248
-0.565248770839
0.689952670104
0.452171582568
-0.531489639524
0.656334942547
0.535484085916
-0.614778609259
0.614966808188
0.493824955247
-0.818365346175
0.464449345430
-0.338474468328
-0.831467505544
0.390541099699
-0.395144829992
-0.836921120528
0.313672660536
-0.448522574734
-0.834922973998
0.235059488822
-0.497645118739
-0.826166910119
0.153595976665
-0.542085336987
-0.815293489490
0.057160257159
-0.576219776645
-0.770851512905
0.124540950599
-0.624721935485
-0.720575531945
0.189688913085
-0.666925047524
-0.663711486850
0.253751746890
-0.703631375916
-0.600899460725
0.316704441291
-0.733906080481
-0.532922773156
0.377312029424
-0.757382961456
-0.773523693439
0.460751186543
-0.435165991075
-0.782023058739
0.385323821596
-0.489862723742
-0.783666788600
0.305954196240
-0.540609280579
-0.779216830153
0.220588179029
-0.586653208360
-0.725579759572
0.284829308206
-0.626423401292
-0.665811154060
0.347747504537
-0.660126639530
-0.600129621103
0.409204568585
-0.687310744077
-0.707602811977
0.529070708784
-0.468382798135
-0.720472229179
0.453104439975
-0.524991555605
-0.726171596441
0.371905556353
-0.578239629976
-0.662543493323
0.435231779714
-0.609597750474
-0.592677939218
0.496141894237
-0.634488834534
-0.652249443345
0.516866890964
-0.554454038385
-0.325252437072
-0.826537010891
-0.459398978891
-0.355294324699
-0.856096472284
-0.375319561146
-0.381645981237
-0.878253128361
-0.288128074872
-0.404156331689
-0.892702221962
-0.199349949736
-0.424071500614
-0.899103472141
-0.108518702313
-0.452944456342
-0.891481827411
-0.010073274778
-0.368311803957
-0.929321689249
-0.026600995416
-0.282022220872
-0.958458561182
-0.042669115670
-0.192643945845
-0.979519086458
-0.058571916426
-0.100996203849
-0.992059276300
-0.074954380233
-0.008443359121
-0.995792902920
-0.091242556853
-0.260944533656
-0.881198475693
-0.394204511378
-0.288632127167
-0.906390406998
-0.308460573281
-0.313965196769
-0.923740535744
-0.219383859574
-0.338819757195
-0.932386326522
-0.125924224233
-0.251016225491
-0.957594153837
-0.141436526671
-0.160788436356
-0.974419135503
-0.157017282806
-0.068522077672
-0.982562048795
-0.172848329871
-0.163189101269
-0.896222889793
-0.412497089733
-0.194090744808
-0.924980177156
-0.326711577156
-0.222846511693
-0.945816622908
-0.236157464537
-0.130016991125
-0.958940702951
-0.252048229993
-0.035347745288
-0.962967496428
-0.267290362201
-0.097911718295
-0.934408114463
-0.342483241992
0.534441162823
0.278873816812
0.797873447219
0.599507260113
0.216738706878
0.770464391138
0.658848177144
0.152528357720
0.736650649606
0.711717929406
0.087495505506
0.696995068475
0.759098663675
0.021990972093
0.650604039300
0.809067863299
-0.040861356191
0.586293051423
0.754411193604
-0.081499635882
0.651322930900
0.694204568191
-0.120648833661
0.709594163194
0.627512051712
-0.158980395325
0.762203292343
0.554575106136
-0.195425706468
0.808860460714
0.476531771801
-0.229678471215
0.848625518309
0.529891906888
0.177085111385
0.829370502453
0.591383940261
0.113775870162
0.798323297023
0.648080106801
0.049016345134
0.759993140153
0.701391379570
-0.016838504213
0.712577432593
0.638167178839
-0.055980200802
0.767859927963
0.568769136465
-0.093688204136
0.817143922336
0.493303478344
-0.129530095954
0.860159073948
0.452665590262
0.138363602664
0.880879887868
0.518553369979
0.075525996381
0.851703132761
0.580218256661
0.010205247964
0.814397094513
0.506769120383
-0.027409176781
0.861645980467
0.427483410512
-0.063657003330
0.901779196735
0.440583159216
0.037282635156
0.896937280377
0.818365346175
-0.464449345430
-0.338474468328
0.831467505544
-0.390541099699
-0.395144829992
0.836921120528
-0.313672660536
-0.448522574734
0.834922973998
-0.235059488822
-0.497645118739
0.826166910119
-0.153595976665
-0.542085336987
0.815293489490
-0.057160257159
-0.576219776645
0.770851512905
-0.124540950599
-0.624721935485
0.720575531945
-0.189688913085
-0.666925047524
0.663711486850
-0.253751746890
-0.703631375916
0.600899460725
-0.316704441291
-0.733906080481
0.532922773156
-0.377312029424
-0.757382961456
0.773523693439
-0.460751186543
-0.435165991075
0.782023058739
-0.385323821596
-0.489862723742
0.783666788600
-0.305954196240
-0.540609280579
0.779216830153
-0.220588179029
-0.586653208360
0.725579759572
-0.284829308206
-0.626423401292
0.665811154060
-0.347747504537
-0.660126639530
0.600129621103
-0.409204568585
-0.687310744077
0.707602811977
-0.529070708784
-0.468382798135
0.720472229179
-0.453104439975
-0.524991555605
0.726171596441
-0.371905556353
-0.578239629976
0.662543493323
-0.435231779714
-0.609597750474
0.592677939218
-0.496141894237
-0.634488834534
0.652249443345
-0.516866890964
-0.554454038385
0.325252437072
0.826537010891
-0.459398978891
0.355294324699
0.856096472284
-0.375319561146
0.381645981237
0.878253128361
-0.288128074872
0.404156331689
0.892702221962
-0.199349949736
0.424071500614
0.899103472141
-0.108518702313
0.452944456342
0.891481827411
-0.010073274778
0.368311803957
0.929321689249
-0.026600995416
0.282022220872
0.958458561182
-0.042669115670
0.192643945845
0.979519086458
-0.058571916426
0.100996203849
0.992059276300
-0.074954380233
0.008443359121
0.995792902920
-0.091242556853
0.260944533656
0.881198475693
-0.394204511378
0.288632127167
0.906390406998
-0.308460573281
0.313965196769
0.923740535744
-0.219383859574
0.338819757195
0.932386326522
-0.125924224233
0.251016225491
0.957594153837
-0.141436526671
0.160788436356
0.974419135503
-0.157017282806
0.068522077672
0.982562048795
-0.172848329871
0.163189101269
0.896222889793
-0.412497089733
0.194090744808
0.924980177156
-0.326711577156
0.222846511693
0.945816622908
-0.236157464537
0.130016991125
0.958940702951
-0.252048229993
0.035347745288
0.962967496428
-0.267290362201
0.097911718295
0.934408114463
-0.342483241992
0.818365346175
0.464449345430
0.338474468328
0.831467505544
0.390541099699
0.395144829992
0.836921120528
0.313672660536
0.448522574734
0.834922973998
0.235059488822
0.497645118739
0.826166910119
0.153595976665
0.542085336987
0.815293489490
0.057160257159
0.576219776645
0.770851512905
0.124540950599
0.624721935485
0.720575531945
0.189688913085
0.666925047524
0.663711486850
0.253751746890
0.703631375916
0.600899460725
0.316704441291
0.733906080481
0.532922773156
0.377312029424
0.757382961456
0.773523693439
0.460751186543
0.435165991075
0.782023058739
0.385323821596
0.489862723742
0.783666788600
0.305954196240
0.540609280579
0.779216830153
0.220588179029
0.586653208360
0.725579759572
0.284829308206
0.626423401292
0.665811154060
0.347747504537
0.660126639530
0.600129621103
0.409204568585
0.687310744077
0.707602811977
0.529070708784
0.468382798135
0.720472229179
0.453104439975
0.524991555605
0.726171596441
0.371905556353
0.578239629976
0.662543493323
0.435231779714
0.609597750474
0.592677939218
0.496141894237
0.634488834534
0.652249443345
0.516866890964
0.554454038385
0.998890508253
-0.008171664716
-0.046378620260
0.990048359813
-0.024628966740
-0.138555617821
0.972520837680
-0.041332007833
-0.229117623517
0.946777418228
-0.057779247964
-0.316660826183
0.912694640340
-0.072936562021
-0.402080528521
0.866228120459
-0.076188337921
-0.493805812533
0.878952144203
-0.158470176344
-0.449811439839
0.883893481276
-0.237883029237
-0.402671054533
0.881263798602
-0.315807599608
-0.351624341171
0.871279547427
-0.391159815574
-0.296421910317
0.853843801225
-0.462870129764
-0.238121830337
0.990643093431
-0.107674782255
-0.083859422270
0.976707761858
-0.124367348259
-0.174856257005
0.954034303041
-0.140073747143
-0.264948851636
0.921979558599
-0.153169496369
-0.355658261408
0.922996487045
-0.232014394266
-0.306996426294
0.916516641002
-0.308607981443
-0.254476640492
0.902508046929
-0.382432427692
-0.198052173626
0.981736299046
-0.188620077816
-0.024825498604
0.971657809954
-0.204507947977
-0.118564748427
0.952123813014
-0.219645026467
-0.212641263729
0.942000900097
-0.296397209628
-0.157426167906
0.923625304749
-0.370289557211
-0.099004748617
0.957450050180
-0.282158671119
-0.060629083138
-0.008171664716
0.046378620260
-0.998890508253
-0.024628966740
0.138555617821
-0.990048359813
-0.041332007833
0.229117623517
-0.972520837680
-0.057779247964
0.316660826183
-0.946777418228
-0.072936562021
0.402080528521
-0.912694640340
-0.076188337921
0.493805812533
-0.866228120459
-0.158470176344
0.449811439839
-0.878952144203
-0.237883029237
0.402671054533
-0.883893481276
-0.315807599608
0.351624341171
-0.881263798602
-0.391159815574
0.296421910317
-0.871279547427
-0.462870129764
0.238121830337
-0.853843801225
-0.107674782255
0.083859422270
-0.990643093431
-0.124367348259
0.174856257005
-0.976707761858
-0.140073747143
0.264948851636
-0.954034303041
-0.153169496369
0.355658261408
-0.921979558599
-0.232014394266
0.306996426294
-0.922996487045
-0.308607981443
0.254476640492
-0.916516641002
-0.382432427692
0.198052173626
-0.902508046929
-0.188620077816
0.024825498604
-0.981736299046
-0.204507947977
0.118564748427
-0.971657809954
-0.219645026467
0.212641263729
-0.952123813014
-0.296397209628
0.157426167906
-0.942000900097
-0.370289557211
0.099004748617
-0.923625304749
-0.282158671119
0.060629083138
-0.957450050180
0.325252437072
-0.826537010891
0.459398978891
0.355294324699
-0.856096472284
0.375319561146
0.381645981237
-0.878253128361
0.288128074872
0.404156331689
-0.892702221962
0.199349949736
0.424071500614
-0.899103472141
0.108518702313
0.452944456342
-0.891481827411
0.010073274778
0.368311803957
-0.929321689249
0.026600995416
0.282022220872
-0.958458561182
0.042669115670
0.192643945845
-0.979519086458
0.058571916426
0.100996203849
-0.992059276300
0.074954380233
0.008443359121
-0.995792902920
0.091242556853
0.260944533656
-0.881198475693
0.394204511378
0.288632127167
-0.906390406998
0.308460573281
0.313965196769
-0.923740535744
0.219383859574
0.338819757195
-0.932386326522
0.125924224233
0.251016225491
-0.957594153837
0.141436526671
0.160788436356
-0.974419135503
0.157017282806
0.068522077672
-0.982562048795
0.172848329871
0.163189101269
-0.896222889793
0.412497089733
0.194090744808
-0.924980177156
0.326711577156
0.222846511693
-0.945816622908
0.236157464537
0.130016991125
-0.958940702951
0.252048229993
0.035347745288
-0.962967496428
0.267290362201
0.097911718295
-0.934408114463
0.342483241992
-0.826537010891
0.459398978891
0.325252437072
-0.856096472284
0.375319561146
0.355294324699
-0.878253128361
0.288128074872
0.381645981237
-0.892702221962
0.199349949736
0.404156331689
-0.899103472141
0.108518702313
0.424071500614
-0.891481827411
0.010073274778
0.452944456342
-0.929321689249
0.026600995416
0.368311803957
-0.958458561182
0.042669115670
0.282022220872
-0.979519086458
0.058571916426
0.192643945845
-0.992059276300
0.074954380233
0.100996203849
-0.995792902920
0.091242556853
0.008443359121
-0.881198475693
0.394204511378
0.260944533656
-0.906390406998
0.308460573281
0.288632127167
-0.923740535744
0.219383859574
0.313965196769
-0.932386326522
0.125924224233
0.338819757195
-0.957594153837
0.141436526671
0.251016225491
-0.974419135503
0.157017282806
0.160788436356
-0.982562048795
0.172848329871
0.068522077672
-0.896222889793
0.412497089733
0.163189101269
-0.924980177156
0.326711577156
0.194090744808
-0.945816622908
0.236157464537
0.222846511693
-0.958940702951
0.252048229993
0.130016991125
-0.962967496428
0.267290362201
0.035347745288
-0.934408114463
0.342483241992
0.097911718295
-0.278873816812
-0.797873447219
0.534441162823
-0.216738706878
-0.770464391138
0.599507260113
-0.152528357720
-0.736650649606
0.658848177144
-0.087495505506
-0.696995068475
0.711717929406
-0.021990972093
-0.650604039300
0.759098663675
0.040861356191
-0.586293051423
0.809067863299
0.081499635882
-0.651322930900
0.754411193604
0.120648833661
-0.709594163194
0.694204568191
0.158980395325
-0.762203292343
0.627512051712
0.195425706468
-0.808860460714
0.554575106136
0.229678471215
-0.848625518309
0.476531771801
-0.177085111385
-0.829370502453
0.529891906888
-0.113775870162
-0.798323297023
0.591383940261
-0.049016345134
-0.759993140153
0.648080106801
0.016838504213
-0.712577432593
0.701391379570
0.055980200802
-0.767859927963
0.638167178839
0.093688204136
-0.817143922336
0.568769136465
0.129530095954
-0.860159073948
0.493303478344
-0.138363602664
-0.880879887868
0.452665590262
-0.075525996381
-0.851703132761
0.518553369979
-0.010205247964
-0.814397094513
0.580218256661
0.027409176781
-0.861645980467
0.506769120383
0.063657003330
-0.901779196735
0.427483410512
-0.037282635156
-0.896937280377
0.440583159216
-0.539491529363
0.292095848068
0.789701782502
-0.614728798666
0.256589212171
0.745835424399
-0.684392762808
0.219404951217
0.695318641773
-0.747427468492
0.180984292556
0.639215820511
-0.804175938027
0.140004808466
0.577667477279
-0.856154845681
0.082413964112
0.510104713502
-0.852351148788
0.174910495645
0.492852754556
-0.841224365606
0.264253992991
0.471711133957
-0.822691882175
0.352007034746
0.446395692735
-0.796325167194
0.437484170164
0.417700645139
-0.762601244372
0.519261131119
0.385755388545
-0.596438582053
0.351306568805
0.721695720199
-0.668247188576
0.315006466736
0.673955948764
-0.734650443467
0.275660428943
0.619919393009
-0.796055334366
0.230994946952
0.559407936223
-0.781559960374
0.319426974999
0.535845533697
-0.759499358196
0.405649999038
0.508535940893
-0.729659717058
0.489258570451
0.477726646257
-0.569239209313
0.443557299531
0.692259810052
-0.644946232798
0.406426807178
0.647195184783
-0.715966348477
0.365598366248
0.594752068046
-0.689952670104
0.452171582568
0.565248770839
-0.656334942547
0.535484085916
0.531489639524
-0.614966808188
0.493824955247
0.614778609259
-0.789701782502
-0.539491529363
-0.292095848068
-0.745835424399
-0.614728798666
-0.256589212171
-0.695318641773
-0.684392762808
-0.219404951217
-0.639215820511
-0.747427468492
-0.180984292556
-0.577667477279
-0.804175938027
-0.140004808466
-0.510104713502
-0.856154845681
-0.082413964112
-0.492852754556
-0.852351148788
-0.174910495645
-0.471711133957
-0.841224365606
-0.264253992991
-0.446395692735
-0.822691882175
-0.352007034746
-0.417700645139
-0.796325167194
-0.437484170164
-0.385755388545
-0.762601244372
-0.519261131119
-0.721695720199
-0.596438582053
-0.351306568805
-0.673955948764
-0.668247188576
-0.315006466736
-0.619919393009
-0.734650443467
-0.275660428943
-0.559407936223
-0.796055334366
-0.230994946952
-0.535845533697
-0.781559960374
-0.319426974999
-0.508535940893
-0.759499358196
-0.405649999038
-0.477726646257
-0.729659717058
-0.489258570451
-0.692259810052
-0.569239209313
-0.443557299531
-0.647195184783
-0.644946232798
-0.406426807178
-0.594752068046
-0.715966348477
-0.365598366248
-0.565248770839
-0.689952670104
-0.452171582568
-0.531489639524
-0.656334942547
-0.535484085916
-0.614778609259
-0.614966808188
-0.493824955247
0.292095848068
-0.789701782502
0.539491529363
0.256589212171
-0.745835424399
0.614728798666
0.219404951217
-0.695318641773
0.684392762808
0.180984292556
-0.639215820511
0.747427468492
0.140004808466
-0.577667477279
0.804175938027
0.082413964112
-0.510104713502
0.856154845681
0.174910495645
-0.492852754556
0.852351148788
0.264253992991
-0.471711133957
0.841224365606
0.352007034746
-0.446395692735
0.822691882175
0.437484170164
-0.417700645139
0.796325167194
0.519261131119
-0.385755388545
0.762601244372
0.351306568805
-0.721695720199
0.596438582053
0.315006466736
-0.673955948764
0.668247188576
0.275660428943
-0.619919393009
0.734650443467
0.230994946952
-0.559407936223
0.796055334366
0.319426974999
-0.535845533697
0.781559960374
0.405649999038
-0.508535940893
0.759499358196
0.489258570451
-0.477726646257
0.729659717058
0.443557299531
-0.692259810052
0.569239209313
0.406426807178
-0.647195184783
0.644946232798
0.365598366248
-0.594752068046
0.715966348477
0.452171582568
-0.565248770839
0.689952670104
0.535484085916
-0.531489639524
0.656334942547
0.493824955247
-0.614778609259
0.614966808188
-0.534441162823
-0.278873816812
0.797873447219
-0.599507260113
-0.216738706878
0.770464391138
-0.658848177144
-0.152528357720
0.736650649606
-0.711717929406
-0.087495505506
0.696995068475
-0.759098663675
-0.021990972093
0.650604039300
-0.809067863299
0.040861356191
0.586293051423
-0.754411193604
0.081499635882
0.651322930900
-0.694204568191
0.120648833661
0.709594163194
-0.627512051712
0.158980395325
0.762203292343
-0.554575106136
0.195425706468
0.808860460714
-0.476531771801
0.229678471215
0.848625518309
-0.529891906888
-0.177085111385
0.829370502453
-0.591383940261
-0.113775870162
0.798323297023
-0.648080106801
-0.049016345134
0.759993140153
-0.701391379570
0.016838504213
0.712577432593
-0.638167178839
0.055980200802
0.767859927963
-0.568769136465
0.093688204136
0.817143922336
-0.493303478344
0.129530095954
0.860159073948
-0.452665590262
-0.138363602664
0.880879887868
-0.518553369979
-0.075525996381
0.851703132761
-0.580218256661
-0.010205247964
0.814397094513
-0.506769120383
0.027409176781
0.861645980467
-0.427483410512
0.063657003330
0.901779196735
-0.440583159216
-0.037282635156
0.896937280377
0.046378620260
-0.998890508253
-0.008171664716
0.138555617821
-0.990048359813
-0.024628966740
0.229117623517
-0.972520837680
-0.041332007833
0.316660826183
-0.946777418228
-0.057779247964
0.402080528521
-0.912694640340
-0.072936562021
0.493805812533
-0.866228120459
-0.076188337921
0.449811439839
-0.878952144203
-0.158470176344
0.402671054533
-0.883893481276
-0.237883029237
0.351624341171
-0.881263798602
-0.315807599608
0.296421910317
-0.871279547427
-0.391159815574
0.238121830337
-0.853843801225
-0.462870129764
0.083859422270
-0.990643093431
-0.107674782255
0.174856257005
-0.976707761858
-0.124367348259
0.264948851636
-0.954034303041
-0.140073747143
0.355658261408
-0.921979558599
-0.153169496369
0.306996426294
-0.922996487045
-0.232014394266
0.254476640492
-0.916516641002
-0.308607981443
0.198052173626
-0.902508046929
-0.382432427692
0.024825498604
-0.981736299046
-0.188620077816
0.118564748427
-0.971657809954
-0.204507947977
0.212641263729
-0.952123813014
-0.219645026467
0.157426167906
-0.942000900097
-0.296397209628
0.099004748617
-0.923625304749
-0.370289557211
0.060629083138
-0.957450050180
-0.282158671119
0.998890508253
0.008171664716
0.046378620260
0.990048359813
0.024628966740
0.138555617821
0.972520837680
0.041332007833
0.229117623517
0.946777418228
0.057779247964
0.316660826183
0.912694640340
0.072936562021
0.402080528521
0.866228120459
0.076188337921
0.493805812533
0.878952144203
0.158470176344
0.449811439839
0.883893481276
0.237883029237
0.402671054533
0.881263798602
0.315807599608
0.351624341171
0.871279547427
0.391159815574
0.296421910317
0.853843801225
0.462870129764
0.238121830337
0.990643093431
0.107674782255
0.083859422270
0.976707761858
0.124367348259
0.174856257005
0.954034303041
0.140073747143
0.264948851636
0.921979558599
0.153169496369
0.355658261408
0.922996487045
0.232014394266
0.306996426294
0.916516641002
0.308607981443
0.254476640492
0.902508046929
0.382432427692
0.198052173626
0.981736299046
0.188620077816
0.024825498604
0.971657809954
0.204507947977
0.118564748427
0.952123813014
0.219645026467
0.212641263729
0.942000900097
0.296397209628
0.157426167906
0.923625304749
0.370289557211
0.099004748617
0.957450050180
0.282158671119
0.060629083138
0.459398978891
-0.325252437072
0.826537010891
0.375319561146
-0.355294324699
0.856096472284
0.288128074872
-0.381645981237
0.878253128361
0.199349949736
-0.404156331689
0.892702221962
0.108518702313
-0.424071500614
0.899103472141
0.010073274778
-0.452944456342
0.891481827411
0.026600995416
-0.368311803957
0.929321689249
0.042669115670
-0.282022220872
0.958458561182
0.058571916426
-0.192643945845
0.979519086458
0.074954380233
-0.100996203849
0.992059276300
0.091242556853
-0.008443359121
0.995792902920
0.394204511378
-0.260944533656
0.881198475693
0.308460573281
-0.288632127167
0.906390406998
0.219383859574
-0.313965196769
0.923740535744
0.125924224233
-0.338819757195
0.932386326522
0.141436526671
-0.251016225491
0.957594153837
0.157017282806
-0.160788436356
0.974419135503
0.172848329871
-0.068522077672
0.982562048795
0.412497089733
-0.163189101269
0.896222889793
0.326711577156
-0.194090744808
0.924980177156
0.236157464537
-0.222846511693
0.945816622908
0.252048229993
-0.130016991125
0.958940702951
0.267290362201
-0.035347745288
0.962967496428
0.342483241992
-0.097911718295
0.934408114463
0.534441162823
-0.278873816812
-0.797873447219
0.599507260113
-0.216738706878
-0.770464391138
0.658848177144
-0.152528357720
-0.736650649606
0.711717929406
-0.087495505506
-0.696995068475
0.759098663675
-0.021990972093
-0.650604039300
0.809067863299
0.040861356191
-0.586293051423
0.754411193604
0.081499635882
-0.651322930900
0.694204568191
0.120648833661
-0.709594163194
0.627512051712
0.158980395325
-0.762203292343
0.554575106136
0.195425706468
-0.808860460714
0.476531771801
0.229678471215
-0.848625518309
0.529891906888
-0.177085111385
-0.829370502453
0.591383940261
-0.113775870162
-0.798323297023
0.648080106801
-0.049016345134
-0.759993140153
0.701391379570
0.016838504213
-0.712577432593
0.638167178839
0.055980200802
-0.767859927963
0.568769136465
0.093688204136
-0.817143922336
0.493303478344
0.129530095954
-0.860159073948
0.452665590262
-0.138363602664
-0.880879887868
0.518553369979
-0.075525996381
-0.851703132761
0.580218256661
-0.010205247964
-0.814397094513
0.506769120383
0.027409176781
-0.861645980467
0.427483410512
0.063657003330
-0.901779196735
0.440583159216
-0.037282635156
-0.896937280377
-0.797873447219
-0.534441162823
0.278873816812
-0.770464391138
-0.599507260113
0.216738706878
-0.736650649606
-0.658848177144
0.152528357720
-0.696995068475
-0.711717929406
0.087495505506
-0.650604039300
-0.759098663675
0.021990972093
-0.586293051423
-0.809067863299
-0.040861356191
-0.651322930900
-0.754411193604
-0.081499635882
-0.709594163194
-0.694204568191
-0.120648833661
-0.762203292343
-0.627512051712
-0.158980395325
-0.808860460714
-0.554575106136
-0.195425706468
-0.848625518309
-0.476531771801
-0.229678471215
-0.829370502453
-0.529891906888
0.177085111385
-0.798323297023
-0.591383940261
0.113775870162
-0.759993140153
-0.648080106801
0.049016345134
-0.712577432593
-0.701391379570
-0.016838504213
-0.767859927963
-0.638167178839
-0.055980200802
-0.817143922336
-0.568769136465
-0.093688204136
-0.860159073948
-0.493303478344
-0.129530095954
-0.880879887868
-0.452665590262
0.138363602664
-0.851703132761
-0.518553369979
0.075525996381
-0.814397094513
-0.580218256661
0.010205247964
-0.861645980467
-0.506769120383
-0.027409176781
-0.901779196735
-0.427483410512
-0.063657003330
-0.896937280377
-0.440583159216
0.037282635156
0.789701782502
-0.539491529363
0.292095848068
0.745835424399
-0.614728798666
0.256589212171
0.695318641773
-0.684392762808
0.219404951217
0.639215820511
-0.747427468492
0.180984292556
0.577667477279
-0.804175938027
0.140004808466
0.510104713502
-0.856154845681
0.082413964112
0.492852754556
-0.852351148788
0.174910495645
0.471711133957
-0.841224365606
0.264253992991
0.446395692735
-0.822691882175
0.352007034746
0.417700645139
-0.796325167194
0.437484170164
0.385755388545
-0.762601244372
0.519261131119
0.721695720199
-0.596438582053
0.351306568805
0.673955948764
-0.668247188576
0.315006466736
0.619919393009
-0.734650443467
0.275660428943
0.559407936223
-0.796055334366
0.230994946952
0.535845533697
-0.781559960374
0.319426974999
0.508535940893
-0.759499358196
0.405649999038
0.477726646257
-0.729659717058
0.489258570451
0.692259810052
-0.569239209313
0.443557299531
0.647195184783
-0.644946232798
0.406426807178
0.594752068046
-0.715966348477
0.365598366248
0.565248770839
-0.689952670104
0.452171582568
0.531489639524
-0.656334942547
0.535484085916
0.614778609259
-0.614966808188
0.493824955247
-0.292095848068
-0.789701782502
-0.539491529363
-0.256589212171
-0.745835424399
-0.614728798666
-0.219404951217
-0.695318641773
-0.684392762808
-0.180984292556
-0.639215820511
-0.747427468492
-0.140004808466
-0.577667477279
-0.804175938027
-0.082413964112
-0.510104713502
-0.856154845681
-0.174910495645
-0.492852754556
-0.852351148788
-0.264253992991
-0.471711133957
-0.841224365606
-0.352007034746
-0.446395692735
-0.822691882175
-0.437484170164
-0.417700645139
-0.796325167194
-0.519261131119
-0.385755388545
-0.762601244372
-0.351306568805
-0.721695720199
-0.596438582053
-0.315006466736
-0.673955948764
-0.668247188576
-0.275660428943
-0.619919393009
-0.734650443467
-0.230994946952
-0.559407936223
-0.796055334366
-0.319426974999
-0.535845533697
-0.781559960374
-0.405649999038
-0.508535940893
-0.759499358196
-0.489258570451
-0.477726646257
-0.729659717058
-0.443557299531
-0.692259810052
-0.569239209313
-0.406426807178
-0.647195184783
-0.644946232798
-0.365598366248
-0.594752068046
-0.715966348477
-0.452171582568
-0.565248770839
-0.689952670104
-0.535484085916
-0.531489639524
-0.656334942547
-0.493824955247
-0.614778609259
-0.614966808188
0.292095848068
0.789701782502
-0.539491529363
0.256589212171
0.745835424399
-0.614728798666
0.219404951217
0.695318641773
-0.684392762808
0.180984292556
0.639215820511
-0.747427468492
0.140004808466
0.577667477279
-0.804175938027
0.082413964112
0.510104713502
-0.856154845681
0.174910495645
0.492852754556
-0.852351148788
0.264253992991
0.471711133957
-0.841224365606
0.352007034746
0.446395692735
-0.822691882175
0.437484170164
0.417700645139
-0.796325167194
0.519261131119
0.385755388545
-0.762601244372
0.351306568805
0.721695720199
-0.596438582053
0.315006466736
0.673955948764
-0.668247188576
0.275660428943
0.619919393009
-0.734650443467
0.230994946952
0.559407936223
-0.796055334366
0.319426974999
0.535845533697
-0.781559960374
0.405649999038
0.508535940893
-0.759499358196
0.489258570451
0.477726646257
-0.729659717058
0.443557299531
0.692259810052
-0.569239209313
0.406426807178
0.647195184783
-0.644946232798
0.365598366248
0.594752068046
-0.715966348477
0.452171582568
0.565248770839
-0.689952670104
0.535484085916
0.531489639524
-0.656334942547
0.493824955247
0.614778609259
-0.614966808188
-0.539491529363
-0.292095848068
-0.789701782502
-0.614728798666
-0.256589212171
-0.745835424399
-0.684392762808
-0.219404951217
-0.695318641773
-0.747427468492
-0.180984292556
-0.639215820511
-0.804175938027
-0.140004808466
-0.577667477279
-0.856154845681
-0.082413964112
-0.510104713502
-0.852351148788
-0.174910495645
-0.492852754556
-0.841224365606
-0.264253992991
-0.471711133957
-0.822691882175
-0.352007034746
-0.446395692735
-0.796325167194
-0.437484170164
-0.417700645139
-0.762601244372
-0.519261131119
-0.385755388545
-0.596438582053
-0.351306568805
-0.721695720199
-0.668247188576
-0.315006466736
-0.673955948764
-0.734650443467
-0.275660428943
-0.619919393009
-0.796055334366
-0.230994946952
-0.559407936223
-0.781559960374
-0.319426974999
-0.535845533697
-0.759499358196
-0.405649999038
-0.508535940893
-0.729659717058
-0.489258570451
-0.477726646257
-0.569239209313
-0.443557299531
-0.692259810052
-0.644946232798
-0.406426807178
-0.647195184783
-0.715966348477
-0.365598366248
-0.594752068046
-0.689952670104
-0.452171582568
-0.565248770839
-0.656334942547
-0.535484085916
-0.531489639524
-0.614966808188
-0.493824955247
-0.614778609259
-0.797873447219
0.534441162823
-0.278873816812
-0.770464391138
0.599507260113
-0.216738706878
-0.736650649606
0.658848177144
-0.152528357720
-0.696995068475
0.711717929406
-0.087495505506
-0.650604039300
0.759098663675
-0.021990972093
-0.586293051423
0.809067863299
0.040861356191
-0.651322930900
0.754411193604
0.081499635882
-0.709594163194
0.694204568191
0.120648833661
-0.762203292343
0.627512051712
0.158980395325
-0.808860460714
0.554575106136
0.195425706468
-0.848625518309
0.476531771801
0.229678471215
-0.829370502453
0.529891906888
-0.177085111385
-0.798323297023
0.591383940261
-0.113775870162
-0.759993140153
0.648080106801
-0.049016345134
-0.712577432593
0.701391379570
0.016838504213
-0.767859927963
0.638167178839
0.055980200802
-0.817143922336
0.568769136465
0.093688204136
-0.860159073948
0.493303478344
0.129530095954
-0.880879887868
0.452665590262
-0.138363602664
-0.851703132761
0.518553369979
-0.075525996381
-0.814397094513
0.580218256661
-0.010205247964
-0.861645980467
0.506769120383
0.027409176781
-0.901779196735
0.427483410512
0.063657003330
-0.896937280377
0.440583159216
-0.037282635156
-0.278873816812
0.797873447219
-0.534441162823
-0.216738706878
0.770464391138
-0.599507260113
-0.152528357720
0.736650649606
-0.658848177144
-0.087495505506
0.696995068475
-0.711717929406
-0.021990972093
0.650604039300
-0.759098663675
0.040861356191
0.586293051423
-0.809067863299
0.081499635882
0.651322930900
-0.754411193604
0.120648833661
0.709594163194
-0.694204568191
0.158980395325
0.762203292343
-0.627512051712
0.195425706468
0.808860460714
-0.554575106136
0.229678471215
0.848625518309
-0.476531771801
-0.177085111385
0.829370502453
-0.529891906888
-0.113775870162
0.798323297023
-0.591383940261
-0.049016345134
0.759993140153
-0.648080106801
0.016838504213
0.712577432593
-0.701391379570
0.055980200802
0.767859927963
-0.638167178839
0.093688204136
0.817143922336
-0.568769136465
0.129530095954
0.860159073948
-0.493303478344
-0.138363602664
0.880879887868
-0.452665590262
-0.075525996381
0.851703132761
-0.518553369979
-0.010205247964
0.814397094513
-0.580218256661
0.027409176781
0.861645980467
-0.506769120383
0.063657003330
0.901779196735
-0.427483410512
-0.037282635156
0.896937280377
-0.440583159216
0.464449345430
-0.338474468328
-0.818365346175
0.390541099699
-0.395144829992
-0.831467505544
0.313672660536
-0.448522574734
-0.836921120528
0.235059488822
-0.497645118739
-0.834922973998
0.153595976665
-0.542085336987
-0.826166910119
0.057160257159
-0.576219776645
-0.815293489490
0.124540950599
-0.624721935485
-0.770851512905
0.189688913085
-0.666925047524
-0.720575531945
0.253751746890
-0.703631375916
-0.663711486850
0.316704441291
-0.733906080481
-0.600899460725
0.377312029424
-0.757382961456
-0.532922773156
0.460751186543
-0.435165991075
-0.773523693439
0.385323821596
-0.489862723742
-0.782023058739
0.305954196240
-0.540609280579
-0.783666788600
0.220588179029
-0.586653208360
-0.779216830153
0.284829308206
-0.626423401292
-0.725579759572
0.347747504537
-0.660126639530
-0.665811154060
0.409204568585
-0.687310744077
-0.600129621103
0.529070708784
-0.468382798135
-0.707602811977
0.453104439975
-0.524991555605
-0.720472229179
0.371905556353
-0.578239629976
-0.726171596441
0.435231779714
-0.609597750474
-0.662543493323
0.496141894237
-0.634488834534
-0.592677939218
0.516866890964
-0.554454038385
-0.652249443345
-0.826537010891
-0.459398978891
-0.325252437072
-0.856096472284
-0.375319561146
-0.355294324699
-0.878253128361
-0.288128074872
-0.381645981237
-0.892702221962
-0.199349949736
-0.404156331689
-0.899103472141
-0.108518702313
-0.424071500614
-0.891481827411
-0.010073274778
-0.452944456342
-0.929321689249
-0.026600995416
-0.368311803957
-0.958458561182
-0.042669115670
-0.282022220872
-0.979519086458
-0.058571916426
-0.192643945845
-0.992059276300
-0.074954380233
-0.100996203849
-0.995792902920
-0.091242556853
-0.008443359121
-0.881198475693
-0.394204511378
-0.260944533656
-0.906390406998
-0.308460573281
-0.288632127167
-0.923740535744
-0.219383859574
-0.313965196769
-0.932386326522
-0.125924224233
-0.338819757195
-0.957594153837
-0.141436526671
-0.251016225491
-0.974419135503
-0.157017282806
-0.160788436356
-0.982562048795
-0.172848329871
-0.068522077672
-0.896222889793
-0.412497089733
-0.163189101269
-0.924980177156
-0.326711577156
-0.194090744808
-0.945816622908
-0.236157464537
-0.222846511693
-0.958940702951
-0.252048229993
-0.130016991125
-0.962967496428
-0.267290362201
-0.035347745288
-0.934408114463
-0.342483241992
-0.097911718295
-0.464449345430
0.338474468328
-0.818365346175
-0.390541099699
0.395144829992
-0.831467505544
-0.313672660536
0.448522574734
-0.836921120528
-0.235059488822
0.497645118739
-0.834922973998
-0.153595976665
0.542085336987
-0.826166910119
-0.057160257159
0.576219776645
-0.815293489490
-0.124540950599
0.624721935485
-0.770851512905
-0.189688913085
0.666925047524
-0.720575531945
-0.253751746890
0.703631375916
-0.663711486850
-0.316704441291
0.733906080481
-0.600899460725
-0.377312029424
0.757382961456
-0.532922773156
-0.460751186543
0.435165991075
-0.773523693439
-0.385323821596
0.489862723742
-0.782023058739
-0.305954196240
0.540609280579
-0.783666788600
-0.220588179029
0.586653208360
-0.779216830153
-0.284829308206
0.626423401292
-0.725579759572
-0.347747504537
0.660126639530
-0.665811154060
-0.409204568585
0.687310744077
-0.600129621103
-0.529070708784
0.468382798135
-0.707602811977
-0.453104439975
0.524991555605
-0.720472229179
-0.371905556353
0.578239629976
-0.726171596441
-0.435231779714
0.609597750474
-0.662543493323
-0.496141894237
0.634488834534
-0.592677939218
-0.516866890964
0.554454038385
-0.652249443345
0.826537010891
0.459398978891
-0.325252437072
0.856096472284
0.375319561146
-0.355294324699
0.878253128361
0.288128074872
-0.381645981237
0.892702221962
0.199349949736
-0.404156331689
0.899103472141
0.108518702313
-0.424071500614
0.891481827411
0.010073274778
-0.452944456342
0.929321689249
0.026600995416
-0.368311803957
0.958458561182
0.042669115670
-0.282022220872
0.979519086458
0.058571916426
-0.192643945845
0.992059276300
0.074954380233
-0.100996203849
0.995792902920
0.091242556853
-0.008443359121
0.881198475693
0.394204511378
-0.260944533656
0.906390406998
0.308460573281
-0.288632127167
0.923740535744
0.219383859574
-0.313965196769
0.932386326522
0.125924224233
-0.338819757195
0.957594153837
0.141436526671
-0.251016225491
0.974419135503
0.157017282806
-0.160788436356
0.982562048795
0.172848329871
-0.068522077672
0.896222889793
0.412497089733
-0.163189101269
0.924980177156
0.326711577156
-0.194090744808
0.945816622908
0.236157464537
-0.222846511693
0.958940702951
0.252048229993
-0.130016991125
0.962967496428
0.267290362201
-0.035347745288
0.934408114463
0.342483241992
-0.097911718295
0.278873816812
-0.797873447219
-0.534441162823
0.216738706878
-0.770464391138
-0.599507260113
0.152528357720
-0.736650649606
-0.658848177144
0.087495505506
-0.696995068475
-0.711717929406
0.021990972093
-0.650604039300
-0.759098663675
-0.040861356191
-0.586293051423
-0.809067863299
-0.081499635882
-0.651322930900
-0.754411193604
-0.120648833661
-0.709594163194
-0.694204568191
-0.158980395325
-0.762203292343
-0.627512051712
-0.195425706468
-0.808860460714
-0.554575106136
-0.229678471215
-0.848625518309
-0.476531771801
0.177085111385
-0.829370502453
-0.529891906888
0.113775870162
-0.798323297023
-0.591383940261
0.049016345134
-0.759993140153
-0.648080106801
-0.016838504213
-0.712577432593
-0.701391379570
-0.055980200802
-0.767859927963
-0.638167178839
-0.093688204136
-0.817143922336
-0.568769136465
-0.129530095954
-0.860159073948
-0.493303478344
0.138363602664
-0.880879887868
-0.452665590262
0.075525996381
-0.851703132761
-0.518553369979
0.010205247964
-0.814397094513
-0.580218256661
-0.027409176781
-0.861645980467
-0.506769120383
-0.063657003330
-0.901779196735
-0.427483410512
0.037282635156
-0.896937280377
-0.440583159216
0.539491529363
0.292095848068
-0.789701782502
0.614728798666
0.256589212171
-0.745835424399
0.684392762808
0.219404951217
-0.695318641773
0.747427468492
0.180984292556
-0.639215820511
0.804175938027
0.140004808466
-0.577667477279
0.856154845681
0.082413964112
-0.510104713502
0.852351148788
0.174910495645
-0.492852754556
0.841224365606
0.264253992991
-0.471711133957
0.822691882175
0.352007034746
-0.446395692735
0.796325167194
0.437484170164
-0.417700645139
0.762601244372
0.519261131119
-0.385755388545
0.596438582053
0.351306568805
-0.721695720199
0.668247188576
0.315006466736
-0.673955948764
0.734650443467
0.275660428943
-0.619919393009
0.796055334366
0.230994946952
-0.559407936223
0.781559960374
0.319426974999
-0.535845533697
0.759499358196
0.405649999038
-0.508535940893
0.729659717058
0.489258570451
-0.477726646257
0.569239209313
0.443557299531
-0.692259810052
0.644946232798
0.406426807178
-0.647195184783
0.715966348477
0.365598366248
-0.594752068046
0.689952670104
0.452171582568
-0.565248770839
0.656334942547
0.535484085916
-0.531489639524
0.614966808188
0.493824955247
-0.614778609259
-0.998890508253
0.008171664716
-0.046378620260
-0.990048359813
0.024628966740
-0.138555617821
-0.972520837680
0.041332007833
-0.229117623517
-0.946777418228
0.057779247964
-0.316660826183
-0.912694640340
0.072936562021
-0.402080528521
-0.866228120459
0.076188337921
-0.493805812533
-0.878952144203
0.158470176344
-0.449811439839
-0.883893481276
0.237883029237
-0.402671054533
-0.881263798602
0.315807599608
-0.351624341171
-0.871279547427
0.391159815574
-0.296421910317
-0.853843801225
0.462870129764
-0.238121830337
-0.990643093431
0.107674782255
-0.083859422270
-0.976707761858
0.124367348259
-0.174856257005
-0.954034303041
0.140073747143
-0.264948851636
-0.921979558599
0.153169496369
-0.355658261408
-0.922996487045
0.232014394266
-0.306996426294
-0.916516641002
0.308607981443
-0.254476640492
-0.902508046929
0.382432427692
-0.198052173626
-0.981736299046
0.188620077816
-0.024825498604
-0.971657809954
0.204507947977
-0.118564748427
-0.952123813014
0.219645026467
-0.212641263729
-0.942000900097
0.296397209628
-0.157426167906
-0.923625304749
0.370289557211
-0.099004748617
-0.957450050180
0.282158671119
-0.060629083138
0.008171664716
-0.046378620260
-0.998890508253
0.024628966740
-0.138555617821
-0.990048359813
0.041332007833
-0.229117623517
-0.972520837680
0.057779247964
-0.316660826183
-0.946777418228
0.072936562021
-0.402080528521
-0.912694640340
0.076188337921
-0.493805812533
-0.866228120459
0.158470176344
-0.449811439839
-0.878952144203
0.237883029237
-0.402671054533
-0.883893481276
0.315807599608
-0.351624341171
-0.881263798602
0.391159815574
-0.296421910317
-0.871279547427
0.462870129764
-0.238121830337
-0.853843801225
0.107674782255
-0.083859422270
-0.990643093431
0.124367348259
-0.174856257005
-0.976707761858
0.140073747143
-0.264948851636
-0.954034303041
0.153169496369
-0.355658261408
-0.921979558599
0.232014394266
-0.306996426294
-0.922996487045
0.308607981443
-0.254476640492
-0.916516641002
0.382432427692
-0.198052173626
-0.902508046929
0.188620077816
-0.024825498604
-0.981736299046
0.204507947977
-0.118564748427
-0.971657809954
0.219645026467
-0.212641263729
-0.952123813014
0.296397209628
-0.157426167906
-0.942000900097
0.370289557211
-0.099004748617
-0.923625304749
0.282158671119
-0.060629083138
-0.957450050180
0.338474468328
-0.818365346175
-0.464449345430
0.395144829992
-0.831467505544
-0.390541099699
0.448522574734
-0.836921120528
-0.313672660536
0.497645118739
-0.834922973998
-0.235059488822
0.542085336987
-0.826166910119
-0.153595976665
0.576219776645
-0.815293489490
-0.057160257159
0.624721935485
-0.770851512905
-0.124540950599
0.666925047524
-0.720575531945
-0.189688913085
0.703631375916
-0.663711486850
-0.253751746890
0.733906080481
-0.600899460725
-0.316704441291
0.757382961456
-0.532922773156
-0.377312029424
0.435165991075
-0.773523693439
-0.460751186543
0.489862723742
-0.782023058739
-0.385323821596
0.540609280579
-0.783666788600
-0.305954196240
0.586653208360
-0.779216830153
-0.220588179029
0.626423401292
-0.725579759572
-0.284829308206
0.660126639530
-0.665811154060
-0.347747504537
0.687310744077
-0.600129621103
-0.409204568585
0.468382798135
-0.707602811977
-0.529070708784
0.524991555605
-0.720472229179
-0.453104439975
0.578239629976
-0.726171596441
-0.371905556353
0.609597750474
-0.662543493323
-0.435231779714
0.634488834534
-0.592677939218
-0.496141894237
0.554454038385
-0.652249443345
-0.516866890964
-0.338474468328
-0.818365346175
0.464449345430
-0.395144829992
-0.831467505544
0.390541099699
-0.448522574734
-0.836921120528
0.313672660536
-0.497645118739
-0.834922973998
0.235059488822
-0.542085336987
-0.826166910119
0.153595976665
-0.576219776645
-0.815293489490
0.057160257159
-0.624721935485
-0.770851512905
0.124540950599
-0.666925047524
-0.720575531945
0.189688913085
-0.703631375916
-0.663711486850
0.253751746890
-0.733906080481
-0.600899460725
0.316704441291
-0.757382961456
-0.532922773156
0.377312029424
-0.435165991075
-0.773523693439
0.460751186543
-0.489862723742
-0.782023058739
0.385323821596
-0.540609280579
-0.783666788600
0.305954196240
-0.586653208360
-0.779216830153
0.220588179029
-0.626423401292
-0.725579759572
0.284829308206
-0.660126639530
-0.665811154060
0.347747504537
-0.687310744077
-0.600129621103
0.409204568585
-0.468382798135
-0.707602811977
0.529070708784
-0.524991555605
-0.720472229179
0.453104439975
-0.578239629976
-0.726171596441
0.371905556353
-0.609597750474
-0.662543493323
0.435231779714
-0.634488834534
-0.592677939218
0.496141894237
-0.554454038385
-0.652249443345
0.516866890964
-0.046378620260
-0.998890508253
0.008171664716
-0.138555617821
-0.990048359813
0.024628966740
-0.229117623517
-0.972520837680
0.041332007833
-0.316660826183
-0.946777418228
0.057779247964
-0.402080528521
-0.912694640340
0.072936562021
-0.493805812533
-0.866228120459
0.076188337921
-0.449811439839
-0.878952144203
0.158470176344
-0.402671054533
-0.883893481276
0.237883029237
-0.351624341171
-0.881263798602
0.315807599608
-0.296421910317
-0.871279547427
0.391159815574
-0.238121830337
-0.853843801225
0.462870129764
-0.083859422270
-0.990643093431
0.107674782255
-0.174856257005
-0.976707761858
0.124367348259
-0.264948851636
-0.954034303041
0.140073747143
-0.355658261408
-0.921979558599
0.153169496369
-0.306996426294
-0.922996487045
0.232014394266
-0.254476640492
-0.916516641002
0.308607981443
-0.198052173626
-0.902508046929
0.382432427692
-0.024825498604
-0.981736299046
0.188620077816
-0.118564748427
-0.971657809954
0.204507947977
-0.212641263729
-0.952123813014
0.219645026467
-0.157426167906
-0.942000900097
0.296397209628
-0.099004748617
-0.923625304749
0.370289557211
-0.060629083138
-0.957450050180
0.282158671119
0.046378620260
0.998890508253
0.008171664716
0.138555617821
0.990048359813
0.024628966740
0.229117623517
0.972520837680
0.041332007833
0.316660826183
0.946777418228
0.057779247964
0.402080528521
0.912694640340
0.072936562021
0.493805812533
0.866228120459
0.076188337921
0.449811439839
0.878952144203
0.158470176344
0.402671054533
0.883893481276
0.237883029237
0.351624341171
0.881263798602
0.315807599608
0.296421910317
0.871279547427
0.391159815574
0.238121830337
0.853843801225
0.462870129764
0.083859422270
0.990643093431
0.107674782255
0.174856257005
0.976707761858
0.124367348259
0.264948851636
0.954034303041
0.140073747143
0.355658261408
0.921979558599
0.153169496369
0.306996426294
0.922996487045
0.232014394266
0.254476640492
0.916516641002
0.308607981443
0.198052173626
0.902508046929
0.382432427692
0.024825498604
0.981736299046
0.188620077816
0.118564748427
0.971657809954
0.204507947977
0.212641263729
0.952123813014
0.219645026467
0.157426167906
0.942000900097
0.296397209628
0.099004748617
0.923625304749
0.370289557211
0.060629083138
0.957450050180
0.282158671119
-0.459398978891
-0.325252437072
-0.826537010891
-0.375319561146
-0.355294324699
-0.856096472284
-0.288128074872
-0.381645981237
-0.878253128361
-0.199349949736
-0.404156331689
-0.892702221962
-0.108518702313
-0.424071500614
-0.899103472141
-0.010073274778
-0.452944456342
-0.891481827411
-0.026600995416
-0.368311803957
-0.929321689249
-0.042669115670
-0.282022220872
-0.958458561182
-0.058571916426
-0.192643945845
-0.979519086458
-0.074954380233
-0.100996203849
-0.992059276300
-0.091242556853
-0.008443359121
-0.995792902920
-0.394204511378
-0.260944533656
-0.881198475693
-0.308460573281
-0.288632127167
-0.906390406998
-0.219383859574
-0.313965196769
-0.923740535744
-0.125924224233
-0.338819757195
-0.932386326522
-0.141436526671
-0.251016225491
-0.957594153837
-0.157017282806
-0.160788436356
-0.974419135503
-0.172848329871
-0.068522077672
-0.982562048795
-0.412497089733
-0.163189101269
-0.896222889793
-0.326711577156
-0.194090744808
-0.924980177156
-0.236157464537
-0.222846511693
-0.945816622908
-0.252048229993
-0.130016991125
-0.958940702951
-0.267290362201
-0.035347745288
-0.962967496428
-0.342483241992
-0.097911718295
-0.934408114463
0.797873447219
-0.534441162823
-0.278873816812
0.770464391138
-0.599507260113
-0.216738706878
0.736650649606
-0.658848177144
-0.152528357720
0.696995068475
-0.711717929406
-0.087495505506
0.650604039300
-0.759098663675
-0.021990972093
0.586293051423
-0.809067863299
0.040861356191
0.651322930900
-0.754411193604
0.081499635882
0.709594163194
-0.694204568191
0.120648833661
0.762203292343
-0.627512051712
0.158980395325
0.808860460714
-0.554575106136
0.195425706468
0.848625518309
-0.476531771801
0.229678471215
0.829370502453
-0.529891906888
-0.177085111385
0.798323297023
-0.591383940261
-0.113775870162
0.759993140153
-0.648080106801
-0.049016345134
0.712577432593
-0.701391379570
0.016838504213
0.767859927963
-0.638167178839
0.055980200802
0.817143922336
-0.568769136465
0.093688204136
0.860159073948
-0.493303478344
0.129530095954
0.880879887868
-0.452665590262
-0.138363602664
0.851703132761
-0.518553369979
-0.075525996381
0.814397094513
-0.580218256661
-0.010205247964
0.861645980467
-0.506769120383
0.027409176781
0.901779196735
-0.427483410512
0.063657003330
0.896937280377
-0.440583159216
-0.037282635156
