0.620459960308
0.777170895133
0.105046834377
0.697463872842
0.679005256854
0.229120071675
0.752094728872
0.561139501166
0.345652974867
0.453250214923
0.782321998384
0.427242944373
0.548929026350
0.787107211072
0.281316836163
0.614213699475
0.679189993534
0.401799059307
0.512704728637
0.659044705797
0.550267150568
0.525731112119
0.850650808352
0.000000000000
0.000000000000
0.525731112119
-0.850650808352
-0.525731112119
0.850650808352
0.000000000000
0.000000000000
0.525731112119
0.850650808352
0.850650808352
-0.000000000000
0.525731112119
-0.850650808352
-0.000000000000
0.525731112119
-0.000000000000
-0.525731112119
0.850650808352
-0.850650808352
-0.000000000000
-0.525731112119
-0.525731112119
-0.850650808352
0.000000000000
0.850650808352
-0.000000000000
-0.525731112119
0.525731112119
-0.850650808352
0.000000000000
0.000000000000
-0.525731112119
-0.850650808352
0.014913708192
0.384488372444
-0.923009356813
0.046454258954
0.219238566557
-0.974564750419
0.076993408463
0.048734852623
-0.995839811010
0.360772487837
0.279228300464
-0.889873456307
0.196355092700
0.326496294223
-0.924578199737
0.227836667978
0.158774246209
-0.960667055470
0.392479126082
0.099610317513
-0.914351092434
-0.620459960308
0.777170895133
-0.105046834377
-0.697463872842
0.679005256854
-0.229120071675
-0.752094728872
0.561139501166
-0.345652974867
-0.453250214923
0.782321998384
-0.427242944373
-0.548929026350
0.787107211072
-0.281316836163
-0.614213699475
0.679189993534
-0.401799059307
-0.512704728637
0.659044705797
-0.550267150568
-0.014913708192
0.384488372444
0.923009356813
-0.046454258954
0.219238566557
0.974564750419
-0.076993408463
0.048734852623
0.995839811010
-0.360772487837
0.279228300464
0.889873456307
-0.196355092700
0.326496294223
0.924578199737
-0.227836667978
0.158774246209
0.960667055470
-0.392479126082
0.099610317513
0.914351092434
0.635373668500
0.767953716572
-0.080915947624
0.743918131796
0.650294945898
-0.153955501765
0.829088137335
0.513554957826
-0.221075023064
0.814022702760
0.559352338695
0.156499203153
0.745284119051
0.665753089919
0.036392377691
0.842050367452
0.538379188841
-0.033151586636
0.905183854718
0.416479266004
0.084777415307
-0.465404320068
0.873000550949
-0.145838461679
-0.373194068322
0.879415017573
-0.295559493565
-0.269809875688
0.859207932693
-0.434700309845
-0.122729097311
0.986595283068
-0.107551457923
-0.290103916532
0.947069926082
-0.137470988665
-0.191925832845
0.940178248148
-0.281477061936
-0.014832902207
0.966746416572
-0.255306386637
-0.155055640240
0.489535206820
0.858086842757
-0.324269804521
0.448358638231
0.832960758619
-0.482284853184
0.394387827490
0.782214524230
-0.330521117612
0.706471244837
0.625822795231
-0.258825109818
0.607813130386
0.750714833381
-0.422287866630
0.560573305517
0.712341580170
-0.497871826430
0.649877468081
0.574267290490
0.858086842757
-0.155055640240
0.489535206820
0.832960758619
-0.324269804521
0.448358638231
0.782214524230
-0.482284853184
0.394387827490
0.625822795231
-0.330521117612
0.706471244837
0.750714833381
-0.258825109818
0.607813130386
0.712341580170
-0.422287866630
0.560573305517
0.574267290490
-0.497871826430
0.649877468081
-0.873000550949
-0.145838461679
0.465404320068
-0.879415017573
-0.295559493565
0.373194068322
-0.859207932693
-0.434700309845
0.269809875688
-0.986595283068
-0.107551457923
0.122729097311
-0.947069926082
-0.137470988665
0.290103916532
-0.940178248148
-0.281477061936
0.191925832845
-0.966746416572
-0.255306386637
0.014832902207
0.489535206820
0.858086842757
-0.155055640240
0.448358638231
0.832960758619
-0.324269804521
0.394387827490
0.782214524230
-0.482284853184
0.706471244837
0.625822795231
-0.330521117612
0.607813130386
0.750714833381
-0.258825109818
0.560573305517
0.712341580170
-0.422287866630
0.649877468081
0.574267290490
-0.497871826430
-0.080915947624
0.635373668500
0.767953716572
-0.153955501765
0.743918131796
0.650294945898
-0.221075023064
0.829088137335
0.513554957826
0.156499203153
0.814022702760
0.559352338695
0.036392377691
0.745284119051
0.665753089919
-0.033151586636
0.842050367452
0.538379188841
0.084777415307
0.905183854718
0.416479266004
-0.105046834377
-0.620459960308
0.777170895133
-0.229120071675
-0.697463872842
0.679005256854
-0.345652974867
-0.752094728872
0.561139501166
-0.427242944373
-0.453250214923
0.782321998384
-0.281316836163
-0.548929026350
0.787107211072
-0.401799059307
-0.614213699475
0.679189993534
-0.550267150568
-0.512704728637
0.659044705797
0.923009356813
-0.014913708192
0.384488372444
0.974564750419
-0.046454258954
0.219238566557
0.995839811010
-0.076993408463
0.048734852623
0.889873456307
-0.360772487837
0.279228300464
0.924578199737
-0.196355092700
0.326496294223
0.960667055470
-0.227836667978
0.158774246209
0.914351092434
-0.392479126082
0.099610317513
0.105046834377
0.620459960308
0.777170895133
0.229120071675
0.697463872842
0.679005256854
0.345652974867
0.752094728872
0.561139501166
0.427242944373
0.453250214923
0.782321998384
0.281316836163
0.548929026350
0.787107211072
0.401799059307
0.614213699475
0.679189993534
0.550267150568
0.512704728637
0.659044705797
-0.145838461679
-0.465404320068
0.873000550949
-0.295559493565
-0.373194068322
0.879415017573
-0.434700309845
-0.269809875688
0.859207932693
-0.107551457923
-0.122729097311
0.986595283068
-0.137470988665
-0.290103916532
0.947069926082
-0.281477061936
-0.191925832845
0.940178248148
-0.255306386637
-0.014832902207
0.966746416572
0.145838461679
0.465404320068
0.873000550949
0.295559493565
0.373194068322
0.879415017573
0.434700309845
0.269809875688
0.859207932693
0.107551457923
0.122729097311
0.986595283068
0.137470988665
0.290103916532
0.947069926082
0.281477061936
0.191925832845
0.940178248148
0.255306386637
0.014832902207
0.966746416572
-0.384488372444
0.923009356813
0.014913708192
-0.219238566557
0.974564750419
0.046454258954
-0.048734852623
0.995839811010
0.076993408463
-0.279228300464
0.889873456307
0.360772487837
-0.326496294223
0.924578199737
0.196355092700
-0.158774246209
0.960667055470
0.227836667978
-0.099610317513
0.914351092434
0.392479126082
-0.767953716572
-0.080915947624
-0.635373668500
-0.650294945898
-0.153955501765
-0.743918131796
-0.513554957826
-0.221075023064
-0.829088137335
-0.559352338695
0.156499203153
-0.814022702760
-0.665753089919
0.036392377691
-0.745284119051
-0.538379188841
-0.033151586636
-0.842050367452
-0.416479266004
0.084777415307
-0.905183854718
-0.777170895133
-0.105046834377
0.620459960308
-0.679005256854
-0.229120071675
0.697463872842
-0.561139501166
-0.345652974867
0.752094728872
-0.782321998384
-0.427242944373
0.453250214923
-0.787107211072
-0.281316836163
0.548929026350
-0.679189993534
-0.401799059307
0.614213699475
-0.659044705797
-0.550267150568
0.512704728637
-0.489535206820
0.858086842757
0.155055640240
-0.448358638231
0.832960758619
0.324269804521
-0.394387827490
0.782214524230
0.482284853184
-0.706471244837
0.625822795231
0.330521117612
-0.607813130386
0.750714833381
0.258825109818
-0.560573305517
0.712341580170
0.422287866630
-0.649877468081
0.574267290490
0.497871826430
-0.777170895133
0.105046834377
-0.620459960308
-0.679005256854
0.229120071675
-0.697463872842
-0.561139501166
0.345652974867
-0.752094728872
-0.782321998384
0.427242944373
-0.453250214923
-0.787107211072
0.281316836163
-0.548929026350
-0.679189993534
0.401799059307
-0.614213699475
-0.659044705797
0.550267150568
-0.512704728637
-0.384488372444
-0.923009356813
-0.014913708192
-0.219238566557
-0.974564750419
-0.046454258954
-0.048734852623
-0.995839811010
-0.076993408463
-0.279228300464
-0.889873456307
-0.360772487837
-0.326496294223
-0.924578199737
-0.196355092700
-0.158774246209
-0.960667055470
-0.227836667978
-0.099610317513
-0.914351092434
-0.392479126082
0.767953716572
-0.080915947624
0.635373668500
0.650294945898
-0.153955501765
0.743918131796
0.513554957826
-0.221075023064
0.829088137335
0.559352338695
0.156499203153
0.814022702760
0.665753089919
0.036392377691
0.745284119051
0.538379188841
-0.033151586636
0.842050367452
0.416479266004
0.084777415307
0.905183854718
0.777170895133
-0.105046834377
-0.620459960308
0.679005256854
-0.229120071675
-0.697463872842
0.561139501166
-0.345652974867
-0.752094728872
0.782321998384
-0.427242944373
-0.453250214923
0.787107211072
-0.281316836163
-0.548929026350
0.679189993534
-0.401799059307
-0.614213699475
0.659044705797
-0.550267150568
-0.512704728637
0.384488372444
0.923009356813
-0.014913708192
0.219238566557
0.974564750419
-0.046454258954
0.048734852623
0.995839811010
-0.076993408463
0.279228300464
0.889873456307
-0.360772487837
0.326496294223
0.924578199737
-0.196355092700
0.158774246209
0.960667055470
-0.227836667978
0.099610317513
0.914351092434
-0.392479126082
0.777170895133
0.105046834377
0.620459960308
0.679005256854
0.229120071675
0.697463872842
0.561139501166
0.345652974867
0.752094728872
0.782321998384
0.427242944373
0.453250214923
0.787107211072
0.281316836163
0.548929026350
0.679189993534
0.401799059307
0.614213699475
0.659044705797
0.550267150568
0.512704728637
0.873000550949
-0.145838461679
-0.465404320068
0.879415017573
-0.295559493565
-0.373194068322
0.859207932693
-0.434700309845
-0.269809875688
0.986595283068
-0.107551457923
-0.122729097311
0.947069926082
-0.137470988665
-0.290103916532
0.940178248148
-0.281477061936
-0.191925832845
0.966746416572
-0.255306386637
-0.014832902207
-0.145838461679
0.465404320068
-0.873000550949
-0.295559493565
0.373194068322
-0.879415017573
-0.434700309845
0.269809875688
-0.859207932693
-0.107551457923
0.122729097311
-0.986595283068
-0.137470988665
0.290103916532
-0.947069926082
-0.281477061936
0.191925832845
-0.940178248148
-0.255306386637
0.014832902207
-0.966746416572
0.384488372444
-0.923009356813
0.014913708192
0.219238566557
-0.974564750419
0.046454258954
0.048734852623
-0.995839811010
0.076993408463
0.279228300464
-0.889873456307
0.360772487837
0.326496294223
-0.924578199737
0.196355092700
0.158774246209
-0.960667055470
0.227836667978
0.099610317513
-0.914351092434
0.392479126082
-0.923009356813
0.014913708192
0.384488372444
-0.974564750419
0.046454258954
0.219238566557
-0.995839811010
0.076993408463
0.048734852623
-0.889873456307
0.360772487837
0.279228300464
-0.924578199737
0.196355092700
0.326496294223
-0.960667055470
0.227836667978
0.158774246209
-0.914351092434
0.392479126082
0.099610317513
0.080915947624
-0.635373668500
0.767953716572
0.153955501765
-0.743918131796
0.650294945898
0.221075023064
-0.829088137335
0.513554957826
-0.156499203153
-0.814022702760
0.559352338695
-0.036392377691
-0.745284119051
0.665753089919
0.033151586636
-0.842050367452
0.538379188841
-0.084777415307
-0.905183854718
0.416479266004
-0.858086842757
0.155055640240
0.489535206820
-0.832960758619
0.324269804521
0.448358638231
-0.782214524230
0.482284853184
0.394387827490
-0.625822795231
0.330521117612
0.706471244837
-0.750714833381
0.258825109818
0.607813130386
-0.712341580170
0.422287866630
0.560573305517
-0.574267290490
0.497871826430
0.649877468081
-0.489535206820
-0.858086842757
-0.155055640240
-0.448358638231
-0.832960758619
-0.324269804521
-0.394387827490
-0.782214524230
-0.482284853184
-0.706471244837
-0.625822795231
-0.330521117612
-0.607813130386
-0.750714833381
-0.258825109818
-0.560573305517
-0.712341580170
-0.422287866630
-0.649877468081
-0.574267290490
-0.497871826430
0.155055640240
-0.489535206820
0.858086842757
0.324269804521
-0.448358638231
0.832960758619
0.482284853184
-0.394387827490
0.782214524230
0.330521117612
-0.706471244837
0.625822795231
0.258825109818
-0.607813130386
0.750714833381
0.422287866630
-0.560573305517
0.712341580170
0.497871826430
-0.649877468081
0.574267290490
-0.767953716572
0.080915947624
0.635373668500
-0.650294945898
0.153955501765
0.743918131796
-0.513554957826
0.221075023064
0.829088137335
-0.559352338695
-0.156499203153
0.814022702760
-0.665753089919
-0.036392377691
0.745284119051
-0.538379188841
0.033151586636
0.842050367452
-0.416479266004
-0.084777415307
0.905183854718
0.465404320068
-0.873000550949
-0.145838461679
0.373194068322
-0.879415017573
-0.295559493565
0.269809875688
-0.859207932693
-0.434700309845
0.122729097311
-0.986595283068
-0.107551457923
0.290103916532
-0.947069926082
-0.137470988665
0.191925832845
-0.940178248148
-0.281477061936
0.014832902207
-0.966746416572
-0.255306386637
0.873000550949
0.145838461679
0.465404320068
0.879415017573
0.295559493565
0.373194068322
0.859207932693
0.434700309845
0.269809875688
0.986595283068
0.107551457923
0.122729097311
0.947069926082
0.137470988665
0.290103916532
0.940178248148
0.281477061936
0.191925832845
0.966746416572
0.255306386637
0.014832902207
0.014913708192
-0.384488372444
0.923009356813
0.046454258954
-0.219238566557
0.974564750419
0.076993408463
-0.048734852623
0.995839811010
0.360772487837
-0.279228300464
0.889873456307
0.196355092700
-0.326496294223
0.924578199737
0.227836667978
-0.158774246209
0.960667055470
0.392479126082
-0.099610317513
0.914351092434
0.767953716572
0.080915947624
-0.635373668500
0.650294945898
0.153955501765
-0.743918131796
0.513554957826
0.221075023064
-0.829088137335
0.559352338695
-0.156499203153
-0.814022702760
0.665753089919
-0.036392377691
-0.745284119051
0.538379188841
0.033151586636
-0.842050367452
0.416479266004
-0.084777415307
-0.905183854718
-0.635373668500
-0.767953716572
-0.080915947624
-0.743918131796
-0.650294945898
-0.153955501765
-0.829088137335
-0.513554957826
-0.221075023064
-0.814022702760
-0.559352338695
0.156499203153
-0.745284119051
-0.665753089919
0.036392377691
-0.842050367452
-0.538379188841
-0.033151586636
-0.905183854718
-0.416479266004
0.084777415307
0.489535206820
-0.858086842757
0.155055640240
0.448358638231
-0.832960758619
0.324269804521
0.394387827490
-0.782214524230
0.482284853184
0.706471244837
-0.625822795231
0.330521117612
0.607813130386
-0.750714833381
0.258825109818
0.560573305517
-0.712341580170
0.422287866630
0.649877468081
-0.574267290490
0.497871826430
-0.155055640240
-0.489535206820
-0.858086842757
-0.324269804521
-0.448358638231
-0.832960758619
-0.482284853184
-0.394387827490
-0.782214524230
-0.330521117612
-0.706471244837
-0.625822795231
-0.258825109818
-0.607813130386
-0.750714833381
-0.422287866630
-0.560573305517
-0.712341580170
-0.497871826430
-0.649877468081
-0.574267290490
0.155055640240
0.489535206820
-0.858086842757
0.324269804521
0.448358638231
-0.832960758619
0.482284853184
0.394387827490
-0.782214524230
0.330521117612
0.706471244837
-0.625822795231
0.258825109818
0.607813130386
-0.750714833381
0.422287866630
0.560573305517
-0.712341580170
0.497871826430
0.649877468081
-0.574267290490
-0.858086842757
-0.155055640240
-0.489535206820
-0.832960758619
-0.324269804521
-0.448358638231
-0.782214524230
-0.482284853184
-0.394387827490
-0.625822795231
-0.330521117612
-0.706471244837
-0.750714833381
-0.258825109818
-0.607813130386
-0.712341580170
-0.422287866630
-0.560573305517
-0.574267290490
-0.497871826430
-0.649877468081
-0.635373668500
0.767953716572
0.080915947624
-0.743918131796
0.650294945898
0.153955501765
-0.829088137335
0.513554957826
0.221075023064
-0.814022702760
0.559352338695
-0.156499203153
-0.745284119051
0.665753089919
-0.036392377691
-0.842050367452
0.538379188841
0.033151586636
-0.905183854718
0.416479266004
-0.084777415307
0.080915947624
0.635373668500
-0.767953716572
0.153955501765
0.743918131796
-0.650294945898
0.221075023064
0.829088137335
-0.513554957826
-0.156499203153
0.814022702760
-0.559352338695
-0.036392377691
0.745284119051
-0.665753089919
0.033151586636
0.842050367452
-0.538379188841
-0.084777415307
0.905183854718
-0.416479266004
0.105046834377
-0.620459960308
-0.777170895133
0.229120071675
-0.697463872842
-0.679005256854
0.345652974867
-0.752094728872
-0.561139501166
0.427242944373
-0.453250214923
-0.782321998384
0.281316836163
-0.548929026350
-0.787107211072
0.401799059307
-0.614213699475
-0.679189993534
0.550267150568
-0.512704728637
-0.659044705797
-0.923009356813
-0.014913708192
-0.384488372444
-0.974564750419
-0.046454258954
-0.219238566557
-0.995839811010
-0.076993408463
-0.048734852623
-0.889873456307
-0.360772487837
-0.279228300464
-0.924578199737
-0.196355092700
-0.326496294223
-0.960667055470
-0.227836667978
-0.158774246209
-0.914351092434
-0.392479126082
-0.099610317513
-0.105046834377
0.620459960308
-0.777170895133
-0.229120071675
0.697463872842
-0.679005256854
-0.345652974867
0.752094728872
-0.561139501166
-0.427242944373
0.453250214923
-0.782321998384
-0.281316836163
0.548929026350
-0.787107211072
-0.401799059307
0.614213699475
-0.679189993534
-0.550267150568
0.512704728637
-0.659044705797
0.923009356813
0.014913708192
-0.384488372444
0.974564750419
0.046454258954
-0.219238566557
0.995839811010
0.076993408463
-0.048734852623
0.889873456307
0.360772487837
-0.279228300464
0.924578199737
0.196355092700
-0.326496294223
0.960667055470
0.227836667978
-0.158774246209
0.914351092434
0.392479126082
-0.099610317513
-0.080915947624
-0.635373668500
-0.767953716572
-0.153955501765
-0.743918131796
-0.650294945898
-0.221075023064
-0.829088137335
-0.513554957826
0.156499203153
-0.814022702760
-0.559352338695
0.036392377691
-0.745284119051
-0.665753089919
-0.033151586636
-0.842050367452
-0.538379188841
0.084777415307
-0.905183854718
-0.416479266004
0.858086842757
0.155055640240
-0.489535206820
0.832960758619
0.324269804521
-0.448358638231
0.782214524230
0.482284853184
-0.394387827490
0.625822795231
0.330521117612
-0.706471244837
0.750714833381
0.258825109818
-0.607813130386
0.712341580170
0.422287866630
-0.560573305517
0.574267290490
0.497871826430
-0.649877468081
-0.873000550949
0.145838461679
-0.465404320068
-0.879415017573
0.295559493565
-0.373194068322
-0.859207932693
0.434700309845
-0.269809875688
-0.986595283068
0.107551457923
-0.122729097311
-0.947069926082
0.137470988665
-0.290103916532
-0.940178248148
0.281477061936
-0.191925832845
-0.966746416572
0.255306386637
-0.014832902207
0.145838461679
-0.465404320068
-0.873000550949
0.295559493565
-0.373194068322
-0.879415017573
0.434700309845
-0.269809875688
-0.859207932693
0.107551457923
-0.122729097311
-0.986595283068
0.137470988665
-0.290103916532
-0.947069926082
0.281477061936
-0.191925832845
-0.940178248148
0.255306386637
-0.014832902207
-0.966746416572
0.620459960308
-0.777170895133
-0.105046834377
0.697463872842
-0.679005256854
-0.229120071675
0.752094728872
-0.561139501166
-0.345652974867
0.453250214923
-0.782321998384
-0.427242944373
0.548929026350
-0.787107211072
-0.281316836163
0.614213699475
-0.679189993534
-0.401799059307
0.512704728637
-0.659044705797
-0.550267150568
-0.620459960308
-0.777170895133
0.105046834377
-0.697463872842
-0.679005256854
0.229120071675
-0.752094728872
-0.561139501166
0.345652974867
-0.453250214923
-0.782321998384
0.427242944373
-0.548929026350
-0.787107211072
0.281316836163
-0.614213699475
-0.679189993534
0.401799059307
-0.512704728637
-0.659044705797
0.550267150568
-0.465404320068
-0.873000550949
0.145838461679
-0.373194068322
-0.879415017573
0.295559493565
-0.269809875688
-0.859207932693
0.434700309845
-0.122729097311
-0.986595283068
0.107551457923
-0.290103916532
-0.947069926082
0.137470988665
-0.191925832845
-0.940178248148
0.281477061936
-0.014832902207
-0.966746416572
0.255306386637
0.465404320068
0.873000550949
0.145838461679
0.373194068322
0.879415017573
0.295559493565
0.269809875688
0.859207932693
0.434700309845
0.122729097311
0.986595283068
0.107551457923
0.290103916532
0.947069926082
0.137470988665
0.191925832845
0.940178248148
0.281477061936
0.014832902207
0.966746416572
0.255306386637
-0.014913708192
-0.384488372444
-0.923009356813
-0.046454258954
-0.219238566557
-0.974564750419
-0.076993408463
-0.048734852623
-0.995839811010
-0.360772487837
-0.279228300464
-0.889873456307
-0.196355092700
-0.326496294223
-0.924578199737
-0.227836667978
-0.158774246209
-0.960667055470
-0.392479126082
-0.099610317513
-0.914351092434
0.635373668500
-0.767953716572
0.080915947624
0.743918131796
-0.650294945898
0.153955501765
0.829088137335
-0.513554957826
0.221075023064
0.814022702760
-0.559352338695
-0.156499203153
0.745284119051
-0.665753089919
-0.036392377691
0.842050367452
-0.538379188841
0.033151586636
0.905183854718
-0.416479266004
-0.084777415307
