0.399086957332
0.851104896516
0.341101239539
0.447742029093
0.851003435906
0.274445308686
0.492973324843
0.845152061433
0.206628396039
0.534366397653
0.834143342450
0.136592230033
0.567711679265
0.821494437288
0.053388563666
0.763300723396
0.588242841419
0.267099916103
0.782821103930
0.530916395597
0.324528735441
0.379719690420
0.796795947943
0.470031035198
0.432679916266
0.804799955804
0.406306683674
0.482833290007
0.806784276385
0.340545364730
0.529439424630
0.803536236286
0.272072440027
0.572147502564
0.795766074676
0.198503374542
0.608619732782
0.784994632471
0.115609030180
0.644677359145
0.743929133750
0.175956092713
0.676533137448
0.697653236799
0.235760206817
0.703663385008
0.646464557853
0.294858298239
0.725549573544
0.590889497660
0.352742707769
0.408850964624
0.741811089683
0.531561093336
0.462548808660
0.752253348939
0.469215833723
0.513620972633
0.757266558707
0.403411521322
0.562043478247
0.756921150256
0.333432903079
0.606388023123
0.752072180156
0.258226647054
0.636148454156
0.703347074334
0.317203463571
0.660751142073
0.650055139791
0.375281552277
0.680192761123
0.592295747716
0.431883728512
0.486914518755
0.694116374478
0.530204404082
0.539848520886
0.702545122709
0.463674373946
0.589866346680
0.705524740275
0.392800883292
0.612732330803
0.649163129739
0.450717563199
0.630377411842
0.587939625140
0.506903655371
0.561114308890
0.642622170039
0.521715898679
0.525731112119
0.850650808352
0.000000000000
0.000000000000
0.525731112119
-0.850650808352
-0.525731112119
0.850650808352
0.000000000000
0.000000000000
0.525731112119
0.850650808352
0.850650808352
-0.000000000000
0.525731112119
-0.850650808352
-0.000000000000
0.525731112119
-0.000000000000
-0.525731112119
0.850650808352
-0.850650808352
-0.000000000000
-0.525731112119
-0.525731112119
-0.850650808352
0.000000000000
0.850650808352
-0.000000000000
-0.525731112119
0.525731112119
-0.850650808352
0.000000000000
0.000000000000
-0.525731112119
-0.850650808352
0.577350269190
0.577350269190
0.577350269190
0.356822089773
0.000000000000
-0.934172358963
-0.577350269190
0.577350269190
-0.577350269190
-0.356822089773
0.000000000000
0.934172358963
0.934172358963
0.356822089773
-0.000000000000
0.000000000000
0.934172358963
-0.356822089773
-0.577350269190
0.577350269190
0.577350269190
0.577350269190
-0.577350269190
0.577350269190
-0.934172358963
-0.356822089773
-0.000000000000
0.577350269190
0.577350269190
-0.577350269190
-0.000000000000
0.934172358963
0.356822089773
-0.577350269190
-0.577350269190
0.577350269190
0.934172358963
-0.356822089773
0.000000000000
0.356822089773
-0.000000000000
0.934172358963
-0.356822089773
-0.000000000000
-0.934172358963
-0.000000000000
-0.934172358963
-0.356822089773
0.577350269190
-0.577350269190
-0.577350269190
0.000000000000
-0.934172358963
0.356822089773
-0.934172358963
0.356822089773
0.000000000000
-0.577350269190
-0.577350269190
-0.577350269190
0.339419097942
0.394683053459
-0.853826658792
0.261134428173
0.412893691491
-0.872540892996
0.181845571308
0.428091047360
-0.885251514184
0.101086705132
0.441411726673
-0.891592488529
0.013192157585
0.462476121920
-0.886533588553
0.016215044443
0.106475602128
-0.994183091028
0.035200899002
0.025350994240
-0.999058668848
0.436626739112
0.292266107897
-0.850845234380
0.361065917302
0.314238052230
-0.878001053469
0.283400394616
0.333225815963
-0.899246780315
0.203697867976
0.350432471035
-0.914168617830
0.120424092785
0.367733289108
-0.922101006376
0.031796485655
0.389195642531
-0.920606178197
0.049899534636
0.314657005594
-0.947892929225
0.068054151540
0.237472984613
-0.969007334357
0.086482216341
0.158127720158
-0.983624140805
0.105194955030
0.077461143033
-0.991430175432
0.454848709073
0.208015335266
-0.865934334779
0.380788248080
0.231042383902
-0.895332188054
0.303564526072
0.252218145393
-0.918822390696
0.222632644782
0.271964636064
-0.936199734142
0.138118818970
0.291941646885
-0.946410728310
0.155894964539
0.213837321015
-0.964349708442
0.174111667907
0.134081547280
-0.975554850215
0.192334347139
0.053044338704
-0.979894788762
0.399980869805
0.145984879882
-0.904822479073
0.322294570168
0.169711389272
-0.931302450545
0.240868551346
0.192102337655
-0.951356417354
0.258874442101
0.110480519260
-0.959571820184
0.276588301620
0.027403987590
-0.960597695641
0.340101045326
0.085640449950
-0.936481175625
-0.399086957332
0.851104896516
-0.341101239539
-0.447742029093
0.851003435906
-0.274445308686
-0.492973324843
0.845152061433
-0.206628396039
-0.534366397653
0.834143342450
-0.136592230033
-0.567711679265
0.821494437288
-0.053388563666
-0.763300723396
0.588242841419
-0.267099916103
-0.782821103930
0.530916395597
-0.324528735441
-0.379719690420
0.796795947943
-0.470031035198
-0.432679916266
0.804799955804
-0.406306683674
-0.482833290007
0.806784276385
-0.340545364730
-0.529439424630
0.803536236286
-0.272072440027
-0.572147502564
0.795766074676
-0.198503374542
-0.608619732782
0.784994632471
-0.115609030180
-0.644677359145
0.743929133750
-0.175956092713
-0.676533137448
0.697653236799
-0.235760206817
-0.703663385008
0.646464557853
-0.294858298239
-0.725549573544
0.590889497660
-0.352742707769
-0.408850964624
0.741811089683
-0.531561093336
-0.462548808660
0.752253348939
-0.469215833723
-0.513620972633
0.757266558707
-0.403411521322
-0.562043478247
0.756921150256
-0.333432903079
-0.606388023123
0.752072180156
-0.258226647054
-0.636148454156
0.703347074334
-0.317203463571
-0.660751142073
0.650055139791
-0.375281552277
-0.680192761123
0.592295747716
-0.431883728512
-0.486914518755
0.694116374478
-0.530204404082
-0.539848520886
0.702545122709
-0.463674373946
-0.589866346680
0.705524740275
-0.392800883292
-0.612732330803
0.649163129739
-0.450717563199
-0.630377411842
0.587939625140
-0.506903655371
-0.561114308890
0.642622170039
-0.521715898679
-0.339419097942
0.394683053459
0.853826658792
-0.261134428173
0.412893691491
0.872540892996
-0.181845571308
0.428091047360
0.885251514184
-0.101086705132
0.441411726673
0.891592488529
-0.013192157585
0.462476121920
0.886533588553
-0.016215044443
0.106475602128
0.994183091028
-0.035200899002
0.025350994240
0.999058668848
-0.436626739112
0.292266107897
0.850845234380
-0.361065917302
0.314238052230
0.878001053469
-0.283400394616
0.333225815963
0.899246780315
-0.203697867976
0.350432471035
0.914168617830
-0.120424092785
0.367733289108
0.922101006376
-0.031796485655
0.389195642531
0.920606178197
-0.049899534636
0.314657005594
0.947892929225
-0.068054151540
0.237472984613
0.969007334357
-0.086482216341
0.158127720158
0.983624140805
-0.105194955030
0.077461143033
0.991430175432
-0.454848709073
0.208015335266
0.865934334779
-0.380788248080
0.231042383902
0.895332188054
-0.303564526072
0.252218145393
0.918822390696
-0.222632644782
0.271964636064
0.936199734142
-0.138118818970
0.291941646885
0.946410728310
-0.155894964539
0.213837321015
0.964349708442
-0.174111667907
0.134081547280
0.975554850215
-0.192334347139
0.053044338704
0.979894788762
-0.399980869805
0.145984879882
0.904822479073
-0.322294570168
0.169711389272
0.931302450545
-0.240868551346
0.192102337655
0.951356417354
-0.258874442101
0.110480519260
0.959571820184
-0.276588301620
0.027403987590
0.960597695641
-0.340101045326
0.085640449950
0.936481175625
0.738506055274
0.641332357556
0.208090397363
0.708876457266
0.689613483662
0.148079071731
0.674818896151
0.732765317660
0.087603919042
0.635453102785
0.771668322868
0.026969494681
0.580903836850
0.813341235516
-0.032043204308
0.779515767839
0.578221392824
-0.240863423065
0.818022002932
0.509161043580
-0.267572484422
0.816346429532
0.526945782774
0.236445869083
0.793745833569
0.581648946732
0.177910242701
0.766233684623
0.631633200087
0.118006106184
0.733137292607
0.677644030441
0.057517633795
0.692571595349
0.721339892270
-0.003653099351
0.640416218437
0.765343323614
-0.064161235668
0.694576893781
0.713089525323
-0.095216949650
0.744587288988
0.655593458072
-0.125646276550
0.790145601349
0.593015608731
-0.154927132776
0.830744528574
0.525875440007
-0.182533695086
0.863699673697
0.460699127737
0.204399577683
0.843337056740
0.516913269109
0.146912494186
0.817185498705
0.569653363816
0.087766199641
0.784676123029
0.619326608775
0.026794283184
0.744506842093
0.666710055546
-0.034745703474
0.792043418695
0.606998687574
-0.064960112272
0.834862809981
0.542448211187
-0.093562955765
0.872527108262
0.473426583980
-0.120680217637
0.886895388559
0.446914602089
0.116978238112
0.862143091054
0.503356123956
0.057809194975
0.830734898025
0.556659788722
-0.003067380394
0.871606772904
0.489169925703
-0.031849917061
0.906965713462
0.416998653849
-0.059374382460
0.901215354216
0.432428164418
0.028579152268
-0.186592656096
0.982433597095
-0.002721762277
-0.264814619760
0.964058792348
-0.021537457090
-0.340487128319
0.939393713699
-0.040099452752
-0.414442231992
0.908260552901
-0.057449146079
-0.494519326228
0.866729799182
-0.065039151264
-0.347339025192
0.845321308927
-0.405940249609
-0.292923478662
0.833689779021
-0.468142273251
-0.055820238814
0.996976817972
-0.054049286437
-0.136327809529
0.987955630405
-0.073201097666
-0.215219709779
0.972178564817
-0.092462503930
-0.292914837241
0.949716470468
-0.110632381544
-0.371386388459
0.919843266812
-0.126334931700
-0.453356878199
0.880952353794
-0.135611545726
-0.409873955243
0.889045618036
-0.203963795474
-0.363119261163
0.891353664889
-0.271354097558
-0.313054852934
0.887873906970
-0.337159582952
-0.259994838120
0.878618147776
-0.400540677771
-0.003615757583
0.992260221073
-0.124123245095
-0.084129889716
0.986129102833
-0.143078839115
-0.164451945753
0.973064885138
-0.161555831990
-0.245170352880
0.952759511854
-0.179278583886
-0.326687350359
0.924936702600
-0.194338548154
-0.278797433287
0.924202151145
-0.261002634109
-0.227644503045
0.917729763464
-0.325499710424
-0.173724556342
0.905310312492
-0.387599041046
-0.029006641771
0.977119006170
-0.210706104595
-0.111902194297
0.967030497902
-0.228757327836
-0.195169718048
0.949460672014
-0.245831677079
-0.142330436322
0.939887488901
-0.310408690444
-0.086778370050
0.923902309220
-0.372658070501
-0.057061297682
0.954144063096
-0.293859005587
-0.212494301236
0.735784292997
0.643014499153
-0.182927409333
0.687339000177
0.702924364175
-0.152486196524
0.634719443400
0.757548142391
-0.119924165661
0.578003956706
0.807173847769
-0.073192353037
0.515864685586
0.853537641597
-0.415961698204
0.373575518231
0.829106264484
-0.489897625269
0.349879729681
0.798488880019
-0.323899451605
0.762297143095
0.560350078860
-0.296352106738
0.720544735903
0.626889713103
-0.267613580228
0.673771180693
0.688778170201
-0.236524587390
0.622504911062
0.746018602492
-0.200761114105
0.566236663650
0.799419174027
-0.155262854583
0.504804672711
0.849155868140
-0.234803403902
0.490613098307
0.839146083400
-0.313413876285
0.473233191430
0.823299513349
-0.390608532074
0.452986018396
0.801391690629
-0.465554735425
0.430203850803
0.773423192746
-0.405235207042
0.739576428602
0.537411512000
-0.378418918945
0.700258217625
0.605340854753
-0.349169026881
0.655629666716
0.669500359066
-0.316873125367
0.605397539142
0.730126867072
-0.279700672764
0.550168293939
0.786817883630
-0.357351020869
0.531040784586
0.768307186606
-0.433106639028
0.509363099557
0.743618095557
-0.506468204781
0.484928067216
0.712975965353
-0.457907876984
0.676189283964
0.577138136366
-0.427946326590
0.633385763218
0.644735927734
-0.394696628631
0.584903220946
0.708592120669
-0.470401894481
0.561198082459
0.681013046801
-0.543599041793
0.534307642961
0.647314007600
-0.504053011207
0.607356348629
0.614043017771
0.643014499153
-0.212494301236
0.735784292997
0.702924364175
-0.182927409333
0.687339000177
0.757548142391
-0.152486196524
0.634719443400
0.807173847769
-0.119924165661
0.578003956706
0.853537641597
-0.073192353037
0.515864685586
0.829106264484
-0.415961698204
0.373575518231
0.798488880019
-0.489897625269
0.349879729681
0.560350078860
-0.323899451605
0.762297143095
0.626889713103
-0.296352106738
0.720544735903
0.688778170201
-0.267613580228
0.673771180693
0.746018602492
-0.236524587390
0.622504911062
0.799419174027
-0.200761114105
0.566236663650
0.849155868140
-0.155262854583
0.504804672711
0.839146083400
-0.234803403902
0.490613098307
0.823299513349
-0.313413876285
0.473233191430
0.801391690629
-0.390608532074
0.452986018396
0.773423192746
-0.465554735425
0.430203850803
0.537411512000
-0.405235207042
0.739576428602
0.605340854753
-0.378418918945
0.700258217625
0.669500359066
-0.349169026881
0.655629666716
0.730126867072
-0.316873125367
0.605397539142
0.786817883630
-0.279700672764
0.550168293939
0.768307186606
-0.357351020869
0.531040784586
0.743618095557
-0.433106639028
0.509363099557
0.712975965353
-0.506468204781
0.484928067216
0.577138136366
-0.457907876984
0.676189283964
0.644735927734
-0.427946326590
0.633385763218
0.708592120669
-0.394696628631
0.584903220946
0.681013046801
-0.470401894481
0.561198082459
0.647314007600
-0.543599041793
0.534307642961
0.614043017771
-0.504053011207
0.607356348629
-0.982433597095
-0.002721762277
0.186592656096
-0.964058792348
-0.021537457090
0.264814619760
-0.939393713699
-0.040099452752
0.340487128319
-0.908260552901
-0.057449146079
0.414442231992
-0.866729799182
-0.065039151264
0.494519326228
-0.845321308927
-0.405940249609
0.347339025192
-0.833689779021
-0.468142273251
0.292923478662
-0.996976817972
-0.054049286437
0.055820238814
-0.987955630405
-0.073201097666
0.136327809529
-0.972178564817
-0.092462503930
0.215219709779
-0.949716470468
-0.110632381544
0.292914837241
-0.919843266812
-0.126334931700
0.371386388459
-0.880952353794
-0.135611545726
0.453356878199
-0.889045618036
-0.203963795474
0.409873955243
-0.891353664889
-0.271354097558
0.363119261163
-0.887873906970
-0.337159582952
0.313054852934
-0.878618147776
-0.400540677771
0.259994838120
-0.992260221073
-0.124123245095
0.003615757583
-0.986129102833
-0.143078839115
0.084129889716
-0.973064885138
-0.161555831990
0.164451945753
-0.952759511854
-0.179278583886
0.245170352880
-0.924936702600
-0.194338548154
0.326687350359
-0.924202151145
-0.261002634109
0.278797433287
-0.917729763464
-0.325499710424
0.227644503045
-0.905310312492
-0.387599041046
0.173724556342
-0.977119006170
-0.210706104595
0.029006641771
-0.967030497902
-0.228757327836
0.111902194297
-0.949460672014
-0.245831677079
0.195169718048
-0.939887488901
-0.310408690444
0.142330436322
-0.923902309220
-0.372658070501
0.086778370050
-0.954144063096
-0.293859005587
0.057061297682
0.735784292997
0.643014499153
-0.212494301236
0.687339000177
0.702924364175
-0.182927409333
0.634719443400
0.757548142391
-0.152486196524
0.578003956706
0.807173847769
-0.119924165661
0.515864685586
0.853537641597
-0.073192353037
0.373575518231
0.829106264484
-0.415961698204
0.349879729681
0.798488880019
-0.489897625269
0.762297143095
0.560350078860
-0.323899451605
0.720544735903
0.626889713103
-0.296352106738
0.673771180693
0.688778170201
-0.267613580228
0.622504911062
0.746018602492
-0.236524587390
0.566236663650
0.799419174027
-0.200761114105
0.504804672711
0.849155868140
-0.155262854583
0.490613098307
0.839146083400
-0.234803403902
0.473233191430
0.823299513349
-0.313413876285
0.452986018396
0.801391690629
-0.390608532074
0.430203850803
0.773423192746
-0.465554735425
0.739576428602
0.537411512000
-0.405235207042
0.700258217625
0.605340854753
-0.378418918945
0.655629666716
0.669500359066
-0.349169026881
0.605397539142
0.730126867072
-0.316873125367
0.550168293939
0.786817883630
-0.279700672764
0.531040784586
0.768307186606
-0.357351020869
0.509363099557
0.743618095557
-0.433106639028
0.484928067216
0.712975965353
-0.506468204781
0.676189283964
0.577138136366
-0.457907876984
0.633385763218
0.644735927734
-0.427946326590
0.584903220946
0.708592120669
-0.394696628631
0.561198082459
0.681013046801
-0.470401894481
0.534307642961
0.647314007600
-0.543599041793
0.607356348629
0.614043017771
-0.504053011207
0.208090397363
0.738506055274
0.641332357556
0.148079071731
0.708876457266
0.689613483662
0.087603919042
0.674818896151
0.732765317660
0.026969494681
0.635453102785
0.771668322868
-0.032043204308
0.580903836850
0.813341235516
-0.240863423065
0.779515767839
0.578221392824
-0.267572484422
0.818022002932
0.509161043580
0.236445869083
0.816346429532
0.526945782774
0.177910242701
0.793745833569
0.581648946732
0.118006106184
0.766233684623
0.631633200087
0.057517633795
0.733137292607
0.677644030441
-0.003653099351
0.692571595349
0.721339892270
-0.064161235668
0.640416218437
0.765343323614
-0.095216949650
0.694576893781
0.713089525323
-0.125646276550
0.744587288988
0.655593458072
-0.154927132776
0.790145601349
0.593015608731
-0.182533695086
0.830744528574
0.525875440007
0.204399577683
0.863699673697
0.460699127737
0.146912494186
0.843337056740
0.516913269109
0.087766199641
0.817185498705
0.569653363816
0.026794283184
0.784676123029
0.619326608775
-0.034745703474
0.744506842093
0.666710055546
-0.064960112272
0.792043418695
0.606998687574
-0.093562955765
0.834862809981
0.542448211187
-0.120680217637
0.872527108262
0.473426583980
0.116978238112
0.886895388559
0.446914602089
0.057809194975
0.862143091054
0.503356123956
-0.003067380394
0.830734898025
0.556659788722
-0.031849917061
0.871606772904
0.489169925703
-0.059374382460
0.906965713462
0.416998653849
0.028579152268
0.901215354216
0.432428164418
-0.341101239539
-0.399086957332
0.851104896516
-0.274445308686
-0.447742029093
0.851003435906
-0.206628396039
-0.492973324843
0.845152061433
-0.136592230033
-0.534366397653
0.834143342450
-0.053388563666
-0.567711679265
0.821494437288
-0.267099916103
-0.763300723396
0.588242841419
-0.324528735441
-0.782821103930
0.530916395597
-0.470031035198
-0.379719690420
0.796795947943
-0.406306683674
-0.432679916266
0.804799955804
-0.340545364730
-0.482833290007
0.806784276385
-0.272072440027
-0.529439424630
0.803536236286
-0.198503374542
-0.572147502564
0.795766074676
-0.115609030180
-0.608619732782
0.784994632471
-0.175956092713
-0.644677359145
0.743929133750
-0.235760206817
-0.676533137448
0.697653236799
-0.294858298239
-0.703663385008
0.646464557853
-0.352742707769
-0.725549573544
0.590889497660
-0.531561093336
-0.408850964624
0.741811089683
-0.469215833723
-0.462548808660
0.752253348939
-0.403411521322
-0.513620972633
0.757266558707
-0.333432903079
-0.562043478247
0.756921150256
-0.258226647054
-0.606388023123
0.752072180156
-0.317203463571
-0.636148454156
0.703347074334
-0.375281552277
-0.660751142073
0.650055139791
-0.431883728512
-0.680192761123
0.592295747716
-0.530204404082
-0.486914518755
0.694116374478
-0.463674373946
-0.539848520886
0.702545122709
-0.392800883292
-0.589866346680
0.705524740275
-0.450717563199
-0.612732330803
0.649163129739
-0.506903655371
-0.630377411842
0.587939625140
-0.521715898679
-0.561114308890
0.642622170039
0.853826658792
-0.339419097942
0.394683053459
0.872540892996
-0.261134428173
0.412893691491
0.885251514184
-0.181845571308
0.428091047360
0.891592488529
-0.101086705132
0.441411726673
0.886533588553
-0.013192157585
0.462476121920
0.994183091028
-0.016215044443
0.106475602128
0.999058668848
-0.035200899002
0.025350994240
0.850845234380
-0.436626739112
0.292266107897
0.878001053469
-0.361065917302
0.314238052230
0.899246780315
-0.283400394616
0.333225815963
0.914168617830
-0.203697867976
0.350432471035
0.922101006376
-0.120424092785
0.367733289108
0.920606178197
-0.031796485655
0.389195642531
0.947892929225
-0.049899534636
0.314657005594
0.969007334357
-0.068054151540
0.237472984613
0.983624140805
-0.086482216341
0.158127720158
0.991430175432
-0.105194955030
0.077461143033
0.865934334779
-0.454848709073
0.208015335266
0.895332188054
-0.380788248080
0.231042383902
0.918822390696
-0.303564526072
0.252218145393
0.936199734142
-0.222632644782
0.271964636064
0.946410728310
-0.138118818970
0.291941646885
0.964349708442
-0.155894964539
0.213837321015
0.975554850215
-0.174111667907
0.134081547280
0.979894788762
-0.192334347139
0.053044338704
0.904822479073
-0.399980869805
0.145984879882
0.931302450545
-0.322294570168
0.169711389272
0.951356417354
-0.240868551346
0.192102337655
0.959571820184
-0.258874442101
0.110480519260
0.960597695641
-0.276588301620
0.027403987590
0.936481175625
-0.340101045326
0.085640449950
0.341101239539
0.399086957332
0.851104896516
0.274445308686
0.447742029093
0.851003435906
0.206628396039
0.492973324843
0.845152061433
0.136592230033
0.534366397653
0.834143342450
0.053388563666
0.567711679265
0.821494437288
0.267099916103
0.763300723396
0.588242841419
0.324528735441
0.782821103930
0.530916395597
0.470031035198
0.379719690420
0.796795947943
0.406306683674
0.432679916266
0.804799955804
0.340545364730
0.482833290007
0.806784276385
0.272072440027
0.529439424630
0.803536236286
0.198503374542
0.572147502564
0.795766074676
0.115609030180
0.608619732782
0.784994632471
0.175956092713
0.644677359145
0.743929133750
0.235760206817
0.676533137448
0.697653236799
0.294858298239
0.703663385008
0.646464557853
0.352742707769
0.725549573544
0.590889497660
0.531561093336
0.408850964624
0.741811089683
0.469215833723
0.462548808660
0.752253348939
0.403411521322
0.513620972633
0.757266558707
0.333432903079
0.562043478247
0.756921150256
0.258226647054
0.606388023123
0.752072180156
0.317203463571
0.636148454156
0.703347074334
0.375281552277
0.660751142073
0.650055139791
0.431883728512
0.680192761123
0.592295747716
0.530204404082
0.486914518755
0.694116374478
0.463674373946
0.539848520886
0.702545122709
0.392800883292
0.589866346680
0.705524740275
0.450717563199
0.612732330803
0.649163129739
0.506903655371
0.630377411842
0.587939625140
0.521715898679
0.561114308890
0.642622170039
-0.002721762277
-0.186592656096
0.982433597095
-0.021537457090
-0.264814619760
0.964058792348
-0.040099452752
-0.340487128319
0.939393713699
-0.057449146079
-0.414442231992
0.908260552901
-0.065039151264
-0.494519326228
0.866729799182
-0.405940249609
-0.347339025192
0.845321308927
-0.468142273251
-0.292923478662
0.833689779021
-0.054049286437
-0.055820238814
0.996976817972
-0.073201097666
-0.136327809529
0.987955630405
-0.092462503930
-0.215219709779
0.972178564817
-0.110632381544
-0.292914837241
0.949716470468
-0.126334931700
-0.371386388459
0.919843266812
-0.135611545726
-0.453356878199
0.880952353794
-0.203963795474
-0.409873955243
0.889045618036
-0.271354097558
-0.363119261163
0.891353664889
-0.337159582952
-0.313054852934
0.887873906970
-0.400540677771
-0.259994838120
0.878618147776
-0.124123245095
-0.003615757583
0.992260221073
-0.143078839115
-0.084129889716
0.986129102833
-0.161555831990
-0.164451945753
0.973064885138
-0.179278583886
-0.245170352880
0.952759511854
-0.194338548154
-0.326687350359
0.924936702600
-0.261002634109
-0.278797433287
0.924202151145
-0.325499710424
-0.227644503045
0.917729763464
-0.387599041046
-0.173724556342
0.905310312492
-0.210706104595
-0.029006641771
0.977119006170
-0.228757327836
-0.111902194297
0.967030497902
-0.245831677079
-0.195169718048
0.949460672014
-0.310408690444
-0.142330436322
0.939887488901
-0.372658070501
-0.086778370050
0.923902309220
-0.293859005587
-0.057061297682
0.954144063096
0.002721762277
0.186592656096
0.982433597095
0.021537457090
0.264814619760
0.964058792348
0.040099452752
0.340487128319
0.939393713699
0.057449146079
0.414442231992
0.908260552901
0.065039151264
0.494519326228
0.866729799182
0.405940249609
0.347339025192
0.845321308927
0.468142273251
0.292923478662
0.833689779021
0.054049286437
0.055820238814
0.996976817972
0.073201097666
0.136327809529
0.987955630405
0.092462503930
0.215219709779
0.972178564817
0.110632381544
0.292914837241
0.949716470468
0.126334931700
0.371386388459
0.919843266812
0.135611545726
0.453356878199
0.880952353794
0.203963795474
0.409873955243
0.889045618036
0.271354097558
0.363119261163
0.891353664889
0.337159582952
0.313054852934
0.887873906970
0.400540677771
0.259994838120
0.878618147776
0.124123245095
0.003615757583
0.992260221073
0.143078839115
0.084129889716
0.986129102833
0.161555831990
0.164451945753
0.973064885138
0.179278583886
0.245170352880
0.952759511854
0.194338548154
0.326687350359
0.924936702600
0.261002634109
0.278797433287
0.924202151145
0.325499710424
0.227644503045
0.917729763464
0.387599041046
0.173724556342
0.905310312492
0.210706104595
0.029006641771
0.977119006170
0.228757327836
0.111902194297
0.967030497902
0.245831677079
0.195169718048
0.949460672014
0.310408690444
0.142330436322
0.939887488901
0.372658070501
0.086778370050
0.923902309220
0.293859005587
0.057061297682
0.954144063096
-0.394683053459
0.853826658792
0.339419097942
-0.412893691491
0.872540892996
0.261134428173
-0.428091047360
0.885251514184
0.181845571308
-0.441411726673
0.891592488529
0.101086705132
-0.462476121920
0.886533588553
0.013192157585
-0.106475602128
0.994183091028
0.016215044443
-0.025350994240
0.999058668848
0.035200899002
-0.292266107897
0.850845234380
0.436626739112
-0.314238052230
0.878001053469
0.361065917302
-0.333225815963
0.899246780315
0.283400394616
-0.350432471035
0.914168617830
0.203697867976
-0.367733289108
0.922101006376
0.120424092785
-0.389195642531
0.920606178197
0.031796485655
-0.314657005594
0.947892929225
0.049899534636
-0.237472984613
0.969007334357
0.068054151540
-0.158127720158
0.983624140805
0.086482216341
-0.077461143033
0.991430175432
0.105194955030
-0.208015335266
0.865934334779
0.454848709073
-0.231042383902
0.895332188054
0.380788248080
-0.252218145393
0.918822390696
0.303564526072
-0.271964636064
0.936199734142
0.222632644782
-0.291941646885
0.946410728310
0.138118818970
-0.213837321015
0.964349708442
0.155894964539
-0.134081547280
0.975554850215
0.174111667907
-0.053044338704
0.979894788762
0.192334347139
-0.145984879882
0.904822479073
0.399980869805
-0.169711389272
0.931302450545
0.322294570168
-0.192102337655
0.951356417354
0.240868551346
-0.110480519260
0.959571820184
0.258874442101
-0.027403987590
0.960597695641
0.276588301620
-0.085640449950
0.936481175625
0.340101045326
-0.641332357556
0.208090397363
-0.738506055274
-0.689613483662
0.148079071731
-0.708876457266
-0.732765317660
0.087603919042
-0.674818896151
-0.771668322868
0.026969494681
-0.635453102785
-0.813341235516
-0.032043204308
-0.580903836850
-0.578221392824
-0.240863423065
-0.779515767839
-0.509161043580
-0.267572484422
-0.818022002932
-0.526945782774
0.236445869083
-0.816346429532
-0.581648946732
0.177910242701
-0.793745833569
-0.631633200087
0.118006106184
-0.766233684623
-0.677644030441
0.057517633795
-0.733137292607
-0.721339892270
-0.003653099351
-0.692571595349
-0.765343323614
-0.064161235668
-0.640416218437
-0.713089525323
-0.095216949650
-0.694576893781
-0.655593458072
-0.125646276550
-0.744587288988
-0.593015608731
-0.154927132776
-0.790145601349
-0.525875440007
-0.182533695086
-0.830744528574
-0.460699127737
0.204399577683
-0.863699673697
-0.516913269109
0.146912494186
-0.843337056740
-0.569653363816
0.087766199641
-0.817185498705
-0.619326608775
0.026794283184
-0.784676123029
-0.666710055546
-0.034745703474
-0.744506842093
-0.606998687574
-0.064960112272
-0.792043418695
-0.542448211187
-0.093562955765
-0.834862809981
-0.473426583980
-0.120680217637
-0.872527108262
-0.446914602089
0.116978238112
-0.886895388559
-0.503356123956
0.057809194975
-0.862143091054
-0.556659788722
-0.003067380394
-0.830734898025
-0.489169925703
-0.031849917061
-0.871606772904
-0.416998653849
-0.059374382460
-0.906965713462
-0.432428164418
0.028579152268
-0.901215354216
-0.851104896516
-0.341101239539
0.399086957332
-0.851003435906
-0.274445308686
0.447742029093
-0.845152061433
-0.206628396039
0.492973324843
-0.834143342450
-0.136592230033
0.534366397653
-0.821494437288
-0.053388563666
0.567711679265
-0.588242841419
-0.267099916103
0.763300723396
-0.530916395597
-0.324528735441
0.782821103930
-0.796795947943
-0.470031035198
0.379719690420
-0.804799955804
-0.406306683674
0.432679916266
-0.806784276385
-0.340545364730
0.482833290007
-0.803536236286
-0.272072440027
0.529439424630
-0.795766074676
-0.198503374542
0.572147502564
-0.784994632471
-0.115609030180
0.608619732782
-0.743929133750
-0.175956092713
0.644677359145
-0.697653236799
-0.235760206817
0.676533137448
-0.646464557853
-0.294858298239
0.703663385008
-0.590889497660
-0.352742707769
0.725549573544
-0.741811089683
-0.531561093336
0.408850964624
-0.752253348939
-0.469215833723
0.462548808660
-0.757266558707
-0.403411521322
0.513620972633
-0.756921150256
-0.333432903079
0.562043478247
-0.752072180156
-0.258226647054
0.606388023123
-0.703347074334
-0.317203463571
0.636148454156
-0.650055139791
-0.375281552277
0.660751142073
-0.592295747716
-0.431883728512
0.680192761123
-0.694116374478
-0.530204404082
0.486914518755
-0.702545122709
-0.463674373946
0.539848520886
-0.705524740275
-0.392800883292
0.589866346680
-0.649163129739
-0.450717563199
0.612732330803
-0.587939625140
-0.506903655371
0.630377411842
-0.642622170039
-0.521715898679
0.561114308890
-0.735784292997
0.643014499153
0.212494301236
-0.687339000177
0.702924364175
0.182927409333
-0.634719443400
0.757548142391
0.152486196524
-0.578003956706
0.807173847769
0.119924165661
-0.515864685586
0.853537641597
0.073192353037
-0.373575518231
0.829106264484
0.415961698204
-0.349879729681
0.798488880019
0.489897625269
-0.762297143095
0.560350078860
0.323899451605
-0.720544735903
0.626889713103
0.296352106738
-0.673771180693
0.688778170201
0.267613580228
-0.622504911062
0.746018602492
0.236524587390
-0.566236663650
0.799419174027
0.200761114105
-0.504804672711
0.849155868140
0.155262854583
-0.490613098307
0.839146083400
0.234803403902
-0.473233191430
0.823299513349
0.313413876285
-0.452986018396
0.801391690629
0.390608532074
-0.430203850803
0.773423192746
0.465554735425
-0.739576428602
0.537411512000
0.405235207042
-0.700258217625
0.605340854753
0.378418918945
-0.655629666716
0.669500359066
0.349169026881
-0.605397539142
0.730126867072
0.316873125367
-0.550168293939
0.786817883630
0.279700672764
-0.531040784586
0.768307186606
0.357351020869
-0.509363099557
0.743618095557
0.433106639028
-0.484928067216
0.712975965353
0.506468204781
-0.676189283964
0.577138136366
0.457907876984
-0.633385763218
0.644735927734
0.427946326590
-0.584903220946
0.708592120669
0.394696628631
-0.561198082459
0.681013046801
0.470401894481
-0.534307642961
0.647314007600
0.543599041793
-0.607356348629
0.614043017771
0.504053011207
-0.851104896516
0.341101239539
-0.399086957332
-0.851003435906
0.274445308686
-0.447742029093
-0.845152061433
0.206628396039
-0.492973324843
-0.834143342450
0.136592230033
-0.534366397653
-0.821494437288
0.053388563666
-0.567711679265
-0.588242841419
0.267099916103
-0.763300723396
-0.530916395597
0.324528735441
-0.782821103930
-0.796795947943
0.470031035198
-0.379719690420
-0.804799955804
0.406306683674
-0.432679916266
-0.806784276385
0.340545364730
-0.482833290007
-0.803536236286
0.272072440027
-0.529439424630
-0.795766074676
0.198503374542
-0.572147502564
-0.784994632471
0.115609030180
-0.608619732782
-0.743929133750
0.175956092713
-0.644677359145
-0.697653236799
0.235760206817
-0.676533137448
-0.646464557853
0.294858298239
-0.703663385008
-0.590889497660
0.352742707769
-0.725549573544
-0.741811089683
0.531561093336
-0.408850964624
-0.752253348939
0.469215833723
-0.462548808660
-0.757266558707
0.403411521322
-0.513620972633
-0.756921150256
0.333432903079
-0.562043478247
-0.752072180156
0.258226647054
-0.606388023123
-0.703347074334
0.317203463571
-0.636148454156
-0.650055139791
0.375281552277
-0.660751142073
-0.592295747716
0.431883728512
-0.680192761123
-0.694116374478
0.530204404082
-0.486914518755
-0.702545122709
0.463674373946
-0.539848520886
-0.705524740275
0.392800883292
-0.589866346680
-0.649163129739
0.450717563199
-0.612732330803
-0.587939625140
0.506903655371
-0.630377411842
-0.642622170039
0.521715898679
-0.561114308890
-0.394683053459
-0.853826658792
-0.339419097942
-0.412893691491
-0.872540892996
-0.261134428173
-0.428091047360
-0.885251514184
-0.181845571308
-0.441411726673
-0.891592488529
-0.101086705132
-0.462476121920
-0.886533588553
-0.013192157585
-0.106475602128
-0.994183091028
-0.016215044443
-0.025350994240
-0.999058668848
-0.035200899002
-0.292266107897
-0.850845234380
-0.436626739112
-0.314238052230
-0.878001053469
-0.361065917302
-0.333225815963
-0.899246780315
-0.283400394616
-0.350432471035
-0.914168617830
-0.203697867976
-0.367733289108
-0.922101006376
-0.120424092785
-0.389195642531
-0.920606178197
-0.031796485655
-0.314657005594
-0.947892929225
-0.049899534636
-0.237472984613
-0.969007334357
-0.068054151540
-0.158127720158
-0.983624140805
-0.086482216341
-0.077461143033
-0.991430175432
-0.105194955030
-0.208015335266
-0.865934334779
-0.454848709073
-0.231042383902
-0.895332188054
-0.380788248080
-0.252218145393
-0.918822390696
-0.303564526072
-0.271964636064
-0.936199734142
-0.222632644782
-0.291941646885
-0.946410728310
-0.138118818970
-0.213837321015
-0.964349708442
-0.155894964539
-0.134081547280
-0.975554850215
-0.174111667907
-0.053044338704
-0.979894788762
-0.192334347139
-0.145984879882
-0.904822479073
-0.399980869805
-0.169711389272
-0.931302450545
-0.322294570168
-0.192102337655
-0.951356417354
-0.240868551346
-0.110480519260
-0.959571820184
-0.258874442101
-0.027403987590
-0.960597695641
-0.276588301620
-0.085640449950
-0.936481175625
-0.340101045326
0.641332357556
0.208090397363
0.738506055274
0.689613483662
0.148079071731
0.708876457266
0.732765317660
0.087603919042
0.674818896151
0.771668322868
0.026969494681
0.635453102785
0.813341235516
-0.032043204308
0.580903836850
0.578221392824
-0.240863423065
0.779515767839
0.509161043580
-0.267572484422
0.818022002932
0.526945782774
0.236445869083
0.816346429532
0.581648946732
0.177910242701
0.793745833569
0.631633200087
0.118006106184
0.766233684623
0.677644030441
0.057517633795
0.733137292607
0.721339892270
-0.003653099351
0.692571595349
0.765343323614
-0.064161235668
0.640416218437
0.713089525323
-0.095216949650
0.694576893781
0.655593458072
-0.125646276550
0.744587288988
0.593015608731
-0.154927132776
0.790145601349
0.525875440007
-0.182533695086
0.830744528574
0.460699127737
0.204399577683
0.863699673697
0.516913269109
0.146912494186
0.843337056740
0.569653363816
0.087766199641
0.817185498705
0.619326608775
0.026794283184
0.784676123029
0.666710055546
-0.034745703474
0.744506842093
0.606998687574
-0.064960112272
0.792043418695
0.542448211187
-0.093562955765
0.834862809981
0.473426583980
-0.120680217637
0.872527108262
0.446914602089
0.116978238112
0.886895388559
0.503356123956
0.057809194975
0.862143091054
0.556659788722
-0.003067380394
0.830734898025
0.489169925703
-0.031849917061
0.871606772904
0.416998653849
-0.059374382460
0.906965713462
0.432428164418
0.028579152268
0.901215354216
0.851104896516
-0.341101239539
-0.399086957332
0.851003435906
-0.274445308686
-0.447742029093
0.845152061433
-0.206628396039
-0.492973324843
0.834143342450
-0.136592230033
-0.534366397653
0.821494437288
-0.053388563666
-0.567711679265
0.588242841419
-0.267099916103
-0.763300723396
0.530916395597
-0.324528735441
-0.782821103930
0.796795947943
-0.470031035198
-0.379719690420
0.804799955804
-0.406306683674
-0.432679916266
0.806784276385
-0.340545364730
-0.482833290007
0.803536236286
-0.272072440027
-0.529439424630
0.795766074676
-0.198503374542
-0.572147502564
0.784994632471
-0.115609030180
-0.608619732782
0.743929133750
-0.175956092713
-0.644677359145
0.697653236799
-0.235760206817
-0.676533137448
0.646464557853
-0.294858298239
-0.703663385008
0.590889497660
-0.352742707769
-0.725549573544
0.741811089683
-0.531561093336
-0.408850964624
0.752253348939
-0.469215833723
-0.462548808660
0.757266558707
-0.403411521322
-0.513620972633
0.756921150256
-0.333432903079
-0.562043478247
0.752072180156
-0.258226647054
-0.606388023123
0.703347074334
-0.317203463571
-0.636148454156
0.650055139791
-0.375281552277
-0.660751142073
0.592295747716
-0.431883728512
-0.680192761123
0.694116374478
-0.530204404082
-0.486914518755
0.702545122709
-0.463674373946
-0.539848520886
0.705524740275
-0.392800883292
-0.589866346680
0.649163129739
-0.450717563199
-0.612732330803
0.587939625140
-0.506903655371
-0.630377411842
0.642622170039
-0.521715898679
-0.561114308890
0.394683053459
0.853826658792
-0.339419097942
0.412893691491
0.872540892996
-0.261134428173
0.428091047360
0.885251514184
-0.181845571308
0.441411726673
0.891592488529
-0.101086705132
0.462476121920
0.886533588553
-0.013192157585
0.106475602128
0.994183091028
-0.016215044443
0.025350994240
0.999058668848
-0.035200899002
0.292266107897
0.850845234380
-0.436626739112
0.314238052230
0.878001053469
-0.361065917302
0.333225815963
0.899246780315
-0.283400394616
0.350432471035
0.914168617830
-0.203697867976
0.367733289108
0.922101006376
-0.120424092785
0.389195642531
0.920606178197
-0.031796485655
0.314657005594
0.947892929225
-0.049899534636
0.237472984613
0.969007334357
-0.068054151540
0.158127720158
0.983624140805
-0.086482216341
0.077461143033
0.991430175432
-0.105194955030
0.208015335266
0.865934334779
-0.454848709073
0.231042383902
0.895332188054
-0.380788248080
0.252218145393
0.918822390696
-0.303564526072
0.271964636064
0.936199734142
-0.222632644782
0.291941646885
0.946410728310
-0.138118818970
0.213837321015
0.964349708442
-0.155894964539
0.134081547280
0.975554850215
-0.174111667907
0.053044338704
0.979894788762
-0.192334347139
0.145984879882
0.904822479073
-0.399980869805
0.169711389272
0.931302450545
-0.322294570168
0.192102337655
0.951356417354
-0.240868551346
0.110480519260
0.959571820184
-0.258874442101
0.027403987590
0.960597695641
-0.276588301620
0.085640449950
0.936481175625
-0.340101045326
0.851104896516
0.341101239539
0.399086957332
0.851003435906
0.274445308686
0.447742029093
0.845152061433
0.206628396039
0.492973324843
0.834143342450
0.136592230033
0.534366397653
0.821494437288
0.053388563666
0.567711679265
0.588242841419
0.267099916103
0.763300723396
0.530916395597
0.324528735441
0.782821103930
0.796795947943
0.470031035198
0.379719690420
0.804799955804
0.406306683674
0.432679916266
0.806784276385
0.340545364730
0.482833290007
0.803536236286
0.272072440027
0.529439424630
0.795766074676
0.198503374542
0.572147502564
0.784994632471
0.115609030180
0.608619732782
0.743929133750
0.175956092713
0.644677359145
0.697653236799
0.235760206817
0.676533137448
0.646464557853
0.294858298239
0.703663385008
0.590889497660
0.352742707769
0.725549573544
0.741811089683
0.531561093336
0.408850964624
0.752253348939
0.469215833723
0.462548808660
0.757266558707
0.403411521322
0.513620972633
0.756921150256
0.333432903079
0.562043478247
0.752072180156
0.258226647054
0.606388023123
0.703347074334
0.317203463571
0.636148454156
0.650055139791
0.375281552277
0.660751142073
0.592295747716
0.431883728512
0.680192761123
0.694116374478
0.530204404082
0.486914518755
0.702545122709
0.463674373946
0.539848520886
0.705524740275
0.392800883292
0.589866346680
0.649163129739
0.450717563199
0.612732330803
0.587939625140
0.506903655371
0.630377411842
0.642622170039
0.521715898679
0.561114308890
0.982433597095
-0.002721762277
-0.186592656096
0.964058792348
-0.021537457090
-0.264814619760
0.939393713699
-0.040099452752
-0.340487128319
0.908260552901
-0.057449146079
-0.414442231992
0.866729799182
-0.065039151264
-0.494519326228
0.845321308927
-0.405940249609
-0.347339025192
0.833689779021
-0.468142273251
-0.292923478662
0.996976817972
-0.054049286437
-0.055820238814
0.987955630405
-0.073201097666
-0.136327809529
0.972178564817
-0.092462503930
-0.215219709779
0.949716470468
-0.110632381544
-0.292914837241
0.919843266812
-0.126334931700
-0.371386388459
0.880952353794
-0.135611545726
-0.453356878199
0.889045618036
-0.203963795474
-0.409873955243
0.891353664889
-0.271354097558
-0.363119261163
0.887873906970
-0.337159582952
-0.313054852934
0.878618147776
-0.400540677771
-0.259994838120
0.992260221073
-0.124123245095
-0.003615757583
0.986129102833
-0.143078839115
-0.084129889716
0.973064885138
-0.161555831990
-0.164451945753
0.952759511854
-0.179278583886
-0.245170352880
0.924936702600
-0.194338548154
-0.326687350359
0.924202151145
-0.261002634109
-0.278797433287
0.917729763464
-0.325499710424
-0.227644503045
0.905310312492
-0.387599041046
-0.173724556342
0.977119006170
-0.210706104595
-0.029006641771
0.967030497902
-0.228757327836
-0.111902194297
0.949460672014
-0.245831677079
-0.195169718048
0.939887488901
-0.310408690444
-0.142330436322
0.923902309220
-0.372658070501
-0.086778370050
0.954144063096
-0.293859005587
-0.057061297682
-0.002721762277
0.186592656096
-0.982433597095
-0.021537457090
0.264814619760
-0.964058792348
-0.040099452752
0.340487128319
-0.939393713699
-0.057449146079
0.414442231992
-0.908260552901
-0.065039151264
0.494519326228
-0.866729799182
-0.405940249609
0.347339025192
-0.845321308927
-0.468142273251
0.292923478662
-0.833689779021
-0.054049286437
0.055820238814
-0.996976817972
-0.073201097666
0.136327809529
-0.987955630405
-0.092462503930
0.215219709779
-0.972178564817
-0.110632381544
0.292914837241
-0.949716470468
-0.126334931700
0.371386388459
-0.919843266812
-0.135611545726
0.453356878199
-0.880952353794
-0.203963795474
0.409873955243
-0.889045618036
-0.271354097558
0.363119261163
-0.891353664889
-0.337159582952
0.313054852934
-0.887873906970
-0.400540677771
0.259994838120
-0.878618147776
-0.124123245095
0.003615757583
-0.992260221073
-0.143078839115
0.084129889716
-0.986129102833
-0.161555831990
0.164451945753
-0.973064885138
-0.179278583886
0.245170352880
-0.952759511854
-0.194338548154
0.326687350359
-0.924936702600
-0.261002634109
0.278797433287
-0.924202151145
-0.325499710424
0.227644503045
-0.917729763464
-0.387599041046
0.173724556342
-0.905310312492
-0.210706104595
0.029006641771
-0.977119006170
-0.228757327836
0.111902194297
-0.967030497902
-0.245831677079
0.195169718048
-0.949460672014
-0.310408690444
0.142330436322
-0.939887488901
-0.372658070501
0.086778370050
-0.923902309220
-0.293859005587
0.057061297682
-0.954144063096
0.394683053459
-0.853826658792
0.339419097942
0.412893691491
-0.872540892996
0.261134428173
0.428091047360
-0.885251514184
0.181845571308
0.441411726673
-0.891592488529
0.101086705132
0.462476121920
-0.886533588553
0.013192157585
0.106475602128
-0.994183091028
0.016215044443
0.025350994240
-0.999058668848
0.035200899002
0.292266107897
-0.850845234380
0.436626739112
0.314238052230
-0.878001053469
0.361065917302
0.333225815963
-0.899246780315
0.283400394616
0.350432471035
-0.914168617830
0.203697867976
0.367733289108
-0.922101006376
0.120424092785
0.389195642531
-0.920606178197
0.031796485655
0.314657005594
-0.947892929225
0.049899534636
0.237472984613
-0.969007334357
0.068054151540
0.158127720158
-0.983624140805
0.086482216341
0.077461143033
-0.991430175432
0.105194955030
0.208015335266
-0.865934334779
0.454848709073
0.231042383902
-0.895332188054
0.380788248080
0.252218145393
-0.918822390696
0.303564526072
0.271964636064
-0.936199734142
0.222632644782
0.291941646885
-0.946410728310
0.138118818970
0.213837321015
-0.964349708442
0.155894964539
0.134081547280
-0.975554850215
0.174111667907
0.053044338704
-0.979894788762
0.192334347139
0.145984879882
-0.904822479073
0.399980869805
0.169711389272
-0.931302450545
0.322294570168
0.192102337655
-0.951356417354
0.240868551346
0.110480519260
-0.959571820184
0.258874442101
0.027403987590
-0.960597695641
0.276588301620
0.085640449950
-0.936481175625
0.340101045326
-0.853826658792
0.339419097942
0.394683053459
-0.872540892996
0.261134428173
0.412893691491
-0.885251514184
0.181845571308
0.428091047360
-0.891592488529
0.101086705132
0.441411726673
-0.886533588553
0.013192157585
0.462476121920
-0.994183091028
0.016215044443
0.106475602128
-0.999058668848
0.035200899002
0.025350994240
-0.850845234380
0.436626739112
0.292266107897
-0.878001053469
0.361065917302
0.314238052230
-0.899246780315
0.283400394616
0.333225815963
-0.914168617830
0.203697867976
0.350432471035
-0.922101006376
0.120424092785
0.367733289108
-0.920606178197
0.031796485655
0.389195642531
-0.947892929225
0.049899534636
0.314657005594
-0.969007334357
0.068054151540
0.237472984613
-0.983624140805
0.086482216341
0.158127720158
-0.991430175432
0.105194955030
0.077461143033
-0.865934334779
0.454848709073
0.208015335266
-0.895332188054
0.380788248080
0.231042383902
-0.918822390696
0.303564526072
0.252218145393
-0.936199734142
0.222632644782
0.271964636064
-0.946410728310
0.138118818970
0.291941646885
-0.964349708442
0.155894964539
0.213837321015
-0.975554850215
0.174111667907
0.134081547280
-0.979894788762
0.192334347139
0.053044338704
-0.904822479073
0.399980869805
0.145984879882
-0.931302450545
0.322294570168
0.169711389272
-0.951356417354
0.240868551346
0.192102337655
-0.959571820184
0.258874442101
0.110480519260
-0.960597695641
0.276588301620
0.027403987590
-0.936481175625
0.340101045326
0.085640449950
-0.208090397363
-0.738506055274
0.641332357556
-0.148079071731
-0.708876457266
0.689613483662
-0.087603919042
-0.674818896151
0.732765317660
-0.026969494681
-0.635453102785
0.771668322868
0.032043204308
-0.580903836850
0.813341235516
0.240863423065
-0.779515767839
0.578221392824
0.267572484422
-0.818022002932
0.509161043580
-0.236445869083
-0.816346429532
0.526945782774
-0.177910242701
-0.793745833569
0.581648946732
-0.118006106184
-0.766233684623
0.631633200087
-0.057517633795
-0.733137292607
0.677644030441
0.003653099351
-0.692571595349
0.721339892270
0.064161235668
-0.640416218437
0.765343323614
0.095216949650
-0.694576893781
0.713089525323
0.125646276550
-0.744587288988
0.655593458072
0.154927132776
-0.790145601349
0.593015608731
0.182533695086
-0.830744528574
0.525875440007
-0.204399577683
-0.863699673697
0.460699127737
-0.146912494186
-0.843337056740
0.516913269109
-0.087766199641
-0.817185498705
0.569653363816
-0.026794283184
-0.784676123029
0.619326608775
0.034745703474
-0.744506842093
0.666710055546
0.064960112272
-0.792043418695
0.606998687574
0.093562955765
-0.834862809981
0.542448211187
0.120680217637
-0.872527108262
0.473426583980
-0.116978238112
-0.886895388559
0.446914602089
-0.057809194975
-0.862143091054
0.503356123956
0.003067380394
-0.830734898025
0.556659788722
0.031849917061
-0.871606772904
0.489169925703
0.059374382460
-0.906965713462
0.416998653849
-0.028579152268
-0.901215354216
0.432428164418
-0.643014499153
0.212494301236
0.735784292997
-0.702924364175
0.182927409333
0.687339000177
-0.757548142391
0.152486196524
0.634719443400
-0.807173847769
0.119924165661
0.578003956706
-0.853537641597
0.073192353037
0.515864685586
-0.829106264484
0.415961698204
0.373575518231
-0.798488880019
0.489897625269
0.349879729681
-0.560350078860
0.323899451605
0.762297143095
-0.626889713103
0.296352106738
0.720544735903
-0.688778170201
0.267613580228
0.673771180693
-0.746018602492
0.236524587390
0.622504911062
-0.799419174027
0.200761114105
0.566236663650
-0.849155868140
0.155262854583
0.504804672711
-0.839146083400
0.234803403902
0.490613098307
-0.823299513349
0.313413876285
0.473233191430
-0.801391690629
0.390608532074
0.452986018396
-0.773423192746
0.465554735425
0.430203850803
-0.537411512000
0.405235207042
0.739576428602
-0.605340854753
0.378418918945
0.700258217625
-0.669500359066
0.349169026881
0.655629666716
-0.730126867072
0.316873125367
0.605397539142
-0.786817883630
0.279700672764
0.550168293939
-0.768307186606
0.357351020869
0.531040784586
-0.743618095557
0.433106639028
0.509363099557
-0.712975965353
0.506468204781
0.484928067216
-0.577138136366
0.457907876984
0.676189283964
-0.644735927734
0.427946326590
0.633385763218
-0.708592120669
0.394696628631
0.584903220946
-0.681013046801
0.470401894481
0.561198082459
-0.647314007600
0.543599041793
0.534307642961
-0.614043017771
0.504053011207
0.607356348629
-0.735784292997
-0.643014499153
-0.212494301236
-0.687339000177
-0.702924364175
-0.182927409333
-0.634719443400
-0.757548142391
-0.152486196524
-0.578003956706
-0.807173847769
-0.119924165661
-0.515864685586
-0.853537641597
-0.073192353037
-0.373575518231
-0.829106264484
-0.415961698204
-0.349879729681
-0.798488880019
-0.489897625269
-0.762297143095
-0.560350078860
-0.323899451605
-0.720544735903
-0.626889713103
-0.296352106738
-0.673771180693
-0.688778170201
-0.267613580228
-0.622504911062
-0.746018602492
-0.236524587390
-0.566236663650
-0.799419174027
-0.200761114105
-0.504804672711
-0.849155868140
-0.155262854583
-0.490613098307
-0.839146083400
-0.234803403902
-0.473233191430
-0.823299513349
-0.313413876285
-0.452986018396
-0.801391690629
-0.390608532074
-0.430203850803
-0.773423192746
-0.465554735425
-0.739576428602
-0.537411512000
-0.405235207042
-0.700258217625
-0.605340854753
-0.378418918945
-0.655629666716
-0.669500359066
-0.349169026881
-0.605397539142
-0.730126867072
-0.316873125367
-0.550168293939
-0.786817883630
-0.279700672764
-0.531040784586
-0.768307186606
-0.357351020869
-0.509363099557
-0.743618095557
-0.433106639028
-0.484928067216
-0.712975965353
-0.506468204781
-0.676189283964
-0.577138136366
-0.457907876984
-0.633385763218
-0.644735927734
-0.427946326590
-0.584903220946
-0.708592120669
-0.394696628631
-0.561198082459
-0.681013046801
-0.470401894481
-0.534307642961
-0.647314007600
-0.543599041793
-0.607356348629
-0.614043017771
-0.504053011207
0.212494301236
-0.735784292997
0.643014499153
0.182927409333
-0.687339000177
0.702924364175
0.152486196524
-0.634719443400
0.757548142391
0.119924165661
-0.578003956706
0.807173847769
0.073192353037
-0.515864685586
0.853537641597
0.415961698204
-0.373575518231
0.829106264484
0.489897625269
-0.349879729681
0.798488880019
0.323899451605
-0.762297143095
0.560350078860
0.296352106738
-0.720544735903
0.626889713103
0.267613580228
-0.673771180693
0.688778170201
0.236524587390
-0.622504911062
0.746018602492
0.200761114105
-0.566236663650
0.799419174027
0.155262854583
-0.504804672711
0.849155868140
0.234803403902
-0.490613098307
0.839146083400
0.313413876285
-0.473233191430
0.823299513349
0.390608532074
-0.452986018396
0.801391690629
0.465554735425
-0.430203850803
0.773423192746
0.405235207042
-0.739576428602
0.537411512000
0.378418918945
-0.700258217625
0.605340854753
0.349169026881
-0.655629666716
0.669500359066
0.316873125367
-0.605397539142
0.730126867072
0.279700672764
-0.550168293939
0.786817883630
0.357351020869
-0.531040784586
0.768307186606
0.433106639028
-0.509363099557
0.743618095557
0.506468204781
-0.484928067216
0.712975965353
0.457907876984
-0.676189283964
0.577138136366
0.427946326590
-0.633385763218
0.644735927734
0.394696628631
-0.584903220946
0.708592120669
0.470401894481
-0.561198082459
0.681013046801
0.543599041793
-0.534307642961
0.647314007600
0.504053011207
-0.607356348629
0.614043017771
-0.641332357556
-0.208090397363
0.738506055274
-0.689613483662
-0.148079071731
0.708876457266
-0.732765317660
-0.087603919042
0.674818896151
-0.771668322868
-0.026969494681
0.635453102785
-0.813341235516
0.032043204308
0.580903836850
-0.578221392824
0.240863423065
0.779515767839
-0.509161043580
0.267572484422
0.818022002932
-0.526945782774
-0.236445869083
0.816346429532
-0.581648946732
-0.177910242701
0.793745833569
-0.631633200087
-0.118006106184
0.766233684623
-0.677644030441
-0.057517633795
0.733137292607
-0.721339892270
0.003653099351
0.692571595349
-0.765343323614
0.064161235668
0.640416218437
-0.713089525323
0.095216949650
0.694576893781
-0.655593458072
0.125646276550
0.744587288988
-0.593015608731
0.154927132776
0.790145601349
-0.525875440007
0.182533695086
0.830744528574
-0.460699127737
-0.204399577683
0.863699673697
-0.516913269109
-0.146912494186
0.843337056740
-0.569653363816
-0.087766199641
0.817185498705
-0.619326608775
-0.026794283184
0.784676123029
-0.666710055546
0.034745703474
0.744506842093
-0.606998687574
0.064960112272
0.792043418695
-0.542448211187
0.093562955765
0.834862809981
-0.473426583980
0.120680217637
0.872527108262
-0.446914602089
-0.116978238112
0.886895388559
-0.503356123956
-0.057809194975
0.862143091054
-0.556659788722
0.003067380394
0.830734898025
-0.489169925703
0.031849917061
0.871606772904
-0.416998653849
0.059374382460
0.906965713462
-0.432428164418
-0.028579152268
0.901215354216
0.186592656096
-0.982433597095
-0.002721762277
0.264814619760
-0.964058792348
-0.021537457090
0.340487128319
-0.939393713699
-0.040099452752
0.414442231992
-0.908260552901
-0.057449146079
0.494519326228
-0.866729799182
-0.065039151264
0.347339025192
-0.845321308927
-0.405940249609
0.292923478662
-0.833689779021
-0.468142273251
0.055820238814
-0.996976817972
-0.054049286437
0.136327809529
-0.987955630405
-0.073201097666
0.215219709779
-0.972178564817
-0.092462503930
0.292914837241
-0.949716470468
-0.110632381544
0.371386388459
-0.919843266812
-0.126334931700
0.453356878199
-0.880952353794
-0.135611545726
0.409873955243
-0.889045618036
-0.203963795474
0.363119261163
-0.891353664889
-0.271354097558
0.313054852934
-0.887873906970
-0.337159582952
0.259994838120
-0.878618147776
-0.400540677771
0.003615757583
-0.992260221073
-0.124123245095
0.084129889716
-0.986129102833
-0.143078839115
0.164451945753
-0.973064885138
-0.161555831990
0.245170352880
-0.952759511854
-0.179278583886
0.326687350359
-0.924936702600
-0.194338548154
0.278797433287
-0.924202151145
-0.261002634109
0.227644503045
-0.917729763464
-0.325499710424
0.173724556342
-0.905310312492
-0.387599041046
0.029006641771
-0.977119006170
-0.210706104595
0.111902194297
-0.967030497902
-0.228757327836
0.195169718048
-0.949460672014
-0.245831677079
0.142330436322
-0.939887488901
-0.310408690444
0.086778370050
-0.923902309220
-0.372658070501
0.057061297682
-0.954144063096
-0.293859005587
0.982433597095
0.002721762277
0.186592656096
0.964058792348
0.021537457090
0.264814619760
0.939393713699
0.040099452752
0.340487128319
0.908260552901
0.057449146079
0.414442231992
0.866729799182
0.065039151264
0.494519326228
0.845321308927
0.405940249609
0.347339025192
0.833689779021
0.468142273251
0.292923478662
0.996976817972
0.054049286437
0.055820238814
0.987955630405
0.073201097666
0.136327809529
0.972178564817
0.092462503930
0.215219709779
0.949716470468
0.110632381544
0.292914837241
0.919843266812
0.126334931700
0.371386388459
0.880952353794
0.135611545726
0.453356878199
0.889045618036
0.203963795474
0.409873955243
0.891353664889
0.271354097558
0.363119261163
0.887873906970
0.337159582952
0.313054852934
0.878618147776
0.400540677771
0.259994838120
0.992260221073
0.124123245095
0.003615757583
0.986129102833
0.143078839115
0.084129889716
0.973064885138
0.161555831990
0.164451945753
0.952759511854
0.179278583886
0.245170352880
0.924936702600
0.194338548154
0.326687350359
0.924202151145
0.261002634109
0.278797433287
0.917729763464
0.325499710424
0.227644503045
0.905310312492
0.387599041046
0.173724556342
0.977119006170
0.210706104595
0.029006641771
0.967030497902
0.228757327836
0.111902194297
0.949460672014
0.245831677079
0.195169718048
0.939887488901
0.310408690444
0.142330436322
0.923902309220
0.372658070501
0.086778370050
0.954144063096
0.293859005587
0.057061297682
0.339419097942
-0.394683053459
0.853826658792
0.261134428173
-0.412893691491
0.872540892996
0.181845571308
-0.428091047360
0.885251514184
0.101086705132
-0.441411726673
0.891592488529
0.013192157585
-0.462476121920
0.886533588553
0.016215044443
-0.106475602128
0.994183091028
0.035200899002
-0.025350994240
0.999058668848
0.436626739112
-0.292266107897
0.850845234380
0.361065917302
-0.314238052230
0.878001053469
0.283400394616
-0.333225815963
0.899246780315
0.203697867976
-0.350432471035
0.914168617830
0.120424092785
-0.367733289108
0.922101006376
0.031796485655
-0.389195642531
0.920606178197
0.049899534636
-0.314657005594
0.947892929225
0.068054151540
-0.237472984613
0.969007334357
0.086482216341
-0.158127720158
0.983624140805
0.105194955030
-0.077461143033
0.991430175432
0.454848709073
-0.208015335266
0.865934334779
0.380788248080
-0.231042383902
0.895332188054
0.303564526072
-0.252218145393
0.918822390696
0.222632644782
-0.271964636064
0.936199734142
0.138118818970
-0.291941646885
0.946410728310
0.155894964539
-0.213837321015
0.964349708442
0.174111667907
-0.134081547280
0.975554850215
0.192334347139
-0.053044338704
0.979894788762
0.399980869805
-0.145984879882
0.904822479073
0.322294570168
-0.169711389272
0.931302450545
0.240868551346
-0.192102337655
0.951356417354
0.258874442101
-0.110480519260
0.959571820184
0.276588301620
-0.027403987590
0.960597695641
0.340101045326
-0.085640449950
0.936481175625
0.641332357556
-0.208090397363
-0.738506055274
0.689613483662
-0.148079071731
-0.708876457266
0.732765317660
-0.087603919042
-0.674818896151
0.771668322868
-0.026969494681
-0.635453102785
0.813341235516
0.032043204308
-0.580903836850
0.578221392824
0.240863423065
-0.779515767839
0.509161043580
0.267572484422
-0.818022002932
0.526945782774
-0.236445869083
-0.816346429532
0.581648946732
-0.177910242701
-0.793745833569
0.631633200087
-0.118006106184
-0.766233684623
0.677644030441
-0.057517633795
-0.733137292607
0.721339892270
0.003653099351
-0.692571595349
0.765343323614
0.064161235668
-0.640416218437
0.713089525323
0.095216949650
-0.694576893781
0.655593458072
0.125646276550
-0.744587288988
0.593015608731
0.154927132776
-0.790145601349
0.525875440007
0.182533695086
-0.830744528574
0.460699127737
-0.204399577683
-0.863699673697
0.516913269109
-0.146912494186
-0.843337056740
0.569653363816
-0.087766199641
-0.817185498705
0.619326608775
-0.026794283184
-0.784676123029
0.666710055546
0.034745703474
-0.744506842093
0.606998687574
0.064960112272
-0.792043418695
0.542448211187
0.093562955765
-0.834862809981
0.473426583980
0.120680217637
-0.872527108262
0.446914602089
-0.116978238112
-0.886895388559
0.503356123956
-0.057809194975
-0.862143091054
0.556659788722
0.003067380394
-0.830734898025
0.489169925703
0.031849917061
-0.871606772904
0.416998653849
0.059374382460
-0.906965713462
0.432428164418
-0.028579152268
-0.901215354216
-0.738506055274
-0.641332357556
0.208090397363
-0.708876457266
-0.689613483662
0.148079071731
-0.674818896151
-0.732765317660
0.087603919042
-0.635453102785
-0.771668322868
0.026969494681
-0.580903836850
-0.813341235516
-0.032043204308
-0.779515767839
-0.578221392824
-0.240863423065
-0.818022002932
-0.509161043580
-0.267572484422
-0.816346429532
-0.526945782774
0.236445869083
-0.793745833569
-0.581648946732
0.177910242701
-0.766233684623
-0.631633200087
0.118006106184
-0.733137292607
-0.677644030441
0.057517633795
-0.692571595349
-0.721339892270
-0.003653099351
-0.640416218437
-0.765343323614
-0.064161235668
-0.694576893781
-0.713089525323
-0.095216949650
-0.744587288988
-0.655593458072
-0.125646276550
-0.790145601349
-0.593015608731
-0.154927132776
-0.830744528574
-0.525875440007
-0.182533695086
-0.863699673697
-0.460699127737
0.204399577683
-0.843337056740
-0.516913269109
0.146912494186
-0.817185498705
-0.569653363816
0.087766199641
-0.784676123029
-0.619326608775
0.026794283184
-0.744506842093
-0.666710055546
-0.034745703474
-0.792043418695
-0.606998687574
-0.064960112272
-0.834862809981
-0.542448211187
-0.093562955765
-0.872527108262
-0.473426583980
-0.120680217637
-0.886895388559
-0.446914602089
0.116978238112
-0.862143091054
-0.503356123956
0.057809194975
-0.830734898025
-0.556659788722
-0.003067380394
-0.871606772904
-0.489169925703
-0.031849917061
-0.906965713462
-0.416998653849
-0.059374382460
-0.901215354216
-0.432428164418
0.028579152268
0.735784292997
-0.643014499153
0.212494301236
0.687339000177
-0.702924364175
0.182927409333
0.634719443400
-0.757548142391
0.152486196524
0.578003956706
-0.807173847769
0.119924165661
0.515864685586
-0.853537641597
0.073192353037
0.373575518231
-0.829106264484
0.415961698204
0.349879729681
-0.798488880019
0.489897625269
0.762297143095
-0.560350078860
0.323899451605
0.720544735903
-0.626889713103
0.296352106738
0.673771180693
-0.688778170201
0.267613580228
0.622504911062
-0.746018602492
0.236524587390
0.566236663650
-0.799419174027
0.200761114105
0.504804672711
-0.849155868140
0.155262854583
0.490613098307
-0.839146083400
0.234803403902
0.473233191430
-0.823299513349
0.313413876285
0.452986018396
-0.801391690629
0.390608532074
0.430203850803
-0.773423192746
0.465554735425
0.739576428602
-0.537411512000
0.405235207042
0.700258217625
-0.605340854753
0.378418918945
0.655629666716
-0.669500359066
0.349169026881
0.605397539142
-0.730126867072
0.316873125367
0.550168293939
-0.786817883630
0.279700672764
0.531040784586
-0.768307186606
0.357351020869
0.509363099557
-0.743618095557
0.433106639028
0.484928067216
-0.712975965353
0.506468204781
0.676189283964
-0.577138136366
0.457907876984
0.633385763218
-0.644735927734
0.427946326590
0.584903220946
-0.708592120669
0.394696628631
0.561198082459
-0.681013046801
0.470401894481
0.534307642961
-0.647314007600
0.543599041793
0.607356348629
-0.614043017771
0.504053011207
-0.212494301236
-0.735784292997
-0.643014499153
-0.182927409333
-0.687339000177
-0.702924364175
-0.152486196524
-0.634719443400
-0.757548142391
-0.119924165661
-0.578003956706
-0.807173847769
-0.073192353037
-0.515864685586
-0.853537641597
-0.415961698204
-0.373575518231
-0.829106264484
-0.489897625269
-0.349879729681
-0.798488880019
-0.323899451605
-0.762297143095
-0.560350078860
-0.296352106738
-0.720544735903
-0.626889713103
-0.267613580228
-0.673771180693
-0.688778170201
-0.236524587390
-0.622504911062
-0.746018602492
-0.200761114105
-0.566236663650
-0.799419174027
-0.155262854583
-0.504804672711
-0.849155868140
-0.234803403902
-0.490613098307
-0.839146083400
-0.313413876285
-0.473233191430
-0.823299513349
-0.390608532074
-0.452986018396
-0.801391690629
-0.465554735425
-0.430203850803
-0.773423192746
-0.405235207042
-0.739576428602
-0.537411512000
-0.378418918945
-0.700258217625
-0.605340854753
-0.349169026881
-0.655629666716
-0.669500359066
-0.316873125367
-0.605397539142
-0.730126867072
-0.279700672764
-0.550168293939
-0.786817883630
-0.357351020869
-0.531040784586
-0.768307186606
-0.433106639028
-0.509363099557
-0.743618095557
-0.506468204781
-0.484928067216
-0.712975965353
-0.457907876984
-0.676189283964
-0.577138136366
-0.427946326590
-0.633385763218
-0.644735927734
-0.394696628631
-0.584903220946
-0.708592120669
-0.470401894481
-0.561198082459
-0.681013046801
-0.543599041793
-0.534307642961
-0.647314007600
-0.504053011207
-0.607356348629
-0.614043017771
0.212494301236
0.735784292997
-0.643014499153
0.182927409333
0.687339000177
-0.702924364175
0.152486196524
0.634719443400
-0.757548142391
0.119924165661
0.578003956706
-0.807173847769
0.073192353037
0.515864685586
-0.853537641597
0.415961698204
0.373575518231
-0.829106264484
0.489897625269
0.349879729681
-0.798488880019
0.323899451605
0.762297143095
-0.560350078860
0.296352106738
0.720544735903
-0.626889713103
0.267613580228
0.673771180693
-0.688778170201
0.236524587390
0.622504911062
-0.746018602492
0.200761114105
0.566236663650
-0.799419174027
0.155262854583
0.504804672711
-0.849155868140
0.234803403902
0.490613098307
-0.839146083400
0.313413876285
0.473233191430
-0.823299513349
0.390608532074
0.452986018396
-0.801391690629
0.465554735425
0.430203850803
-0.773423192746
0.405235207042
0.739576428602
-0.537411512000
0.378418918945
0.700258217625
-0.605340854753
0.349169026881
0.655629666716
-0.669500359066
0.316873125367
0.605397539142
-0.730126867072
0.279700672764
0.550168293939
-0.786817883630
0.357351020869
0.531040784586
-0.768307186606
0.433106639028
0.509363099557
-0.743618095557
0.506468204781
0.484928067216
-0.712975965353
0.457907876984
0.676189283964
-0.577138136366
0.427946326590
0.633385763218
-0.644735927734
0.394696628631
0.584903220946
-0.708592120669
0.470401894481
0.561198082459
-0.681013046801
0.543599041793
0.534307642961
-0.647314007600
0.504053011207
0.607356348629
-0.614043017771
-0.643014499153
-0.212494301236
-0.735784292997
-0.702924364175
-0.182927409333
-0.687339000177
-0.757548142391
-0.152486196524
-0.634719443400
-0.807173847769
-0.119924165661
-0.578003956706
-0.853537641597
-0.073192353037
-0.515864685586
-0.829106264484
-0.415961698204
-0.373575518231
-0.798488880019
-0.489897625269
-0.349879729681
-0.560350078860
-0.323899451605
-0.762297143095
-0.626889713103
-0.296352106738
-0.720544735903
-0.688778170201
-0.267613580228
-0.673771180693
-0.746018602492
-0.236524587390
-0.622504911062
-0.799419174027
-0.200761114105
-0.566236663650
-0.849155868140
-0.155262854583
-0.504804672711
-0.839146083400
-0.234803403902
-0.490613098307
-0.823299513349
-0.313413876285
-0.473233191430
-0.801391690629
-0.390608532074
-0.452986018396
-0.773423192746
-0.465554735425
-0.430203850803
-0.537411512000
-0.405235207042
-0.739576428602
-0.605340854753
-0.378418918945
-0.700258217625
-0.669500359066
-0.349169026881
-0.655629666716
-0.730126867072
-0.316873125367
-0.605397539142
-0.786817883630
-0.279700672764
-0.550168293939
-0.768307186606
-0.357351020869
-0.531040784586
-0.743618095557
-0.433106639028
-0.509363099557
-0.712975965353
-0.506468204781
-0.484928067216
-0.577138136366
-0.457907876984
-0.676189283964
-0.644735927734
-0.427946326590
-0.633385763218
-0.708592120669
-0.394696628631
-0.584903220946
-0.681013046801
-0.470401894481
-0.561198082459
-0.647314007600
-0.543599041793
-0.534307642961
-0.614043017771
-0.504053011207
-0.607356348629
-0.738506055274
0.641332357556
-0.208090397363
-0.708876457266
0.689613483662
-0.148079071731
-0.674818896151
0.732765317660
-0.087603919042
-0.635453102785
0.771668322868
-0.026969494681
-0.580903836850
0.813341235516
0.032043204308
-0.779515767839
0.578221392824
0.240863423065
-0.818022002932
0.509161043580
0.267572484422
-0.816346429532
0.526945782774
-0.236445869083
-0.793745833569
0.581648946732
-0.177910242701
-0.766233684623
0.631633200087
-0.118006106184
-0.733137292607
0.677644030441
-0.057517633795
-0.692571595349
0.721339892270
0.003653099351
-0.640416218437
0.765343323614
0.064161235668
-0.694576893781
0.713089525323
0.095216949650
-0.744587288988
0.655593458072
0.125646276550
-0.790145601349
0.593015608731
0.154927132776
-0.830744528574
0.525875440007
0.182533695086
-0.863699673697
0.460699127737
-0.204399577683
-0.843337056740
0.516913269109
-0.146912494186
-0.817185498705
0.569653363816
-0.087766199641
-0.784676123029
0.619326608775
-0.026794283184
-0.744506842093
0.666710055546
0.034745703474
-0.792043418695
0.606998687574
0.064960112272
-0.834862809981
0.542448211187
0.093562955765
-0.872527108262
0.473426583980
0.120680217637
-0.886895388559
0.446914602089
-0.116978238112
-0.862143091054
0.503356123956
-0.057809194975
-0.830734898025
0.556659788722
0.003067380394
-0.871606772904
0.489169925703
0.031849917061
-0.906965713462
0.416998653849
0.059374382460
-0.901215354216
0.432428164418
-0.028579152268
-0.208090397363
0.738506055274
-0.641332357556
-0.148079071731
0.708876457266
-0.689613483662
-0.087603919042
0.674818896151
-0.732765317660
-0.026969494681
0.635453102785
-0.771668322868
0.032043204308
0.580903836850
-0.813341235516
0.240863423065
0.779515767839
-0.578221392824
0.267572484422
0.818022002932
-0.509161043580
-0.236445869083
0.816346429532
-0.526945782774
-0.177910242701
0.793745833569
-0.581648946732
-0.118006106184
0.766233684623
-0.631633200087
-0.057517633795
0.733137292607
-0.677644030441
0.003653099351
0.692571595349
-0.721339892270
0.064161235668
0.640416218437
-0.765343323614
0.095216949650
0.694576893781
-0.713089525323
0.125646276550
0.744587288988
-0.655593458072
0.154927132776
0.790145601349
-0.593015608731
0.182533695086
0.830744528574
-0.525875440007
-0.204399577683
0.863699673697
-0.460699127737
-0.146912494186
0.843337056740
-0.516913269109
-0.087766199641
0.817185498705
-0.569653363816
-0.026794283184
0.784676123029
-0.619326608775
0.034745703474
0.744506842093
-0.666710055546
0.064960112272
0.792043418695
-0.606998687574
0.093562955765
0.834862809981
-0.542448211187
0.120680217637
0.872527108262
-0.473426583980
-0.116978238112
0.886895388559
-0.446914602089
-0.057809194975
0.862143091054
-0.503356123956
0.003067380394
0.830734898025
-0.556659788722
0.031849917061
0.871606772904
-0.489169925703
0.059374382460
0.906965713462
-0.416998653849
-0.028579152268
0.901215354216
-0.432428164418
0.341101239539
-0.399086957332
-0.851104896516
0.274445308686
-0.447742029093
-0.851003435906
0.206628396039
-0.492973324843
-0.845152061433
0.136592230033
-0.534366397653
-0.834143342450
0.053388563666
-0.567711679265
-0.821494437288
0.267099916103
-0.763300723396
-0.588242841419
0.324528735441
-0.782821103930
-0.530916395597
0.470031035198
-0.379719690420
-0.796795947943
0.406306683674
-0.432679916266
-0.804799955804
0.340545364730
-0.482833290007
-0.806784276385
0.272072440027
-0.529439424630
-0.803536236286
0.198503374542
-0.572147502564
-0.795766074676
0.115609030180
-0.608619732782
-0.784994632471
0.175956092713
-0.644677359145
-0.743929133750
0.235760206817
-0.676533137448
-0.697653236799
0.294858298239
-0.703663385008
-0.646464557853
0.352742707769
-0.725549573544
-0.590889497660
0.531561093336
-0.408850964624
-0.741811089683
0.469215833723
-0.462548808660
-0.752253348939
0.403411521322
-0.513620972633
-0.757266558707
0.333432903079
-0.562043478247
-0.756921150256
0.258226647054
-0.606388023123
-0.752072180156
0.317203463571
-0.636148454156
-0.703347074334
0.375281552277
-0.660751142073
-0.650055139791
0.431883728512
-0.680192761123
-0.592295747716
0.530204404082
-0.486914518755
-0.694116374478
0.463674373946
-0.539848520886
-0.702545122709
0.392800883292
-0.589866346680
-0.705524740275
0.450717563199
-0.612732330803
-0.649163129739
0.506903655371
-0.630377411842
-0.587939625140
0.521715898679
-0.561114308890
-0.642622170039
-0.853826658792
-0.339419097942
-0.394683053459
-0.872540892996
-0.261134428173
-0.412893691491
-0.885251514184
-0.181845571308
-0.428091047360
-0.891592488529
-0.101086705132
-0.441411726673
-0.886533588553
-0.013192157585
-0.462476121920
-0.994183091028
-0.016215044443
-0.106475602128
-0.999058668848
-0.035200899002
-0.025350994240
-0.850845234380
-0.436626739112
-0.292266107897
-0.878001053469
-0.361065917302
-0.314238052230
-0.899246780315
-0.283400394616
-0.333225815963
-0.914168617830
-0.203697867976
-0.350432471035
-0.922101006376
-0.120424092785
-0.367733289108
-0.920606178197
-0.031796485655
-0.389195642531
-0.947892929225
-0.049899534636
-0.314657005594
-0.969007334357
-0.068054151540
-0.237472984613
-0.983624140805
-0.086482216341
-0.158127720158
-0.991430175432
-0.105194955030
-0.077461143033
-0.865934334779
-0.454848709073
-0.208015335266
-0.895332188054
-0.380788248080
-0.231042383902
-0.918822390696
-0.303564526072
-0.252218145393
-0.936199734142
-0.222632644782
-0.271964636064
-0.946410728310
-0.138118818970
-0.291941646885
-0.964349708442
-0.155894964539
-0.213837321015
-0.975554850215
-0.174111667907
-0.134081547280
-0.979894788762
-0.192334347139
-0.053044338704
-0.904822479073
-0.399980869805
-0.145984879882
-0.931302450545
-0.322294570168
-0.169711389272
-0.951356417354
-0.240868551346
-0.192102337655
-0.959571820184
-0.258874442101
-0.110480519260
-0.960597695641
-0.276588301620
-0.027403987590
-0.936481175625
-0.340101045326
-0.085640449950
-0.341101239539
0.399086957332
-0.851104896516
-0.274445308686
0.447742029093
-0.851003435906
-0.206628396039
0.492973324843
-0.845152061433
-0.136592230033
0.534366397653
-0.834143342450
-0.053388563666
0.567711679265
-0.821494437288
-0.267099916103
0.763300723396
-0.588242841419
-0.324528735441
0.782821103930
-0.530916395597
-0.470031035198
0.379719690420
-0.796795947943
-0.406306683674
0.432679916266
-0.804799955804
-0.340545364730
0.482833290007
-0.806784276385
-0.272072440027
0.529439424630
-0.803536236286
-0.198503374542
0.572147502564
-0.795766074676
-0.115609030180
0.608619732782
-0.784994632471
-0.175956092713
0.644677359145
-0.743929133750
-0.235760206817
0.676533137448
-0.697653236799
-0.294858298239
0.703663385008
-0.646464557853
-0.352742707769
0.725549573544
-0.590889497660
-0.531561093336
0.408850964624
-0.741811089683
-0.469215833723
0.462548808660
-0.752253348939
-0.403411521322
0.513620972633
-0.757266558707
-0.333432903079
0.562043478247
-0.756921150256
-0.258226647054
0.606388023123
-0.752072180156
-0.317203463571
0.636148454156
-0.703347074334
-0.375281552277
0.660751142073
-0.650055139791
-0.431883728512
0.680192761123
-0.592295747716
-0.530204404082
0.486914518755
-0.694116374478
-0.463674373946
0.539848520886
-0.702545122709
-0.392800883292
0.589866346680
-0.705524740275
-0.450717563199
0.612732330803
-0.649163129739
-0.506903655371
0.630377411842
-0.587939625140
-0.521715898679
0.561114308890
-0.642622170039
0.853826658792
0.339419097942
-0.394683053459
0.872540892996
0.261134428173
-0.412893691491
0.885251514184
0.181845571308
-0.428091047360
0.891592488529
0.101086705132
-0.441411726673
0.886533588553
0.013192157585
-0.462476121920
0.994183091028
0.016215044443
-0.106475602128
0.999058668848
0.035200899002
-0.025350994240
0.850845234380
0.436626739112
-0.292266107897
0.878001053469
0.361065917302
-0.314238052230
0.899246780315
0.283400394616
-0.333225815963
0.914168617830
0.203697867976
-0.350432471035
0.922101006376
0.120424092785
-0.367733289108
0.920606178197
0.031796485655
-0.389195642531
0.947892929225
0.049899534636
-0.314657005594
0.969007334357
0.068054151540
-0.237472984613
0.983624140805
0.086482216341
-0.158127720158
0.991430175432
0.105194955030
-0.077461143033
0.865934334779
0.454848709073
-0.208015335266
0.895332188054
0.380788248080
-0.231042383902
0.918822390696
0.303564526072
-0.252218145393
0.936199734142
0.222632644782
-0.271964636064
0.946410728310
0.138118818970
-0.291941646885
0.964349708442
0.155894964539
-0.213837321015
0.975554850215
0.174111667907
-0.134081547280
0.979894788762
0.192334347139
-0.053044338704
0.904822479073
0.399980869805
-0.145984879882
0.931302450545
0.322294570168
-0.169711389272
0.951356417354
0.240868551346
-0.192102337655
0.959571820184
0.258874442101
-0.110480519260
0.960597695641
0.276588301620
-0.027403987590
0.936481175625
0.340101045326
-0.085640449950
0.208090397363
-0.738506055274
-0.641332357556
0.148079071731
-0.708876457266
-0.689613483662
0.087603919042
-0.674818896151
-0.732765317660
0.026969494681
-0.635453102785
-0.771668322868
-0.032043204308
-0.580903836850
-0.813341235516
-0.240863423065
-0.779515767839
-0.578221392824
-0.267572484422
-0.818022002932
-0.509161043580
0.236445869083
-0.816346429532
-0.526945782774
0.177910242701
-0.793745833569
-0.581648946732
0.118006106184
-0.766233684623
-0.631633200087
0.057517633795
-0.733137292607
-0.677644030441
-0.003653099351
-0.692571595349
-0.721339892270
-0.064161235668
-0.640416218437
-0.765343323614
-0.095216949650
-0.694576893781
-0.713089525323
-0.125646276550
-0.744587288988
-0.655593458072
-0.154927132776
-0.790145601349
-0.593015608731
-0.182533695086
-0.830744528574
-0.525875440007
0.204399577683
-0.863699673697
-0.460699127737
0.146912494186
-0.843337056740
-0.516913269109
0.087766199641
-0.817185498705
-0.569653363816
0.026794283184
-0.784676123029
-0.619326608775
-0.034745703474
-0.744506842093
-0.666710055546
-0.064960112272
-0.792043418695
-0.606998687574
-0.093562955765
-0.834862809981
-0.542448211187
-0.120680217637
-0.872527108262
-0.473426583980
0.116978238112
-0.886895388559
-0.446914602089
0.057809194975
-0.862143091054
-0.503356123956
-0.003067380394
-0.830734898025
-0.556659788722
-0.031849917061
-0.871606772904
-0.489169925703
-0.059374382460
-0.906965713462
-0.416998653849
0.028579152268
-0.901215354216
-0.432428164418
0.643014499153
0.212494301236
-0.735784292997
0.702924364175
0.182927409333
-0.687339000177
0.757548142391
0.152486196524
-0.634719443400
0.807173847769
0.119924165661
-0.578003956706
0.853537641597
0.073192353037
-0.515864685586
0.829106264484
0.415961698204
-0.373575518231
0.798488880019
0.489897625269
-0.349879729681
0.560350078860
0.323899451605
-0.762297143095
0.626889713103
0.296352106738
-0.720544735903
0.688778170201
0.267613580228
-0.673771180693
0.746018602492
0.236524587390
-0.622504911062
0.799419174027
0.200761114105
-0.566236663650
0.849155868140
0.155262854583
-0.504804672711
0.839146083400
0.234803403902
-0.490613098307
0.823299513349
0.313413876285
-0.473233191430
0.801391690629
0.390608532074
-0.452986018396
0.773423192746
0.465554735425
-0.430203850803
0.537411512000
0.405235207042
-0.739576428602
0.605340854753
0.378418918945
-0.700258217625
0.669500359066
0.349169026881
-0.655629666716
0.730126867072
0.316873125367
-0.605397539142
0.786817883630
0.279700672764
-0.550168293939
0.768307186606
0.357351020869
-0.531040784586
0.743618095557
0.433106639028
-0.509363099557
0.712975965353
0.506468204781
-0.484928067216
0.577138136366
0.457907876984
-0.676189283964
0.644735927734
0.427946326590
-0.633385763218
0.708592120669
0.394696628631
-0.584903220946
0.681013046801
0.470401894481
-0.561198082459
0.647314007600
0.543599041793
-0.534307642961
0.614043017771
0.504053011207
-0.607356348629
-0.982433597095
0.002721762277
-0.186592656096
-0.964058792348
0.021537457090
-0.264814619760
-0.939393713699
0.040099452752
-0.340487128319
-0.908260552901
0.057449146079
-0.414442231992
-0.866729799182
0.065039151264
-0.494519326228
-0.845321308927
0.405940249609
-0.347339025192
-0.833689779021
0.468142273251
-0.292923478662
-0.996976817972
0.054049286437
-0.055820238814
-0.987955630405
0.073201097666
-0.136327809529
-0.972178564817
0.092462503930
-0.215219709779
-0.949716470468
0.110632381544
-0.292914837241
-0.919843266812
0.126334931700
-0.371386388459
-0.880952353794
0.135611545726
-0.453356878199
-0.889045618036
0.203963795474
-0.409873955243
-0.891353664889
0.271354097558
-0.363119261163
-0.887873906970
0.337159582952
-0.313054852934
-0.878618147776
0.400540677771
-0.259994838120
-0.992260221073
0.124123245095
-0.003615757583
-0.986129102833
0.143078839115
-0.084129889716
-0.973064885138
0.161555831990
-0.164451945753
-0.952759511854
0.179278583886
-0.245170352880
-0.924936702600
0.194338548154
-0.326687350359
-0.924202151145
0.261002634109
-0.278797433287
-0.917729763464
0.325499710424
-0.227644503045
-0.905310312492
0.387599041046
-0.173724556342
-0.977119006170
0.210706104595
-0.029006641771
-0.967030497902
0.228757327836
-0.111902194297
-0.949460672014
0.245831677079
-0.195169718048
-0.939887488901
0.310408690444
-0.142330436322
-0.923902309220
0.372658070501
-0.086778370050
-0.954144063096
0.293859005587
-0.057061297682
0.002721762277
-0.186592656096
-0.982433597095
0.021537457090
-0.264814619760
-0.964058792348
0.040099452752
-0.340487128319
-0.939393713699
0.057449146079
-0.414442231992
-0.908260552901
0.065039151264
-0.494519326228
-0.866729799182
0.405940249609
-0.347339025192
-0.845321308927
0.468142273251
-0.292923478662
-0.833689779021
0.054049286437
-0.055820238814
-0.996976817972
0.073201097666
-0.136327809529
-0.987955630405
0.092462503930
-0.215219709779
-0.972178564817
0.110632381544
-0.292914837241
-0.949716470468
0.126334931700
-0.371386388459
-0.919843266812
0.135611545726
-0.453356878199
-0.880952353794
0.203963795474
-0.409873955243
-0.889045618036
0.271354097558
-0.363119261163
-0.891353664889
0.337159582952
-0.313054852934
-0.887873906970
0.400540677771
-0.259994838120
-0.878618147776
0.124123245095
-0.003615757583
-0.992260221073
0.143078839115
-0.084129889716
-0.986129102833
0.161555831990
-0.164451945753
-0.973064885138
0.179278583886
-0.245170352880
-0.952759511854
0.194338548154
-0.326687350359
-0.924936702600
0.261002634109
-0.278797433287
-0.924202151145
0.325499710424
-0.227644503045
-0.917729763464
0.387599041046
-0.173724556342
-0.905310312492
0.210706104595
-0.029006641771
-0.977119006170
0.228757327836
-0.111902194297
-0.967030497902
0.245831677079
-0.195169718048
-0.949460672014
0.310408690444
-0.142330436322
-0.939887488901
0.372658070501
-0.086778370050
-0.923902309220
0.293859005587
-0.057061297682
-0.954144063096
0.399086957332
-0.851104896516
-0.341101239539
0.447742029093
-0.851003435906
-0.274445308686
0.492973324843
-0.845152061433
-0.206628396039
0.534366397653
-0.834143342450
-0.136592230033
0.567711679265
-0.821494437288
-0.053388563666
0.763300723396
-0.588242841419
-0.267099916103
0.782821103930
-0.530916395597
-0.324528735441
0.379719690420
-0.796795947943
-0.470031035198
0.432679916266
-0.804799955804
-0.406306683674
0.482833290007
-0.806784276385
-0.340545364730
0.529439424630
-0.803536236286
-0.272072440027
0.572147502564
-0.795766074676
-0.198503374542
0.608619732782
-0.784994632471
-0.115609030180
0.644677359145
-0.743929133750
-0.175956092713
0.676533137448
-0.697653236799
-0.235760206817
0.703663385008
-0.646464557853
-0.294858298239
0.725549573544
-0.590889497660
-0.352742707769
0.408850964624
-0.741811089683
-0.531561093336
0.462548808660
-0.752253348939
-0.469215833723
0.513620972633
-0.757266558707
-0.403411521322
0.562043478247
-0.756921150256
-0.333432903079
0.606388023123
-0.752072180156
-0.258226647054
0.636148454156
-0.703347074334
-0.317203463571
0.660751142073
-0.650055139791
-0.375281552277
0.680192761123
-0.592295747716
-0.431883728512
0.486914518755
-0.694116374478
-0.530204404082
0.539848520886
-0.702545122709
-0.463674373946
0.589866346680
-0.705524740275
-0.392800883292
0.612732330803
-0.649163129739
-0.450717563199
0.630377411842
-0.587939625140
-0.506903655371
0.561114308890
-0.642622170039
-0.521715898679
-0.399086957332
-0.851104896516
0.341101239539
-0.447742029093
-0.851003435906
0.274445308686
-0.492973324843
-0.845152061433
0.206628396039
-0.534366397653
-0.834143342450
0.136592230033
-0.567711679265
-0.821494437288
0.053388563666
-0.763300723396
-0.588242841419
0.267099916103
-0.782821103930
-0.530916395597
0.324528735441
-0.379719690420
-0.796795947943
0.470031035198
-0.432679916266
-0.804799955804
0.406306683674
-0.482833290007
-0.806784276385
0.340545364730
-0.529439424630
-0.803536236286
0.272072440027
-0.572147502564
-0.795766074676
0.198503374542
-0.608619732782
-0.784994632471
0.115609030180
-0.644677359145
-0.743929133750
0.175956092713
-0.676533137448
-0.697653236799
0.235760206817
-0.703663385008
-0.646464557853
0.294858298239
-0.725549573544
-0.590889497660
0.352742707769
-0.408850964624
-0.741811089683
0.531561093336
-0.462548808660
-0.752253348939
0.469215833723
-0.513620972633
-0.757266558707
0.403411521322
-0.562043478247
-0.756921150256
0.333432903079
-0.606388023123
-0.752072180156
0.258226647054
-0.636148454156
-0.703347074334
0.317203463571
-0.660751142073
-0.650055139791
0.375281552277
-0.680192761123
-0.592295747716
0.431883728512
-0.486914518755
-0.694116374478
0.530204404082
-0.539848520886
-0.702545122709
0.463674373946
-0.589866346680
-0.705524740275
0.392800883292
-0.612732330803
-0.649163129739
0.450717563199
-0.630377411842
-0.587939625140
0.506903655371
-0.561114308890
-0.642622170039
0.521715898679
-0.186592656096
-0.982433597095
0.002721762277
-0.264814619760
-0.964058792348
0.021537457090
-0.340487128319
-0.939393713699
0.040099452752
-0.414442231992
-0.908260552901
0.057449146079
-0.494519326228
-0.866729799182
0.065039151264
-0.347339025192
-0.845321308927
0.405940249609
-0.292923478662
-0.833689779021
0.468142273251
-0.055820238814
-0.996976817972
0.054049286437
-0.136327809529
-0.987955630405
0.073201097666
-0.215219709779
-0.972178564817
0.092462503930
-0.292914837241
-0.949716470468
0.110632381544
-0.371386388459
-0.919843266812
0.126334931700
-0.453356878199
-0.880952353794
0.135611545726
-0.409873955243
-0.889045618036
0.203963795474
-0.363119261163
-0.891353664889
0.271354097558
-0.313054852934
-0.887873906970
0.337159582952
-0.259994838120
-0.878618147776
0.400540677771
-0.003615757583
-0.992260221073
0.124123245095
-0.084129889716
-0.986129102833
0.143078839115
-0.164451945753
-0.973064885138
0.161555831990
-0.245170352880
-0.952759511854
0.179278583886
-0.326687350359
-0.924936702600
0.194338548154
-0.278797433287
-0.924202151145
0.261002634109
-0.227644503045
-0.917729763464
0.325499710424
-0.173724556342
-0.905310312492
0.387599041046
-0.029006641771
-0.977119006170
0.210706104595
-0.111902194297
-0.967030497902
0.228757327836
-0.195169718048
-0.949460672014
0.245831677079
-0.142330436322
-0.939887488901
0.310408690444
-0.086778370050
-0.923902309220
0.372658070501
-0.057061297682
-0.954144063096
0.293859005587
0.186592656096
0.982433597095
0.002721762277
0.264814619760
0.964058792348
0.021537457090
0.340487128319
0.939393713699
0.040099452752
0.414442231992
0.908260552901
0.057449146079
0.494519326228
0.866729799182
0.065039151264
0.347339025192
0.845321308927
0.405940249609
0.292923478662
0.833689779021
0.468142273251
0.055820238814
0.996976817972
0.054049286437
0.136327809529
0.987955630405
0.073201097666
0.215219709779
0.972178564817
0.092462503930
0.292914837241
0.949716470468
0.110632381544
0.371386388459
0.919843266812
0.126334931700
0.453356878199
0.880952353794
0.135611545726
0.409873955243
0.889045618036
0.203963795474
0.363119261163
0.891353664889
0.271354097558
0.313054852934
0.887873906970
0.337159582952
0.259994838120
0.878618147776
0.400540677771
0.003615757583
0.992260221073
0.124123245095
0.084129889716
0.986129102833
0.143078839115
0.164451945753
0.973064885138
0.161555831990
0.245170352880
0.952759511854
0.179278583886
0.326687350359
0.924936702600
0.194338548154
0.278797433287
0.924202151145
0.261002634109
0.227644503045
0.917729763464
0.325499710424
0.173724556342
0.905310312492
0.387599041046
0.029006641771
0.977119006170
0.210706104595
0.111902194297
0.967030497902
0.228757327836
0.195169718048
0.949460672014
0.245831677079
0.142330436322
0.939887488901
0.310408690444
0.086778370050
0.923902309220
0.372658070501
0.057061297682
0.954144063096
0.293859005587
-0.339419097942
-0.394683053459
-0.853826658792
-0.261134428173
-0.412893691491
-0.872540892996
-0.181845571308
-0.428091047360
-0.885251514184
-0.101086705132
-0.441411726673
-0.891592488529
-0.013192157585
-0.462476121920
-0.886533588553
-0.016215044443
-0.106475602128
-0.994183091028
-0.035200899002
-0.025350994240
-0.999058668848
-0.436626739112
-0.292266107897
-0.850845234380
-0.361065917302
-0.314238052230
-0.878001053469
-0.283400394616
-0.333225815963
-0.899246780315
-0.203697867976
-0.350432471035
-0.914168617830
-0.120424092785
-0.367733289108
-0.922101006376
-0.031796485655
-0.389195642531
-0.920606178197
-0.049899534636
-0.314657005594
-0.947892929225
-0.068054151540
-0.237472984613
-0.969007334357
-0.086482216341
-0.158127720158
-0.983624140805
-0.105194955030
-0.077461143033
-0.991430175432
-0.454848709073
-0.208015335266
-0.865934334779
-0.380788248080
-0.231042383902
-0.895332188054
-0.303564526072
-0.252218145393
-0.918822390696
-0.222632644782
-0.271964636064
-0.936199734142
-0.138118818970
-0.291941646885
-0.946410728310
-0.155894964539
-0.213837321015
-0.964349708442
-0.174111667907
-0.134081547280
-0.975554850215
-0.192334347139
-0.053044338704
-0.979894788762
-0.399980869805
-0.145984879882
-0.904822479073
-0.322294570168
-0.169711389272
-0.931302450545
-0.240868551346
-0.192102337655
-0.951356417354
-0.258874442101
-0.110480519260
-0.959571820184
-0.276588301620
-0.027403987590
-0.960597695641
-0.340101045326
-0.085640449950
-0.936481175625
0.738506055274
-0.641332357556
-0.208090397363
0.708876457266
-0.689613483662
-0.148079071731
0.674818896151
-0.732765317660
-0.087603919042
0.635453102785
-0.771668322868
-0.026969494681
0.580903836850
-0.813341235516
0.032043204308
0.779515767839
-0.578221392824
0.240863423065
0.818022002932
-0.509161043580
0.267572484422
0.816346429532
-0.526945782774
-0.236445869083
0.793745833569
-0.581648946732
-0.177910242701
0.766233684623
-0.631633200087
-0.118006106184
0.733137292607
-0.677644030441
-0.057517633795
0.692571595349
-0.721339892270
0.003653099351
0.640416218437
-0.765343323614
0.064161235668
0.694576893781
-0.713089525323
0.095216949650
0.744587288988
-0.655593458072
0.125646276550
0.790145601349
-0.593015608731
0.154927132776
0.830744528574
-0.525875440007
0.182533695086
0.863699673697
-0.460699127737
-0.204399577683
0.843337056740
-0.516913269109
-0.146912494186
0.817185498705
-0.569653363816
-0.087766199641
0.784676123029
-0.619326608775
-0.026794283184
0.744506842093
-0.666710055546
0.034745703474
0.792043418695
-0.606998687574
0.064960112272
0.834862809981
-0.542448211187
0.093562955765
0.872527108262
-0.473426583980
0.120680217637
0.886895388559
-0.446914602089
-0.116978238112
0.862143091054
-0.503356123956
-0.057809194975
0.830734898025
-0.556659788722
0.003067380394
0.871606772904
-0.489169925703
0.031849917061
0.906965713462
-0.416998653849
0.059374382460
0.901215354216
-0.432428164418
-0.028579152268
