0.463547566906
0.854604101274
0.234041627283
0.563562557101
0.817040754948
0.121826306633
0.372784008272
0.806704561692
0.458540983253
0.489896771498
0.792794283014
0.362599473381
0.596899887547
0.761310472619
0.253213128663
0.712405989412
0.654349359218
0.253583560864
0.721942414530
0.577648323495
0.380948243816
0.505113424268
0.713659099303
0.485336088300
0.616096186917
0.690409068484
0.379158023285
0.619670473039
0.603091089521
0.502284423991
0.525731112119
0.850650808352
0.000000000000
0.000000000000
0.525731112119
-0.850650808352
-0.525731112119
0.850650808352
0.000000000000
0.000000000000
0.525731112119
0.850650808352
0.850650808352
-0.000000000000
0.525731112119
-0.850650808352
-0.000000000000
0.525731112119
-0.000000000000
-0.525731112119
0.850650808352
-0.850650808352
-0.000000000000
-0.525731112119
-0.525731112119
-0.850650808352
0.000000000000
0.850650808352
-0.000000000000
-0.525731112119
0.525731112119
-0.850650808352
0.000000000000
0.000000000000
-0.525731112119
-0.850650808352
0.221657061167
0.431124351877
-0.874642750186
0.069257752253
0.425936294996
-0.902098462674
0.433860862935
0.308170614435
-0.846637835212
0.293387656863
0.308697883428
-0.904781354564
0.141661654549
0.304854336820
-0.941804549231
0.051155487784
0.182442413811
-0.981884861739
0.125725544692
0.053760713522
-0.990607325379
0.360621221159
0.178605663191
-0.915451993239
0.212045326164
0.178589465905
-0.960803092376
0.282886794317
0.045280021501
-0.958083911384
-0.463547566906
0.854604101274
-0.234041627283
-0.563562557101
0.817040754948
-0.121826306633
-0.372784008272
0.806704561692
-0.458540983253
-0.489896771498
0.792794283014
-0.362599473381
-0.596899887547
0.761310472619
-0.253213128663
-0.712405989412
0.654349359218
-0.253583560864
-0.721942414530
0.577648323495
-0.380948243816
-0.505113424268
0.713659099303
-0.485336088300
-0.616096186917
0.690409068484
-0.379158023285
-0.619670473039
0.603091089521
-0.502284423991
-0.221657061167
0.431124351877
0.874642750186
-0.069257752253
0.425936294996
0.902098462674
-0.433860862935
0.308170614435
0.846637835212
-0.293387656863
0.308697883428
0.904781354564
-0.141661654549
0.304854336820
0.941804549231
-0.051155487784
0.182442413811
0.981884861739
-0.125725544692
0.053760713522
0.990607325379
-0.360621221159
0.178605663191
0.915451993239
-0.212045326164
0.178589465905
0.960803092376
-0.282886794317
0.045280021501
0.958083911384
0.685204628072
0.717612503627
0.124607031531
0.632820309354
0.774237110071
-0.009764909503
0.806644871207
0.538563802009
0.243460639365
0.783284428361
0.611470739193
0.112111727302
0.738561542096
0.673758755205
-0.023999756701
0.763561477196
0.622733529057
-0.170812242919
0.847667959222
0.499945663621
-0.177520039251
0.865734645427
0.490782927562
0.098161304600
0.828141513082
0.559357849759
-0.036061478395
0.902557267356
0.428257435664
-0.044563975818
-0.306517320346
0.951654130910
-0.020038648912
-0.435701204498
0.896063416704
-0.085057707726
-0.064709975070
0.997104785262
-0.039933273520
-0.196586156127
0.974070212574
-0.111987071551
-0.328854093521
0.926971883868
-0.180494076612
-0.353254656730
0.876317089921
-0.327535502521
-0.231280752772
0.880893907437
-0.412959001884
-0.080444358591
0.976119015862
-0.201792893936
-0.214650944300
0.938515873043
-0.270394023892
-0.089843997319
0.930541859655
-0.354992821864
-0.157030246560
0.665165979160
0.729997069743
-0.127861352603
0.547762601628
0.826805664451
-0.308074033202
0.766711597688
0.563243922327
-0.293310615371
0.671297356810
0.680682555712
-0.268045794026
0.558067465483
0.785310229320
-0.359151332683
0.436025974675
0.825161602137
-0.490661661757
0.434708957338
0.755168362746
-0.424669065677
0.663941751491
0.615497794703
-0.401445242618
0.557747489189
0.726470546879
-0.529826475720
0.547564445492
0.647655065338
0.729997069743
-0.157030246560
0.665165979160
0.826805664451
-0.127861352603
0.547762601628
0.563243922327
-0.308074033202
0.766711597688
0.680682555712
-0.293310615371
0.671297356810
0.785310229320
-0.268045794026
0.558067465483
0.825161602137
-0.359151332683
0.436025974675
0.755168362746
-0.490661661757
0.434708957338
0.615497794703
-0.424669065677
0.663941751491
0.726470546879
-0.401445242618
0.557747489189
0.647655065338
-0.529826475720
0.547564445492
-0.951654130910
-0.020038648912
0.306517320346
-0.896063416704
-0.085057707726
0.435701204498
-0.997104785262
-0.039933273520
0.064709975070
-0.974070212574
-0.111987071551
0.196586156127
-0.926971883868
-0.180494076612
0.328854093521
-0.876317089921
-0.327535502521
0.353254656730
-0.880893907437
-0.412959001884
0.231280752772
-0.976119015862
-0.201792893936
0.080444358591
-0.938515873043
-0.270394023892
0.214650944300
-0.930541859655
-0.354992821864
0.089843997319
0.665165979160
0.729997069743
-0.157030246560
0.547762601628
0.826805664451
-0.127861352603
0.766711597688
0.563243922327
-0.308074033202
0.671297356810
0.680682555712
-0.293310615371
0.558067465483
0.785310229320
-0.268045794026
0.436025974675
0.825161602137
-0.359151332683
0.434708957338
0.755168362746
-0.490661661757
0.663941751491
0.615497794703
-0.424669065677
0.557747489189
0.726470546879
-0.401445242618
0.547564445492
0.647655065338
-0.529826475720
0.124607031531
0.685204628072
0.717612503627
-0.009764909503
0.632820309354
0.774237110071
0.243460639365
0.806644871207
0.538563802009
0.112111727302
0.783284428361
0.611470739193
-0.023999756701
0.738561542096
0.673758755205
-0.170812242919
0.763561477196
0.622733529057
-0.177520039251
0.847667959222
0.499945663621
0.098161304600
0.865734645427
0.490782927562
-0.036061478395
0.828141513082
0.559357849759
-0.044563975818
0.902557267356
0.428257435664
-0.234041627283
-0.463547566906
0.854604101274
-0.121826306633
-0.563562557101
0.817040754948
-0.458540983253
-0.372784008272
0.806704561692
-0.362599473381
-0.489896771498
0.792794283014
-0.253213128663
-0.596899887547
0.761310472619
-0.253583560864
-0.712405989412
0.654349359218
-0.380948243816
-0.721942414530
0.577648323495
-0.485336088300
-0.505113424268
0.713659099303
-0.379158023285
-0.616096186917
0.690409068484
-0.502284423991
-0.619670473039
0.603091089521
0.874642750186
-0.221657061167
0.431124351877
0.902098462674
-0.069257752253
0.425936294996
0.846637835212
-0.433860862935
0.308170614435
0.904781354564
-0.293387656863
0.308697883428
0.941804549231
-0.141661654549
0.304854336820
0.981884861739
-0.051155487784
0.182442413811
0.990607325379
-0.125725544692
0.053760713522
0.915451993239
-0.360621221159
0.178605663191
0.960803092376
-0.212045326164
0.178589465905
0.958083911384
-0.282886794317
0.045280021501
0.234041627283
0.463547566906
0.854604101274
0.121826306633
0.563562557101
0.817040754948
0.458540983253
0.372784008272
0.806704561692
0.362599473381
0.489896771498
0.792794283014
0.253213128663
0.596899887547
0.761310472619
0.253583560864
0.712405989412
0.654349359218
0.380948243816
0.721942414530
0.577648323495
0.485336088300
0.505113424268
0.713659099303
0.379158023285
0.616096186917
0.690409068484
0.502284423991
0.619670473039
0.603091089521
-0.020038648912
-0.306517320346
0.951654130910
-0.085057707726
-0.435701204498
0.896063416704
-0.039933273520
-0.064709975070
0.997104785262
-0.111987071551
-0.196586156127
0.974070212574
-0.180494076612
-0.328854093521
0.926971883868
-0.327535502521
-0.353254656730
0.876317089921
-0.412959001884
-0.231280752772
0.880893907437
-0.201792893936
-0.080444358591
0.976119015862
-0.270394023892
-0.214650944300
0.938515873043
-0.354992821864
-0.089843997319
0.930541859655
0.020038648912
0.306517320346
0.951654130910
0.085057707726
0.435701204498
0.896063416704
0.039933273520
0.064709975070
0.997104785262
0.111987071551
0.196586156127
0.974070212574
0.180494076612
0.328854093521
0.926971883868
0.327535502521
0.353254656730
0.876317089921
0.412959001884
0.231280752772
0.880893907437
0.201792893936
0.080444358591
0.976119015862
0.270394023892
0.214650944300
0.938515873043
0.354992821864
0.089843997319
0.930541859655
-0.431124351877
0.874642750186
0.221657061167
-0.425936294996
0.902098462674
0.069257752253
-0.308170614435
0.846637835212
0.433860862935
-0.308697883428
0.904781354564
0.293387656863
-0.304854336820
0.941804549231
0.141661654549
-0.182442413811
0.981884861739
0.051155487784
-0.053760713522
0.990607325379
0.125725544692
-0.178605663191
0.915451993239
0.360621221159
-0.178589465905
0.960803092376
0.212045326164
-0.045280021501
0.958083911384
0.282886794317
-0.717612503627
0.124607031531
-0.685204628072
-0.774237110071
-0.009764909503
-0.632820309354
-0.538563802009
0.243460639365
-0.806644871207
-0.611470739193
0.112111727302
-0.783284428361
-0.673758755205
-0.023999756701
-0.738561542096
-0.622733529057
-0.170812242919
-0.763561477196
-0.499945663621
-0.177520039251
-0.847667959222
-0.490782927562
0.098161304600
-0.865734645427
-0.559357849759
-0.036061478395
-0.828141513082
-0.428257435664
-0.044563975818
-0.902557267356
-0.854604101274
-0.234041627283
0.463547566906
-0.817040754948
-0.121826306633
0.563562557101
-0.806704561692
-0.458540983253
0.372784008272
-0.792794283014
-0.362599473381
0.489896771498
-0.761310472619
-0.253213128663
0.596899887547
-0.654349359218
-0.253583560864
0.712405989412
-0.577648323495
-0.380948243816
0.721942414530
-0.713659099303
-0.485336088300
0.505113424268
-0.690409068484
-0.379158023285
0.616096186917
-0.603091089521
-0.502284423991
0.619670473039
-0.665165979160
0.729997069743
0.157030246560
-0.547762601628
0.826805664451
0.127861352603
-0.766711597688
0.563243922327
0.308074033202
-0.671297356810
0.680682555712
0.293310615371
-0.558067465483
0.785310229320
0.268045794026
-0.436025974675
0.825161602137
0.359151332683
-0.434708957338
0.755168362746
0.490661661757
-0.663941751491
0.615497794703
0.424669065677
-0.557747489189
0.726470546879
0.401445242618
-0.547564445492
0.647655065338
0.529826475720
-0.854604101274
0.234041627283
-0.463547566906
-0.817040754948
0.121826306633
-0.563562557101
-0.806704561692
0.458540983253
-0.372784008272
-0.792794283014
0.362599473381
-0.489896771498
-0.761310472619
0.253213128663
-0.596899887547
-0.654349359218
0.253583560864
-0.712405989412
-0.577648323495
0.380948243816
-0.721942414530
-0.713659099303
0.485336088300
-0.505113424268
-0.690409068484
0.379158023285
-0.616096186917
-0.603091089521
0.502284423991
-0.619670473039
-0.431124351877
-0.874642750186
-0.221657061167
-0.425936294996
-0.902098462674
-0.069257752253
-0.308170614435
-0.846637835212
-0.433860862935
-0.308697883428
-0.904781354564
-0.293387656863
-0.304854336820
-0.941804549231
-0.141661654549
-0.182442413811
-0.981884861739
-0.051155487784
-0.053760713522
-0.990607325379
-0.125725544692
-0.178605663191
-0.915451993239
-0.360621221159
-0.178589465905
-0.960803092376
-0.212045326164
-0.045280021501
-0.958083911384
-0.282886794317
0.717612503627
0.124607031531
0.685204628072
0.774237110071
-0.009764909503
0.632820309354
0.538563802009
0.243460639365
0.806644871207
0.611470739193
0.112111727302
0.783284428361
0.673758755205
-0.023999756701
0.738561542096
0.622733529057
-0.170812242919
0.763561477196
0.499945663621
-0.177520039251
0.847667959222
0.490782927562
0.098161304600
0.865734645427
0.559357849759
-0.036061478395
0.828141513082
0.428257435664
-0.044563975818
0.902557267356
0.854604101274
-0.234041627283
-0.463547566906
0.817040754948
-0.121826306633
-0.563562557101
0.806704561692
-0.458540983253
-0.372784008272
0.792794283014
-0.362599473381
-0.489896771498
0.761310472619
-0.253213128663
-0.596899887547
0.654349359218
-0.253583560864
-0.712405989412
0.577648323495
-0.380948243816
-0.721942414530
0.713659099303
-0.485336088300
-0.505113424268
0.690409068484
-0.379158023285
-0.616096186917
0.603091089521
-0.502284423991
-0.619670473039
0.431124351877
0.874642750186
-0.221657061167
0.425936294996
0.902098462674
-0.069257752253
0.308170614435
0.846637835212
-0.433860862935
0.308697883428
0.904781354564
-0.293387656863
0.304854336820
0.941804549231
-0.141661654549
0.182442413811
0.981884861739
-0.051155487784
0.053760713522
0.990607325379
-0.125725544692
0.178605663191
0.915451993239
-0.360621221159
0.178589465905
0.960803092376
-0.212045326164
0.045280021501
0.958083911384
-0.282886794317
0.854604101274
0.234041627283
0.463547566906
0.817040754948
0.121826306633
0.563562557101
0.806704561692
0.458540983253
0.372784008272
0.792794283014
0.362599473381
0.489896771498
0.761310472619
0.253213128663
0.596899887547
0.654349359218
0.253583560864
0.712405989412
0.577648323495
0.380948243816
0.721942414530
0.713659099303
0.485336088300
0.505113424268
0.690409068484
0.379158023285
0.616096186917
0.603091089521
0.502284423991
0.619670473039
0.951654130910
-0.020038648912
-0.306517320346
0.896063416704
-0.085057707726
-0.435701204498
0.997104785262
-0.039933273520
-0.064709975070
0.974070212574
-0.111987071551
-0.196586156127
0.926971883868
-0.180494076612
-0.328854093521
0.876317089921
-0.327535502521
-0.353254656730
0.880893907437
-0.412959001884
-0.231280752772
0.976119015862
-0.201792893936
-0.080444358591
0.938515873043
-0.270394023892
-0.214650944300
0.930541859655
-0.354992821864
-0.089843997319
-0.020038648912
0.306517320346
-0.951654130910
-0.085057707726
0.435701204498
-0.896063416704
-0.039933273520
0.064709975070
-0.997104785262
-0.111987071551
0.196586156127
-0.974070212574
-0.180494076612
0.328854093521
-0.926971883868
-0.327535502521
0.353254656730
-0.876317089921
-0.412959001884
0.231280752772
-0.880893907437
-0.201792893936
0.080444358591
-0.976119015862
-0.270394023892
0.214650944300
-0.938515873043
-0.354992821864
0.089843997319
-0.930541859655
0.431124351877
-0.874642750186
0.221657061167
0.425936294996
-0.902098462674
0.069257752253
0.308170614435
-0.846637835212
0.433860862935
0.308697883428
-0.904781354564
0.293387656863
0.304854336820
-0.941804549231
0.141661654549
0.182442413811
-0.981884861739
0.051155487784
0.053760713522
-0.990607325379
0.125725544692
0.178605663191
-0.915451993239
0.360621221159
0.178589465905
-0.960803092376
0.212045326164
0.045280021501
-0.958083911384
0.282886794317
-0.874642750186
0.221657061167
0.431124351877
-0.902098462674
0.069257752253
0.425936294996
-0.846637835212
0.433860862935
0.308170614435
-0.904781354564
0.293387656863
0.308697883428
-0.941804549231
0.141661654549
0.304854336820
-0.981884861739
0.051155487784
0.182442413811
-0.990607325379
0.125725544692
0.053760713522
-0.915451993239
0.360621221159
0.178605663191
-0.960803092376
0.212045326164
0.178589465905
-0.958083911384
0.282886794317
0.045280021501
-0.124607031531
-0.685204628072
0.717612503627
0.009764909503
-0.632820309354
0.774237110071
-0.243460639365
-0.806644871207
0.538563802009
-0.112111727302
-0.783284428361
0.611470739193
0.023999756701
-0.738561542096
0.673758755205
0.170812242919
-0.763561477196
0.622733529057
0.177520039251
-0.847667959222
0.499945663621
-0.098161304600
-0.865734645427
0.490782927562
0.036061478395
-0.828141513082
0.559357849759
0.044563975818
-0.902557267356
0.428257435664
-0.729997069743
0.157030246560
0.665165979160
-0.826805664451
0.127861352603
0.547762601628
-0.563243922327
0.308074033202
0.766711597688
-0.680682555712
0.293310615371
0.671297356810
-0.785310229320
0.268045794026
0.558067465483
-0.825161602137
0.359151332683
0.436025974675
-0.755168362746
0.490661661757
0.434708957338
-0.615497794703
0.424669065677
0.663941751491
-0.726470546879
0.401445242618
0.557747489189
-0.647655065338
0.529826475720
0.547564445492
-0.665165979160
-0.729997069743
-0.157030246560
-0.547762601628
-0.826805664451
-0.127861352603
-0.766711597688
-0.563243922327
-0.308074033202
-0.671297356810
-0.680682555712
-0.293310615371
-0.558067465483
-0.785310229320
-0.268045794026
-0.436025974675
-0.825161602137
-0.359151332683
-0.434708957338
-0.755168362746
-0.490661661757
-0.663941751491
-0.615497794703
-0.424669065677
-0.557747489189
-0.726470546879
-0.401445242618
-0.547564445492
-0.647655065338
-0.529826475720
0.157030246560
-0.665165979160
0.729997069743
0.127861352603
-0.547762601628
0.826805664451
0.308074033202
-0.766711597688
0.563243922327
0.293310615371
-0.671297356810
0.680682555712
0.268045794026
-0.558067465483
0.785310229320
0.359151332683
-0.436025974675
0.825161602137
0.490661661757
-0.434708957338
0.755168362746
0.424669065677
-0.663941751491
0.615497794703
0.401445242618
-0.557747489189
0.726470546879
0.529826475720
-0.547564445492
0.647655065338
-0.717612503627
-0.124607031531
0.685204628072
-0.774237110071
0.009764909503
0.632820309354
-0.538563802009
-0.243460639365
0.806644871207
-0.611470739193
-0.112111727302
0.783284428361
-0.673758755205
0.023999756701
0.738561542096
-0.622733529057
0.170812242919
0.763561477196
-0.499945663621
0.177520039251
0.847667959222
-0.490782927562
-0.098161304600
0.865734645427
-0.559357849759
0.036061478395
0.828141513082
-0.428257435664
0.044563975818
0.902557267356
0.306517320346
-0.951654130910
-0.020038648912
0.435701204498
-0.896063416704
-0.085057707726
0.064709975070
-0.997104785262
-0.039933273520
0.196586156127
-0.974070212574
-0.111987071551
0.328854093521
-0.926971883868
-0.180494076612
0.353254656730
-0.876317089921
-0.327535502521
0.231280752772
-0.880893907437
-0.412959001884
0.080444358591
-0.976119015862
-0.201792893936
0.214650944300
-0.938515873043
-0.270394023892
0.089843997319
-0.930541859655
-0.354992821864
0.951654130910
0.020038648912
0.306517320346
0.896063416704
0.085057707726
0.435701204498
0.997104785262
0.039933273520
0.064709975070
0.974070212574
0.111987071551
0.196586156127
0.926971883868
0.180494076612
0.328854093521
0.876317089921
0.327535502521
0.353254656730
0.880893907437
0.412959001884
0.231280752772
0.976119015862
0.201792893936
0.080444358591
0.938515873043
0.270394023892
0.214650944300
0.930541859655
0.354992821864
0.089843997319
0.221657061167
-0.431124351877
0.874642750186
0.069257752253
-0.425936294996
0.902098462674
0.433860862935
-0.308170614435
0.846637835212
0.293387656863
-0.308697883428
0.904781354564
0.141661654549
-0.304854336820
0.941804549231
0.051155487784
-0.182442413811
0.981884861739
0.125725544692
-0.053760713522
0.990607325379
0.360621221159
-0.178605663191
0.915451993239
0.212045326164
-0.178589465905
0.960803092376
0.282886794317
-0.045280021501
0.958083911384
0.717612503627
-0.124607031531
-0.685204628072
0.774237110071
0.009764909503
-0.632820309354
0.538563802009
-0.243460639365
-0.806644871207
0.611470739193
-0.112111727302
-0.783284428361
0.673758755205
0.023999756701
-0.738561542096
0.622733529057
0.170812242919
-0.763561477196
0.499945663621
0.177520039251
-0.847667959222
0.490782927562
-0.098161304600
-0.865734645427
0.559357849759
0.036061478395
-0.828141513082
0.428257435664
0.044563975818
-0.902557267356
-0.685204628072
-0.717612503627
0.124607031531
-0.632820309354
-0.774237110071
-0.009764909503
-0.806644871207
-0.538563802009
0.243460639365
-0.783284428361
-0.611470739193
0.112111727302
-0.738561542096
-0.673758755205
-0.023999756701
-0.763561477196
-0.622733529057
-0.170812242919
-0.847667959222
-0.499945663621
-0.177520039251
-0.865734645427
-0.490782927562
0.098161304600
-0.828141513082
-0.559357849759
-0.036061478395
-0.902557267356
-0.428257435664
-0.044563975818
0.665165979160
-0.729997069743
0.157030246560
0.547762601628
-0.826805664451
0.127861352603
0.766711597688
-0.563243922327
0.308074033202
0.671297356810
-0.680682555712
0.293310615371
0.558067465483
-0.785310229320
0.268045794026
0.436025974675
-0.825161602137
0.359151332683
0.434708957338
-0.755168362746
0.490661661757
0.663941751491
-0.615497794703
0.424669065677
0.557747489189
-0.726470546879
0.401445242618
0.547564445492
-0.647655065338
0.529826475720
-0.157030246560
-0.665165979160
-0.729997069743
-0.127861352603
-0.547762601628
-0.826805664451
-0.308074033202
-0.766711597688
-0.563243922327
-0.293310615371
-0.671297356810
-0.680682555712
-0.268045794026
-0.558067465483
-0.785310229320
-0.359151332683
-0.436025974675
-0.825161602137
-0.490661661757
-0.434708957338
-0.755168362746
-0.424669065677
-0.663941751491
-0.615497794703
-0.401445242618
-0.557747489189
-0.726470546879
-0.529826475720
-0.547564445492
-0.647655065338
0.157030246560
0.665165979160
-0.729997069743
0.127861352603
0.547762601628
-0.826805664451
0.308074033202
0.766711597688
-0.563243922327
0.293310615371
0.671297356810
-0.680682555712
0.268045794026
0.558067465483
-0.785310229320
0.359151332683
0.436025974675
-0.825161602137
0.490661661757
0.434708957338
-0.755168362746
0.424669065677
0.663941751491
-0.615497794703
0.401445242618
0.557747489189
-0.726470546879
0.529826475720
0.547564445492
-0.647655065338
-0.729997069743
-0.157030246560
-0.665165979160
-0.826805664451
-0.127861352603
-0.547762601628
-0.563243922327
-0.308074033202
-0.766711597688
-0.680682555712
-0.293310615371
-0.671297356810
-0.785310229320
-0.268045794026
-0.558067465483
-0.825161602137
-0.359151332683
-0.436025974675
-0.755168362746
-0.490661661757
-0.434708957338
-0.615497794703
-0.424669065677
-0.663941751491
-0.726470546879
-0.401445242618
-0.557747489189
-0.647655065338
-0.529826475720
-0.547564445492
-0.685204628072
0.717612503627
-0.124607031531
-0.632820309354
0.774237110071
0.009764909503
-0.806644871207
0.538563802009
-0.243460639365
-0.783284428361
0.611470739193
-0.112111727302
-0.738561542096
0.673758755205
0.023999756701
-0.763561477196
0.622733529057
0.170812242919
-0.847667959222
0.499945663621
0.177520039251
-0.865734645427
0.490782927562
-0.098161304600
-0.828141513082
0.559357849759
0.036061478395
-0.902557267356
0.428257435664
0.044563975818
-0.124607031531
0.685204628072
-0.717612503627
0.009764909503
0.632820309354
-0.774237110071
-0.243460639365
0.806644871207
-0.538563802009
-0.112111727302
0.783284428361
-0.611470739193
0.023999756701
0.738561542096
-0.673758755205
0.170812242919
0.763561477196
-0.622733529057
0.177520039251
0.847667959222
-0.499945663621
-0.098161304600
0.865734645427
-0.490782927562
0.036061478395
0.828141513082
-0.559357849759
0.044563975818
0.902557267356
-0.428257435664
0.234041627283
-0.463547566906
-0.854604101274
0.121826306633
-0.563562557101
-0.817040754948
0.458540983253
-0.372784008272
-0.806704561692
0.362599473381
-0.489896771498
-0.792794283014
0.253213128663
-0.596899887547
-0.761310472619
0.253583560864
-0.712405989412
-0.654349359218
0.380948243816
-0.721942414530
-0.577648323495
0.485336088300
-0.505113424268
-0.713659099303
0.379158023285
-0.616096186917
-0.690409068484
0.502284423991
-0.619670473039
-0.603091089521
-0.874642750186
-0.221657061167
-0.431124351877
-0.902098462674
-0.069257752253
-0.425936294996
-0.846637835212
-0.433860862935
-0.308170614435
-0.904781354564
-0.293387656863
-0.308697883428
-0.941804549231
-0.141661654549
-0.304854336820
-0.981884861739
-0.051155487784
-0.182442413811
-0.990607325379
-0.125725544692
-0.053760713522
-0.915451993239
-0.360621221159
-0.178605663191
-0.960803092376
-0.212045326164
-0.178589465905
-0.958083911384
-0.282886794317
-0.045280021501
-0.234041627283
0.463547566906
-0.854604101274
-0.121826306633
0.563562557101
-0.817040754948
-0.458540983253
0.372784008272
-0.806704561692
-0.362599473381
0.489896771498
-0.792794283014
-0.253213128663
0.596899887547
-0.761310472619
-0.253583560864
0.712405989412
-0.654349359218
-0.380948243816
0.721942414530
-0.577648323495
-0.485336088300
0.505113424268
-0.713659099303
-0.379158023285
0.616096186917
-0.690409068484
-0.502284423991
0.619670473039
-0.603091089521
0.874642750186
0.221657061167
-0.431124351877
0.902098462674
0.069257752253
-0.425936294996
0.846637835212
0.433860862935
-0.308170614435
0.904781354564
0.293387656863
-0.308697883428
0.941804549231
0.141661654549
-0.304854336820
0.981884861739
0.051155487784
-0.182442413811
0.990607325379
0.125725544692
-0.053760713522
0.915451993239
0.360621221159
-0.178605663191
0.960803092376
0.212045326164
-0.178589465905
0.958083911384
0.282886794317
-0.045280021501
0.124607031531
-0.685204628072
-0.717612503627
-0.009764909503
-0.632820309354
-0.774237110071
0.243460639365
-0.806644871207
-0.538563802009
0.112111727302
-0.783284428361
-0.611470739193
-0.023999756701
-0.738561542096
-0.673758755205
-0.170812242919
-0.763561477196
-0.622733529057
-0.177520039251
-0.847667959222
-0.499945663621
0.098161304600
-0.865734645427
-0.490782927562
-0.036061478395
-0.828141513082
-0.559357849759
-0.044563975818
-0.902557267356
-0.428257435664
0.729997069743
0.157030246560
-0.665165979160
0.826805664451
0.127861352603
-0.547762601628
0.563243922327
0.308074033202
-0.766711597688
0.680682555712
0.293310615371
-0.671297356810
0.785310229320
0.268045794026
-0.558067465483
0.825161602137
0.359151332683
-0.436025974675
0.755168362746
0.490661661757
-0.434708957338
0.615497794703
0.424669065677
-0.663941751491
0.726470546879
0.401445242618
-0.557747489189
0.647655065338
0.529826475720
-0.547564445492
-0.951654130910
0.020038648912
-0.306517320346
-0.896063416704
0.085057707726
-0.435701204498
-0.997104785262
0.039933273520
-0.064709975070
-0.974070212574
0.111987071551
-0.196586156127
-0.926971883868
0.180494076612
-0.328854093521
-0.876317089921
0.327535502521
-0.353254656730
-0.880893907437
0.412959001884
-0.231280752772
-0.976119015862
0.201792893936
-0.080444358591
-0.938515873043
0.270394023892
-0.214650944300
-0.930541859655
0.354992821864
-0.089843997319
0.020038648912
-0.306517320346
-0.951654130910
0.085057707726
-0.435701204498
-0.896063416704
0.039933273520
-0.064709975070
-0.997104785262
0.111987071551
-0.196586156127
-0.974070212574
0.180494076612
-0.328854093521
-0.926971883868
0.327535502521
-0.353254656730
-0.876317089921
0.412959001884
-0.231280752772
-0.880893907437
0.201792893936
-0.080444358591
-0.976119015862
0.270394023892
-0.214650944300
-0.938515873043
0.354992821864
-0.089843997319
-0.930541859655
0.463547566906
-0.854604101274
-0.234041627283
0.563562557101
-0.817040754948
-0.121826306633
0.372784008272
-0.806704561692
-0.458540983253
0.489896771498
-0.792794283014
-0.362599473381
0.596899887547
-0.761310472619
-0.253213128663
0.712405989412
-0.654349359218
-0.253583560864
0.721942414530
-0.577648323495
-0.380948243816
0.505113424268
-0.713659099303
-0.485336088300
0.616096186917
-0.690409068484
-0.379158023285
0.619670473039
-0.603091089521
-0.502284423991
-0.463547566906
-0.854604101274
0.234041627283
-0.563562557101
-0.817040754948
0.121826306633
-0.372784008272
-0.806704561692
0.458540983253
-0.489896771498
-0.792794283014
0.362599473381
-0.596899887547
-0.761310472619
0.253213128663
-0.712405989412
-0.654349359218
0.253583560864
-0.721942414530
-0.577648323495
0.380948243816
-0.505113424268
-0.713659099303
0.485336088300
-0.616096186917
-0.690409068484
0.379158023285
-0.619670473039
-0.603091089521
0.502284423991
-0.306517320346
-0.951654130910
0.020038648912
-0.435701204498
-0.896063416704
0.085057707726
-0.064709975070
-0.997104785262
0.039933273520
-0.196586156127
-0.974070212574
0.111987071551
-0.328854093521
-0.926971883868
0.180494076612
-0.353254656730
-0.876317089921
0.327535502521
-0.231280752772
-0.880893907437
0.412959001884
-0.080444358591
-0.976119015862
0.201792893936
-0.214650944300
-0.938515873043
0.270394023892
-0.089843997319
-0.930541859655
0.354992821864
0.306517320346
0.951654130910
0.020038648912
0.435701204498
0.896063416704
0.085057707726
0.064709975070
0.997104785262
0.039933273520
0.196586156127
0.974070212574
0.111987071551
0.328854093521
0.926971883868
0.180494076612
0.353254656730
0.876317089921
0.327535502521
0.231280752772
0.880893907437
0.412959001884
0.080444358591
0.976119015862
0.201792893936
0.214650944300
0.938515873043
0.270394023892
0.089843997319
0.930541859655
0.354992821864
-0.221657061167
-0.431124351877
-0.874642750186
-0.069257752253
-0.425936294996
-0.902098462674
-0.433860862935
-0.308170614435
-0.846637835212
-0.293387656863
-0.308697883428
-0.904781354564
-0.141661654549
-0.304854336820
-0.941804549231
-0.051155487784
-0.182442413811
-0.981884861739
-0.125725544692
-0.053760713522
-0.990607325379
-0.360621221159
-0.178605663191
-0.915451993239
-0.212045326164
-0.178589465905
-0.960803092376
-0.282886794317
-0.045280021501
-0.958083911384
0.685204628072
-0.717612503627
-0.124607031531
0.632820309354
-0.774237110071
0.009764909503
0.806644871207
-0.538563802009
-0.243460639365
0.783284428361
-0.611470739193
-0.112111727302
0.738561542096
-0.673758755205
0.023999756701
0.763561477196
-0.622733529057
0.170812242919
0.847667959222
-0.499945663621
0.177520039251
0.865734645427
-0.490782927562
-0.098161304600
0.828141513082
-0.559357849759
0.036061478395
0.902557267356
-0.428257435664
0.044563975818
