0.586715710349
0.807509198319
0.060774746887
0.645772903226
0.751867473125
0.132938558419
0.696366851684
0.688599011861
0.202248878218
0.739221084863
0.617123133037
0.269650192591
0.773601887748
0.538124641869
0.334607216130
0.396267010830
0.798569429666
0.453055539786
0.453844686039
0.813524784520
0.363596515283
0.506518058944
0.818550345488
0.270951633811
0.553338964004
0.814491795842
0.174410737690
0.607269860804
0.755427039694
0.246075809169
0.654200053774
0.688014427666
0.314099406186
0.693226295523
0.612560377922
0.379746081738
0.442760107573
0.723295421805
0.529912464410
0.502546648961
0.743464717176
0.441256252005
0.557994365226
0.753749060910
0.347137784680
0.602341214661
0.680852141697
0.416683839701
0.638311760966
0.600013685878
0.482225748557
0.544350125361
0.664630469400
0.511809808585
0.525731112119
0.850650808352
0.000000000000
0.000000000000
0.525731112119
-0.850650808352
-0.525731112119
0.850650808352
0.000000000000
0.000000000000
0.525731112119
0.850650808352
0.850650808352
-0.000000000000
0.525731112119
-0.850650808352
-0.000000000000
0.525731112119
-0.000000000000
-0.525731112119
0.850650808352
-0.850650808352
-0.000000000000
-0.525731112119
-0.525731112119
-0.850650808352
0.000000000000
0.850650808352
-0.000000000000
-0.525731112119
0.525731112119
-0.850650808352
0.000000000000
0.000000000000
-0.525731112119
-0.850650808352
0.577350269190
0.577350269190
0.577350269190
0.356822089773
0.000000000000
-0.934172358963
-0.577350269190
0.577350269190
-0.577350269190
-0.356822089773
0.000000000000
0.934172358963
0.934172358963
0.356822089773
-0.000000000000
0.000000000000
0.934172358963
-0.356822089773
-0.577350269190
0.577350269190
0.577350269190
0.577350269190
-0.577350269190
0.577350269190
-0.934172358963
-0.356822089773
-0.000000000000
0.577350269190
0.577350269190
-0.577350269190
-0.000000000000
0.934172358963
0.356822089773
-0.577350269190
-0.577350269190
0.577350269190
0.934172358963
-0.356822089773
0.000000000000
0.356822089773
-0.000000000000
0.934172358963
-0.356822089773
-0.000000000000
-0.934172358963
-0.000000000000
-0.934172358963
-0.356822089773
0.577350269190
-0.577350269190
-0.577350269190
0.000000000000
-0.934172358963
0.356822089773
-0.934172358963
0.356822089773
0.000000000000
-0.577350269190
-0.577350269190
-0.577350269190
0.005344013280
0.441596165746
-0.897198009316
0.017002928069
0.342249482463
-0.939455263539
0.028228150705
0.240774672306
-0.970170463725
0.039242581642
0.136006128131
-0.989930478820
0.050191639846
0.028992242104
-0.998318711228
0.415167650622
0.297075229238
-0.859873322094
0.318626400702
0.336111397588
-0.886287958390
0.218891414442
0.370222635174
-0.902785549889
0.116123575485
0.400741192243
-0.908802405398
0.128884374396
0.300458701378
-0.945046764347
0.139619881164
0.197406726927
-0.970328229491
0.149899452770
0.091480008686
-0.984460035791
0.430838712744
0.183381658317
-0.883600119394
0.335453714591
0.225552009916
-0.914656818807
0.234764453898
0.263797165810
-0.935572929545
0.246328582710
0.156345361696
-0.956492737670
0.256387371019
0.047059212607
-0.965427856699
0.347269880377
0.113579000805
-0.930861665748
-0.586715710349
0.807509198319
-0.060774746887
-0.645772903226
0.751867473125
-0.132938558419
-0.696366851684
0.688599011861
-0.202248878218
-0.739221084863
0.617123133037
-0.269650192591
-0.773601887748
0.538124641869
-0.334607216130
-0.396267010830
0.798569429666
-0.453055539786
-0.453844686039
0.813524784520
-0.363596515283
-0.506518058944
0.818550345488
-0.270951633811
-0.553338964004
0.814491795842
-0.174410737690
-0.607269860804
0.755427039694
-0.246075809169
-0.654200053774
0.688014427666
-0.314099406186
-0.693226295523
0.612560377922
-0.379746081738
-0.442760107573
0.723295421805
-0.529912464410
-0.502546648961
0.743464717176
-0.441256252005
-0.557994365226
0.753749060910
-0.347137784680
-0.602341214661
0.680852141697
-0.416683839701
-0.638311760966
0.600013685878
-0.482225748557
-0.544350125361
0.664630469400
-0.511809808585
-0.005344013280
0.441596165746
0.897198009316
-0.017002928069
0.342249482463
0.939455263539
-0.028228150705
0.240774672306
0.970170463725
-0.039242581642
0.136006128131
0.989930478820
-0.050191639846
0.028992242104
0.998318711228
-0.415167650622
0.297075229238
0.859873322094
-0.318626400702
0.336111397588
0.886287958390
-0.218891414442
0.370222635174
0.902785549889
-0.116123575485
0.400741192243
0.908802405398
-0.128884374396
0.300458701378
0.945046764347
-0.139619881164
0.197406726927
0.970328229491
-0.149899452770
0.091480008686
0.984460035791
-0.430838712744
0.183381658317
0.883600119394
-0.335453714591
0.225552009916
0.914656818807
-0.234764453898
0.263797165810
0.935572929545
-0.246328582710
0.156345361696
0.956492737670
-0.256387371019
0.047059212607
0.965427856699
-0.347269880377
0.113579000805
0.930861665748
0.592059723630
0.804206416476
-0.052127951763
0.662775831296
0.741359085670
-0.105427242895
0.724595002388
0.671153055286
-0.156574770938
0.778463666504
0.592869883776
-0.206154361689
0.823793527593
0.507104502494
-0.253395436909
0.811434661453
0.541981710552
0.218699829951
0.772471086740
0.616602839174
0.151951830766
0.725409473386
0.683268011517
0.083222114601
0.669462539489
0.742723479297
0.013481154339
0.736154235200
0.675772115699
-0.037536510777
0.793819934938
0.601724595601
-0.088189692957
0.843125748293
0.519917421215
-0.137203672261
0.873598820317
0.457022453660
0.167199216479
0.838000363552
0.536142919906
0.101519259856
0.792758819124
0.608656649051
0.032719081077
0.848669797371
0.528612705182
-0.018115820475
0.894699131985
0.441557576302
-0.067382267962
0.891620005738
0.450005880059
0.050084661133
-0.493724117509
0.864981163362
-0.089688810997
-0.447676725358
0.874297644090
-0.187587790413
-0.397349443245
0.873401933504
-0.281571451864
-0.342160489819
0.862520076367
-0.372807345783
-0.282387679014
0.841711718624
-0.460194069359
-0.078375399288
0.995037250338
-0.061303892429
-0.184159566822
0.980199354456
-0.072763173870
-0.287000520573
0.954219645328
-0.084235204401
-0.387260037903
0.917134216987
-0.094310609556
-0.337995212156
0.921847924867
-0.189619724653
-0.285596419883
0.915824001787
-0.282313801826
-0.228683680947
0.899663502953
-0.371899657869
-0.016182441839
0.986934918071
-0.160304697589
-0.124032750060
0.977399171911
-0.171192101631
-0.231078084733
0.955794433731
-0.181823868634
-0.174461182172
0.945296544882
-0.275640595973
-0.114441480569
0.923783324860
-0.365414170821
-0.063494339672
0.961815688644
-0.266231196348
-0.092991592840
0.502370912633
0.859637150082
-0.198096177869
0.475188040882
0.857294716020
-0.299017408439
0.443023550525
0.845173782799
-0.397060595044
0.405656320722
0.823277494726
-0.491214208734
0.363599458235
0.791520078778
-0.317891611543
0.750130769024
0.579869599715
-0.269685119216
0.699707912871
0.661572953754
-0.219517538372
0.641174268985
0.735328230887
-0.166078926101
0.575151929933
0.801010641502
-0.269274648648
0.546534510547
0.792963550471
-0.368603633890
0.511506133112
0.776204120622
-0.464542614576
0.471226090424
0.749764050183
-0.426577665734
0.713294122728
0.556096205327
-0.378513898901
0.666808261921
0.641945457320
-0.326916280494
0.610934950490
0.721029979833
-0.427880032489
0.573029201397
0.698967962172
-0.523870280397
0.529284961164
0.667395953841
-0.480855785689
0.625388809390
0.614545808267
0.859637150082
-0.092991592840
0.502370912633
0.857294716020
-0.198096177869
0.475188040882
0.845173782799
-0.299017408439
0.443023550525
0.823277494726
-0.397060595044
0.405656320722
0.791520078778
-0.491214208734
0.363599458235
0.579869599715
-0.317891611543
0.750130769024
0.661572953754
-0.269685119216
0.699707912871
0.735328230887
-0.219517538372
0.641174268985
0.801010641502
-0.166078926101
0.575151929933
0.792963550471
-0.269274648648
0.546534510547
0.776204120622
-0.368603633890
0.511506133112
0.749764050183
-0.464542614576
0.471226090424
0.556096205327
-0.426577665734
0.713294122728
0.641945457320
-0.378513898901
0.666808261921
0.721029979833
-0.326916280494
0.610934950490
0.698967962172
-0.427880032489
0.573029201397
0.667395953841
-0.523870280397
0.529284961164
0.614545808267
-0.480855785689
0.625388809390
-0.864981163362
-0.089688810997
0.493724117509
-0.874297644090
-0.187587790413
0.447676725358
-0.873401933504
-0.281571451864
0.397349443245
-0.862520076367
-0.372807345783
0.342160489819
-0.841711718624
-0.460194069359
0.282387679014
-0.995037250338
-0.061303892429
0.078375399288
-0.980199354456
-0.072763173870
0.184159566822
-0.954219645328
-0.084235204401
0.287000520573
-0.917134216987
-0.094310609556
0.387260037903
-0.921847924867
-0.189619724653
0.337995212156
-0.915824001787
-0.282313801826
0.285596419883
-0.899663502953
-0.371899657869
0.228683680947
-0.986934918071
-0.160304697589
0.016182441839
-0.977399171911
-0.171192101631
0.124032750060
-0.955794433731
-0.181823868634
0.231078084733
-0.945296544882
-0.275640595973
0.174461182172
-0.923783324860
-0.365414170821
0.114441480569
-0.961815688644
-0.266231196348
0.063494339672
0.502370912633
0.859637150082
-0.092991592840
0.475188040882
0.857294716020
-0.198096177869
0.443023550525
0.845173782799
-0.299017408439
0.405656320722
0.823277494726
-0.397060595044
0.363599458235
0.791520078778
-0.491214208734
0.750130769024
0.579869599715
-0.317891611543
0.699707912871
0.661572953754
-0.269685119216
0.641174268985
0.735328230887
-0.219517538372
0.575151929933
0.801010641502
-0.166078926101
0.546534510547
0.792963550471
-0.269274648648
0.511506133112
0.776204120622
-0.368603633890
0.471226090424
0.749764050183
-0.464542614576
0.713294122728
0.556096205327
-0.426577665734
0.666808261921
0.641945457320
-0.378513898901
0.610934950490
0.721029979833
-0.326916280494
0.573029201397
0.698967962172
-0.427880032489
0.529284961164
0.667395953841
-0.523870280397
0.625388809390
0.614545808267
-0.480855785689
-0.052127951763
0.592059723630
0.804206416476
-0.105427242895
0.662775831296
0.741359085670
-0.156574770938
0.724595002388
0.671153055286
-0.206154361689
0.778463666504
0.592869883776
-0.253395436909
0.823793527593
0.507104502494
0.218699829951
0.811434661453
0.541981710552
0.151951830766
0.772471086740
0.616602839174
0.083222114601
0.725409473386
0.683268011517
0.013481154339
0.669462539489
0.742723479297
-0.037536510777
0.736154235200
0.675772115699
-0.088189692957
0.793819934938
0.601724595601
-0.137203672261
0.843125748293
0.519917421215
0.167199216479
0.873598820317
0.457022453660
0.101519259856
0.838000363552
0.536142919906
0.032719081077
0.792758819124
0.608656649051
-0.018115820475
0.848669797371
0.528612705182
-0.067382267962
0.894699131985
0.441557576302
0.050084661133
0.891620005738
0.450005880059
-0.060774746887
-0.586715710349
0.807509198319
-0.132938558419
-0.645772903226
0.751867473125
-0.202248878218
-0.696366851684
0.688599011861
-0.269650192591
-0.739221084863
0.617123133037
-0.334607216130
-0.773601887748
0.538124641869
-0.453055539786
-0.396267010830
0.798569429666
-0.363596515283
-0.453844686039
0.813524784520
-0.270951633811
-0.506518058944
0.818550345488
-0.174410737690
-0.553338964004
0.814491795842
-0.246075809169
-0.607269860804
0.755427039694
-0.314099406186
-0.654200053774
0.688014427666
-0.379746081738
-0.693226295523
0.612560377922
-0.529912464410
-0.442760107573
0.723295421805
-0.441256252005
-0.502546648961
0.743464717176
-0.347137784680
-0.557994365226
0.753749060910
-0.416683839701
-0.602341214661
0.680852141697
-0.482225748557
-0.638311760966
0.600013685878
-0.511809808585
-0.544350125361
0.664630469400
0.897198009316
-0.005344013280
0.441596165746
0.939455263539
-0.017002928069
0.342249482463
0.970170463725
-0.028228150705
0.240774672306
0.989930478820
-0.039242581642
0.136006128131
0.998318711228
-0.050191639846
0.028992242104
0.859873322094
-0.415167650622
0.297075229238
0.886287958390
-0.318626400702
0.336111397588
0.902785549889
-0.218891414442
0.370222635174
0.908802405398
-0.116123575485
0.400741192243
0.945046764347
-0.128884374396
0.300458701378
0.970328229491
-0.139619881164
0.197406726927
0.984460035791
-0.149899452770
0.091480008686
0.883600119394
-0.430838712744
0.183381658317
0.914656818807
-0.335453714591
0.225552009916
0.935572929545
-0.234764453898
0.263797165810
0.956492737670
-0.246328582710
0.156345361696
0.965427856699
-0.256387371019
0.047059212607
0.930861665748
-0.347269880377
0.113579000805
0.060774746887
0.586715710349
0.807509198319
0.132938558419
0.645772903226
0.751867473125
0.202248878218
0.696366851684
0.688599011861
0.269650192591
0.739221084863
0.617123133037
0.334607216130
0.773601887748
0.538124641869
0.453055539786
0.396267010830
0.798569429666
0.363596515283
0.453844686039
0.813524784520
0.270951633811
0.506518058944
0.818550345488
0.174410737690
0.553338964004
0.814491795842
0.246075809169
0.607269860804
0.755427039694
0.314099406186
0.654200053774
0.688014427666
0.379746081738
0.693226295523
0.612560377922
0.529912464410
0.442760107573
0.723295421805
0.441256252005
0.502546648961
0.743464717176
0.347137784680
0.557994365226
0.753749060910
0.416683839701
0.602341214661
0.680852141697
0.482225748557
0.638311760966
0.600013685878
0.511809808585
0.544350125361
0.664630469400
-0.089688810997
-0.493724117509
0.864981163362
-0.187587790413
-0.447676725358
0.874297644090
-0.281571451864
-0.397349443245
0.873401933504
-0.372807345783
-0.342160489819
0.862520076367
-0.460194069359
-0.282387679014
0.841711718624
-0.061303892429
-0.078375399288
0.995037250338
-0.072763173870
-0.184159566822
0.980199354456
-0.084235204401
-0.287000520573
0.954219645328
-0.094310609556
-0.387260037903
0.917134216987
-0.189619724653
-0.337995212156
0.921847924867
-0.282313801826
-0.285596419883
0.915824001787
-0.371899657869
-0.228683680947
0.899663502953
-0.160304697589
-0.016182441839
0.986934918071
-0.171192101631
-0.124032750060
0.977399171911
-0.181823868634
-0.231078084733
0.955794433731
-0.275640595973
-0.174461182172
0.945296544882
-0.365414170821
-0.114441480569
0.923783324860
-0.266231196348
-0.063494339672
0.961815688644
0.089688810997
0.493724117509
0.864981163362
0.187587790413
0.447676725358
0.874297644090
0.281571451864
0.397349443245
0.873401933504
0.372807345783
0.342160489819
0.862520076367
0.460194069359
0.282387679014
0.841711718624
0.061303892429
0.078375399288
0.995037250338
0.072763173870
0.184159566822
0.980199354456
0.084235204401
0.287000520573
0.954219645328
0.094310609556
0.387260037903
0.917134216987
0.189619724653
0.337995212156
0.921847924867
0.282313801826
0.285596419883
0.915824001787
0.371899657869
0.228683680947
0.899663502953
0.160304697589
0.016182441839
0.986934918071
0.171192101631
0.124032750060
0.977399171911
0.181823868634
0.231078084733
0.955794433731
0.275640595973
0.174461182172
0.945296544882
0.365414170821
0.114441480569
0.923783324860
0.266231196348
0.063494339672
0.961815688644
-0.441596165746
0.897198009316
0.005344013280
-0.342249482463
0.939455263539
0.017002928069
-0.240774672306
0.970170463725
0.028228150705
-0.136006128131
0.989930478820
0.039242581642
-0.028992242104
0.998318711228
0.050191639846
-0.297075229238
0.859873322094
0.415167650622
-0.336111397588
0.886287958390
0.318626400702
-0.370222635174
0.902785549889
0.218891414442
-0.400741192243
0.908802405398
0.116123575485
-0.300458701378
0.945046764347
0.128884374396
-0.197406726927
0.970328229491
0.139619881164
-0.091480008686
0.984460035791
0.149899452770
-0.183381658317
0.883600119394
0.430838712744
-0.225552009916
0.914656818807
0.335453714591
-0.263797165810
0.935572929545
0.234764453898
-0.156345361696
0.956492737670
0.246328582710
-0.047059212607
0.965427856699
0.256387371019
-0.113579000805
0.930861665748
0.347269880377
-0.804206416476
-0.052127951763
-0.592059723630
-0.741359085670
-0.105427242895
-0.662775831296
-0.671153055286
-0.156574770938
-0.724595002388
-0.592869883776
-0.206154361689
-0.778463666504
-0.507104502494
-0.253395436909
-0.823793527593
-0.541981710552
0.218699829951
-0.811434661453
-0.616602839174
0.151951830766
-0.772471086740
-0.683268011517
0.083222114601
-0.725409473386
-0.742723479297
0.013481154339
-0.669462539489
-0.675772115699
-0.037536510777
-0.736154235200
-0.601724595601
-0.088189692957
-0.793819934938
-0.519917421215
-0.137203672261
-0.843125748293
-0.457022453660
0.167199216479
-0.873598820317
-0.536142919906
0.101519259856
-0.838000363552
-0.608656649051
0.032719081077
-0.792758819124
-0.528612705182
-0.018115820475
-0.848669797371
-0.441557576302
-0.067382267962
-0.894699131985
-0.450005880059
0.050084661133
-0.891620005738
-0.807509198319
-0.060774746887
0.586715710349
-0.751867473125
-0.132938558419
0.645772903226
-0.688599011861
-0.202248878218
0.696366851684
-0.617123133037
-0.269650192591
0.739221084863
-0.538124641869
-0.334607216130
0.773601887748
-0.798569429666
-0.453055539786
0.396267010830
-0.813524784520
-0.363596515283
0.453844686039
-0.818550345488
-0.270951633811
0.506518058944
-0.814491795842
-0.174410737690
0.553338964004
-0.755427039694
-0.246075809169
0.607269860804
-0.688014427666
-0.314099406186
0.654200053774
-0.612560377922
-0.379746081738
0.693226295523
-0.723295421805
-0.529912464410
0.442760107573
-0.743464717176
-0.441256252005
0.502546648961
-0.753749060910
-0.347137784680
0.557994365226
-0.680852141697
-0.416683839701
0.602341214661
-0.600013685878
-0.482225748557
0.638311760966
-0.664630469400
-0.511809808585
0.544350125361
-0.502370912633
0.859637150082
0.092991592840
-0.475188040882
0.857294716020
0.198096177869
-0.443023550525
0.845173782799
0.299017408439
-0.405656320722
0.823277494726
0.397060595044
-0.363599458235
0.791520078778
0.491214208734
-0.750130769024
0.579869599715
0.317891611543
-0.699707912871
0.661572953754
0.269685119216
-0.641174268985
0.735328230887
0.219517538372
-0.575151929933
0.801010641502
0.166078926101
-0.546534510547
0.792963550471
0.269274648648
-0.511506133112
0.776204120622
0.368603633890
-0.471226090424
0.749764050183
0.464542614576
-0.713294122728
0.556096205327
0.426577665734
-0.666808261921
0.641945457320
0.378513898901
-0.610934950490
0.721029979833
0.326916280494
-0.573029201397
0.698967962172
0.427880032489
-0.529284961164
0.667395953841
0.523870280397
-0.625388809390
0.614545808267
0.480855785689
-0.807509198319
0.060774746887
-0.586715710349
-0.751867473125
0.132938558419
-0.645772903226
-0.688599011861
0.202248878218
-0.696366851684
-0.617123133037
0.269650192591
-0.739221084863
-0.538124641869
0.334607216130
-0.773601887748
-0.798569429666
0.453055539786
-0.396267010830
-0.813524784520
0.363596515283
-0.453844686039
-0.818550345488
0.270951633811
-0.506518058944
-0.814491795842
0.174410737690
-0.553338964004
-0.755427039694
0.246075809169
-0.607269860804
-0.688014427666
0.314099406186
-0.654200053774
-0.612560377922
0.379746081738
-0.693226295523
-0.723295421805
0.529912464410
-0.442760107573
-0.743464717176
0.441256252005
-0.502546648961
-0.753749060910
0.347137784680
-0.557994365226
-0.680852141697
0.416683839701
-0.602341214661
-0.600013685878
0.482225748557
-0.638311760966
-0.664630469400
0.511809808585
-0.544350125361
-0.441596165746
-0.897198009316
-0.005344013280
-0.342249482463
-0.939455263539
-0.017002928069
-0.240774672306
-0.970170463725
-0.028228150705
-0.136006128131
-0.989930478820
-0.039242581642
-0.028992242104
-0.998318711228
-0.050191639846
-0.297075229238
-0.859873322094
-0.415167650622
-0.336111397588
-0.886287958390
-0.318626400702
-0.370222635174
-0.902785549889
-0.218891414442
-0.400741192243
-0.908802405398
-0.116123575485
-0.300458701378
-0.945046764347
-0.128884374396
-0.197406726927
-0.970328229491
-0.139619881164
-0.091480008686
-0.984460035791
-0.149899452770
-0.183381658317
-0.883600119394
-0.430838712744
-0.225552009916
-0.914656818807
-0.335453714591
-0.263797165810
-0.935572929545
-0.234764453898
-0.156345361696
-0.956492737670
-0.246328582710
-0.047059212607
-0.965427856699
-0.256387371019
-0.113579000805
-0.930861665748
-0.347269880377
0.804206416476
-0.052127951763
0.592059723630
0.741359085670
-0.105427242895
0.662775831296
0.671153055286
-0.156574770938
0.724595002388
0.592869883776
-0.206154361689
0.778463666504
0.507104502494
-0.253395436909
0.823793527593
0.541981710552
0.218699829951
0.811434661453
0.616602839174
0.151951830766
0.772471086740
0.683268011517
0.083222114601
0.725409473386
0.742723479297
0.013481154339
0.669462539489
0.675772115699
-0.037536510777
0.736154235200
0.601724595601
-0.088189692957
0.793819934938
0.519917421215
-0.137203672261
0.843125748293
0.457022453660
0.167199216479
0.873598820317
0.536142919906
0.101519259856
0.838000363552
0.608656649051
0.032719081077
0.792758819124
0.528612705182
-0.018115820475
0.848669797371
0.441557576302
-0.067382267962
0.894699131985
0.450005880059
0.050084661133
0.891620005738
0.807509198319
-0.060774746887
-0.586715710349
0.751867473125
-0.132938558419
-0.645772903226
0.688599011861
-0.202248878218
-0.696366851684
0.617123133037
-0.269650192591
-0.739221084863
0.538124641869
-0.334607216130
-0.773601887748
0.798569429666
-0.453055539786
-0.396267010830
0.813524784520
-0.363596515283
-0.453844686039
0.818550345488
-0.270951633811
-0.506518058944
0.814491795842
-0.174410737690
-0.553338964004
0.755427039694
-0.246075809169
-0.607269860804
0.688014427666
-0.314099406186
-0.654200053774
0.612560377922
-0.379746081738
-0.693226295523
0.723295421805
-0.529912464410
-0.442760107573
0.743464717176
-0.441256252005
-0.502546648961
0.753749060910
-0.347137784680
-0.557994365226
0.680852141697
-0.416683839701
-0.602341214661
0.600013685878
-0.482225748557
-0.638311760966
0.664630469400
-0.511809808585
-0.544350125361
0.441596165746
0.897198009316
-0.005344013280
0.342249482463
0.939455263539
-0.017002928069
0.240774672306
0.970170463725
-0.028228150705
0.136006128131
0.989930478820
-0.039242581642
0.028992242104
0.998318711228
-0.050191639846
0.297075229238
0.859873322094
-0.415167650622
0.336111397588
0.886287958390
-0.318626400702
0.370222635174
0.902785549889
-0.218891414442
0.400741192243
0.908802405398
-0.116123575485
0.300458701378
0.945046764347
-0.128884374396
0.197406726927
0.970328229491
-0.139619881164
0.091480008686
0.984460035791
-0.149899452770
0.183381658317
0.883600119394
-0.430838712744
0.225552009916
0.914656818807
-0.335453714591
0.263797165810
0.935572929545
-0.234764453898
0.156345361696
0.956492737670
-0.246328582710
0.047059212607
0.965427856699
-0.256387371019
0.113579000805
0.930861665748
-0.347269880377
0.807509198319
0.060774746887
0.586715710349
0.751867473125
0.132938558419
0.645772903226
0.688599011861
0.202248878218
0.696366851684
0.617123133037
0.269650192591
0.739221084863
0.538124641869
0.334607216130
0.773601887748
0.798569429666
0.453055539786
0.396267010830
0.813524784520
0.363596515283
0.453844686039
0.818550345488
0.270951633811
0.506518058944
0.814491795842
0.174410737690
0.553338964004
0.755427039694
0.246075809169
0.607269860804
0.688014427666
0.314099406186
0.654200053774
0.612560377922
0.379746081738
0.693226295523
0.723295421805
0.529912464410
0.442760107573
0.743464717176
0.441256252005
0.502546648961
0.753749060910
0.347137784680
0.557994365226
0.680852141697
0.416683839701
0.602341214661
0.600013685878
0.482225748557
0.638311760966
0.664630469400
0.511809808585
0.544350125361
0.864981163362
-0.089688810997
-0.493724117509
0.874297644090
-0.187587790413
-0.447676725358
0.873401933504
-0.281571451864
-0.397349443245
0.862520076367
-0.372807345783
-0.342160489819
0.841711718624
-0.460194069359
-0.282387679014
0.995037250338
-0.061303892429
-0.078375399288
0.980199354456
-0.072763173870
-0.184159566822
0.954219645328
-0.084235204401
-0.287000520573
0.917134216987
-0.094310609556
-0.387260037903
0.921847924867
-0.189619724653
-0.337995212156
0.915824001787
-0.282313801826
-0.285596419883
0.899663502953
-0.371899657869
-0.228683680947
0.986934918071
-0.160304697589
-0.016182441839
0.977399171911
-0.171192101631
-0.124032750060
0.955794433731
-0.181823868634
-0.231078084733
0.945296544882
-0.275640595973
-0.174461182172
0.923783324860
-0.365414170821
-0.114441480569
0.961815688644
-0.266231196348
-0.063494339672
-0.089688810997
0.493724117509
-0.864981163362
-0.187587790413
0.447676725358
-0.874297644090
-0.281571451864
0.397349443245
-0.873401933504
-0.372807345783
0.342160489819
-0.862520076367
-0.460194069359
0.282387679014
-0.841711718624
-0.061303892429
0.078375399288
-0.995037250338
-0.072763173870
0.184159566822
-0.980199354456
-0.084235204401
0.287000520573
-0.954219645328
-0.094310609556
0.387260037903
-0.917134216987
-0.189619724653
0.337995212156
-0.921847924867
-0.282313801826
0.285596419883
-0.915824001787
-0.371899657869
0.228683680947
-0.899663502953
-0.160304697589
0.016182441839
-0.986934918071
-0.171192101631
0.124032750060
-0.977399171911
-0.181823868634
0.231078084733
-0.955794433731
-0.275640595973
0.174461182172
-0.945296544882
-0.365414170821
0.114441480569
-0.923783324860
-0.266231196348
0.063494339672
-0.961815688644
0.441596165746
-0.897198009316
0.005344013280
0.342249482463
-0.939455263539
0.017002928069
0.240774672306
-0.970170463725
0.028228150705
0.136006128131
-0.989930478820
0.039242581642
0.028992242104
-0.998318711228
0.050191639846
0.297075229238
-0.859873322094
0.415167650622
0.336111397588
-0.886287958390
0.318626400702
0.370222635174
-0.902785549889
0.218891414442
0.400741192243
-0.908802405398
0.116123575485
0.300458701378
-0.945046764347
0.128884374396
0.197406726927
-0.970328229491
0.139619881164
0.091480008686
-0.984460035791
0.149899452770
0.183381658317
-0.883600119394
0.430838712744
0.225552009916
-0.914656818807
0.335453714591
0.263797165810
-0.935572929545
0.234764453898
0.156345361696
-0.956492737670
0.246328582710
0.047059212607
-0.965427856699
0.256387371019
0.113579000805
-0.930861665748
0.347269880377
-0.897198009316
0.005344013280
0.441596165746
-0.939455263539
0.017002928069
0.342249482463
-0.970170463725
0.028228150705
0.240774672306
-0.989930478820
0.039242581642
0.136006128131
-0.998318711228
0.050191639846
0.028992242104
-0.859873322094
0.415167650622
0.297075229238
-0.886287958390
0.318626400702
0.336111397588
-0.902785549889
0.218891414442
0.370222635174
-0.908802405398
0.116123575485
0.400741192243
-0.945046764347
0.128884374396
0.300458701378
-0.970328229491
0.139619881164
0.197406726927
-0.984460035791
0.149899452770
0.091480008686
-0.883600119394
0.430838712744
0.183381658317
-0.914656818807
0.335453714591
0.225552009916
-0.935572929545
0.234764453898
0.263797165810
-0.956492737670
0.246328582710
0.156345361696
-0.965427856699
0.256387371019
0.047059212607
-0.930861665748
0.347269880377
0.113579000805
0.052127951763
-0.592059723630
0.804206416476
0.105427242895
-0.662775831296
0.741359085670
0.156574770938
-0.724595002388
0.671153055286
0.206154361689
-0.778463666504
0.592869883776
0.253395436909
-0.823793527593
0.507104502494
-0.218699829951
-0.811434661453
0.541981710552
-0.151951830766
-0.772471086740
0.616602839174
-0.083222114601
-0.725409473386
0.683268011517
-0.013481154339
-0.669462539489
0.742723479297
0.037536510777
-0.736154235200
0.675772115699
0.088189692957
-0.793819934938
0.601724595601
0.137203672261
-0.843125748293
0.519917421215
-0.167199216479
-0.873598820317
0.457022453660
-0.101519259856
-0.838000363552
0.536142919906
-0.032719081077
-0.792758819124
0.608656649051
0.018115820475
-0.848669797371
0.528612705182
0.067382267962
-0.894699131985
0.441557576302
-0.050084661133
-0.891620005738
0.450005880059
-0.859637150082
0.092991592840
0.502370912633
-0.857294716020
0.198096177869
0.475188040882
-0.845173782799
0.299017408439
0.443023550525
-0.823277494726
0.397060595044
0.405656320722
-0.791520078778
0.491214208734
0.363599458235
-0.579869599715
0.317891611543
0.750130769024
-0.661572953754
0.269685119216
0.699707912871
-0.735328230887
0.219517538372
0.641174268985
-0.801010641502
0.166078926101
0.575151929933
-0.792963550471
0.269274648648
0.546534510547
-0.776204120622
0.368603633890
0.511506133112
-0.749764050183
0.464542614576
0.471226090424
-0.556096205327
0.426577665734
0.713294122728
-0.641945457320
0.378513898901
0.666808261921
-0.721029979833
0.326916280494
0.610934950490
-0.698967962172
0.427880032489
0.573029201397
-0.667395953841
0.523870280397
0.529284961164
-0.614545808267
0.480855785689
0.625388809390
-0.502370912633
-0.859637150082
-0.092991592840
-0.475188040882
-0.857294716020
-0.198096177869
-0.443023550525
-0.845173782799
-0.299017408439
-0.405656320722
-0.823277494726
-0.397060595044
-0.363599458235
-0.791520078778
-0.491214208734
-0.750130769024
-0.579869599715
-0.317891611543
-0.699707912871
-0.661572953754
-0.269685119216
-0.641174268985
-0.735328230887
-0.219517538372
-0.575151929933
-0.801010641502
-0.166078926101
-0.546534510547
-0.792963550471
-0.269274648648
-0.511506133112
-0.776204120622
-0.368603633890
-0.471226090424
-0.749764050183
-0.464542614576
-0.713294122728
-0.556096205327
-0.426577665734
-0.666808261921
-0.641945457320
-0.378513898901
-0.610934950490
-0.721029979833
-0.326916280494
-0.573029201397
-0.698967962172
-0.427880032489
-0.529284961164
-0.667395953841
-0.523870280397
-0.625388809390
-0.614545808267
-0.480855785689
0.092991592840
-0.502370912633
0.859637150082
0.198096177869
-0.475188040882
0.857294716020
0.299017408439
-0.443023550525
0.845173782799
0.397060595044
-0.405656320722
0.823277494726
0.491214208734
-0.363599458235
0.791520078778
0.317891611543
-0.750130769024
0.579869599715
0.269685119216
-0.699707912871
0.661572953754
0.219517538372
-0.641174268985
0.735328230887
0.166078926101
-0.575151929933
0.801010641502
0.269274648648
-0.546534510547
0.792963550471
0.368603633890
-0.511506133112
0.776204120622
0.464542614576
-0.471226090424
0.749764050183
0.426577665734
-0.713294122728
0.556096205327
0.378513898901
-0.666808261921
0.641945457320
0.326916280494
-0.610934950490
0.721029979833
0.427880032489
-0.573029201397
0.698967962172
0.523870280397
-0.529284961164
0.667395953841
0.480855785689
-0.625388809390
0.614545808267
-0.804206416476
0.052127951763
0.592059723630
-0.741359085670
0.105427242895
0.662775831296
-0.671153055286
0.156574770938
0.724595002388
-0.592869883776
0.206154361689
0.778463666504
-0.507104502494
0.253395436909
0.823793527593
-0.541981710552
-0.218699829951
0.811434661453
-0.616602839174
-0.151951830766
0.772471086740
-0.683268011517
-0.083222114601
0.725409473386
-0.742723479297
-0.013481154339
0.669462539489
-0.675772115699
0.037536510777
0.736154235200
-0.601724595601
0.088189692957
0.793819934938
-0.519917421215
0.137203672261
0.843125748293
-0.457022453660
-0.167199216479
0.873598820317
-0.536142919906
-0.101519259856
0.838000363552
-0.608656649051
-0.032719081077
0.792758819124
-0.528612705182
0.018115820475
0.848669797371
-0.441557576302
0.067382267962
0.894699131985
-0.450005880059
-0.050084661133
0.891620005738
0.493724117509
-0.864981163362
-0.089688810997
0.447676725358
-0.874297644090
-0.187587790413
0.397349443245
-0.873401933504
-0.281571451864
0.342160489819
-0.862520076367
-0.372807345783
0.282387679014
-0.841711718624
-0.460194069359
0.078375399288
-0.995037250338
-0.061303892429
0.184159566822
-0.980199354456
-0.072763173870
0.287000520573
-0.954219645328
-0.084235204401
0.387260037903
-0.917134216987
-0.094310609556
0.337995212156
-0.921847924867
-0.189619724653
0.285596419883
-0.915824001787
-0.282313801826
0.228683680947
-0.899663502953
-0.371899657869
0.016182441839
-0.986934918071
-0.160304697589
0.124032750060
-0.977399171911
-0.171192101631
0.231078084733
-0.955794433731
-0.181823868634
0.174461182172
-0.945296544882
-0.275640595973
0.114441480569
-0.923783324860
-0.365414170821
0.063494339672
-0.961815688644
-0.266231196348
0.864981163362
0.089688810997
0.493724117509
0.874297644090
0.187587790413
0.447676725358
0.873401933504
0.281571451864
0.397349443245
0.862520076367
0.372807345783
0.342160489819
0.841711718624
0.460194069359
0.282387679014
0.995037250338
0.061303892429
0.078375399288
0.980199354456
0.072763173870
0.184159566822
0.954219645328
0.084235204401
0.287000520573
0.917134216987
0.094310609556
0.387260037903
0.921847924867
0.189619724653
0.337995212156
0.915824001787
0.282313801826
0.285596419883
0.899663502953
0.371899657869
0.228683680947
0.986934918071
0.160304697589
0.016182441839
0.977399171911
0.171192101631
0.124032750060
0.955794433731
0.181823868634
0.231078084733
0.945296544882
0.275640595973
0.174461182172
0.923783324860
0.365414170821
0.114441480569
0.961815688644
0.266231196348
0.063494339672
0.005344013280
-0.441596165746
0.897198009316
0.017002928069
-0.342249482463
0.939455263539
0.028228150705
-0.240774672306
0.970170463725
0.039242581642
-0.136006128131
0.989930478820
0.050191639846
-0.028992242104
0.998318711228
0.415167650622
-0.297075229238
0.859873322094
0.318626400702
-0.336111397588
0.886287958390
0.218891414442
-0.370222635174
0.902785549889
0.116123575485
-0.400741192243
0.908802405398
0.128884374396
-0.300458701378
0.945046764347
0.139619881164
-0.197406726927
0.970328229491
0.149899452770
-0.091480008686
0.984460035791
0.430838712744
-0.183381658317
0.883600119394
0.335453714591
-0.225552009916
0.914656818807
0.234764453898
-0.263797165810
0.935572929545
0.246328582710
-0.156345361696
0.956492737670
0.256387371019
-0.047059212607
0.965427856699
0.347269880377
-0.113579000805
0.930861665748
0.804206416476
0.052127951763
-0.592059723630
0.741359085670
0.105427242895
-0.662775831296
0.671153055286
0.156574770938
-0.724595002388
0.592869883776
0.206154361689
-0.778463666504
0.507104502494
0.253395436909
-0.823793527593
0.541981710552
-0.218699829951
-0.811434661453
0.616602839174
-0.151951830766
-0.772471086740
0.683268011517
-0.083222114601
-0.725409473386
0.742723479297
-0.013481154339
-0.669462539489
0.675772115699
0.037536510777
-0.736154235200
0.601724595601
0.088189692957
-0.793819934938
0.519917421215
0.137203672261
-0.843125748293
0.457022453660
-0.167199216479
-0.873598820317
0.536142919906
-0.101519259856
-0.838000363552
0.608656649051
-0.032719081077
-0.792758819124
0.528612705182
0.018115820475
-0.848669797371
0.441557576302
0.067382267962
-0.894699131985
0.450005880059
-0.050084661133
-0.891620005738
-0.592059723630
-0.804206416476
-0.052127951763
-0.662775831296
-0.741359085670
-0.105427242895
-0.724595002388
-0.671153055286
-0.156574770938
-0.778463666504
-0.592869883776
-0.206154361689
-0.823793527593
-0.507104502494
-0.253395436909
-0.811434661453
-0.541981710552
0.218699829951
-0.772471086740
-0.616602839174
0.151951830766
-0.725409473386
-0.683268011517
0.083222114601
-0.669462539489
-0.742723479297
0.013481154339
-0.736154235200
-0.675772115699
-0.037536510777
-0.793819934938
-0.601724595601
-0.088189692957
-0.843125748293
-0.519917421215
-0.137203672261
-0.873598820317
-0.457022453660
0.167199216479
-0.838000363552
-0.536142919906
0.101519259856
-0.792758819124
-0.608656649051
0.032719081077
-0.848669797371
-0.528612705182
-0.018115820475
-0.894699131985
-0.441557576302
-0.067382267962
-0.891620005738
-0.450005880059
0.050084661133
0.502370912633
-0.859637150082
0.092991592840
0.475188040882
-0.857294716020
0.198096177869
0.443023550525
-0.845173782799
0.299017408439
0.405656320722
-0.823277494726
0.397060595044
0.363599458235
-0.791520078778
0.491214208734
0.750130769024
-0.579869599715
0.317891611543
0.699707912871
-0.661572953754
0.269685119216
0.641174268985
-0.735328230887
0.219517538372
0.575151929933
-0.801010641502
0.166078926101
0.546534510547
-0.792963550471
0.269274648648
0.511506133112
-0.776204120622
0.368603633890
0.471226090424
-0.749764050183
0.464542614576
0.713294122728
-0.556096205327
0.426577665734
0.666808261921
-0.641945457320
0.378513898901
0.610934950490
-0.721029979833
0.326916280494
0.573029201397
-0.698967962172
0.427880032489
0.529284961164
-0.667395953841
0.523870280397
0.625388809390
-0.614545808267
0.480855785689
-0.092991592840
-0.502370912633
-0.859637150082
-0.198096177869
-0.475188040882
-0.857294716020
-0.299017408439
-0.443023550525
-0.845173782799
-0.397060595044
-0.405656320722
-0.823277494726
-0.491214208734
-0.363599458235
-0.791520078778
-0.317891611543
-0.750130769024
-0.579869599715
-0.269685119216
-0.699707912871
-0.661572953754
-0.219517538372
-0.641174268985
-0.735328230887
-0.166078926101
-0.575151929933
-0.801010641502
-0.269274648648
-0.546534510547
-0.792963550471
-0.368603633890
-0.511506133112
-0.776204120622
-0.464542614576
-0.471226090424
-0.749764050183
-0.426577665734
-0.713294122728
-0.556096205327
-0.378513898901
-0.666808261921
-0.641945457320
-0.326916280494
-0.610934950490
-0.721029979833
-0.427880032489
-0.573029201397
-0.698967962172
-0.523870280397
-0.529284961164
-0.667395953841
-0.480855785689
-0.625388809390
-0.614545808267
0.092991592840
0.502370912633
-0.859637150082
0.198096177869
0.475188040882
-0.857294716020
0.299017408439
0.443023550525
-0.845173782799
0.397060595044
0.405656320722
-0.823277494726
0.491214208734
0.363599458235
-0.791520078778
0.317891611543
0.750130769024
-0.579869599715
0.269685119216
0.699707912871
-0.661572953754
0.219517538372
0.641174268985
-0.735328230887
0.166078926101
0.575151929933
-0.801010641502
0.269274648648
0.546534510547
-0.792963550471
0.368603633890
0.511506133112
-0.776204120622
0.464542614576
0.471226090424
-0.749764050183
0.426577665734
0.713294122728
-0.556096205327
0.378513898901
0.666808261921
-0.641945457320
0.326916280494
0.610934950490
-0.721029979833
0.427880032489
0.573029201397
-0.698967962172
0.523870280397
0.529284961164
-0.667395953841
0.480855785689
0.625388809390
-0.614545808267
-0.859637150082
-0.092991592840
-0.502370912633
-0.857294716020
-0.198096177869
-0.475188040882
-0.845173782799
-0.299017408439
-0.443023550525
-0.823277494726
-0.397060595044
-0.405656320722
-0.791520078778
-0.491214208734
-0.363599458235
-0.579869599715
-0.317891611543
-0.750130769024
-0.661572953754
-0.269685119216
-0.699707912871
-0.735328230887
-0.219517538372
-0.641174268985
-0.801010641502
-0.166078926101
-0.575151929933
-0.792963550471
-0.269274648648
-0.546534510547
-0.776204120622
-0.368603633890
-0.511506133112
-0.749764050183
-0.464542614576
-0.471226090424
-0.556096205327
-0.426577665734
-0.713294122728
-0.641945457320
-0.378513898901
-0.666808261921
-0.721029979833
-0.326916280494
-0.610934950490
-0.698967962172
-0.427880032489
-0.573029201397
-0.667395953841
-0.523870280397
-0.529284961164
-0.614545808267
-0.480855785689
-0.625388809390
-0.592059723630
0.804206416476
0.052127951763
-0.662775831296
0.741359085670
0.105427242895
-0.724595002388
0.671153055286
0.156574770938
-0.778463666504
0.592869883776
0.206154361689
-0.823793527593
0.507104502494
0.253395436909
-0.811434661453
0.541981710552
-0.218699829951
-0.772471086740
0.616602839174
-0.151951830766
-0.725409473386
0.683268011517
-0.083222114601
-0.669462539489
0.742723479297
-0.013481154339
-0.736154235200
0.675772115699
0.037536510777
-0.793819934938
0.601724595601
0.088189692957
-0.843125748293
0.519917421215
0.137203672261
-0.873598820317
0.457022453660
-0.167199216479
-0.838000363552
0.536142919906
-0.101519259856
-0.792758819124
0.608656649051
-0.032719081077
-0.848669797371
0.528612705182
0.018115820475
-0.894699131985
0.441557576302
0.067382267962
-0.891620005738
0.450005880059
-0.050084661133
0.052127951763
0.592059723630
-0.804206416476
0.105427242895
0.662775831296
-0.741359085670
0.156574770938
0.724595002388
-0.671153055286
0.206154361689
0.778463666504
-0.592869883776
0.253395436909
0.823793527593
-0.507104502494
-0.218699829951
0.811434661453
-0.541981710552
-0.151951830766
0.772471086740
-0.616602839174
-0.083222114601
0.725409473386
-0.683268011517
-0.013481154339
0.669462539489
-0.742723479297
0.037536510777
0.736154235200
-0.675772115699
0.088189692957
0.793819934938
-0.601724595601
0.137203672261
0.843125748293
-0.519917421215
-0.167199216479
0.873598820317
-0.457022453660
-0.101519259856
0.838000363552
-0.536142919906
-0.032719081077
0.792758819124
-0.608656649051
0.018115820475
0.848669797371
-0.528612705182
0.067382267962
0.894699131985
-0.441557576302
-0.050084661133
0.891620005738
-0.450005880059
0.060774746887
-0.586715710349
-0.807509198319
0.132938558419
-0.645772903226
-0.751867473125
0.202248878218
-0.696366851684
-0.688599011861
0.269650192591
-0.739221084863
-0.617123133037
0.334607216130
-0.773601887748
-0.538124641869
0.453055539786
-0.396267010830
-0.798569429666
0.363596515283
-0.453844686039
-0.813524784520
0.270951633811
-0.506518058944
-0.818550345488
0.174410737690
-0.553338964004
-0.814491795842
0.246075809169
-0.607269860804
-0.755427039694
0.314099406186
-0.654200053774
-0.688014427666
0.379746081738
-0.693226295523
-0.612560377922
0.529912464410
-0.442760107573
-0.723295421805
0.441256252005
-0.502546648961
-0.743464717176
0.347137784680
-0.557994365226
-0.753749060910
0.416683839701
-0.602341214661
-0.680852141697
0.482225748557
-0.638311760966
-0.600013685878
0.511809808585
-0.544350125361
-0.664630469400
-0.897198009316
-0.005344013280
-0.441596165746
-0.939455263539
-0.017002928069
-0.342249482463
-0.970170463725
-0.028228150705
-0.240774672306
-0.989930478820
-0.039242581642
-0.136006128131
-0.998318711228
-0.050191639846
-0.028992242104
-0.859873322094
-0.415167650622
-0.297075229238
-0.886287958390
-0.318626400702
-0.336111397588
-0.902785549889
-0.218891414442
-0.370222635174
-0.908802405398
-0.116123575485
-0.400741192243
-0.945046764347
-0.128884374396
-0.300458701378
-0.970328229491
-0.139619881164
-0.197406726927
-0.984460035791
-0.149899452770
-0.091480008686
-0.883600119394
-0.430838712744
-0.183381658317
-0.914656818807
-0.335453714591
-0.225552009916
-0.935572929545
-0.234764453898
-0.263797165810
-0.956492737670
-0.246328582710
-0.156345361696
-0.965427856699
-0.256387371019
-0.047059212607
-0.930861665748
-0.347269880377
-0.113579000805
-0.060774746887
0.586715710349
-0.807509198319
-0.132938558419
0.645772903226
-0.751867473125
-0.202248878218
0.696366851684
-0.688599011861
-0.269650192591
0.739221084863
-0.617123133037
-0.334607216130
0.773601887748
-0.538124641869
-0.453055539786
0.396267010830
-0.798569429666
-0.363596515283
0.453844686039
-0.813524784520
-0.270951633811
0.506518058944
-0.818550345488
-0.174410737690
0.553338964004
-0.814491795842
-0.246075809169
0.607269860804
-0.755427039694
-0.314099406186
0.654200053774
-0.688014427666
-0.379746081738
0.693226295523
-0.612560377922
-0.529912464410
0.442760107573
-0.723295421805
-0.441256252005
0.502546648961
-0.743464717176
-0.347137784680
0.557994365226
-0.753749060910
-0.416683839701
0.602341214661
-0.680852141697
-0.482225748557
0.638311760966
-0.600013685878
-0.511809808585
0.544350125361
-0.664630469400
0.897198009316
0.005344013280
-0.441596165746
0.939455263539
0.017002928069
-0.342249482463
0.970170463725
0.028228150705
-0.240774672306
0.989930478820
0.039242581642
-0.136006128131
0.998318711228
0.050191639846
-0.028992242104
0.859873322094
0.415167650622
-0.297075229238
0.886287958390
0.318626400702
-0.336111397588
0.902785549889
0.218891414442
-0.370222635174
0.908802405398
0.116123575485
-0.400741192243
0.945046764347
0.128884374396
-0.300458701378
0.970328229491
0.139619881164
-0.197406726927
0.984460035791
0.149899452770
-0.091480008686
0.883600119394
0.430838712744
-0.183381658317
0.914656818807
0.335453714591
-0.225552009916
0.935572929545
0.234764453898
-0.263797165810
0.956492737670
0.246328582710
-0.156345361696
0.965427856699
0.256387371019
-0.047059212607
0.930861665748
0.347269880377
-0.113579000805
-0.052127951763
-0.592059723630
-0.804206416476
-0.105427242895
-0.662775831296
-0.741359085670
-0.156574770938
-0.724595002388
-0.671153055286
-0.206154361689
-0.778463666504
-0.592869883776
-0.253395436909
-0.823793527593
-0.507104502494
0.218699829951
-0.811434661453
-0.541981710552
0.151951830766
-0.772471086740
-0.616602839174
0.083222114601
-0.725409473386
-0.683268011517
0.013481154339
-0.669462539489
-0.742723479297
-0.037536510777
-0.736154235200
-0.675772115699
-0.088189692957
-0.793819934938
-0.601724595601
-0.137203672261
-0.843125748293
-0.519917421215
0.167199216479
-0.873598820317
-0.457022453660
0.101519259856
-0.838000363552
-0.536142919906
0.032719081077
-0.792758819124
-0.608656649051
-0.018115820475
-0.848669797371
-0.528612705182
-0.067382267962
-0.894699131985
-0.441557576302
0.050084661133
-0.891620005738
-0.450005880059
0.859637150082
0.092991592840
-0.502370912633
0.857294716020
0.198096177869
-0.475188040882
0.845173782799
0.299017408439
-0.443023550525
0.823277494726
0.397060595044
-0.405656320722
0.791520078778
0.491214208734
-0.363599458235
0.579869599715
0.317891611543
-0.750130769024
0.661572953754
0.269685119216
-0.699707912871
0.735328230887
0.219517538372
-0.641174268985
0.801010641502
0.166078926101
-0.575151929933
0.792963550471
0.269274648648
-0.546534510547
0.776204120622
0.368603633890
-0.511506133112
0.749764050183
0.464542614576
-0.471226090424
0.556096205327
0.426577665734
-0.713294122728
0.641945457320
0.378513898901
-0.666808261921
0.721029979833
0.326916280494
-0.610934950490
0.698967962172
0.427880032489
-0.573029201397
0.667395953841
0.523870280397
-0.529284961164
0.614545808267
0.480855785689
-0.625388809390
-0.864981163362
0.089688810997
-0.493724117509
-0.874297644090
0.187587790413
-0.447676725358
-0.873401933504
0.281571451864
-0.397349443245
-0.862520076367
0.372807345783
-0.342160489819
-0.841711718624
0.460194069359
-0.282387679014
-0.995037250338
0.061303892429
-0.078375399288
-0.980199354456
0.072763173870
-0.184159566822
-0.954219645328
0.084235204401
-0.287000520573
-0.917134216987
0.094310609556
-0.387260037903
-0.921847924867
0.189619724653
-0.337995212156
-0.915824001787
0.282313801826
-0.285596419883
-0.899663502953
0.371899657869
-0.228683680947
-0.986934918071
0.160304697589
-0.016182441839
-0.977399171911
0.171192101631
-0.124032750060
-0.955794433731
0.181823868634
-0.231078084733
-0.945296544882
0.275640595973
-0.174461182172
-0.923783324860
0.365414170821
-0.114441480569
-0.961815688644
0.266231196348
-0.063494339672
0.089688810997
-0.493724117509
-0.864981163362
0.187587790413
-0.447676725358
-0.874297644090
0.281571451864
-0.397349443245
-0.873401933504
0.372807345783
-0.342160489819
-0.862520076367
0.460194069359
-0.282387679014
-0.841711718624
0.061303892429
-0.078375399288
-0.995037250338
0.072763173870
-0.184159566822
-0.980199354456
0.084235204401
-0.287000520573
-0.954219645328
0.094310609556
-0.387260037903
-0.917134216987
0.189619724653
-0.337995212156
-0.921847924867
0.282313801826
-0.285596419883
-0.915824001787
0.371899657869
-0.228683680947
-0.899663502953
0.160304697589
-0.016182441839
-0.986934918071
0.171192101631
-0.124032750060
-0.977399171911
0.181823868634
-0.231078084733
-0.955794433731
0.275640595973
-0.174461182172
-0.945296544882
0.365414170821
-0.114441480569
-0.923783324860
0.266231196348
-0.063494339672
-0.961815688644
0.586715710349
-0.807509198319
-0.060774746887
0.645772903226
-0.751867473125
-0.132938558419
0.696366851684
-0.688599011861
-0.202248878218
0.739221084863
-0.617123133037
-0.269650192591
0.773601887748
-0.538124641869
-0.334607216130
0.396267010830
-0.798569429666
-0.453055539786
0.453844686039
-0.813524784520
-0.363596515283
0.506518058944
-0.818550345488
-0.270951633811
0.553338964004
-0.814491795842
-0.174410737690
0.607269860804
-0.755427039694
-0.246075809169
0.654200053774
-0.688014427666
-0.314099406186
0.693226295523
-0.612560377922
-0.379746081738
0.442760107573
-0.723295421805
-0.529912464410
0.502546648961
-0.743464717176
-0.441256252005
0.557994365226
-0.753749060910
-0.347137784680
0.602341214661
-0.680852141697
-0.416683839701
0.638311760966
-0.600013685878
-0.482225748557
0.544350125361
-0.664630469400
-0.511809808585
-0.586715710349
-0.807509198319
0.060774746887
-0.645772903226
-0.751867473125
0.132938558419
-0.696366851684
-0.688599011861
0.202248878218
-0.739221084863
-0.617123133037
0.269650192591
-0.773601887748
-0.538124641869
0.334607216130
-0.396267010830
-0.798569429666
0.453055539786
-0.453844686039
-0.813524784520
0.363596515283
-0.506518058944
-0.818550345488
0.270951633811
-0.553338964004
-0.814491795842
0.174410737690
-0.607269860804
-0.755427039694
0.246075809169
-0.654200053774
-0.688014427666
0.314099406186
-0.693226295523
-0.612560377922
0.379746081738
-0.442760107573
-0.723295421805
0.529912464410
-0.502546648961
-0.743464717176
0.441256252005
-0.557994365226
-0.753749060910
0.347137784680
-0.602341214661
-0.680852141697
0.416683839701
-0.638311760966
-0.600013685878
0.482225748557
-0.544350125361
-0.664630469400
0.511809808585
-0.493724117509
-0.864981163362
0.089688810997
-0.447676725358
-0.874297644090
0.187587790413
-0.397349443245
-0.873401933504
0.281571451864
-0.342160489819
-0.862520076367
0.372807345783
-0.282387679014
-0.841711718624
0.460194069359
-0.078375399288
-0.995037250338
0.061303892429
-0.184159566822
-0.980199354456
0.072763173870
-0.287000520573
-0.954219645328
0.084235204401
-0.387260037903
-0.917134216987
0.094310609556
-0.337995212156
-0.921847924867
0.189619724653
-0.285596419883
-0.915824001787
0.282313801826
-0.228683680947
-0.899663502953
0.371899657869
-0.016182441839
-0.986934918071
0.160304697589
-0.124032750060
-0.977399171911
0.171192101631
-0.231078084733
-0.955794433731
0.181823868634
-0.174461182172
-0.945296544882
0.275640595973
-0.114441480569
-0.923783324860
0.365414170821
-0.063494339672
-0.961815688644
0.266231196348
0.493724117509
0.864981163362
0.089688810997
0.447676725358
0.874297644090
0.187587790413
0.397349443245
0.873401933504
0.281571451864
0.342160489819
0.862520076367
0.372807345783
0.282387679014
0.841711718624
0.460194069359
0.078375399288
0.995037250338
0.061303892429
0.184159566822
0.980199354456
0.072763173870
0.287000520573
0.954219645328
0.084235204401
0.387260037903
0.917134216987
0.094310609556
0.337995212156
0.921847924867
0.189619724653
0.285596419883
0.915824001787
0.282313801826
0.228683680947
0.899663502953
0.371899657869
0.016182441839
0.986934918071
0.160304697589
0.124032750060
0.977399171911
0.171192101631
0.231078084733
0.955794433731
0.181823868634
0.174461182172
0.945296544882
0.275640595973
0.114441480569
0.923783324860
0.365414170821
0.063494339672
0.961815688644
0.266231196348
-0.005344013280
-0.441596165746
-0.897198009316
-0.017002928069
-0.342249482463
-0.939455263539
-0.028228150705
-0.240774672306
-0.970170463725
-0.039242581642
-0.136006128131
-0.989930478820
-0.050191639846
-0.028992242104
-0.998318711228
-0.415167650622
-0.297075229238
-0.859873322094
-0.318626400702
-0.336111397588
-0.886287958390
-0.218891414442
-0.370222635174
-0.902785549889
-0.116123575485
-0.400741192243
-0.908802405398
-0.128884374396
-0.300458701378
-0.945046764347
-0.139619881164
-0.197406726927
-0.970328229491
-0.149899452770
-0.091480008686
-0.984460035791
-0.430838712744
-0.183381658317
-0.883600119394
-0.335453714591
-0.225552009916
-0.914656818807
-0.234764453898
-0.263797165810
-0.935572929545
-0.246328582710
-0.156345361696
-0.956492737670
-0.256387371019
-0.047059212607
-0.965427856699
-0.347269880377
-0.113579000805
-0.930861665748
0.592059723630
-0.804206416476
0.052127951763
0.662775831296
-0.741359085670
0.105427242895
0.724595002388
-0.671153055286
0.156574770938
0.778463666504
-0.592869883776
0.206154361689
0.823793527593
-0.507104502494
0.253395436909
0.811434661453
-0.541981710552
-0.218699829951
0.772471086740
-0.616602839174
-0.151951830766
0.725409473386
-0.683268011517
-0.083222114601
0.669462539489
-0.742723479297
-0.013481154339
0.736154235200
-0.675772115699
0.037536510777
0.793819934938
-0.601724595601
0.088189692957
0.843125748293
-0.519917421215
0.137203672261
0.873598820317
-0.457022453660
-0.167199216479
0.838000363552
-0.536142919906
-0.101519259856
0.792758819124
-0.608656649051
-0.032719081077
0.848669797371
-0.528612705182
0.018115820475
0.894699131985
-0.441557576302
0.067382267962
0.891620005738
-0.450005880059
-0.050084661133
