0.484536062926
0.848447551951
0.212982523491
0.567475559656
0.816618621815
0.105382710624
0.418539147824
0.806559118442
0.417477388844
0.517270212062
0.791310879868
0.325973341114
0.604828228243
0.765332025476
0.220112937153
0.709756787866
0.672329267953
0.210282328149
0.729478611145
0.603053283412
0.322781184780
0.434329739306
0.732708728407
0.523923273840
0.538747099228
0.722377655562
0.433499810632
0.632249176502
0.700766429771
0.330435152063
0.644640367478
0.625466457568
0.439579921146
0.546386790927
0.641064058989
0.538978985650
0.525731112119
0.850650808352
0.000000000000
0.000000000000
0.525731112119
-0.850650808352
-0.525731112119
0.850650808352
0.000000000000
0.000000000000
0.525731112119
0.850650808352
0.850650808352
-0.000000000000
0.525731112119
-0.850650808352
-0.000000000000
0.525731112119
-0.000000000000
-0.525731112119
0.850650808352
-0.850650808352
-0.000000000000
-0.525731112119
-0.525731112119
-0.850650808352
0.000000000000
0.850650808352
-0.000000000000
-0.525731112119
0.525731112119
-0.850650808352
0.000000000000
0.000000000000
-0.525731112119
-0.850650808352
1.000000000000
0.000000000000
0.000000000000
-0.500000000000
-0.309016994375
-0.809016994375
-1.000000000000
0.000000000000
0.000000000000
0.500000000000
-0.309016994375
0.809016994375
0.500000000000
0.309016994375
-0.809016994375
-0.500000000000
0.309016994375
-0.809016994375
-0.500000000000
-0.309016994375
0.809016994375
0.809016994375
-0.500000000000
-0.309016994375
-0.309016994375
-0.809016994375
0.500000000000
-0.309016994375
0.809016994375
-0.500000000000
-0.809016994375
0.500000000000
0.309016994375
0.000000000000
-1.000000000000
0.000000000000
0.809016994375
0.500000000000
-0.309016994375
-0.000000000000
1.000000000000
0.000000000000
-0.809016994375
-0.500000000000
0.309016994375
0.809016994375
0.500000000000
0.309016994375
0.309016994375
0.809016994375
-0.500000000000
-0.309016994375
-0.809016994375
-0.500000000000
0.000000000000
-0.000000000000
1.000000000000
0.309016994375
0.809016994375
0.500000000000
0.000000000000
0.000000000000
-1.000000000000
0.309016994375
-0.809016994375
0.500000000000
-0.309016994375
0.809016994375
0.500000000000
0.309016994375
-0.809016994375
-0.500000000000
-0.809016994375
0.500000000000
-0.309016994375
-0.809016994375
-0.500000000000
-0.309016994375
0.809016994375
-0.500000000000
0.309016994375
0.500000000000
0.309016994375
0.809016994375
0.500000000000
-0.309016994375
-0.809016994375
-0.500000000000
0.309016994375
0.809016994375
0.192223161935
0.430187348787
-0.882036904534
0.053867656045
0.432607395833
-0.899971731058
0.377717202997
0.314445629877
-0.870892450542
0.249611376356
0.317351992879
-0.914867134293
0.112161594928
0.322207945168
-0.940000966326
0.023004752770
0.219457730191
-0.975350750248
0.082749871467
0.101068474527
-0.991432106717
0.433117411636
0.196596905680
-0.879635699829
0.304562136171
0.201183885059
-0.931003195270
0.167751801193
0.206338634522
-0.963993620881
0.226587207654
0.087018204200
-0.970095907354
0.360949452249
0.080299421482
-0.929121895034
-0.484536062926
0.848447551951
-0.212982523491
-0.567475559656
0.816618621815
-0.105382710624
-0.418539147824
0.806559118442
-0.417477388844
-0.517270212062
0.791310879868
-0.325973341114
-0.604828228243
0.765332025476
-0.220112937153
-0.709756787866
0.672329267953
-0.210282328149
-0.729478611145
0.603053283412
-0.322781184780
-0.434329739306
0.732708728407
-0.523923273840
-0.538747099228
0.722377655562
-0.433499810632
-0.632249176502
0.700766429771
-0.330435152063
-0.644640367478
0.625466457568
-0.439579921146
-0.546386790927
0.641064058989
-0.538978985650
-0.192223161935
0.430187348787
0.882036904534
-0.053867656045
0.432607395833
0.899971731058
-0.377717202997
0.314445629877
0.870892450542
-0.249611376356
0.317351992879
0.914867134293
-0.112161594928
0.322207945168
0.940000966326
-0.023004752770
0.219457730191
0.975350750248
-0.082749871467
0.101068474527
0.991432106717
-0.433117411636
0.196596905680
0.879635699829
-0.304562136171
0.201183885059
0.931003195270
-0.167751801193
0.206338634522
0.963993620881
-0.226587207654
0.087018204200
0.970095907354
-0.360949452249
0.080299421482
0.929121895034
0.676759224861
0.729647104450
0.098041085944
0.621343215700
0.783326579485
-0.018223012250
0.796256350821
0.573117048854
0.193681883740
0.766881588418
0.637042565301
0.077906349809
0.716989823171
0.696012347578
-0.038631664326
0.732761540636
0.658111548838
-0.173059856266
0.812228482612
0.551911050281
-0.188889080182
0.867447150943
0.465027446896
0.176875419307
0.843309235399
0.534147903722
0.059292077379
0.800000977695
0.597090114959
-0.059007036058
0.871227575132
0.485427861822
-0.072954117746
0.907336243176
0.417985029279
0.045049496309
-0.332146262842
0.942629627941
-0.033589352583
-0.450830408083
0.888709290110
-0.083353109243
-0.120763746136
0.990594437699
-0.064333332100
-0.239445643069
0.963015906415
-0.123556254425
-0.360839609495
0.916125284730
-0.174668940850
-0.392517586457
0.868393876988
-0.303021482295
-0.289957554709
0.874692235061
-0.388378823305
-0.019721486373
0.988950720736
-0.146926971423
-0.141891807680
0.967647714354
-0.208625539708
-0.265345670580
0.927525267022
-0.263227191111
-0.159972321946
0.925007782968
-0.344629449786
-0.035249925173
0.956964014929
-0.288057836044
-0.152389800084
0.643169872278
0.750406466006
-0.116645151572
0.537990106458
0.834841634065
-0.297775401688
0.731923018721
0.612877234702
-0.277824568992
0.643325333993
0.713404530058
-0.243988618748
0.542320882321
0.803963689802
-0.317239201410
0.429740058340
0.845389124218
-0.439521056436
0.423849659307
0.791942363594
-0.414608252934
0.720520179520
0.555833309099
-0.396855291548
0.634683695691
0.663085578183
-0.366903505922
0.536773786585
0.759773465829
-0.484668045532
0.526598125346
0.698420575314
-0.511136865755
0.619278407132
0.596014562680
0.750406466006
-0.152389800084
0.643169872278
0.834841634065
-0.116645151572
0.537990106458
0.612877234702
-0.297775401688
0.731923018721
0.713404530058
-0.277824568992
0.643325333993
0.803963689802
-0.243988618748
0.542320882321
0.845389124218
-0.317239201410
0.429740058340
0.791942363594
-0.439521056436
0.423849659307
0.555833309099
-0.414608252934
0.720520179520
0.663085578183
-0.396855291548
0.634683695691
0.759773465829
-0.366903505922
0.536773786585
0.698420575314
-0.484668045532
0.526598125346
0.596014562680
-0.511136865755
0.619278407132
-0.942629627941
-0.033589352583
0.332146262842
-0.888709290110
-0.083353109243
0.450830408083
-0.990594437699
-0.064333332100
0.120763746136
-0.963015906415
-0.123556254425
0.239445643069
-0.916125284730
-0.174668940850
0.360839609495
-0.868393876988
-0.303021482295
0.392517586457
-0.874692235061
-0.388378823305
0.289957554709
-0.988950720736
-0.146926971423
0.019721486373
-0.967647714354
-0.208625539708
0.141891807680
-0.927525267022
-0.263227191111
0.265345670580
-0.925007782968
-0.344629449786
0.159972321946
-0.956964014929
-0.288057836044
0.035249925173
0.643169872278
0.750406466006
-0.152389800084
0.537990106458
0.834841634065
-0.116645151572
0.731923018721
0.612877234702
-0.297775401688
0.643325333993
0.713404530058
-0.277824568992
0.542320882321
0.803963689802
-0.243988618748
0.429740058340
0.845389124218
-0.317239201410
0.423849659307
0.791942363594
-0.439521056436
0.720520179520
0.555833309099
-0.414608252934
0.634683695691
0.663085578183
-0.396855291548
0.536773786585
0.759773465829
-0.366903505922
0.526598125346
0.698420575314
-0.484668045532
0.619278407132
0.596014562680
-0.511136865755
0.098041085944
0.676759224861
0.729647104450
-0.018223012250
0.621343215700
0.783326579485
0.193681883740
0.796256350821
0.573117048854
0.077906349809
0.766881588418
0.637042565301
-0.038631664326
0.716989823171
0.696012347578
-0.173059856266
0.732761540636
0.658111548838
-0.188889080182
0.812228482612
0.551911050281
0.176875419307
0.867447150943
0.465027446896
0.059292077379
0.843309235399
0.534147903722
-0.059007036058
0.800000977695
0.597090114959
-0.072954117746
0.871227575132
0.485427861822
0.045049496309
0.907336243176
0.417985029279
-0.212982523491
-0.484536062926
0.848447551951
-0.105382710624
-0.567475559656
0.816618621815
-0.417477388844
-0.418539147824
0.806559118442
-0.325973341114
-0.517270212062
0.791310879868
-0.220112937153
-0.604828228243
0.765332025476
-0.210282328149
-0.709756787866
0.672329267953
-0.322781184780
-0.729478611145
0.603053283412
-0.523923273840
-0.434329739306
0.732708728407
-0.433499810632
-0.538747099228
0.722377655562
-0.330435152063
-0.632249176502
0.700766429771
-0.439579921146
-0.644640367478
0.625466457568
-0.538978985650
-0.546386790927
0.641064058989
0.882036904534
-0.192223161935
0.430187348787
0.899971731058
-0.053867656045
0.432607395833
0.870892450542
-0.377717202997
0.314445629877
0.914867134293
-0.249611376356
0.317351992879
0.940000966326
-0.112161594928
0.322207945168
0.975350750248
-0.023004752770
0.219457730191
0.991432106717
-0.082749871467
0.101068474527
0.879635699829
-0.433117411636
0.196596905680
0.931003195270
-0.304562136171
0.201183885059
0.963993620881
-0.167751801193
0.206338634522
0.970095907354
-0.226587207654
0.087018204200
0.929121895034
-0.360949452249
0.080299421482
0.212982523491
0.484536062926
0.848447551951
0.105382710624
0.567475559656
0.816618621815
0.417477388844
0.418539147824
0.806559118442
0.325973341114
0.517270212062
0.791310879868
0.220112937153
0.604828228243
0.765332025476
0.210282328149
0.709756787866
0.672329267953
0.322781184780
0.729478611145
0.603053283412
0.523923273840
0.434329739306
0.732708728407
0.433499810632
0.538747099228
0.722377655562
0.330435152063
0.632249176502
0.700766429771
0.439579921146
0.644640367478
0.625466457568
0.538978985650
0.546386790927
0.641064058989
-0.033589352583
-0.332146262842
0.942629627941
-0.083353109243
-0.450830408083
0.888709290110
-0.064333332100
-0.120763746136
0.990594437699
-0.123556254425
-0.239445643069
0.963015906415
-0.174668940850
-0.360839609495
0.916125284730
-0.303021482295
-0.392517586457
0.868393876988
-0.388378823305
-0.289957554709
0.874692235061
-0.146926971423
-0.019721486373
0.988950720736
-0.208625539708
-0.141891807680
0.967647714354
-0.263227191111
-0.265345670580
0.927525267022
-0.344629449786
-0.159972321946
0.925007782968
-0.288057836044
-0.035249925173
0.956964014929
0.033589352583
0.332146262842
0.942629627941
0.083353109243
0.450830408083
0.888709290110
0.064333332100
0.120763746136
0.990594437699
0.123556254425
0.239445643069
0.963015906415
0.174668940850
0.360839609495
0.916125284730
0.303021482295
0.392517586457
0.868393876988
0.388378823305
0.289957554709
0.874692235061
0.146926971423
0.019721486373
0.988950720736
0.208625539708
0.141891807680
0.967647714354
0.263227191111
0.265345670580
0.927525267022
0.344629449786
0.159972321946
0.925007782968
0.288057836044
0.035249925173
0.956964014929
-0.430187348787
0.882036904534
0.192223161935
-0.432607395833
0.899971731058
0.053867656045
-0.314445629877
0.870892450542
0.377717202997
-0.317351992879
0.914867134293
0.249611376356
-0.322207945168
0.940000966326
0.112161594928
-0.219457730191
0.975350750248
0.023004752770
-0.101068474527
0.991432106717
0.082749871467
-0.196596905680
0.879635699829
0.433117411636
-0.201183885059
0.931003195270
0.304562136171
-0.206338634522
0.963993620881
0.167751801193
-0.087018204200
0.970095907354
0.226587207654
-0.080299421482
0.929121895034
0.360949452249
-0.729647104450
0.098041085944
-0.676759224861
-0.783326579485
-0.018223012250
-0.621343215700
-0.573117048854
0.193681883740
-0.796256350821
-0.637042565301
0.077906349809
-0.766881588418
-0.696012347578
-0.038631664326
-0.716989823171
-0.658111548838
-0.173059856266
-0.732761540636
-0.551911050281
-0.188889080182
-0.812228482612
-0.465027446896
0.176875419307
-0.867447150943
-0.534147903722
0.059292077379
-0.843309235399
-0.597090114959
-0.059007036058
-0.800000977695
-0.485427861822
-0.072954117746
-0.871227575132
-0.417985029279
0.045049496309
-0.907336243176
-0.848447551951
-0.212982523491
0.484536062926
-0.816618621815
-0.105382710624
0.567475559656
-0.806559118442
-0.417477388844
0.418539147824
-0.791310879868
-0.325973341114
0.517270212062
-0.765332025476
-0.220112937153
0.604828228243
-0.672329267953
-0.210282328149
0.709756787866
-0.603053283412
-0.322781184780
0.729478611145
-0.732708728407
-0.523923273840
0.434329739306
-0.722377655562
-0.433499810632
0.538747099228
-0.700766429771
-0.330435152063
0.632249176502
-0.625466457568
-0.439579921146
0.644640367478
-0.641064058989
-0.538978985650
0.546386790927
-0.643169872278
0.750406466006
0.152389800084
-0.537990106458
0.834841634065
0.116645151572
-0.731923018721
0.612877234702
0.297775401688
-0.643325333993
0.713404530058
0.277824568992
-0.542320882321
0.803963689802
0.243988618748
-0.429740058340
0.845389124218
0.317239201410
-0.423849659307
0.791942363594
0.439521056436
-0.720520179520
0.555833309099
0.414608252934
-0.634683695691
0.663085578183
0.396855291548
-0.536773786585
0.759773465829
0.366903505922
-0.526598125346
0.698420575314
0.484668045532
-0.619278407132
0.596014562680
0.511136865755
-0.848447551951
0.212982523491
-0.484536062926
-0.816618621815
0.105382710624
-0.567475559656
-0.806559118442
0.417477388844
-0.418539147824
-0.791310879868
0.325973341114
-0.517270212062
-0.765332025476
0.220112937153
-0.604828228243
-0.672329267953
0.210282328149
-0.709756787866
-0.603053283412
0.322781184780
-0.729478611145
-0.732708728407
0.523923273840
-0.434329739306
-0.722377655562
0.433499810632
-0.538747099228
-0.700766429771
0.330435152063
-0.632249176502
-0.625466457568
0.439579921146
-0.644640367478
-0.641064058989
0.538978985650
-0.546386790927
-0.430187348787
-0.882036904534
-0.192223161935
-0.432607395833
-0.899971731058
-0.053867656045
-0.314445629877
-0.870892450542
-0.377717202997
-0.317351992879
-0.914867134293
-0.249611376356
-0.322207945168
-0.940000966326
-0.112161594928
-0.219457730191
-0.975350750248
-0.023004752770
-0.101068474527
-0.991432106717
-0.082749871467
-0.196596905680
-0.879635699829
-0.433117411636
-0.201183885059
-0.931003195270
-0.304562136171
-0.206338634522
-0.963993620881
-0.167751801193
-0.087018204200
-0.970095907354
-0.226587207654
-0.080299421482
-0.929121895034
-0.360949452249
0.729647104450
0.098041085944
0.676759224861
0.783326579485
-0.018223012250
0.621343215700
0.573117048854
0.193681883740
0.796256350821
0.637042565301
0.077906349809
0.766881588418
0.696012347578
-0.038631664326
0.716989823171
0.658111548838
-0.173059856266
0.732761540636
0.551911050281
-0.188889080182
0.812228482612
0.465027446896
0.176875419307
0.867447150943
0.534147903722
0.059292077379
0.843309235399
0.597090114959
-0.059007036058
0.800000977695
0.485427861822
-0.072954117746
0.871227575132
0.417985029279
0.045049496309
0.907336243176
0.848447551951
-0.212982523491
-0.484536062926
0.816618621815
-0.105382710624
-0.567475559656
0.806559118442
-0.417477388844
-0.418539147824
0.791310879868
-0.325973341114
-0.517270212062
0.765332025476
-0.220112937153
-0.604828228243
0.672329267953
-0.210282328149
-0.709756787866
0.603053283412
-0.322781184780
-0.729478611145
0.732708728407
-0.523923273840
-0.434329739306
0.722377655562
-0.433499810632
-0.538747099228
0.700766429771
-0.330435152063
-0.632249176502
0.625466457568
-0.439579921146
-0.644640367478
0.641064058989
-0.538978985650
-0.546386790927
0.430187348787
0.882036904534
-0.192223161935
0.432607395833
0.899971731058
-0.053867656045
0.314445629877
0.870892450542
-0.377717202997
0.317351992879
0.914867134293
-0.249611376356
0.322207945168
0.940000966326
-0.112161594928
0.219457730191
0.975350750248
-0.023004752770
0.101068474527
0.991432106717
-0.082749871467
0.196596905680
0.879635699829
-0.433117411636
0.201183885059
0.931003195270
-0.304562136171
0.206338634522
0.963993620881
-0.167751801193
0.087018204200
0.970095907354
-0.226587207654
0.080299421482
0.929121895034
-0.360949452249
0.848447551951
0.212982523491
0.484536062926
0.816618621815
0.105382710624
0.567475559656
0.806559118442
0.417477388844
0.418539147824
0.791310879868
0.325973341114
0.517270212062
0.765332025476
0.220112937153
0.604828228243
0.672329267953
0.210282328149
0.709756787866
0.603053283412
0.322781184780
0.729478611145
0.732708728407
0.523923273840
0.434329739306
0.722377655562
0.433499810632
0.538747099228
0.700766429771
0.330435152063
0.632249176502
0.625466457568
0.439579921146
0.644640367478
0.641064058989
0.538978985650
0.546386790927
0.942629627941
-0.033589352583
-0.332146262842
0.888709290110
-0.083353109243
-0.450830408083
0.990594437699
-0.064333332100
-0.120763746136
0.963015906415
-0.123556254425
-0.239445643069
0.916125284730
-0.174668940850
-0.360839609495
0.868393876988
-0.303021482295
-0.392517586457
0.874692235061
-0.388378823305
-0.289957554709
0.988950720736
-0.146926971423
-0.019721486373
0.967647714354
-0.208625539708
-0.141891807680
0.927525267022
-0.263227191111
-0.265345670580
0.925007782968
-0.344629449786
-0.159972321946
0.956964014929
-0.288057836044
-0.035249925173
-0.033589352583
0.332146262842
-0.942629627941
-0.083353109243
0.450830408083
-0.888709290110
-0.064333332100
0.120763746136
-0.990594437699
-0.123556254425
0.239445643069
-0.963015906415
-0.174668940850
0.360839609495
-0.916125284730
-0.303021482295
0.392517586457
-0.868393876988
-0.388378823305
0.289957554709
-0.874692235061
-0.146926971423
0.019721486373
-0.988950720736
-0.208625539708
0.141891807680
-0.967647714354
-0.263227191111
0.265345670580
-0.927525267022
-0.344629449786
0.159972321946
-0.925007782968
-0.288057836044
0.035249925173
-0.956964014929
0.430187348787
-0.882036904534
0.192223161935
0.432607395833
-0.899971731058
0.053867656045
0.314445629877
-0.870892450542
0.377717202997
0.317351992879
-0.914867134293
0.249611376356
0.322207945168
-0.940000966326
0.112161594928
0.219457730191
-0.975350750248
0.023004752770
0.101068474527
-0.991432106717
0.082749871467
0.196596905680
-0.879635699829
0.433117411636
0.201183885059
-0.931003195270
0.304562136171
0.206338634522
-0.963993620881
0.167751801193
0.087018204200
-0.970095907354
0.226587207654
0.080299421482
-0.929121895034
0.360949452249
-0.882036904534
0.192223161935
0.430187348787
-0.899971731058
0.053867656045
0.432607395833
-0.870892450542
0.377717202997
0.314445629877
-0.914867134293
0.249611376356
0.317351992879
-0.940000966326
0.112161594928
0.322207945168
-0.975350750248
0.023004752770
0.219457730191
-0.991432106717
0.082749871467
0.101068474527
-0.879635699829
0.433117411636
0.196596905680
-0.931003195270
0.304562136171
0.201183885059
-0.963993620881
0.167751801193
0.206338634522
-0.970095907354
0.226587207654
0.087018204200
-0.929121895034
0.360949452249
0.080299421482
-0.098041085944
-0.676759224861
0.729647104450
0.018223012250
-0.621343215700
0.783326579485
-0.193681883740
-0.796256350821
0.573117048854
-0.077906349809
-0.766881588418
0.637042565301
0.038631664326
-0.716989823171
0.696012347578
0.173059856266
-0.732761540636
0.658111548838
0.188889080182
-0.812228482612
0.551911050281
-0.176875419307
-0.867447150943
0.465027446896
-0.059292077379
-0.843309235399
0.534147903722
0.059007036058
-0.800000977695
0.597090114959
0.072954117746
-0.871227575132
0.485427861822
-0.045049496309
-0.907336243176
0.417985029279
-0.750406466006
0.152389800084
0.643169872278
-0.834841634065
0.116645151572
0.537990106458
-0.612877234702
0.297775401688
0.731923018721
-0.713404530058
0.277824568992
0.643325333993
-0.803963689802
0.243988618748
0.542320882321
-0.845389124218
0.317239201410
0.429740058340
-0.791942363594
0.439521056436
0.423849659307
-0.555833309099
0.414608252934
0.720520179520
-0.663085578183
0.396855291548
0.634683695691
-0.759773465829
0.366903505922
0.536773786585
-0.698420575314
0.484668045532
0.526598125346
-0.596014562680
0.511136865755
0.619278407132
-0.643169872278
-0.750406466006
-0.152389800084
-0.537990106458
-0.834841634065
-0.116645151572
-0.731923018721
-0.612877234702
-0.297775401688
-0.643325333993
-0.713404530058
-0.277824568992
-0.542320882321
-0.803963689802
-0.243988618748
-0.429740058340
-0.845389124218
-0.317239201410
-0.423849659307
-0.791942363594
-0.439521056436
-0.720520179520
-0.555833309099
-0.414608252934
-0.634683695691
-0.663085578183
-0.396855291548
-0.536773786585
-0.759773465829
-0.366903505922
-0.526598125346
-0.698420575314
-0.484668045532
-0.619278407132
-0.596014562680
-0.511136865755
0.152389800084
-0.643169872278
0.750406466006
0.116645151572
-0.537990106458
0.834841634065
0.297775401688
-0.731923018721
0.612877234702
0.277824568992
-0.643325333993
0.713404530058
0.243988618748
-0.542320882321
0.803963689802
0.317239201410
-0.429740058340
0.845389124218
0.439521056436
-0.423849659307
0.791942363594
0.414608252934
-0.720520179520
0.555833309099
0.396855291548
-0.634683695691
0.663085578183
0.366903505922
-0.536773786585
0.759773465829
0.484668045532
-0.526598125346
0.698420575314
0.511136865755
-0.619278407132
0.596014562680
-0.729647104450
-0.098041085944
0.676759224861
-0.783326579485
0.018223012250
0.621343215700
-0.573117048854
-0.193681883740
0.796256350821
-0.637042565301
-0.077906349809
0.766881588418
-0.696012347578
0.038631664326
0.716989823171
-0.658111548838
0.173059856266
0.732761540636
-0.551911050281
0.188889080182
0.812228482612
-0.465027446896
-0.176875419307
0.867447150943
-0.534147903722
-0.059292077379
0.843309235399
-0.597090114959
0.059007036058
0.800000977695
-0.485427861822
0.072954117746
0.871227575132
-0.417985029279
-0.045049496309
0.907336243176
0.332146262842
-0.942629627941
-0.033589352583
0.450830408083
-0.888709290110
-0.083353109243
0.120763746136
-0.990594437699
-0.064333332100
0.239445643069
-0.963015906415
-0.123556254425
0.360839609495
-0.916125284730
-0.174668940850
0.392517586457
-0.868393876988
-0.303021482295
0.289957554709
-0.874692235061
-0.388378823305
0.019721486373
-0.988950720736
-0.146926971423
0.141891807680
-0.967647714354
-0.208625539708
0.265345670580
-0.927525267022
-0.263227191111
0.159972321946
-0.925007782968
-0.344629449786
0.035249925173
-0.956964014929
-0.288057836044
0.942629627941
0.033589352583
0.332146262842
0.888709290110
0.083353109243
0.450830408083
0.990594437699
0.064333332100
0.120763746136
0.963015906415
0.123556254425
0.239445643069
0.916125284730
0.174668940850
0.360839609495
0.868393876988
0.303021482295
0.392517586457
0.874692235061
0.388378823305
0.289957554709
0.988950720736
0.146926971423
0.019721486373
0.967647714354
0.208625539708
0.141891807680
0.927525267022
0.263227191111
0.265345670580
0.925007782968
0.344629449786
0.159972321946
0.956964014929
0.288057836044
0.035249925173
0.192223161935
-0.430187348787
0.882036904534
0.053867656045
-0.432607395833
0.899971731058
0.377717202997
-0.314445629877
0.870892450542
0.249611376356
-0.317351992879
0.914867134293
0.112161594928
-0.322207945168
0.940000966326
0.023004752770
-0.219457730191
0.975350750248
0.082749871467
-0.101068474527
0.991432106717
0.433117411636
-0.196596905680
0.879635699829
0.304562136171
-0.201183885059
0.931003195270
0.167751801193
-0.206338634522
0.963993620881
0.226587207654
-0.087018204200
0.970095907354
0.360949452249
-0.080299421482
0.929121895034
0.729647104450
-0.098041085944
-0.676759224861
0.783326579485
0.018223012250
-0.621343215700
0.573117048854
-0.193681883740
-0.796256350821
0.637042565301
-0.077906349809
-0.766881588418
0.696012347578
0.038631664326
-0.716989823171
0.658111548838
0.173059856266
-0.732761540636
0.551911050281
0.188889080182
-0.812228482612
0.465027446896
-0.176875419307
-0.867447150943
0.534147903722
-0.059292077379
-0.843309235399
0.597090114959
0.059007036058
-0.800000977695
0.485427861822
0.072954117746
-0.871227575132
0.417985029279
-0.045049496309
-0.907336243176
-0.676759224861
-0.729647104450
0.098041085944
-0.621343215700
-0.783326579485
-0.018223012250
-0.796256350821
-0.573117048854
0.193681883740
-0.766881588418
-0.637042565301
0.077906349809
-0.716989823171
-0.696012347578
-0.038631664326
-0.732761540636
-0.658111548838
-0.173059856266
-0.812228482612
-0.551911050281
-0.188889080182
-0.867447150943
-0.465027446896
0.176875419307
-0.843309235399
-0.534147903722
0.059292077379
-0.800000977695
-0.597090114959
-0.059007036058
-0.871227575132
-0.485427861822
-0.072954117746
-0.907336243176
-0.417985029279
0.045049496309
0.643169872278
-0.750406466006
0.152389800084
0.537990106458
-0.834841634065
0.116645151572
0.731923018721
-0.612877234702
0.297775401688
0.643325333993
-0.713404530058
0.277824568992
0.542320882321
-0.803963689802
0.243988618748
0.429740058340
-0.845389124218
0.317239201410
0.423849659307
-0.791942363594
0.439521056436
0.720520179520
-0.555833309099
0.414608252934
0.634683695691
-0.663085578183
0.396855291548
0.536773786585
-0.759773465829
0.366903505922
0.526598125346
-0.698420575314
0.484668045532
0.619278407132
-0.596014562680
0.511136865755
-0.152389800084
-0.643169872278
-0.750406466006
-0.116645151572
-0.537990106458
-0.834841634065
-0.297775401688
-0.731923018721
-0.612877234702
-0.277824568992
-0.643325333993
-0.713404530058
-0.243988618748
-0.542320882321
-0.803963689802
-0.317239201410
-0.429740058340
-0.845389124218
-0.439521056436
-0.423849659307
-0.791942363594
-0.414608252934
-0.720520179520
-0.555833309099
-0.396855291548
-0.634683695691
-0.663085578183
-0.366903505922
-0.536773786585
-0.759773465829
-0.484668045532
-0.526598125346
-0.698420575314
-0.511136865755
-0.619278407132
-0.596014562680
0.152389800084
0.643169872278
-0.750406466006
0.116645151572
0.537990106458
-0.834841634065
0.297775401688
0.731923018721
-0.612877234702
0.277824568992
0.643325333993
-0.713404530058
0.243988618748
0.542320882321
-0.803963689802
0.317239201410
0.429740058340
-0.845389124218
0.439521056436
0.423849659307
-0.791942363594
0.414608252934
0.720520179520
-0.555833309099
0.396855291548
0.634683695691
-0.663085578183
0.366903505922
0.536773786585
-0.759773465829
0.484668045532
0.526598125346
-0.698420575314
0.511136865755
0.619278407132
-0.596014562680
-0.750406466006
-0.152389800084
-0.643169872278
-0.834841634065
-0.116645151572
-0.537990106458
-0.612877234702
-0.297775401688
-0.731923018721
-0.713404530058
-0.277824568992
-0.643325333993
-0.803963689802
-0.243988618748
-0.542320882321
-0.845389124218
-0.317239201410
-0.429740058340
-0.791942363594
-0.439521056436
-0.423849659307
-0.555833309099
-0.414608252934
-0.720520179520
-0.663085578183
-0.396855291548
-0.634683695691
-0.759773465829
-0.366903505922
-0.536773786585
-0.698420575314
-0.484668045532
-0.526598125346
-0.596014562680
-0.511136865755
-0.619278407132
-0.676759224861
0.729647104450
-0.098041085944
-0.621343215700
0.783326579485
0.018223012250
-0.796256350821
0.573117048854
-0.193681883740
-0.766881588418
0.637042565301
-0.077906349809
-0.716989823171
0.696012347578
0.038631664326
-0.732761540636
0.658111548838
0.173059856266
-0.812228482612
0.551911050281
0.188889080182
-0.867447150943
0.465027446896
-0.176875419307
-0.843309235399
0.534147903722
-0.059292077379
-0.800000977695
0.597090114959
0.059007036058
-0.871227575132
0.485427861822
0.072954117746
-0.907336243176
0.417985029279
-0.045049496309
-0.098041085944
0.676759224861
-0.729647104450
0.018223012250
0.621343215700
-0.783326579485
-0.193681883740
0.796256350821
-0.573117048854
-0.077906349809
0.766881588418
-0.637042565301
0.038631664326
0.716989823171
-0.696012347578
0.173059856266
0.732761540636
-0.658111548838
0.188889080182
0.812228482612
-0.551911050281
-0.176875419307
0.867447150943
-0.465027446896
-0.059292077379
0.843309235399
-0.534147903722
0.059007036058
0.800000977695
-0.597090114959
0.072954117746
0.871227575132
-0.485427861822
-0.045049496309
0.907336243176
-0.417985029279
0.212982523491
-0.484536062926
-0.848447551951
0.105382710624
-0.567475559656
-0.816618621815
0.417477388844
-0.418539147824
-0.806559118442
0.325973341114
-0.517270212062
-0.791310879868
0.220112937153
-0.604828228243
-0.765332025476
0.210282328149
-0.709756787866
-0.672329267953
0.322781184780
-0.729478611145
-0.603053283412
0.523923273840
-0.434329739306
-0.732708728407
0.433499810632
-0.538747099228
-0.722377655562
0.330435152063
-0.632249176502
-0.700766429771
0.439579921146
-0.644640367478
-0.625466457568
0.538978985650
-0.546386790927
-0.641064058989
-0.882036904534
-0.192223161935
-0.430187348787
-0.899971731058
-0.053867656045
-0.432607395833
-0.870892450542
-0.377717202997
-0.314445629877
-0.914867134293
-0.249611376356
-0.317351992879
-0.940000966326
-0.112161594928
-0.322207945168
-0.975350750248
-0.023004752770
-0.219457730191
-0.991432106717
-0.082749871467
-0.101068474527
-0.879635699829
-0.433117411636
-0.196596905680
-0.931003195270
-0.304562136171
-0.201183885059
-0.963993620881
-0.167751801193
-0.206338634522
-0.970095907354
-0.226587207654
-0.087018204200
-0.929121895034
-0.360949452249
-0.080299421482
-0.212982523491
0.484536062926
-0.848447551951
-0.105382710624
0.567475559656
-0.816618621815
-0.417477388844
0.418539147824
-0.806559118442
-0.325973341114
0.517270212062
-0.791310879868
-0.220112937153
0.604828228243
-0.765332025476
-0.210282328149
0.709756787866
-0.672329267953
-0.322781184780
0.729478611145
-0.603053283412
-0.523923273840
0.434329739306
-0.732708728407
-0.433499810632
0.538747099228
-0.722377655562
-0.330435152063
0.632249176502
-0.700766429771
-0.439579921146
0.644640367478
-0.625466457568
-0.538978985650
0.546386790927
-0.641064058989
0.882036904534
0.192223161935
-0.430187348787
0.899971731058
0.053867656045
-0.432607395833
0.870892450542
0.377717202997
-0.314445629877
0.914867134293
0.249611376356
-0.317351992879
0.940000966326
0.112161594928
-0.322207945168
0.975350750248
0.023004752770
-0.219457730191
0.991432106717
0.082749871467
-0.101068474527
0.879635699829
0.433117411636
-0.196596905680
0.931003195270
0.304562136171
-0.201183885059
0.963993620881
0.167751801193
-0.206338634522
0.970095907354
0.226587207654
-0.087018204200
0.929121895034
0.360949452249
-0.080299421482
0.098041085944
-0.676759224861
-0.729647104450
-0.018223012250
-0.621343215700
-0.783326579485
0.193681883740
-0.796256350821
-0.573117048854
0.077906349809
-0.766881588418
-0.637042565301
-0.038631664326
-0.716989823171
-0.696012347578
-0.173059856266
-0.732761540636
-0.658111548838
-0.188889080182
-0.812228482612
-0.551911050281
0.176875419307
-0.867447150943
-0.465027446896
0.059292077379
-0.843309235399
-0.534147903722
-0.059007036058
-0.800000977695
-0.597090114959
-0.072954117746
-0.871227575132
-0.485427861822
0.045049496309
-0.907336243176
-0.417985029279
0.750406466006
0.152389800084
-0.643169872278
0.834841634065
0.116645151572
-0.537990106458
0.612877234702
0.297775401688
-0.731923018721
0.713404530058
0.277824568992
-0.643325333993
0.803963689802
0.243988618748
-0.542320882321
0.845389124218
0.317239201410
-0.429740058340
0.791942363594
0.439521056436
-0.423849659307
0.555833309099
0.414608252934
-0.720520179520
0.663085578183
0.396855291548
-0.634683695691
0.759773465829
0.366903505922
-0.536773786585
0.698420575314
0.484668045532
-0.526598125346
0.596014562680
0.511136865755
-0.619278407132
-0.942629627941
0.033589352583
-0.332146262842
-0.888709290110
0.083353109243
-0.450830408083
-0.990594437699
0.064333332100
-0.120763746136
-0.963015906415
0.123556254425
-0.239445643069
-0.916125284730
0.174668940850
-0.360839609495
-0.868393876988
0.303021482295
-0.392517586457
-0.874692235061
0.388378823305
-0.289957554709
-0.988950720736
0.146926971423
-0.019721486373
-0.967647714354
0.208625539708
-0.141891807680
-0.927525267022
0.263227191111
-0.265345670580
-0.925007782968
0.344629449786
-0.159972321946
-0.956964014929
0.288057836044
-0.035249925173
0.033589352583
-0.332146262842
-0.942629627941
0.083353109243
-0.450830408083
-0.888709290110
0.064333332100
-0.120763746136
-0.990594437699
0.123556254425
-0.239445643069
-0.963015906415
0.174668940850
-0.360839609495
-0.916125284730
0.303021482295
-0.392517586457
-0.868393876988
0.388378823305
-0.289957554709
-0.874692235061
0.146926971423
-0.019721486373
-0.988950720736
0.208625539708
-0.141891807680
-0.967647714354
0.263227191111
-0.265345670580
-0.927525267022
0.344629449786
-0.159972321946
-0.925007782968
0.288057836044
-0.035249925173
-0.956964014929
0.484536062926
-0.848447551951
-0.212982523491
0.567475559656
-0.816618621815
-0.105382710624
0.418539147824
-0.806559118442
-0.417477388844
0.517270212062
-0.791310879868
-0.325973341114
0.604828228243
-0.765332025476
-0.220112937153
0.709756787866
-0.672329267953
-0.210282328149
0.729478611145
-0.603053283412
-0.322781184780
0.434329739306
-0.732708728407
-0.523923273840
0.538747099228
-0.722377655562
-0.433499810632
0.632249176502
-0.700766429771
-0.330435152063
0.644640367478
-0.625466457568
-0.439579921146
0.546386790927
-0.641064058989
-0.538978985650
-0.484536062926
-0.848447551951
0.212982523491
-0.567475559656
-0.816618621815
0.105382710624
-0.418539147824
-0.806559118442
0.417477388844
-0.517270212062
-0.791310879868
0.325973341114
-0.604828228243
-0.765332025476
0.220112937153
-0.709756787866
-0.672329267953
0.210282328149
-0.729478611145
-0.603053283412
0.322781184780
-0.434329739306
-0.732708728407
0.523923273840
-0.538747099228
-0.722377655562
0.433499810632
-0.632249176502
-0.700766429771
0.330435152063
-0.644640367478
-0.625466457568
0.439579921146
-0.546386790927
-0.641064058989
0.538978985650
-0.332146262842
-0.942629627941
0.033589352583
-0.450830408083
-0.888709290110
0.083353109243
-0.120763746136
-0.990594437699
0.064333332100
-0.239445643069
-0.963015906415
0.123556254425
-0.360839609495
-0.916125284730
0.174668940850
-0.392517586457
-0.868393876988
0.303021482295
-0.289957554709
-0.874692235061
0.388378823305
-0.019721486373
-0.988950720736
0.146926971423
-0.141891807680
-0.967647714354
0.208625539708
-0.265345670580
-0.927525267022
0.263227191111
-0.159972321946
-0.925007782968
0.344629449786
-0.035249925173
-0.956964014929
0.288057836044
0.332146262842
0.942629627941
0.033589352583
0.450830408083
0.888709290110
0.083353109243
0.120763746136
0.990594437699
0.064333332100
0.239445643069
0.963015906415
0.123556254425
0.360839609495
0.916125284730
0.174668940850
0.392517586457
0.868393876988
0.303021482295
0.289957554709
0.874692235061
0.388378823305
0.019721486373
0.988950720736
0.146926971423
0.141891807680
0.967647714354
0.208625539708
0.265345670580
0.927525267022
0.263227191111
0.159972321946
0.925007782968
0.344629449786
0.035249925173
0.956964014929
0.288057836044
-0.192223161935
-0.430187348787
-0.882036904534
-0.053867656045
-0.432607395833
-0.899971731058
-0.377717202997
-0.314445629877
-0.870892450542
-0.249611376356
-0.317351992879
-0.914867134293
-0.112161594928
-0.322207945168
-0.940000966326
-0.023004752770
-0.219457730191
-0.975350750248
-0.082749871467
-0.101068474527
-0.991432106717
-0.433117411636
-0.196596905680
-0.879635699829
-0.304562136171
-0.201183885059
-0.931003195270
-0.167751801193
-0.206338634522
-0.963993620881
-0.226587207654
-0.087018204200
-0.970095907354
-0.360949452249
-0.080299421482
-0.929121895034
0.676759224861
-0.729647104450
-0.098041085944
0.621343215700
-0.783326579485
0.018223012250
0.796256350821
-0.573117048854
-0.193681883740
0.766881588418
-0.637042565301
-0.077906349809
0.716989823171
-0.696012347578
0.038631664326
0.732761540636
-0.658111548838
0.173059856266
0.812228482612
-0.551911050281
0.188889080182
0.867447150943
-0.465027446896
-0.176875419307
0.843309235399
-0.534147903722
-0.059292077379
0.800000977695
-0.597090114959
0.059007036058
0.871227575132
-0.485427861822
0.072954117746
0.907336243176
-0.417985029279
-0.045049496309
