0.357403384522
0.818743437529
0.449357323559
0.449348244350
0.825223680586
0.342187130529
0.531170732807
0.815857091453
0.228549467151
0.595611979254
0.797899135388
0.092754190827
0.654927806463
0.728937063366
0.199299588491
0.700023235753
0.646553934086
0.303208640582
0.729430170264
0.552007593215
0.404004014512
0.497795445845
0.742478470784
0.448247046303
0.583190892823
0.740857608616
0.333194217062
0.621222278569
0.652432003990
0.434068382608
0.530875049997
0.644479111768
0.550289338244
0.525731112119
0.850650808352
0.000000000000
0.000000000000
0.525731112119
-0.850650808352
-0.525731112119
0.850650808352
0.000000000000
0.000000000000
0.525731112119
0.850650808352
0.850650808352
-0.000000000000
0.525731112119
-0.850650808352
-0.000000000000
0.525731112119
-0.000000000000
-0.525731112119
0.850650808352
-0.850650808352
-0.000000000000
-0.525731112119
-0.525731112119
-0.850650808352
0.000000000000
0.850650808352
-0.000000000000
-0.525731112119
0.525731112119
-0.850650808352
0.000000000000
0.000000000000
-0.525731112119
-0.850650808352
0.437841655275
0.327254973550
-0.837376180216
0.307169223141
0.357670172593
-0.881883844955
0.171428742817
0.381626735039
-0.908280364887
0.023798119684
0.415082641270
-0.909472402229
0.059026791239
0.287688855562
-0.955903217016
0.095085478608
0.155149723860
-0.983304284006
0.132710755731
0.019175197857
-0.990969306841
0.343180220645
0.222726925182
-0.912480165788
0.206901929093
0.252553390405
-0.945202823066
0.242170135873
0.118826146236
-0.962929889588
0.378910899520
0.082200472480
-0.921775250562
-0.357403384522
0.818743437529
-0.449357323559
-0.449348244350
0.825223680586
-0.342187130529
-0.531170732807
0.815857091453
-0.228549467151
-0.595611979254
0.797899135388
-0.092754190827
-0.654927806463
0.728937063366
-0.199299588491
-0.700023235753
0.646553934086
-0.303208640582
-0.729430170264
0.552007593215
-0.404004014512
-0.497795445845
0.742478470784
-0.448247046303
-0.583190892823
0.740857608616
-0.333194217062
-0.621222278569
0.652432003990
-0.434068382608
-0.530875049997
0.644479111768
-0.550289338244
-0.437841655275
0.327254973550
0.837376180216
-0.307169223141
0.357670172593
0.881883844955
-0.171428742817
0.381626735039
0.908280364887
-0.023798119684
0.415082641270
0.909472402229
-0.059026791239
0.287688855562
0.955903217016
-0.095085478608
0.155149723860
0.983304284006
-0.132710755731
0.019175197857
0.990969306841
-0.343180220645
0.222726925182
0.912480165788
-0.206901929093
0.252553390405
0.945202823066
-0.242170135873
0.118826146236
0.962929889588
-0.378910899520
0.082200472480
0.921775250562
0.795245039796
0.548142412878
0.259085356366
0.756517467491
0.635382660387
0.154823112811
0.702599475624
0.709908301743
0.048828065376
0.619410098938
0.783191088555
-0.054248024310
0.713954597702
0.692456500133
-0.103792234019
0.795108714361
0.587787876470
-0.149357104358
0.862140925995
0.469987835500
-0.189273501066
0.840975666489
0.530381430159
0.107030214967
0.790092821917
0.612985184099
0.001580136549
0.863392414442
0.502762628960
-0.042228871705
0.909785949517
0.410299297157
0.062801375888
-0.068169617184
0.997499736438
-0.018632742687
-0.202847059782
0.977569790916
-0.056660164369
-0.332798669664
0.938457768894
-0.092423273434
-0.469330665580
0.875945279383
-0.111573266840
-0.391481089581
0.891756088624
-0.226966153650
-0.304506828217
0.890996517052
-0.336750349920
-0.208448698923
0.873991850012
-0.438961713626
-0.115696710215
0.978628476461
-0.170001695005
-0.250973253855
0.946179401161
-0.204345214450
-0.161055017941
0.936831011568
-0.310497885598
-0.019399096592
0.960588635401
-0.277296138794
-0.289233767338
0.776612297109
0.559658081163
-0.246501184568
0.699857303122
0.670400567775
-0.198372063144
0.610176202190
0.767029026077
-0.126281313673
0.507836832097
0.852147159699
-0.263446716882
0.486988444053
0.832729297385
-0.395516407536
0.458358364441
0.795911038444
-0.520981471341
0.423179212369
0.741281094281
-0.382098735630
0.670973971484
0.635448255817
-0.332217638968
0.585747607467
0.739277472067
-0.460167260628
0.552894528844
0.694660875695
-0.511475953405
0.632489810723
0.581677735881
0.559658081163
-0.289233767338
0.776612297109
0.670400567775
-0.246501184568
0.699857303122
0.767029026077
-0.198372063144
0.610176202190
0.852147159699
-0.126281313673
0.507836832097
0.832729297385
-0.263446716882
0.486988444053
0.795911038444
-0.395516407536
0.458358364441
0.741281094281
-0.520981471341
0.423179212369
0.635448255817
-0.382098735630
0.670973971484
0.739277472067
-0.332217638968
0.585747607467
0.694660875695
-0.460167260628
0.552894528844
0.581677735881
-0.511475953405
0.632489810723
-0.997499736438
-0.018632742687
0.068169617184
-0.977569790916
-0.056660164369
0.202847059782
-0.938457768894
-0.092423273434
0.332798669664
-0.875945279383
-0.111573266840
0.469330665580
-0.891756088624
-0.226966153650
0.391481089581
-0.890996517052
-0.336750349920
0.304506828217
-0.873991850012
-0.438961713626
0.208448698923
-0.978628476461
-0.170001695005
0.115696710215
-0.946179401161
-0.204345214450
0.250973253855
-0.936831011568
-0.310497885598
0.161055017941
-0.960588635401
-0.277296138794
0.019399096592
0.776612297109
0.559658081163
-0.289233767338
0.699857303122
0.670400567775
-0.246501184568
0.610176202190
0.767029026077
-0.198372063144
0.507836832097
0.852147159699
-0.126281313673
0.486988444053
0.832729297385
-0.263446716882
0.458358364441
0.795911038444
-0.395516407536
0.423179212369
0.741281094281
-0.520981471341
0.670973971484
0.635448255817
-0.382098735630
0.585747607467
0.739277472067
-0.332217638968
0.552894528844
0.694660875695
-0.460167260628
0.632489810723
0.581677735881
-0.511475953405
0.259085356366
0.795245039796
0.548142412878
0.154823112811
0.756517467491
0.635382660387
0.048828065376
0.702599475624
0.709908301743
-0.054248024310
0.619410098938
0.783191088555
-0.103792234019
0.713954597702
0.692456500133
-0.149357104358
0.795108714361
0.587787876470
-0.189273501066
0.862140925995
0.469987835500
0.107030214967
0.840975666489
0.530381430159
0.001580136549
0.790092821917
0.612985184099
-0.042228871705
0.863392414442
0.502762628960
0.062801375888
0.909785949517
0.410299297157
-0.449357323559
-0.357403384522
0.818743437529
-0.342187130529
-0.449348244350
0.825223680586
-0.228549467151
-0.531170732807
0.815857091453
-0.092754190827
-0.595611979254
0.797899135388
-0.199299588491
-0.654927806463
0.728937063366
-0.303208640582
-0.700023235753
0.646553934086
-0.404004014512
-0.729430170264
0.552007593215
-0.448247046303
-0.497795445845
0.742478470784
-0.333194217062
-0.583190892823
0.740857608616
-0.434068382608
-0.621222278569
0.652432003990
-0.550289338244
-0.530875049997
0.644479111768
0.837376180216
-0.437841655275
0.327254973550
0.881883844955
-0.307169223141
0.357670172593
0.908280364887
-0.171428742817
0.381626735039
0.909472402229
-0.023798119684
0.415082641270
0.955903217016
-0.059026791239
0.287688855562
0.983304284006
-0.095085478608
0.155149723860
0.990969306841
-0.132710755731
0.019175197857
0.912480165788
-0.343180220645
0.222726925182
0.945202823066
-0.206901929093
0.252553390405
0.962929889588
-0.242170135873
0.118826146236
0.921775250562
-0.378910899520
0.082200472480
0.449357323559
0.357403384522
0.818743437529
0.342187130529
0.449348244350
0.825223680586
0.228549467151
0.531170732807
0.815857091453
0.092754190827
0.595611979254
0.797899135388
0.199299588491
0.654927806463
0.728937063366
0.303208640582
0.700023235753
0.646553934086
0.404004014512
0.729430170264
0.552007593215
0.448247046303
0.497795445845
0.742478470784
0.333194217062
0.583190892823
0.740857608616
0.434068382608
0.621222278569
0.652432003990
0.550289338244
0.530875049997
0.644479111768
-0.018632742687
-0.068169617184
0.997499736438
-0.056660164369
-0.202847059782
0.977569790916
-0.092423273434
-0.332798669664
0.938457768894
-0.111573266840
-0.469330665580
0.875945279383
-0.226966153650
-0.391481089581
0.891756088624
-0.336750349920
-0.304506828217
0.890996517052
-0.438961713626
-0.208448698923
0.873991850012
-0.170001695005
-0.115696710215
0.978628476461
-0.204345214450
-0.250973253855
0.946179401161
-0.310497885598
-0.161055017941
0.936831011568
-0.277296138794
-0.019399096592
0.960588635401
0.018632742687
0.068169617184
0.997499736438
0.056660164369
0.202847059782
0.977569790916
0.092423273434
0.332798669664
0.938457768894
0.111573266840
0.469330665580
0.875945279383
0.226966153650
0.391481089581
0.891756088624
0.336750349920
0.304506828217
0.890996517052
0.438961713626
0.208448698923
0.873991850012
0.170001695005
0.115696710215
0.978628476461
0.204345214450
0.250973253855
0.946179401161
0.310497885598
0.161055017941
0.936831011568
0.277296138794
0.019399096592
0.960588635401
-0.327254973550
0.837376180216
0.437841655275
-0.357670172593
0.881883844955
0.307169223141
-0.381626735039
0.908280364887
0.171428742817
-0.415082641270
0.909472402229
0.023798119684
-0.287688855562
0.955903217016
0.059026791239
-0.155149723860
0.983304284006
0.095085478608
-0.019175197857
0.990969306841
0.132710755731
-0.222726925182
0.912480165788
0.343180220645
-0.252553390405
0.945202823066
0.206901929093
-0.118826146236
0.962929889588
0.242170135873
-0.082200472480
0.921775250562
0.378910899520
-0.548142412878
0.259085356366
-0.795245039796
-0.635382660387
0.154823112811
-0.756517467491
-0.709908301743
0.048828065376
-0.702599475624
-0.783191088555
-0.054248024310
-0.619410098938
-0.692456500133
-0.103792234019
-0.713954597702
-0.587787876470
-0.149357104358
-0.795108714361
-0.469987835500
-0.189273501066
-0.862140925995
-0.530381430159
0.107030214967
-0.840975666489
-0.612985184099
0.001580136549
-0.790092821917
-0.502762628960
-0.042228871705
-0.863392414442
-0.410299297157
0.062801375888
-0.909785949517
-0.818743437529
-0.449357323559
0.357403384522
-0.825223680586
-0.342187130529
0.449348244350
-0.815857091453
-0.228549467151
0.531170732807
-0.797899135388
-0.092754190827
0.595611979254
-0.728937063366
-0.199299588491
0.654927806463
-0.646553934086
-0.303208640582
0.700023235753
-0.552007593215
-0.404004014512
0.729430170264
-0.742478470784
-0.448247046303
0.497795445845
-0.740857608616
-0.333194217062
0.583190892823
-0.652432003990
-0.434068382608
0.621222278569
-0.644479111768
-0.550289338244
0.530875049997
-0.776612297109
0.559658081163
0.289233767338
-0.699857303122
0.670400567775
0.246501184568
-0.610176202190
0.767029026077
0.198372063144
-0.507836832097
0.852147159699
0.126281313673
-0.486988444053
0.832729297385
0.263446716882
-0.458358364441
0.795911038444
0.395516407536
-0.423179212369
0.741281094281
0.520981471341
-0.670973971484
0.635448255817
0.382098735630
-0.585747607467
0.739277472067
0.332217638968
-0.552894528844
0.694660875695
0.460167260628
-0.632489810723
0.581677735881
0.511475953405
-0.818743437529
0.449357323559
-0.357403384522
-0.825223680586
0.342187130529
-0.449348244350
-0.815857091453
0.228549467151
-0.531170732807
-0.797899135388
0.092754190827
-0.595611979254
-0.728937063366
0.199299588491
-0.654927806463
-0.646553934086
0.303208640582
-0.700023235753
-0.552007593215
0.404004014512
-0.729430170264
-0.742478470784
0.448247046303
-0.497795445845
-0.740857608616
0.333194217062
-0.583190892823
-0.652432003990
0.434068382608
-0.621222278569
-0.644479111768
0.550289338244
-0.530875049997
-0.327254973550
-0.837376180216
-0.437841655275
-0.357670172593
-0.881883844955
-0.307169223141
-0.381626735039
-0.908280364887
-0.171428742817
-0.415082641270
-0.909472402229
-0.023798119684
-0.287688855562
-0.955903217016
-0.059026791239
-0.155149723860
-0.983304284006
-0.095085478608
-0.019175197857
-0.990969306841
-0.132710755731
-0.222726925182
-0.912480165788
-0.343180220645
-0.252553390405
-0.945202823066
-0.206901929093
-0.118826146236
-0.962929889588
-0.242170135873
-0.082200472480
-0.921775250562
-0.378910899520
0.548142412878
0.259085356366
0.795245039796
0.635382660387
0.154823112811
0.756517467491
0.709908301743
0.048828065376
0.702599475624
0.783191088555
-0.054248024310
0.619410098938
0.692456500133
-0.103792234019
0.713954597702
0.587787876470
-0.149357104358
0.795108714361
0.469987835500
-0.189273501066
0.862140925995
0.530381430159
0.107030214967
0.840975666489
0.612985184099
0.001580136549
0.790092821917
0.502762628960
-0.042228871705
0.863392414442
0.410299297157
0.062801375888
0.909785949517
0.818743437529
-0.449357323559
-0.357403384522
0.825223680586
-0.342187130529
-0.449348244350
0.815857091453
-0.228549467151
-0.531170732807
0.797899135388
-0.092754190827
-0.595611979254
0.728937063366
-0.199299588491
-0.654927806463
0.646553934086
-0.303208640582
-0.700023235753
0.552007593215
-0.404004014512
-0.729430170264
0.742478470784
-0.448247046303
-0.497795445845
0.740857608616
-0.333194217062
-0.583190892823
0.652432003990
-0.434068382608
-0.621222278569
0.644479111768
-0.550289338244
-0.530875049997
0.327254973550
0.837376180216
-0.437841655275
0.357670172593
0.881883844955
-0.307169223141
0.381626735039
0.908280364887
-0.171428742817
0.415082641270
0.909472402229
-0.023798119684
0.287688855562
0.955903217016
-0.059026791239
0.155149723860
0.983304284006
-0.095085478608
0.019175197857
0.990969306841
-0.132710755731
0.222726925182
0.912480165788
-0.343180220645
0.252553390405
0.945202823066
-0.206901929093
0.118826146236
0.962929889588
-0.242170135873
0.082200472480
0.921775250562
-0.378910899520
0.818743437529
0.449357323559
0.357403384522
0.825223680586
0.342187130529
0.449348244350
0.815857091453
0.228549467151
0.531170732807
0.797899135388
0.092754190827
0.595611979254
0.728937063366
0.199299588491
0.654927806463
0.646553934086
0.303208640582
0.700023235753
0.552007593215
0.404004014512
0.729430170264
0.742478470784
0.448247046303
0.497795445845
0.740857608616
0.333194217062
0.583190892823
0.652432003990
0.434068382608
0.621222278569
0.644479111768
0.550289338244
0.530875049997
0.997499736438
-0.018632742687
-0.068169617184
0.977569790916
-0.056660164369
-0.202847059782
0.938457768894
-0.092423273434
-0.332798669664
0.875945279383
-0.111573266840
-0.469330665580
0.891756088624
-0.226966153650
-0.391481089581
0.890996517052
-0.336750349920
-0.304506828217
0.873991850012
-0.438961713626
-0.208448698923
0.978628476461
-0.170001695005
-0.115696710215
0.946179401161
-0.204345214450
-0.250973253855
0.936831011568
-0.310497885598
-0.161055017941
0.960588635401
-0.277296138794
-0.019399096592
-0.018632742687
0.068169617184
-0.997499736438
-0.056660164369
0.202847059782
-0.977569790916
-0.092423273434
0.332798669664
-0.938457768894
-0.111573266840
0.469330665580
-0.875945279383
-0.226966153650
0.391481089581
-0.891756088624
-0.336750349920
0.304506828217
-0.890996517052
-0.438961713626
0.208448698923
-0.873991850012
-0.170001695005
0.115696710215
-0.978628476461
-0.204345214450
0.250973253855
-0.946179401161
-0.310497885598
0.161055017941
-0.936831011568
-0.277296138794
0.019399096592
-0.960588635401
0.327254973550
-0.837376180216
0.437841655275
0.357670172593
-0.881883844955
0.307169223141
0.381626735039
-0.908280364887
0.171428742817
0.415082641270
-0.909472402229
0.023798119684
0.287688855562
-0.955903217016
0.059026791239
0.155149723860
-0.983304284006
0.095085478608
0.019175197857
-0.990969306841
0.132710755731
0.222726925182
-0.912480165788
0.343180220645
0.252553390405
-0.945202823066
0.206901929093
0.118826146236
-0.962929889588
0.242170135873
0.082200472480
-0.921775250562
0.378910899520
-0.837376180216
0.437841655275
0.327254973550
-0.881883844955
0.307169223141
0.357670172593
-0.908280364887
0.171428742817
0.381626735039
-0.909472402229
0.023798119684
0.415082641270
-0.955903217016
0.059026791239
0.287688855562
-0.983304284006
0.095085478608
0.155149723860
-0.990969306841
0.132710755731
0.019175197857
-0.912480165788
0.343180220645
0.222726925182
-0.945202823066
0.206901929093
0.252553390405
-0.962929889588
0.242170135873
0.118826146236
-0.921775250562
0.378910899520
0.082200472480
-0.259085356366
-0.795245039796
0.548142412878
-0.154823112811
-0.756517467491
0.635382660387
-0.048828065376
-0.702599475624
0.709908301743
0.054248024310
-0.619410098938
0.783191088555
0.103792234019
-0.713954597702
0.692456500133
0.149357104358
-0.795108714361
0.587787876470
0.189273501066
-0.862140925995
0.469987835500
-0.107030214967
-0.840975666489
0.530381430159
-0.001580136549
-0.790092821917
0.612985184099
0.042228871705
-0.863392414442
0.502762628960
-0.062801375888
-0.909785949517
0.410299297157
-0.559658081163
0.289233767338
0.776612297109
-0.670400567775
0.246501184568
0.699857303122
-0.767029026077
0.198372063144
0.610176202190
-0.852147159699
0.126281313673
0.507836832097
-0.832729297385
0.263446716882
0.486988444053
-0.795911038444
0.395516407536
0.458358364441
-0.741281094281
0.520981471341
0.423179212369
-0.635448255817
0.382098735630
0.670973971484
-0.739277472067
0.332217638968
0.585747607467
-0.694660875695
0.460167260628
0.552894528844
-0.581677735881
0.511475953405
0.632489810723
-0.776612297109
-0.559658081163
-0.289233767338
-0.699857303122
-0.670400567775
-0.246501184568
-0.610176202190
-0.767029026077
-0.198372063144
-0.507836832097
-0.852147159699
-0.126281313673
-0.486988444053
-0.832729297385
-0.263446716882
-0.458358364441
-0.795911038444
-0.395516407536
-0.423179212369
-0.741281094281
-0.520981471341
-0.670973971484
-0.635448255817
-0.382098735630
-0.585747607467
-0.739277472067
-0.332217638968
-0.552894528844
-0.694660875695
-0.460167260628
-0.632489810723
-0.581677735881
-0.511475953405
0.289233767338
-0.776612297109
0.559658081163
0.246501184568
-0.699857303122
0.670400567775
0.198372063144
-0.610176202190
0.767029026077
0.126281313673
-0.507836832097
0.852147159699
0.263446716882
-0.486988444053
0.832729297385
0.395516407536
-0.458358364441
0.795911038444
0.520981471341
-0.423179212369
0.741281094281
0.382098735630
-0.670973971484
0.635448255817
0.332217638968
-0.585747607467
0.739277472067
0.460167260628
-0.552894528844
0.694660875695
0.511475953405
-0.632489810723
0.581677735881
-0.548142412878
-0.259085356366
0.795245039796
-0.635382660387
-0.154823112811
0.756517467491
-0.709908301743
-0.048828065376
0.702599475624
-0.783191088555
0.054248024310
0.619410098938
-0.692456500133
0.103792234019
0.713954597702
-0.587787876470
0.149357104358
0.795108714361
-0.469987835500
0.189273501066
0.862140925995
-0.530381430159
-0.107030214967
0.840975666489
-0.612985184099
-0.001580136549
0.790092821917
-0.502762628960
0.042228871705
0.863392414442
-0.410299297157
-0.062801375888
0.909785949517
0.068169617184
-0.997499736438
-0.018632742687
0.202847059782
-0.977569790916
-0.056660164369
0.332798669664
-0.938457768894
-0.092423273434
0.469330665580
-0.875945279383
-0.111573266840
0.391481089581
-0.891756088624
-0.226966153650
0.304506828217
-0.890996517052
-0.336750349920
0.208448698923
-0.873991850012
-0.438961713626
0.115696710215
-0.978628476461
-0.170001695005
0.250973253855
-0.946179401161
-0.204345214450
0.161055017941
-0.936831011568
-0.310497885598
0.019399096592
-0.960588635401
-0.277296138794
0.997499736438
0.018632742687
0.068169617184
0.977569790916
0.056660164369
0.202847059782
0.938457768894
0.092423273434
0.332798669664
0.875945279383
0.111573266840
0.469330665580
0.891756088624
0.226966153650
0.391481089581
0.890996517052
0.336750349920
0.304506828217
0.873991850012
0.438961713626
0.208448698923
0.978628476461
0.170001695005
0.115696710215
0.946179401161
0.204345214450
0.250973253855
0.936831011568
0.310497885598
0.161055017941
0.960588635401
0.277296138794
0.019399096592
0.437841655275
-0.327254973550
0.837376180216
0.307169223141
-0.357670172593
0.881883844955
0.171428742817
-0.381626735039
0.908280364887
0.023798119684
-0.415082641270
0.909472402229
0.059026791239
-0.287688855562
0.955903217016
0.095085478608
-0.155149723860
0.983304284006
0.132710755731
-0.019175197857
0.990969306841
0.343180220645
-0.222726925182
0.912480165788
0.206901929093
-0.252553390405
0.945202823066
0.242170135873
-0.118826146236
0.962929889588
0.378910899520
-0.082200472480
0.921775250562
0.548142412878
-0.259085356366
-0.795245039796
0.635382660387
-0.154823112811
-0.756517467491
0.709908301743
-0.048828065376
-0.702599475624
0.783191088555
0.054248024310
-0.619410098938
0.692456500133
0.103792234019
-0.713954597702
0.587787876470
0.149357104358
-0.795108714361
0.469987835500
0.189273501066
-0.862140925995
0.530381430159
-0.107030214967
-0.840975666489
0.612985184099
-0.001580136549
-0.790092821917
0.502762628960
0.042228871705
-0.863392414442
0.410299297157
-0.062801375888
-0.909785949517
-0.795245039796
-0.548142412878
0.259085356366
-0.756517467491
-0.635382660387
0.154823112811
-0.702599475624
-0.709908301743
0.048828065376
-0.619410098938
-0.783191088555
-0.054248024310
-0.713954597702
-0.692456500133
-0.103792234019
-0.795108714361
-0.587787876470
-0.149357104358
-0.862140925995
-0.469987835500
-0.189273501066
-0.840975666489
-0.530381430159
0.107030214967
-0.790092821917
-0.612985184099
0.001580136549
-0.863392414442
-0.502762628960
-0.042228871705
-0.909785949517
-0.410299297157
0.062801375888
0.776612297109
-0.559658081163
0.289233767338
0.699857303122
-0.670400567775
0.246501184568
0.610176202190
-0.767029026077
0.198372063144
0.507836832097
-0.852147159699
0.126281313673
0.486988444053
-0.832729297385
0.263446716882
0.458358364441
-0.795911038444
0.395516407536
0.423179212369
-0.741281094281
0.520981471341
0.670973971484
-0.635448255817
0.382098735630
0.585747607467
-0.739277472067
0.332217638968
0.552894528844
-0.694660875695
0.460167260628
0.632489810723
-0.581677735881
0.511475953405
-0.289233767338
-0.776612297109
-0.559658081163
-0.246501184568
-0.699857303122
-0.670400567775
-0.198372063144
-0.610176202190
-0.767029026077
-0.126281313673
-0.507836832097
-0.852147159699
-0.263446716882
-0.486988444053
-0.832729297385
-0.395516407536
-0.458358364441
-0.795911038444
-0.520981471341
-0.423179212369
-0.741281094281
-0.382098735630
-0.670973971484
-0.635448255817
-0.332217638968
-0.585747607467
-0.739277472067
-0.460167260628
-0.552894528844
-0.694660875695
-0.511475953405
-0.632489810723
-0.581677735881
0.289233767338
0.776612297109
-0.559658081163
0.246501184568
0.699857303122
-0.670400567775
0.198372063144
0.610176202190
-0.767029026077
0.126281313673
0.507836832097
-0.852147159699
0.263446716882
0.486988444053
-0.832729297385
0.395516407536
0.458358364441
-0.795911038444
0.520981471341
0.423179212369
-0.741281094281
0.382098735630
0.670973971484
-0.635448255817
0.332217638968
0.585747607467
-0.739277472067
0.460167260628
0.552894528844
-0.694660875695
0.511475953405
0.632489810723
-0.581677735881
-0.559658081163
-0.289233767338
-0.776612297109
-0.670400567775
-0.246501184568
-0.699857303122
-0.767029026077
-0.198372063144
-0.610176202190
-0.852147159699
-0.126281313673
-0.507836832097
-0.832729297385
-0.263446716882
-0.486988444053
-0.795911038444
-0.395516407536
-0.458358364441
-0.741281094281
-0.520981471341
-0.423179212369
-0.635448255817
-0.382098735630
-0.670973971484
-0.739277472067
-0.332217638968
-0.585747607467
-0.694660875695
-0.460167260628
-0.552894528844
-0.581677735881
-0.511475953405
-0.632489810723
-0.795245039796
0.548142412878
-0.259085356366
-0.756517467491
0.635382660387
-0.154823112811
-0.702599475624
0.709908301743
-0.048828065376
-0.619410098938
0.783191088555
0.054248024310
-0.713954597702
0.692456500133
0.103792234019
-0.795108714361
0.587787876470
0.149357104358
-0.862140925995
0.469987835500
0.189273501066
-0.840975666489
0.530381430159
-0.107030214967
-0.790092821917
0.612985184099
-0.001580136549
-0.863392414442
0.502762628960
0.042228871705
-0.909785949517
0.410299297157
-0.062801375888
-0.259085356366
0.795245039796
-0.548142412878
-0.154823112811
0.756517467491
-0.635382660387
-0.048828065376
0.702599475624
-0.709908301743
0.054248024310
0.619410098938
-0.783191088555
0.103792234019
0.713954597702
-0.692456500133
0.149357104358
0.795108714361
-0.587787876470
0.189273501066
0.862140925995
-0.469987835500
-0.107030214967
0.840975666489
-0.530381430159
-0.001580136549
0.790092821917
-0.612985184099
0.042228871705
0.863392414442
-0.502762628960
-0.062801375888
0.909785949517
-0.410299297157
0.449357323559
-0.357403384522
-0.818743437529
0.342187130529
-0.449348244350
-0.825223680586
0.228549467151
-0.531170732807
-0.815857091453
0.092754190827
-0.595611979254
-0.797899135388
0.199299588491
-0.654927806463
-0.728937063366
0.303208640582
-0.700023235753
-0.646553934086
0.404004014512
-0.729430170264
-0.552007593215
0.448247046303
-0.497795445845
-0.742478470784
0.333194217062
-0.583190892823
-0.740857608616
0.434068382608
-0.621222278569
-0.652432003990
0.550289338244
-0.530875049997
-0.644479111768
-0.837376180216
-0.437841655275
-0.327254973550
-0.881883844955
-0.307169223141
-0.357670172593
-0.908280364887
-0.171428742817
-0.381626735039
-0.909472402229
-0.023798119684
-0.415082641270
-0.955903217016
-0.059026791239
-0.287688855562
-0.983304284006
-0.095085478608
-0.155149723860
-0.990969306841
-0.132710755731
-0.019175197857
-0.912480165788
-0.343180220645
-0.222726925182
-0.945202823066
-0.206901929093
-0.252553390405
-0.962929889588
-0.242170135873
-0.118826146236
-0.921775250562
-0.378910899520
-0.082200472480
-0.449357323559
0.357403384522
-0.818743437529
-0.342187130529
0.449348244350
-0.825223680586
-0.228549467151
0.531170732807
-0.815857091453
-0.092754190827
0.595611979254
-0.797899135388
-0.199299588491
0.654927806463
-0.728937063366
-0.303208640582
0.700023235753
-0.646553934086
-0.404004014512
0.729430170264
-0.552007593215
-0.448247046303
0.497795445845
-0.742478470784
-0.333194217062
0.583190892823
-0.740857608616
-0.434068382608
0.621222278569
-0.652432003990
-0.550289338244
0.530875049997
-0.644479111768
0.837376180216
0.437841655275
-0.327254973550
0.881883844955
0.307169223141
-0.357670172593
0.908280364887
0.171428742817
-0.381626735039
0.909472402229
0.023798119684
-0.415082641270
0.955903217016
0.059026791239
-0.287688855562
0.983304284006
0.095085478608
-0.155149723860
0.990969306841
0.132710755731
-0.019175197857
0.912480165788
0.343180220645
-0.222726925182
0.945202823066
0.206901929093
-0.252553390405
0.962929889588
0.242170135873
-0.118826146236
0.921775250562
0.378910899520
-0.082200472480
0.259085356366
-0.795245039796
-0.548142412878
0.154823112811
-0.756517467491
-0.635382660387
0.048828065376
-0.702599475624
-0.709908301743
-0.054248024310
-0.619410098938
-0.783191088555
-0.103792234019
-0.713954597702
-0.692456500133
-0.149357104358
-0.795108714361
-0.587787876470
-0.189273501066
-0.862140925995
-0.469987835500
0.107030214967
-0.840975666489
-0.530381430159
0.001580136549
-0.790092821917
-0.612985184099
-0.042228871705
-0.863392414442
-0.502762628960
0.062801375888
-0.909785949517
-0.410299297157
0.559658081163
0.289233767338
-0.776612297109
0.670400567775
0.246501184568
-0.699857303122
0.767029026077
0.198372063144
-0.610176202190
0.852147159699
0.126281313673
-0.507836832097
0.832729297385
0.263446716882
-0.486988444053
0.795911038444
0.395516407536
-0.458358364441
0.741281094281
0.520981471341
-0.423179212369
0.635448255817
0.382098735630
-0.670973971484
0.739277472067
0.332217638968
-0.585747607467
0.694660875695
0.460167260628
-0.552894528844
0.581677735881
0.511475953405
-0.632489810723
-0.997499736438
0.018632742687
-0.068169617184
-0.977569790916
0.056660164369
-0.202847059782
-0.938457768894
0.092423273434
-0.332798669664
-0.875945279383
0.111573266840
-0.469330665580
-0.891756088624
0.226966153650
-0.391481089581
-0.890996517052
0.336750349920
-0.304506828217
-0.873991850012
0.438961713626
-0.208448698923
-0.978628476461
0.170001695005
-0.115696710215
-0.946179401161
0.204345214450
-0.250973253855
-0.936831011568
0.310497885598
-0.161055017941
-0.960588635401
0.277296138794
-0.019399096592
0.018632742687
-0.068169617184
-0.997499736438
0.056660164369
-0.202847059782
-0.977569790916
0.092423273434
-0.332798669664
-0.938457768894
0.111573266840
-0.469330665580
-0.875945279383
0.226966153650
-0.391481089581
-0.891756088624
0.336750349920
-0.304506828217
-0.890996517052
0.438961713626
-0.208448698923
-0.873991850012
0.170001695005
-0.115696710215
-0.978628476461
0.204345214450
-0.250973253855
-0.946179401161
0.310497885598
-0.161055017941
-0.936831011568
0.277296138794
-0.019399096592
-0.960588635401
0.357403384522
-0.818743437529
-0.449357323559
0.449348244350
-0.825223680586
-0.342187130529
0.531170732807
-0.815857091453
-0.228549467151
0.595611979254
-0.797899135388
-0.092754190827
0.654927806463
-0.728937063366
-0.199299588491
0.700023235753
-0.646553934086
-0.303208640582
0.729430170264
-0.552007593215
-0.404004014512
0.497795445845
-0.742478470784
-0.448247046303
0.583190892823
-0.740857608616
-0.333194217062
0.621222278569
-0.652432003990
-0.434068382608
0.530875049997
-0.644479111768
-0.550289338244
-0.357403384522
-0.818743437529
0.449357323559
-0.449348244350
-0.825223680586
0.342187130529
-0.531170732807
-0.815857091453
0.228549467151
-0.595611979254
-0.797899135388
0.092754190827
-0.654927806463
-0.728937063366
0.199299588491
-0.700023235753
-0.646553934086
0.303208640582
-0.729430170264
-0.552007593215
0.404004014512
-0.497795445845
-0.742478470784
0.448247046303
-0.583190892823
-0.740857608616
0.333194217062
-0.621222278569
-0.652432003990
0.434068382608
-0.530875049997
-0.644479111768
0.550289338244
-0.068169617184
-0.997499736438
0.018632742687
-0.202847059782
-0.977569790916
0.056660164369
-0.332798669664
-0.938457768894
0.092423273434
-0.469330665580
-0.875945279383
0.111573266840
-0.391481089581
-0.891756088624
0.226966153650
-0.304506828217
-0.890996517052
0.336750349920
-0.208448698923
-0.873991850012
0.438961713626
-0.115696710215
-0.978628476461
0.170001695005
-0.250973253855
-0.946179401161
0.204345214450
-0.161055017941
-0.936831011568
0.310497885598
-0.019399096592
-0.960588635401
0.277296138794
0.068169617184
0.997499736438
0.018632742687
0.202847059782
0.977569790916
0.056660164369
0.332798669664
0.938457768894
0.092423273434
0.469330665580
0.875945279383
0.111573266840
0.391481089581
0.891756088624
0.226966153650
0.304506828217
0.890996517052
0.336750349920
0.208448698923
0.873991850012
0.438961713626
0.115696710215
0.978628476461
0.170001695005
0.250973253855
0.946179401161
0.204345214450
0.161055017941
0.936831011568
0.310497885598
0.019399096592
0.960588635401
0.277296138794
-0.437841655275
-0.327254973550
-0.837376180216
-0.307169223141
-0.357670172593
-0.881883844955
-0.171428742817
-0.381626735039
-0.908280364887
-0.023798119684
-0.415082641270
-0.909472402229
-0.059026791239
-0.287688855562
-0.955903217016
-0.095085478608
-0.155149723860
-0.983304284006
-0.132710755731
-0.019175197857
-0.990969306841
-0.343180220645
-0.222726925182
-0.912480165788
-0.206901929093
-0.252553390405
-0.945202823066
-0.242170135873
-0.118826146236
-0.962929889588
-0.378910899520
-0.082200472480
-0.921775250562
0.795245039796
-0.548142412878
-0.259085356366
0.756517467491
-0.635382660387
-0.154823112811
0.702599475624
-0.709908301743
-0.048828065376
0.619410098938
-0.783191088555
0.054248024310
0.713954597702
-0.692456500133
0.103792234019
0.795108714361
-0.587787876470
0.149357104358
0.862140925995
-0.469987835500
0.189273501066
0.840975666489
-0.530381430159
-0.107030214967
0.790092821917
-0.612985184099
-0.001580136549
0.863392414442
-0.502762628960
0.042228871705
0.909785949517
-0.410299297157
-0.062801375888
