0.488928105216
0.854085031431
0.177448772931
0.558722174261
0.824636114761
0.088344836979
0.435451935511
0.829125099350
0.350618284589
0.516063511837
0.811690824106
0.273562529985
0.589788376819
0.785924686119
0.185666524494
0.773983617313
0.574502122123
0.266264289395
0.361572086345
0.778424583841
0.513147925697
0.452597546391
0.773739767727
0.443263164316
0.536775772925
0.760231054854
0.365951517057
0.613786800299
0.738307161722
0.279585941579
0.680316728074
0.710094127804
0.181481346592
0.699842810165
0.658855272457
0.275916239130
0.710015007295
0.599511750508
0.369410815244
0.461915149353
0.709562022705
0.532124168529
0.549249674659
0.699880286586
0.456609657515
0.629277466796
0.682227090467
0.372258064809
0.635544197168
0.617597925942
0.463310236577
0.552417004015
0.630754983984
0.544962020561
0.525731112119
0.850650808352
0.000000000000
0.000000000000
0.525731112119
-0.850650808352
-0.525731112119
0.850650808352
0.000000000000
0.000000000000
0.525731112119
0.850650808352
0.850650808352
-0.000000000000
0.525731112119
-0.850650808352
-0.000000000000
0.525731112119
-0.000000000000
-0.525731112119
0.850650808352
-0.850650808352
-0.000000000000
-0.525731112119
-0.525731112119
-0.850650808352
0.000000000000
0.850650808352
-0.000000000000
-0.525731112119
0.525731112119
-0.850650808352
0.000000000000
0.000000000000
-0.525731112119
-0.850650808352
0.163021809677
0.451157825064
-0.877428348330
0.046937960987
0.450317565547
-0.891633847483
0.322143929177
0.360905105236
-0.875197574213
0.214111238690
0.360418010553
-0.907885034096
0.098177269502
0.360738533600
-0.927485274346
0.005951445500
0.092475744287
-0.995697151254
0.474905774591
0.261452834946
-0.840301684134
0.371407397167
0.264476705709
-0.890004841260
0.262597425555
0.266191248497
-0.927461487780
0.147445838017
0.267839517897
-0.952114340562
0.026094282615
0.273508113171
-0.961515678730
0.076896997421
0.178803670954
-0.980875169958
0.129111443025
0.080903083351
-0.988324302233
0.418806644360
0.165246019557
-0.892913628332
0.311055037978
0.168182733494
-0.935392608215
0.197344132303
0.171346846389
-0.965243778368
0.247902011282
0.071598141888
-0.966135755927
0.359589043253
0.067104248827
-0.930694761864
-0.488928105216
0.854085031431
-0.177448772931
-0.558722174261
0.824636114761
-0.088344836979
-0.435451935511
0.829125099350
-0.350618284589
-0.516063511837
0.811690824106
-0.273562529985
-0.589788376819
0.785924686119
-0.185666524494
-0.773983617313
0.574502122123
-0.266264289395
-0.361572086345
0.778424583841
-0.513147925697
-0.452597546391
0.773739767727
-0.443263164316
-0.536775772925
0.760231054854
-0.365951517057
-0.613786800299
0.738307161722
-0.279585941579
-0.680316728074
0.710094127804
-0.181481346592
-0.699842810165
0.658855272457
-0.275916239130
-0.710015007295
0.599511750508
-0.369410815244
-0.461915149353
0.709562022705
-0.532124168529
-0.549249674659
0.699880286586
-0.456609657515
-0.629277466796
0.682227090467
-0.372258064809
-0.635544197168
0.617597925942
-0.463310236577
-0.552417004015
0.630754983984
-0.544962020561
-0.163021809677
0.451157825064
0.877428348330
-0.046937960987
0.450317565547
0.891633847483
-0.322143929177
0.360905105236
0.875197574213
-0.214111238690
0.360418010553
0.907885034096
-0.098177269502
0.360738533600
0.927485274346
-0.005951445500
0.092475744287
0.995697151254
-0.474905774591
0.261452834946
0.840301684134
-0.371407397167
0.264476705709
0.890004841260
-0.262597425555
0.266191248497
0.927461487780
-0.147445838017
0.267839517897
0.952114340562
-0.026094282615
0.273508113171
0.961515678730
-0.076896997421
0.178803670954
0.980875169958
-0.129111443025
0.080903083351
0.988324302233
-0.418806644360
0.165246019557
0.892913628332
-0.311055037978
0.168182733494
0.935392608215
-0.197344132303
0.171346846389
0.965243778368
-0.247902011282
0.071598141888
0.966135755927
-0.359589043253
0.067104248827
0.930694761864
0.651949914894
0.753332012143
0.086326056035
0.605660135248
0.795626859508
-0.012397620739
0.757595864688
0.630029201849
0.170621542089
0.730174750528
0.679362801222
0.072876731590
0.687965646321
0.725247796644
-0.026812365517
0.779935062813
0.570823926522
-0.256634648294
0.836477860936
0.484916673690
0.255265759044
0.824004943559
0.544197372604
0.157686627974
0.799373198481
0.597936920502
0.058940042849
0.761232638316
0.647180622328
-0.041013564167
0.706411010689
0.693966974236
-0.139259910409
0.776739807586
0.611330314418
-0.151494283671
0.839126450320
0.519716490382
-0.160504112092
0.880721793713
0.450725281776
0.145519216759
0.860304712638
0.507637700743
0.046687966306
0.826621599099
0.560261709223
-0.052948551263
0.883446208450
0.464386057091
-0.062196356444
0.912006047268
0.408516733271
0.036865273404
-0.364831769030
0.930780785074
-0.023343316899
-0.462715186286
0.883971696487
-0.066997732722
-0.190283563147
0.980647486437
-0.046072474864
-0.287541278964
0.952925331207
-0.096194209990
-0.387550899117
0.910914321138
-0.141560588227
-0.349110392581
0.837088215917
-0.421195029131
-0.006187075901
0.998064599388
-0.061877100293
-0.106790077735
0.987460536920
-0.116265073534
-0.207251205648
0.963888437559
-0.167230432927
-0.308853082065
0.926766563907
-0.213807178840
-0.412768023580
0.875448320828
-0.251421550926
-0.330297954625
0.887246553549
-0.322019897501
-0.241407195444
0.889127305626
-0.388812551725
-0.019726802798
0.982849450305
-0.183351605627
-0.121494767187
0.964247358258
-0.235512321629
-0.224295397651
0.932519774033
-0.283016687901
-0.133794498332
0.927696293668
-0.348537829985
-0.030238975422
0.953478753833
-0.299939777880
-0.124096336187
0.628606597995
0.767758975397
-0.096006987975
0.538662402526
0.837033735500
-0.245168372364
0.711523389825
0.658503557260
-0.228522232874
0.633980540538
0.738814092517
-0.202237477702
0.546405058094
0.812737051636
-0.424873224732
0.358740033682
0.831136770417
-0.355385010444
0.774600760643
0.523158824797
-0.345807468656
0.707739870025
0.616053139752
-0.329524567278
0.632142765554
0.701291012004
-0.304933718234
0.547425459476
0.779320725890
-0.267548704495
0.454989459763
0.849354038213
-0.369544855540
0.454719910084
0.810349556128
-0.468607811851
0.450313898595
0.760015862601
-0.442188346556
0.697370188086
0.564042805945
-0.427754907472
0.624792391008
0.653192320279
-0.404982069145
0.543604911198
0.735175641730
-0.501749698836
0.534908378465
0.679794282386
-0.522178028593
0.612066269388
0.593889710580
0.767758975397
-0.124096336187
0.628606597995
0.837033735500
-0.096006987975
0.538662402526
0.658503557260
-0.245168372364
0.711523389825
0.738814092517
-0.228522232874
0.633980540538
0.812737051636
-0.202237477702
0.546405058094
0.831136770417
-0.424873224732
0.358740033682
0.523158824797
-0.355385010444
0.774600760643
0.616053139752
-0.345807468656
0.707739870025
0.701291012004
-0.329524567278
0.632142765554
0.779320725890
-0.304933718234
0.547425459476
0.849354038213
-0.267548704495
0.454989459763
0.810349556128
-0.369544855540
0.454719910084
0.760015862601
-0.468607811851
0.450313898595
0.564042805945
-0.442188346556
0.697370188086
0.653192320279
-0.427754907472
0.624792391008
0.735175641730
-0.404982069145
0.543604911198
0.679794282386
-0.501749698836
0.534908378465
0.593889710580
-0.522178028593
0.612066269388
-0.930780785074
-0.023343316899
0.364831769030
-0.883971696487
-0.066997732722
0.462715186286
-0.980647486437
-0.046072474864
0.190283563147
-0.952925331207
-0.096194209990
0.287541278964
-0.910914321138
-0.141560588227
0.387550899117
-0.837088215917
-0.421195029131
0.349110392581
-0.998064599388
-0.061877100293
0.006187075901
-0.987460536920
-0.116265073534
0.106790077735
-0.963888437559
-0.167230432927
0.207251205648
-0.926766563907
-0.213807178840
0.308853082065
-0.875448320828
-0.251421550926
0.412768023580
-0.887246553549
-0.322019897501
0.330297954625
-0.889127305626
-0.388812551725
0.241407195444
-0.982849450305
-0.183351605627
0.019726802798
-0.964247358258
-0.235512321629
0.121494767187
-0.932519774033
-0.283016687901
0.224295397651
-0.927696293668
-0.348537829985
0.133794498332
-0.953478753833
-0.299939777880
0.030238975422
0.628606597995
0.767758975397
-0.124096336187
0.538662402526
0.837033735500
-0.096006987975
0.711523389825
0.658503557260
-0.245168372364
0.633980540538
0.738814092517
-0.228522232874
0.546405058094
0.812737051636
-0.202237477702
0.358740033682
0.831136770417
-0.424873224732
0.774600760643
0.523158824797
-0.355385010444
0.707739870025
0.616053139752
-0.345807468656
0.632142765554
0.701291012004
-0.329524567278
0.547425459476
0.779320725890
-0.304933718234
0.454989459763
0.849354038213
-0.267548704495
0.454719910084
0.810349556128
-0.369544855540
0.450313898595
0.760015862601
-0.468607811851
0.697370188086
0.564042805945
-0.442188346556
0.624792391008
0.653192320279
-0.427754907472
0.543604911198
0.735175641730
-0.404982069145
0.534908378465
0.679794282386
-0.501749698836
0.612066269388
0.593889710580
-0.522178028593
0.086326056035
0.651949914894
0.753332012143
-0.012397620739
0.605660135248
0.795626859508
0.170621542089
0.757595864688
0.630029201849
0.072876731590
0.730174750528
0.679362801222
-0.026812365517
0.687965646321
0.725247796644
-0.256634648294
0.779935062813
0.570823926522
0.255265759044
0.836477860936
0.484916673690
0.157686627974
0.824004943559
0.544197372604
0.058940042849
0.799373198481
0.597936920502
-0.041013564167
0.761232638316
0.647180622328
-0.139259910409
0.706411010689
0.693966974236
-0.151494283671
0.776739807586
0.611330314418
-0.160504112092
0.839126450320
0.519716490382
0.145519216759
0.880721793713
0.450725281776
0.046687966306
0.860304712638
0.507637700743
-0.052948551263
0.826621599099
0.560261709223
-0.062196356444
0.883446208450
0.464386057091
0.036865273404
0.912006047268
0.408516733271
-0.177448772931
-0.488928105216
0.854085031431
-0.088344836979
-0.558722174261
0.824636114761
-0.350618284589
-0.435451935511
0.829125099350
-0.273562529985
-0.516063511837
0.811690824106
-0.185666524494
-0.589788376819
0.785924686119
-0.266264289395
-0.773983617313
0.574502122123
-0.513147925697
-0.361572086345
0.778424583841
-0.443263164316
-0.452597546391
0.773739767727
-0.365951517057
-0.536775772925
0.760231054854
-0.279585941579
-0.613786800299
0.738307161722
-0.181481346592
-0.680316728074
0.710094127804
-0.275916239130
-0.699842810165
0.658855272457
-0.369410815244
-0.710015007295
0.599511750508
-0.532124168529
-0.461915149353
0.709562022705
-0.456609657515
-0.549249674659
0.699880286586
-0.372258064809
-0.629277466796
0.682227090467
-0.463310236577
-0.635544197168
0.617597925942
-0.544962020561
-0.552417004015
0.630754983984
0.877428348330
-0.163021809677
0.451157825064
0.891633847483
-0.046937960987
0.450317565547
0.875197574213
-0.322143929177
0.360905105236
0.907885034096
-0.214111238690
0.360418010553
0.927485274346
-0.098177269502
0.360738533600
0.995697151254
-0.005951445500
0.092475744287
0.840301684134
-0.474905774591
0.261452834946
0.890004841260
-0.371407397167
0.264476705709
0.927461487780
-0.262597425555
0.266191248497
0.952114340562
-0.147445838017
0.267839517897
0.961515678730
-0.026094282615
0.273508113171
0.980875169958
-0.076896997421
0.178803670954
0.988324302233
-0.129111443025
0.080903083351
0.892913628332
-0.418806644360
0.165246019557
0.935392608215
-0.311055037978
0.168182733494
0.965243778368
-0.197344132303
0.171346846389
0.966135755927
-0.247902011282
0.071598141888
0.930694761864
-0.359589043253
0.067104248827
0.177448772931
0.488928105216
0.854085031431
0.088344836979
0.558722174261
0.824636114761
0.350618284589
0.435451935511
0.829125099350
0.273562529985
0.516063511837
0.811690824106
0.185666524494
0.589788376819
0.785924686119
0.266264289395
0.773983617313
0.574502122123
0.513147925697
0.361572086345
0.778424583841
0.443263164316
0.452597546391
0.773739767727
0.365951517057
0.536775772925
0.760231054854
0.279585941579
0.613786800299
0.738307161722
0.181481346592
0.680316728074
0.710094127804
0.275916239130
0.699842810165
0.658855272457
0.369410815244
0.710015007295
0.599511750508
0.532124168529
0.461915149353
0.709562022705
0.456609657515
0.549249674659
0.699880286586
0.372258064809
0.629277466796
0.682227090467
0.463310236577
0.635544197168
0.617597925942
0.544962020561
0.552417004015
0.630754983984
-0.023343316899
-0.364831769030
0.930780785074
-0.066997732722
-0.462715186286
0.883971696487
-0.046072474864
-0.190283563147
0.980647486437
-0.096194209990
-0.287541278964
0.952925331207
-0.141560588227
-0.387550899117
0.910914321138
-0.421195029131
-0.349110392581
0.837088215917
-0.061877100293
-0.006187075901
0.998064599388
-0.116265073534
-0.106790077735
0.987460536920
-0.167230432927
-0.207251205648
0.963888437559
-0.213807178840
-0.308853082065
0.926766563907
-0.251421550926
-0.412768023580
0.875448320828
-0.322019897501
-0.330297954625
0.887246553549
-0.388812551725
-0.241407195444
0.889127305626
-0.183351605627
-0.019726802798
0.982849450305
-0.235512321629
-0.121494767187
0.964247358258
-0.283016687901
-0.224295397651
0.932519774033
-0.348537829985
-0.133794498332
0.927696293668
-0.299939777880
-0.030238975422
0.953478753833
0.023343316899
0.364831769030
0.930780785074
0.066997732722
0.462715186286
0.883971696487
0.046072474864
0.190283563147
0.980647486437
0.096194209990
0.287541278964
0.952925331207
0.141560588227
0.387550899117
0.910914321138
0.421195029131
0.349110392581
0.837088215917
0.061877100293
0.006187075901
0.998064599388
0.116265073534
0.106790077735
0.987460536920
0.167230432927
0.207251205648
0.963888437559
0.213807178840
0.308853082065
0.926766563907
0.251421550926
0.412768023580
0.875448320828
0.322019897501
0.330297954625
0.887246553549
0.388812551725
0.241407195444
0.889127305626
0.183351605627
0.019726802798
0.982849450305
0.235512321629
0.121494767187
0.964247358258
0.283016687901
0.224295397651
0.932519774033
0.348537829985
0.133794498332
0.927696293668
0.299939777880
0.030238975422
0.953478753833
-0.451157825064
0.877428348330
0.163021809677
-0.450317565547
0.891633847483
0.046937960987
-0.360905105236
0.875197574213
0.322143929177
-0.360418010553
0.907885034096
0.214111238690
-0.360738533600
0.927485274346
0.098177269502
-0.092475744287
0.995697151254
0.005951445500
-0.261452834946
0.840301684134
0.474905774591
-0.264476705709
0.890004841260
0.371407397167
-0.266191248497
0.927461487780
0.262597425555
-0.267839517897
0.952114340562
0.147445838017
-0.273508113171
0.961515678730
0.026094282615
-0.178803670954
0.980875169958
0.076896997421
-0.080903083351
0.988324302233
0.129111443025
-0.165246019557
0.892913628332
0.418806644360
-0.168182733494
0.935392608215
0.311055037978
-0.171346846389
0.965243778368
0.197344132303
-0.071598141888
0.966135755927
0.247902011282
-0.067104248827
0.930694761864
0.359589043253
-0.753332012143
0.086326056035
-0.651949914894
-0.795626859508
-0.012397620739
-0.605660135248
-0.630029201849
0.170621542089
-0.757595864688
-0.679362801222
0.072876731590
-0.730174750528
-0.725247796644
-0.026812365517
-0.687965646321
-0.570823926522
-0.256634648294
-0.779935062813
-0.484916673690
0.255265759044
-0.836477860936
-0.544197372604
0.157686627974
-0.824004943559
-0.597936920502
0.058940042849
-0.799373198481
-0.647180622328
-0.041013564167
-0.761232638316
-0.693966974236
-0.139259910409
-0.706411010689
-0.611330314418
-0.151494283671
-0.776739807586
-0.519716490382
-0.160504112092
-0.839126450320
-0.450725281776
0.145519216759
-0.880721793713
-0.507637700743
0.046687966306
-0.860304712638
-0.560261709223
-0.052948551263
-0.826621599099
-0.464386057091
-0.062196356444
-0.883446208450
-0.408516733271
0.036865273404
-0.912006047268
-0.854085031431
-0.177448772931
0.488928105216
-0.824636114761
-0.088344836979
0.558722174261
-0.829125099350
-0.350618284589
0.435451935511
-0.811690824106
-0.273562529985
0.516063511837
-0.785924686119
-0.185666524494
0.589788376819
-0.574502122123
-0.266264289395
0.773983617313
-0.778424583841
-0.513147925697
0.361572086345
-0.773739767727
-0.443263164316
0.452597546391
-0.760231054854
-0.365951517057
0.536775772925
-0.738307161722
-0.279585941579
0.613786800299
-0.710094127804
-0.181481346592
0.680316728074
-0.658855272457
-0.275916239130
0.699842810165
-0.599511750508
-0.369410815244
0.710015007295
-0.709562022705
-0.532124168529
0.461915149353
-0.699880286586
-0.456609657515
0.549249674659
-0.682227090467
-0.372258064809
0.629277466796
-0.617597925942
-0.463310236577
0.635544197168
-0.630754983984
-0.544962020561
0.552417004015
-0.628606597995
0.767758975397
0.124096336187
-0.538662402526
0.837033735500
0.096006987975
-0.711523389825
0.658503557260
0.245168372364
-0.633980540538
0.738814092517
0.228522232874
-0.546405058094
0.812737051636
0.202237477702
-0.358740033682
0.831136770417
0.424873224732
-0.774600760643
0.523158824797
0.355385010444
-0.707739870025
0.616053139752
0.345807468656
-0.632142765554
0.701291012004
0.329524567278
-0.547425459476
0.779320725890
0.304933718234
-0.454989459763
0.849354038213
0.267548704495
-0.454719910084
0.810349556128
0.369544855540
-0.450313898595
0.760015862601
0.468607811851
-0.697370188086
0.564042805945
0.442188346556
-0.624792391008
0.653192320279
0.427754907472
-0.543604911198
0.735175641730
0.404982069145
-0.534908378465
0.679794282386
0.501749698836
-0.612066269388
0.593889710580
0.522178028593
-0.854085031431
0.177448772931
-0.488928105216
-0.824636114761
0.088344836979
-0.558722174261
-0.829125099350
0.350618284589
-0.435451935511
-0.811690824106
0.273562529985
-0.516063511837
-0.785924686119
0.185666524494
-0.589788376819
-0.574502122123
0.266264289395
-0.773983617313
-0.778424583841
0.513147925697
-0.361572086345
-0.773739767727
0.443263164316
-0.452597546391
-0.760231054854
0.365951517057
-0.536775772925
-0.738307161722
0.279585941579
-0.613786800299
-0.710094127804
0.181481346592
-0.680316728074
-0.658855272457
0.275916239130
-0.699842810165
-0.599511750508
0.369410815244
-0.710015007295
-0.709562022705
0.532124168529
-0.461915149353
-0.699880286586
0.456609657515
-0.549249674659
-0.682227090467
0.372258064809
-0.629277466796
-0.617597925942
0.463310236577
-0.635544197168
-0.630754983984
0.544962020561
-0.552417004015
-0.451157825064
-0.877428348330
-0.163021809677
-0.450317565547
-0.891633847483
-0.046937960987
-0.360905105236
-0.875197574213
-0.322143929177
-0.360418010553
-0.907885034096
-0.214111238690
-0.360738533600
-0.927485274346
-0.098177269502
-0.092475744287
-0.995697151254
-0.005951445500
-0.261452834946
-0.840301684134
-0.474905774591
-0.264476705709
-0.890004841260
-0.371407397167
-0.266191248497
-0.927461487780
-0.262597425555
-0.267839517897
-0.952114340562
-0.147445838017
-0.273508113171
-0.961515678730
-0.026094282615
-0.178803670954
-0.980875169958
-0.076896997421
-0.080903083351
-0.988324302233
-0.129111443025
-0.165246019557
-0.892913628332
-0.418806644360
-0.168182733494
-0.935392608215
-0.311055037978
-0.171346846389
-0.965243778368
-0.197344132303
-0.071598141888
-0.966135755927
-0.247902011282
-0.067104248827
-0.930694761864
-0.359589043253
0.753332012143
0.086326056035
0.651949914894
0.795626859508
-0.012397620739
0.605660135248
0.630029201849
0.170621542089
0.757595864688
0.679362801222
0.072876731590
0.730174750528
0.725247796644
-0.026812365517
0.687965646321
0.570823926522
-0.256634648294
0.779935062813
0.484916673690
0.255265759044
0.836477860936
0.544197372604
0.157686627974
0.824004943559
0.597936920502
0.058940042849
0.799373198481
0.647180622328
-0.041013564167
0.761232638316
0.693966974236
-0.139259910409
0.706411010689
0.611330314418
-0.151494283671
0.776739807586
0.519716490382
-0.160504112092
0.839126450320
0.450725281776
0.145519216759
0.880721793713
0.507637700743
0.046687966306
0.860304712638
0.560261709223
-0.052948551263
0.826621599099
0.464386057091
-0.062196356444
0.883446208450
0.408516733271
0.036865273404
0.912006047268
0.854085031431
-0.177448772931
-0.488928105216
0.824636114761
-0.088344836979
-0.558722174261
0.829125099350
-0.350618284589
-0.435451935511
0.811690824106
-0.273562529985
-0.516063511837
0.785924686119
-0.185666524494
-0.589788376819
0.574502122123
-0.266264289395
-0.773983617313
0.778424583841
-0.513147925697
-0.361572086345
0.773739767727
-0.443263164316
-0.452597546391
0.760231054854
-0.365951517057
-0.536775772925
0.738307161722
-0.279585941579
-0.613786800299
0.710094127804
-0.181481346592
-0.680316728074
0.658855272457
-0.275916239130
-0.699842810165
0.599511750508
-0.369410815244
-0.710015007295
0.709562022705
-0.532124168529
-0.461915149353
0.699880286586
-0.456609657515
-0.549249674659
0.682227090467
-0.372258064809
-0.629277466796
0.617597925942
-0.463310236577
-0.635544197168
0.630754983984
-0.544962020561
-0.552417004015
0.451157825064
0.877428348330
-0.163021809677
0.450317565547
0.891633847483
-0.046937960987
0.360905105236
0.875197574213
-0.322143929177
0.360418010553
0.907885034096
-0.214111238690
0.360738533600
0.927485274346
-0.098177269502
0.092475744287
0.995697151254
-0.005951445500
0.261452834946
0.840301684134
-0.474905774591
0.264476705709
0.890004841260
-0.371407397167
0.266191248497
0.927461487780
-0.262597425555
0.267839517897
0.952114340562
-0.147445838017
0.273508113171
0.961515678730
-0.026094282615
0.178803670954
0.980875169958
-0.076896997421
0.080903083351
0.988324302233
-0.129111443025
0.165246019557
0.892913628332
-0.418806644360
0.168182733494
0.935392608215
-0.311055037978
0.171346846389
0.965243778368
-0.197344132303
0.071598141888
0.966135755927
-0.247902011282
0.067104248827
0.930694761864
-0.359589043253
0.854085031431
0.177448772931
0.488928105216
0.824636114761
0.088344836979
0.558722174261
0.829125099350
0.350618284589
0.435451935511
0.811690824106
0.273562529985
0.516063511837
0.785924686119
0.185666524494
0.589788376819
0.574502122123
0.266264289395
0.773983617313
0.778424583841
0.513147925697
0.361572086345
0.773739767727
0.443263164316
0.452597546391
0.760231054854
0.365951517057
0.536775772925
0.738307161722
0.279585941579
0.613786800299
0.710094127804
0.181481346592
0.680316728074
0.658855272457
0.275916239130
0.699842810165
0.599511750508
0.369410815244
0.710015007295
0.709562022705
0.532124168529
0.461915149353
0.699880286586
0.456609657515
0.549249674659
0.682227090467
0.372258064809
0.629277466796
0.617597925942
0.463310236577
0.635544197168
0.630754983984
0.544962020561
0.552417004015
0.930780785074
-0.023343316899
-0.364831769030
0.883971696487
-0.066997732722
-0.462715186286
0.980647486437
-0.046072474864
-0.190283563147
0.952925331207
-0.096194209990
-0.287541278964
0.910914321138
-0.141560588227
-0.387550899117
0.837088215917
-0.421195029131
-0.349110392581
0.998064599388
-0.061877100293
-0.006187075901
0.987460536920
-0.116265073534
-0.106790077735
0.963888437559
-0.167230432927
-0.207251205648
0.926766563907
-0.213807178840
-0.308853082065
0.875448320828
-0.251421550926
-0.412768023580
0.887246553549
-0.322019897501
-0.330297954625
0.889127305626
-0.388812551725
-0.241407195444
0.982849450305
-0.183351605627
-0.019726802798
0.964247358258
-0.235512321629
-0.121494767187
0.932519774033
-0.283016687901
-0.224295397651
0.927696293668
-0.348537829985
-0.133794498332
0.953478753833
-0.299939777880
-0.030238975422
-0.023343316899
0.364831769030
-0.930780785074
-0.066997732722
0.462715186286
-0.883971696487
-0.046072474864
0.190283563147
-0.980647486437
-0.096194209990
0.287541278964
-0.952925331207
-0.141560588227
0.387550899117
-0.910914321138
-0.421195029131
0.349110392581
-0.837088215917
-0.061877100293
0.006187075901
-0.998064599388
-0.116265073534
0.106790077735
-0.987460536920
-0.167230432927
0.207251205648
-0.963888437559
-0.213807178840
0.308853082065
-0.926766563907
-0.251421550926
0.412768023580
-0.875448320828
-0.322019897501
0.330297954625
-0.887246553549
-0.388812551725
0.241407195444
-0.889127305626
-0.183351605627
0.019726802798
-0.982849450305
-0.235512321629
0.121494767187
-0.964247358258
-0.283016687901
0.224295397651
-0.932519774033
-0.348537829985
0.133794498332
-0.927696293668
-0.299939777880
0.030238975422
-0.953478753833
0.451157825064
-0.877428348330
0.163021809677
0.450317565547
-0.891633847483
0.046937960987
0.360905105236
-0.875197574213
0.322143929177
0.360418010553
-0.907885034096
0.214111238690
0.360738533600
-0.927485274346
0.098177269502
0.092475744287
-0.995697151254
0.005951445500
0.261452834946
-0.840301684134
0.474905774591
0.264476705709
-0.890004841260
0.371407397167
0.266191248497
-0.927461487780
0.262597425555
0.267839517897
-0.952114340562
0.147445838017
0.273508113171
-0.961515678730
0.026094282615
0.178803670954
-0.980875169958
0.076896997421
0.080903083351
-0.988324302233
0.129111443025
0.165246019557
-0.892913628332
0.418806644360
0.168182733494
-0.935392608215
0.311055037978
0.171346846389
-0.965243778368
0.197344132303
0.071598141888
-0.966135755927
0.247902011282
0.067104248827
-0.930694761864
0.359589043253
-0.877428348330
0.163021809677
0.451157825064
-0.891633847483
0.046937960987
0.450317565547
-0.875197574213
0.322143929177
0.360905105236
-0.907885034096
0.214111238690
0.360418010553
-0.927485274346
0.098177269502
0.360738533600
-0.995697151254
0.005951445500
0.092475744287
-0.840301684134
0.474905774591
0.261452834946
-0.890004841260
0.371407397167
0.264476705709
-0.927461487780
0.262597425555
0.266191248497
-0.952114340562
0.147445838017
0.267839517897
-0.961515678730
0.026094282615
0.273508113171
-0.980875169958
0.076896997421
0.178803670954
-0.988324302233
0.129111443025
0.080903083351
-0.892913628332
0.418806644360
0.165246019557
-0.935392608215
0.311055037978
0.168182733494
-0.965243778368
0.197344132303
0.171346846389
-0.966135755927
0.247902011282
0.071598141888
-0.930694761864
0.359589043253
0.067104248827
-0.086326056035
-0.651949914894
0.753332012143
0.012397620739
-0.605660135248
0.795626859508
-0.170621542089
-0.757595864688
0.630029201849
-0.072876731590
-0.730174750528
0.679362801222
0.026812365517
-0.687965646321
0.725247796644
0.256634648294
-0.779935062813
0.570823926522
-0.255265759044
-0.836477860936
0.484916673690
-0.157686627974
-0.824004943559
0.544197372604
-0.058940042849
-0.799373198481
0.597936920502
0.041013564167
-0.761232638316
0.647180622328
0.139259910409
-0.706411010689
0.693966974236
0.151494283671
-0.776739807586
0.611330314418
0.160504112092
-0.839126450320
0.519716490382
-0.145519216759
-0.880721793713
0.450725281776
-0.046687966306
-0.860304712638
0.507637700743
0.052948551263
-0.826621599099
0.560261709223
0.062196356444
-0.883446208450
0.464386057091
-0.036865273404
-0.912006047268
0.408516733271
-0.767758975397
0.124096336187
0.628606597995
-0.837033735500
0.096006987975
0.538662402526
-0.658503557260
0.245168372364
0.711523389825
-0.738814092517
0.228522232874
0.633980540538
-0.812737051636
0.202237477702
0.546405058094
-0.831136770417
0.424873224732
0.358740033682
-0.523158824797
0.355385010444
0.774600760643
-0.616053139752
0.345807468656
0.707739870025
-0.701291012004
0.329524567278
0.632142765554
-0.779320725890
0.304933718234
0.547425459476
-0.849354038213
0.267548704495
0.454989459763
-0.810349556128
0.369544855540
0.454719910084
-0.760015862601
0.468607811851
0.450313898595
-0.564042805945
0.442188346556
0.697370188086
-0.653192320279
0.427754907472
0.624792391008
-0.735175641730
0.404982069145
0.543604911198
-0.679794282386
0.501749698836
0.534908378465
-0.593889710580
0.522178028593
0.612066269388
-0.628606597995
-0.767758975397
-0.124096336187
-0.538662402526
-0.837033735500
-0.096006987975
-0.711523389825
-0.658503557260
-0.245168372364
-0.633980540538
-0.738814092517
-0.228522232874
-0.546405058094
-0.812737051636
-0.202237477702
-0.358740033682
-0.831136770417
-0.424873224732
-0.774600760643
-0.523158824797
-0.355385010444
-0.707739870025
-0.616053139752
-0.345807468656
-0.632142765554
-0.701291012004
-0.329524567278
-0.547425459476
-0.779320725890
-0.304933718234
-0.454989459763
-0.849354038213
-0.267548704495
-0.454719910084
-0.810349556128
-0.369544855540
-0.450313898595
-0.760015862601
-0.468607811851
-0.697370188086
-0.564042805945
-0.442188346556
-0.624792391008
-0.653192320279
-0.427754907472
-0.543604911198
-0.735175641730
-0.404982069145
-0.534908378465
-0.679794282386
-0.501749698836
-0.612066269388
-0.593889710580
-0.522178028593
0.124096336187
-0.628606597995
0.767758975397
0.096006987975
-0.538662402526
0.837033735500
0.245168372364
-0.711523389825
0.658503557260
0.228522232874
-0.633980540538
0.738814092517
0.202237477702
-0.546405058094
0.812737051636
0.424873224732
-0.358740033682
0.831136770417
0.355385010444
-0.774600760643
0.523158824797
0.345807468656
-0.707739870025
0.616053139752
0.329524567278
-0.632142765554
0.701291012004
0.304933718234
-0.547425459476
0.779320725890
0.267548704495
-0.454989459763
0.849354038213
0.369544855540
-0.454719910084
0.810349556128
0.468607811851
-0.450313898595
0.760015862601
0.442188346556
-0.697370188086
0.564042805945
0.427754907472
-0.624792391008
0.653192320279
0.404982069145
-0.543604911198
0.735175641730
0.501749698836
-0.534908378465
0.679794282386
0.522178028593
-0.612066269388
0.593889710580
-0.753332012143
-0.086326056035
0.651949914894
-0.795626859508
0.012397620739
0.605660135248
-0.630029201849
-0.170621542089
0.757595864688
-0.679362801222
-0.072876731590
0.730174750528
-0.725247796644
0.026812365517
0.687965646321
-0.570823926522
0.256634648294
0.779935062813
-0.484916673690
-0.255265759044
0.836477860936
-0.544197372604
-0.157686627974
0.824004943559
-0.597936920502
-0.058940042849
0.799373198481
-0.647180622328
0.041013564167
0.761232638316
-0.693966974236
0.139259910409
0.706411010689
-0.611330314418
0.151494283671
0.776739807586
-0.519716490382
0.160504112092
0.839126450320
-0.450725281776
-0.145519216759
0.880721793713
-0.507637700743
-0.046687966306
0.860304712638
-0.560261709223
0.052948551263
0.826621599099
-0.464386057091
0.062196356444
0.883446208450
-0.408516733271
-0.036865273404
0.912006047268
0.364831769030
-0.930780785074
-0.023343316899
0.462715186286
-0.883971696487
-0.066997732722
0.190283563147
-0.980647486437
-0.046072474864
0.287541278964
-0.952925331207
-0.096194209990
0.387550899117
-0.910914321138
-0.141560588227
0.349110392581
-0.837088215917
-0.421195029131
0.006187075901
-0.998064599388
-0.061877100293
0.106790077735
-0.987460536920
-0.116265073534
0.207251205648
-0.963888437559
-0.167230432927
0.308853082065
-0.926766563907
-0.213807178840
0.412768023580
-0.875448320828
-0.251421550926
0.330297954625
-0.887246553549
-0.322019897501
0.241407195444
-0.889127305626
-0.388812551725
0.019726802798
-0.982849450305
-0.183351605627
0.121494767187
-0.964247358258
-0.235512321629
0.224295397651
-0.932519774033
-0.283016687901
0.133794498332
-0.927696293668
-0.348537829985
0.030238975422
-0.953478753833
-0.299939777880
0.930780785074
0.023343316899
0.364831769030
0.883971696487
0.066997732722
0.462715186286
0.980647486437
0.046072474864
0.190283563147
0.952925331207
0.096194209990
0.287541278964
0.910914321138
0.141560588227
0.387550899117
0.837088215917
0.421195029131
0.349110392581
0.998064599388
0.061877100293
0.006187075901
0.987460536920
0.116265073534
0.106790077735
0.963888437559
0.167230432927
0.207251205648
0.926766563907
0.213807178840
0.308853082065
0.875448320828
0.251421550926
0.412768023580
0.887246553549
0.322019897501
0.330297954625
0.889127305626
0.388812551725
0.241407195444
0.982849450305
0.183351605627
0.019726802798
0.964247358258
0.235512321629
0.121494767187
0.932519774033
0.283016687901
0.224295397651
0.927696293668
0.348537829985
0.133794498332
0.953478753833
0.299939777880
0.030238975422
0.163021809677
-0.451157825064
0.877428348330
0.046937960987
-0.450317565547
0.891633847483
0.322143929177
-0.360905105236
0.875197574213
0.214111238690
-0.360418010553
0.907885034096
0.098177269502
-0.360738533600
0.927485274346
0.005951445500
-0.092475744287
0.995697151254
0.474905774591
-0.261452834946
0.840301684134
0.371407397167
-0.264476705709
0.890004841260
0.262597425555
-0.266191248497
0.927461487780
0.147445838017
-0.267839517897
0.952114340562
0.026094282615
-0.273508113171
0.961515678730
0.076896997421
-0.178803670954
0.980875169958
0.129111443025
-0.080903083351
0.988324302233
0.418806644360
-0.165246019557
0.892913628332
0.311055037978
-0.168182733494
0.935392608215
0.197344132303
-0.171346846389
0.965243778368
0.247902011282
-0.071598141888
0.966135755927
0.359589043253
-0.067104248827
0.930694761864
0.753332012143
-0.086326056035
-0.651949914894
0.795626859508
0.012397620739
-0.605660135248
0.630029201849
-0.170621542089
-0.757595864688
0.679362801222
-0.072876731590
-0.730174750528
0.725247796644
0.026812365517
-0.687965646321
0.570823926522
0.256634648294
-0.779935062813
0.484916673690
-0.255265759044
-0.836477860936
0.544197372604
-0.157686627974
-0.824004943559
0.597936920502
-0.058940042849
-0.799373198481
0.647180622328
0.041013564167
-0.761232638316
0.693966974236
0.139259910409
-0.706411010689
0.611330314418
0.151494283671
-0.776739807586
0.519716490382
0.160504112092
-0.839126450320
0.450725281776
-0.145519216759
-0.880721793713
0.507637700743
-0.046687966306
-0.860304712638
0.560261709223
0.052948551263
-0.826621599099
0.464386057091
0.062196356444
-0.883446208450
0.408516733271
-0.036865273404
-0.912006047268
-0.651949914894
-0.753332012143
0.086326056035
-0.605660135248
-0.795626859508
-0.012397620739
-0.757595864688
-0.630029201849
0.170621542089
-0.730174750528
-0.679362801222
0.072876731590
-0.687965646321
-0.725247796644
-0.026812365517
-0.779935062813
-0.570823926522
-0.256634648294
-0.836477860936
-0.484916673690
0.255265759044
-0.824004943559
-0.544197372604
0.157686627974
-0.799373198481
-0.597936920502
0.058940042849
-0.761232638316
-0.647180622328
-0.041013564167
-0.706411010689
-0.693966974236
-0.139259910409
-0.776739807586
-0.611330314418
-0.151494283671
-0.839126450320
-0.519716490382
-0.160504112092
-0.880721793713
-0.450725281776
0.145519216759
-0.860304712638
-0.507637700743
0.046687966306
-0.826621599099
-0.560261709223
-0.052948551263
-0.883446208450
-0.464386057091
-0.062196356444
-0.912006047268
-0.408516733271
0.036865273404
0.628606597995
-0.767758975397
0.124096336187
0.538662402526
-0.837033735500
0.096006987975
0.711523389825
-0.658503557260
0.245168372364
0.633980540538
-0.738814092517
0.228522232874
0.546405058094
-0.812737051636
0.202237477702
0.358740033682
-0.831136770417
0.424873224732
0.774600760643
-0.523158824797
0.355385010444
0.707739870025
-0.616053139752
0.345807468656
0.632142765554
-0.701291012004
0.329524567278
0.547425459476
-0.779320725890
0.304933718234
0.454989459763
-0.849354038213
0.267548704495
0.454719910084
-0.810349556128
0.369544855540
0.450313898595
-0.760015862601
0.468607811851
0.697370188086
-0.564042805945
0.442188346556
0.624792391008
-0.653192320279
0.427754907472
0.543604911198
-0.735175641730
0.404982069145
0.534908378465
-0.679794282386
0.501749698836
0.612066269388
-0.593889710580
0.522178028593
-0.124096336187
-0.628606597995
-0.767758975397
-0.096006987975
-0.538662402526
-0.837033735500
-0.245168372364
-0.711523389825
-0.658503557260
-0.228522232874
-0.633980540538
-0.738814092517
-0.202237477702
-0.546405058094
-0.812737051636
-0.424873224732
-0.358740033682
-0.831136770417
-0.355385010444
-0.774600760643
-0.523158824797
-0.345807468656
-0.707739870025
-0.616053139752
-0.329524567278
-0.632142765554
-0.701291012004
-0.304933718234
-0.547425459476
-0.779320725890
-0.267548704495
-0.454989459763
-0.849354038213
-0.369544855540
-0.454719910084
-0.810349556128
-0.468607811851
-0.450313898595
-0.760015862601
-0.442188346556
-0.697370188086
-0.564042805945
-0.427754907472
-0.624792391008
-0.653192320279
-0.404982069145
-0.543604911198
-0.735175641730
-0.501749698836
-0.534908378465
-0.679794282386
-0.522178028593
-0.612066269388
-0.593889710580
0.124096336187
0.628606597995
-0.767758975397
0.096006987975
0.538662402526
-0.837033735500
0.245168372364
0.711523389825
-0.658503557260
0.228522232874
0.633980540538
-0.738814092517
0.202237477702
0.546405058094
-0.812737051636
0.424873224732
0.358740033682
-0.831136770417
0.355385010444
0.774600760643
-0.523158824797
0.345807468656
0.707739870025
-0.616053139752
0.329524567278
0.632142765554
-0.701291012004
0.304933718234
0.547425459476
-0.779320725890
0.267548704495
0.454989459763
-0.849354038213
0.369544855540
0.454719910084
-0.810349556128
0.468607811851
0.450313898595
-0.760015862601
0.442188346556
0.697370188086
-0.564042805945
0.427754907472
0.624792391008
-0.653192320279
0.404982069145
0.543604911198
-0.735175641730
0.501749698836
0.534908378465
-0.679794282386
0.522178028593
0.612066269388
-0.593889710580
-0.767758975397
-0.124096336187
-0.628606597995
-0.837033735500
-0.096006987975
-0.538662402526
-0.658503557260
-0.245168372364
-0.711523389825
-0.738814092517
-0.228522232874
-0.633980540538
-0.812737051636
-0.202237477702
-0.546405058094
-0.831136770417
-0.424873224732
-0.358740033682
-0.523158824797
-0.355385010444
-0.774600760643
-0.616053139752
-0.345807468656
-0.707739870025
-0.701291012004
-0.329524567278
-0.632142765554
-0.779320725890
-0.304933718234
-0.547425459476
-0.849354038213
-0.267548704495
-0.454989459763
-0.810349556128
-0.369544855540
-0.454719910084
-0.760015862601
-0.468607811851
-0.450313898595
-0.564042805945
-0.442188346556
-0.697370188086
-0.653192320279
-0.427754907472
-0.624792391008
-0.735175641730
-0.404982069145
-0.543604911198
-0.679794282386
-0.501749698836
-0.534908378465
-0.593889710580
-0.522178028593
-0.612066269388
-0.651949914894
0.753332012143
-0.086326056035
-0.605660135248
0.795626859508
0.012397620739
-0.757595864688
0.630029201849
-0.170621542089
-0.730174750528
0.679362801222
-0.072876731590
-0.687965646321
0.725247796644
0.026812365517
-0.779935062813
0.570823926522
0.256634648294
-0.836477860936
0.484916673690
-0.255265759044
-0.824004943559
0.544197372604
-0.157686627974
-0.799373198481
0.597936920502
-0.058940042849
-0.761232638316
0.647180622328
0.041013564167
-0.706411010689
0.693966974236
0.139259910409
-0.776739807586
0.611330314418
0.151494283671
-0.839126450320
0.519716490382
0.160504112092
-0.880721793713
0.450725281776
-0.145519216759
-0.860304712638
0.507637700743
-0.046687966306
-0.826621599099
0.560261709223
0.052948551263
-0.883446208450
0.464386057091
0.062196356444
-0.912006047268
0.408516733271
-0.036865273404
-0.086326056035
0.651949914894
-0.753332012143
0.012397620739
0.605660135248
-0.795626859508
-0.170621542089
0.757595864688
-0.630029201849
-0.072876731590
0.730174750528
-0.679362801222
0.026812365517
0.687965646321
-0.725247796644
0.256634648294
0.779935062813
-0.570823926522
-0.255265759044
0.836477860936
-0.484916673690
-0.157686627974
0.824004943559
-0.544197372604
-0.058940042849
0.799373198481
-0.597936920502
0.041013564167
0.761232638316
-0.647180622328
0.139259910409
0.706411010689
-0.693966974236
0.151494283671
0.776739807586
-0.611330314418
0.160504112092
0.839126450320
-0.519716490382
-0.145519216759
0.880721793713
-0.450725281776
-0.046687966306
0.860304712638
-0.507637700743
0.052948551263
0.826621599099
-0.560261709223
0.062196356444
0.883446208450
-0.464386057091
-0.036865273404
0.912006047268
-0.408516733271
0.177448772931
-0.488928105216
-0.854085031431
0.088344836979
-0.558722174261
-0.824636114761
0.350618284589
-0.435451935511
-0.829125099350
0.273562529985
-0.516063511837
-0.811690824106
0.185666524494
-0.589788376819
-0.785924686119
0.266264289395
-0.773983617313
-0.574502122123
0.513147925697
-0.361572086345
-0.778424583841
0.443263164316
-0.452597546391
-0.773739767727
0.365951517057
-0.536775772925
-0.760231054854
0.279585941579
-0.613786800299
-0.738307161722
0.181481346592
-0.680316728074
-0.710094127804
0.275916239130
-0.699842810165
-0.658855272457
0.369410815244
-0.710015007295
-0.599511750508
0.532124168529
-0.461915149353
-0.709562022705
0.456609657515
-0.549249674659
-0.699880286586
0.372258064809
-0.629277466796
-0.682227090467
0.463310236577
-0.635544197168
-0.617597925942
0.544962020561
-0.552417004015
-0.630754983984
-0.877428348330
-0.163021809677
-0.451157825064
-0.891633847483
-0.046937960987
-0.450317565547
-0.875197574213
-0.322143929177
-0.360905105236
-0.907885034096
-0.214111238690
-0.360418010553
-0.927485274346
-0.098177269502
-0.360738533600
-0.995697151254
-0.005951445500
-0.092475744287
-0.840301684134
-0.474905774591
-0.261452834946
-0.890004841260
-0.371407397167
-0.264476705709
-0.927461487780
-0.262597425555
-0.266191248497
-0.952114340562
-0.147445838017
-0.267839517897
-0.961515678730
-0.026094282615
-0.273508113171
-0.980875169958
-0.076896997421
-0.178803670954
-0.988324302233
-0.129111443025
-0.080903083351
-0.892913628332
-0.418806644360
-0.165246019557
-0.935392608215
-0.311055037978
-0.168182733494
-0.965243778368
-0.197344132303
-0.171346846389
-0.966135755927
-0.247902011282
-0.071598141888
-0.930694761864
-0.359589043253
-0.067104248827
-0.177448772931
0.488928105216
-0.854085031431
-0.088344836979
0.558722174261
-0.824636114761
-0.350618284589
0.435451935511
-0.829125099350
-0.273562529985
0.516063511837
-0.811690824106
-0.185666524494
0.589788376819
-0.785924686119
-0.266264289395
0.773983617313
-0.574502122123
-0.513147925697
0.361572086345
-0.778424583841
-0.443263164316
0.452597546391
-0.773739767727
-0.365951517057
0.536775772925
-0.760231054854
-0.279585941579
0.613786800299
-0.738307161722
-0.181481346592
0.680316728074
-0.710094127804
-0.275916239130
0.699842810165
-0.658855272457
-0.369410815244
0.710015007295
-0.599511750508
-0.532124168529
0.461915149353
-0.709562022705
-0.456609657515
0.549249674659
-0.699880286586
-0.372258064809
0.629277466796
-0.682227090467
-0.463310236577
0.635544197168
-0.617597925942
-0.544962020561
0.552417004015
-0.630754983984
0.877428348330
0.163021809677
-0.451157825064
0.891633847483
0.046937960987
-0.450317565547
0.875197574213
0.322143929177
-0.360905105236
0.907885034096
0.214111238690
-0.360418010553
0.927485274346
0.098177269502
-0.360738533600
0.995697151254
0.005951445500
-0.092475744287
0.840301684134
0.474905774591
-0.261452834946
0.890004841260
0.371407397167
-0.264476705709
0.927461487780
0.262597425555
-0.266191248497
0.952114340562
0.147445838017
-0.267839517897
0.961515678730
0.026094282615
-0.273508113171
0.980875169958
0.076896997421
-0.178803670954
0.988324302233
0.129111443025
-0.080903083351
0.892913628332
0.418806644360
-0.165246019557
0.935392608215
0.311055037978
-0.168182733494
0.965243778368
0.197344132303
-0.171346846389
0.966135755927
0.247902011282
-0.071598141888
0.930694761864
0.359589043253
-0.067104248827
0.086326056035
-0.651949914894
-0.753332012143
-0.012397620739
-0.605660135248
-0.795626859508
0.170621542089
-0.757595864688
-0.630029201849
0.072876731590
-0.730174750528
-0.679362801222
-0.026812365517
-0.687965646321
-0.725247796644
-0.256634648294
-0.779935062813
-0.570823926522
0.255265759044
-0.836477860936
-0.484916673690
0.157686627974
-0.824004943559
-0.544197372604
0.058940042849
-0.799373198481
-0.597936920502
-0.041013564167
-0.761232638316
-0.647180622328
-0.139259910409
-0.706411010689
-0.693966974236
-0.151494283671
-0.776739807586
-0.611330314418
-0.160504112092
-0.839126450320
-0.519716490382
0.145519216759
-0.880721793713
-0.450725281776
0.046687966306
-0.860304712638
-0.507637700743
-0.052948551263
-0.826621599099
-0.560261709223
-0.062196356444
-0.883446208450
-0.464386057091
0.036865273404
-0.912006047268
-0.408516733271
0.767758975397
0.124096336187
-0.628606597995
0.837033735500
0.096006987975
-0.538662402526
0.658503557260
0.245168372364
-0.711523389825
0.738814092517
0.228522232874
-0.633980540538
0.812737051636
0.202237477702
-0.546405058094
0.831136770417
0.424873224732
-0.358740033682
0.523158824797
0.355385010444
-0.774600760643
0.616053139752
0.345807468656
-0.707739870025
0.701291012004
0.329524567278
-0.632142765554
0.779320725890
0.304933718234
-0.547425459476
0.849354038213
0.267548704495
-0.454989459763
0.810349556128
0.369544855540
-0.454719910084
0.760015862601
0.468607811851
-0.450313898595
0.564042805945
0.442188346556
-0.697370188086
0.653192320279
0.427754907472
-0.624792391008
0.735175641730
0.404982069145
-0.543604911198
0.679794282386
0.501749698836
-0.534908378465
0.593889710580
0.522178028593
-0.612066269388
-0.930780785074
0.023343316899
-0.364831769030
-0.883971696487
0.066997732722
-0.462715186286
-0.980647486437
0.046072474864
-0.190283563147
-0.952925331207
0.096194209990
-0.287541278964
-0.910914321138
0.141560588227
-0.387550899117
-0.837088215917
0.421195029131
-0.349110392581
-0.998064599388
0.061877100293
-0.006187075901
-0.987460536920
0.116265073534
-0.106790077735
-0.963888437559
0.167230432927
-0.207251205648
-0.926766563907
0.213807178840
-0.308853082065
-0.875448320828
0.251421550926
-0.412768023580
-0.887246553549
0.322019897501
-0.330297954625
-0.889127305626
0.388812551725
-0.241407195444
-0.982849450305
0.183351605627
-0.019726802798
-0.964247358258
0.235512321629
-0.121494767187
-0.932519774033
0.283016687901
-0.224295397651
-0.927696293668
0.348537829985
-0.133794498332
-0.953478753833
0.299939777880
-0.030238975422
0.023343316899
-0.364831769030
-0.930780785074
0.066997732722
-0.462715186286
-0.883971696487
0.046072474864
-0.190283563147
-0.980647486437
0.096194209990
-0.287541278964
-0.952925331207
0.141560588227
-0.387550899117
-0.910914321138
0.421195029131
-0.349110392581
-0.837088215917
0.061877100293
-0.006187075901
-0.998064599388
0.116265073534
-0.106790077735
-0.987460536920
0.167230432927
-0.207251205648
-0.963888437559
0.213807178840
-0.308853082065
-0.926766563907
0.251421550926
-0.412768023580
-0.875448320828
0.322019897501
-0.330297954625
-0.887246553549
0.388812551725
-0.241407195444
-0.889127305626
0.183351605627
-0.019726802798
-0.982849450305
0.235512321629
-0.121494767187
-0.964247358258
0.283016687901
-0.224295397651
-0.932519774033
0.348537829985
-0.133794498332
-0.927696293668
0.299939777880
-0.030238975422
-0.953478753833
0.488928105216
-0.854085031431
-0.177448772931
0.558722174261
-0.824636114761
-0.088344836979
0.435451935511
-0.829125099350
-0.350618284589
0.516063511837
-0.811690824106
-0.273562529985
0.589788376819
-0.785924686119
-0.185666524494
0.773983617313
-0.574502122123
-0.266264289395
0.361572086345
-0.778424583841
-0.513147925697
0.452597546391
-0.773739767727
-0.443263164316
0.536775772925
-0.760231054854
-0.365951517057
0.613786800299
-0.738307161722
-0.279585941579
0.680316728074
-0.710094127804
-0.181481346592
0.699842810165
-0.658855272457
-0.275916239130
0.710015007295
-0.599511750508
-0.369410815244
0.461915149353
-0.709562022705
-0.532124168529
0.549249674659
-0.699880286586
-0.456609657515
0.629277466796
-0.682227090467
-0.372258064809
0.635544197168
-0.617597925942
-0.463310236577
0.552417004015
-0.630754983984
-0.544962020561
-0.488928105216
-0.854085031431
0.177448772931
-0.558722174261
-0.824636114761
0.088344836979
-0.435451935511
-0.829125099350
0.350618284589
-0.516063511837
-0.811690824106
0.273562529985
-0.589788376819
-0.785924686119
0.185666524494
-0.773983617313
-0.574502122123
0.266264289395
-0.361572086345
-0.778424583841
0.513147925697
-0.452597546391
-0.773739767727
0.443263164316
-0.536775772925
-0.760231054854
0.365951517057
-0.613786800299
-0.738307161722
0.279585941579
-0.680316728074
-0.710094127804
0.181481346592
-0.699842810165
-0.658855272457
0.275916239130
-0.710015007295
-0.599511750508
0.369410815244
-0.461915149353
-0.709562022705
0.532124168529
-0.549249674659
-0.699880286586
0.456609657515
-0.629277466796
-0.682227090467
0.372258064809
-0.635544197168
-0.617597925942
0.463310236577
-0.552417004015
-0.630754983984
0.544962020561
-0.364831769030
-0.930780785074
0.023343316899
-0.462715186286
-0.883971696487
0.066997732722
-0.190283563147
-0.980647486437
0.046072474864
-0.287541278964
-0.952925331207
0.096194209990
-0.387550899117
-0.910914321138
0.141560588227
-0.349110392581
-0.837088215917
0.421195029131
-0.006187075901
-0.998064599388
0.061877100293
-0.106790077735
-0.987460536920
0.116265073534
-0.207251205648
-0.963888437559
0.167230432927
-0.308853082065
-0.926766563907
0.213807178840
-0.412768023580
-0.875448320828
0.251421550926
-0.330297954625
-0.887246553549
0.322019897501
-0.241407195444
-0.889127305626
0.388812551725
-0.019726802798
-0.982849450305
0.183351605627
-0.121494767187
-0.964247358258
0.235512321629
-0.224295397651
-0.932519774033
0.283016687901
-0.133794498332
-0.927696293668
0.348537829985
-0.030238975422
-0.953478753833
0.299939777880
0.364831769030
0.930780785074
0.023343316899
0.462715186286
0.883971696487
0.066997732722
0.190283563147
0.980647486437
0.046072474864
0.287541278964
0.952925331207
0.096194209990
0.387550899117
0.910914321138
0.141560588227
0.349110392581
0.837088215917
0.421195029131
0.006187075901
0.998064599388
0.061877100293
0.106790077735
0.987460536920
0.116265073534
0.207251205648
0.963888437559
0.167230432927
0.308853082065
0.926766563907
0.213807178840
0.412768023580
0.875448320828
0.251421550926
0.330297954625
0.887246553549
0.322019897501
0.241407195444
0.889127305626
0.388812551725
0.019726802798
0.982849450305
0.183351605627
0.121494767187
0.964247358258
0.235512321629
0.224295397651
0.932519774033
0.283016687901
0.133794498332
0.927696293668
0.348537829985
0.030238975422
0.953478753833
0.299939777880
-0.163021809677
-0.451157825064
-0.877428348330
-0.046937960987
-0.450317565547
-0.891633847483
-0.322143929177
-0.360905105236
-0.875197574213
-0.214111238690
-0.360418010553
-0.907885034096
-0.098177269502
-0.360738533600
-0.927485274346
-0.005951445500
-0.092475744287
-0.995697151254
-0.474905774591
-0.261452834946
-0.840301684134
-0.371407397167
-0.264476705709
-0.890004841260
-0.262597425555
-0.266191248497
-0.927461487780
-0.147445838017
-0.267839517897
-0.952114340562
-0.026094282615
-0.273508113171
-0.961515678730
-0.076896997421
-0.178803670954
-0.980875169958
-0.129111443025
-0.080903083351
-0.988324302233
-0.418806644360
-0.165246019557
-0.892913628332
-0.311055037978
-0.168182733494
-0.935392608215
-0.197344132303
-0.171346846389
-0.965243778368
-0.247902011282
-0.071598141888
-0.966135755927
-0.359589043253
-0.067104248827
-0.930694761864
0.651949914894
-0.753332012143
-0.086326056035
0.605660135248
-0.795626859508
0.012397620739
0.757595864688
-0.630029201849
-0.170621542089
0.730174750528
-0.679362801222
-0.072876731590
0.687965646321
-0.725247796644
0.026812365517
0.779935062813
-0.570823926522
0.256634648294
0.836477860936
-0.484916673690
-0.255265759044
0.824004943559
-0.544197372604
-0.157686627974
0.799373198481
-0.597936920502
-0.058940042849
0.761232638316
-0.647180622328
0.041013564167
0.706411010689
-0.693966974236
0.139259910409
0.776739807586
-0.611330314418
0.151494283671
0.839126450320
-0.519716490382
0.160504112092
0.880721793713
-0.450725281776
-0.145519216759
0.860304712638
-0.507637700743
-0.046687966306
0.826621599099
-0.560261709223
0.052948551263
0.883446208450
-0.464386057091
0.062196356444
0.912006047268
-0.408516733271
-0.036865273404
