0.676285053603
0.701945533510
0.223407686210
0.474332985934
0.724442643579
0.500191038124
0.525731112119
0.850650808352
0.000000000000
0.000000000000
0.525731112119
-0.850650808352
-0.525731112119
0.850650808352
0.000000000000
0.000000000000
0.525731112119
0.850650808352
0.850650808352
-0.000000000000
0.525731112119
-0.850650808352
-0.000000000000
0.525731112119
-0.000000000000
-0.525731112119
0.850650808352
-0.850650808352
-0.000000000000
-0.525731112119
-0.525731112119
-0.850650808352
0.000000000000
0.850650808352
-0.000000000000
-0.525731112119
0.525731112119
-0.850650808352
0.000000000000
0.000000000000
-0.525731112119
-0.850650808352
0.059511186996
0.247198448025
-0.967135639875
0.391361645625
0.189413937397
-0.900532299617
-0.676285053603
0.701945533510
-0.223407686210
-0.474332985934
0.724442643579
-0.500191038124
-0.059511186996
0.247198448025
0.967135639875
-0.391361645625
0.189413937397
0.900532299617
0.735796240600
0.665165597236
-0.127116562939
0.865694631559
0.482567844690
0.133045406391
-0.374315010964
0.888573283446
-0.265190106365
-0.056368531007
0.982758882813
-0.176089656038
-0.301970042639
0.470606134235
0.829062096449
-0.417964454927
0.689604975521
0.591397237188
0.829062096449
-0.301970042639
0.470606134235
0.591397237188
-0.417964454927
0.689604975521
-0.888573283446
-0.265190106365
0.374315010964
-0.982758882813
-0.176089656038
0.056368531007
0.470606134235
0.829062096449
-0.301970042639
0.689604975521
0.591397237188
-0.417964454927
-0.127116562939
0.735796240600
0.665165597236
0.133045406391
0.865694631559
0.482567844690
-0.223407686210
-0.676285053603
0.701945533510
-0.500191038124
-0.474332985934
0.724442643579
0.967135639875
-0.059511186996
0.247198448025
0.900532299617
-0.391361645625
0.189413937397
0.223407686210
0.676285053603
0.701945533510
0.500191038124
0.474332985934
0.724442643579
-0.265190106365
-0.374315010964
0.888573283446
-0.176089656038
-0.056368531007
0.982758882813
0.265190106365
0.374315010964
0.888573283446
0.176089656038
0.056368531007
0.982758882813
-0.247198448025
0.967135639875
0.059511186996
-0.189413937397
0.900532299617
0.391361645625
-0.665165597236
-0.127116562939
-0.735796240600
-0.482567844690
0.133045406391
-0.865694631559
-0.701945533510
-0.223407686210
0.676285053603
-0.724442643579
-0.500191038124
0.474332985934
-0.470606134235
0.829062096449
0.301970042639
-0.689604975521
0.591397237188
0.417964454927
-0.701945533510
0.223407686210
-0.676285053603
-0.724442643579
0.500191038124
-0.474332985934
-0.247198448025
-0.967135639875
-0.059511186996
-0.189413937397
-0.900532299617
-0.391361645625
0.665165597236
-0.127116562939
0.735796240600
0.482567844690
0.133045406391
0.865694631559
0.701945533510
-0.223407686210
-0.676285053603
0.724442643579
-0.500191038124
-0.474332985934
0.247198448025
0.967135639875
-0.059511186996
0.189413937397
0.900532299617
-0.391361645625
0.701945533510
0.223407686210
0.676285053603
0.724442643579
0.500191038124
0.474332985934
0.888573283446
-0.265190106365
-0.374315010964
0.982758882813
-0.176089656038
-0.056368531007
-0.265190106365
0.374315010964
-0.888573283446
-0.176089656038
0.056368531007
-0.982758882813
0.247198448025
-0.967135639875
0.059511186996
0.189413937397
-0.900532299617
0.391361645625
-0.967135639875
0.059511186996
0.247198448025
-0.900532299617
0.391361645625
0.189413937397
0.127116562939
-0.735796240600
0.665165597236
-0.133045406391
-0.865694631559
0.482567844690
-0.829062096449
0.301970042639
0.470606134235
-0.591397237188
0.417964454927
0.689604975521
-0.470606134235
-0.829062096449
-0.301970042639
-0.689604975521
-0.591397237188
-0.417964454927
0.301970042639
-0.470606134235
0.829062096449
0.417964454927
-0.689604975521
0.591397237188
-0.665165597236
0.127116562939
0.735796240600
-0.482567844690
-0.133045406391
0.865694631559
0.374315010964
-0.888573283446
-0.265190106365
0.056368531007
-0.982758882813
-0.176089656038
0.888573283446
0.265190106365
0.374315010964
0.982758882813
0.176089656038
0.056368531007
0.059511186996
-0.247198448025
0.967135639875
0.391361645625
-0.189413937397
0.900532299617
0.665165597236
0.127116562939
-0.735796240600
0.482567844690
-0.133045406391
-0.865694631559
-0.735796240600
-0.665165597236
-0.127116562939
-0.865694631559
-0.482567844690
0.133045406391
0.470606134235
-0.829062096449
0.301970042639
0.689604975521
-0.591397237188
0.417964454927
-0.301970042639
-0.470606134235
-0.829062096449
-0.417964454927
-0.689604975521
-0.591397237188
0.301970042639
0.470606134235
-0.829062096449
0.417964454927
0.689604975521
-0.591397237188
-0.829062096449
-0.301970042639
-0.470606134235
-0.591397237188
-0.417964454927
-0.689604975521
-0.735796240600
0.665165597236
0.127116562939
-0.865694631559
0.482567844690
-0.133045406391
0.127116562939
0.735796240600
-0.665165597236
-0.133045406391
0.865694631559
-0.482567844690
0.223407686210
-0.676285053603
-0.701945533510
0.500191038124
-0.474332985934
-0.724442643579
-0.967135639875
-0.059511186996
-0.247198448025
-0.900532299617
-0.391361645625
-0.189413937397
-0.223407686210
0.676285053603
-0.701945533510
-0.500191038124
0.474332985934
-0.724442643579
0.967135639875
0.059511186996
-0.247198448025
0.900532299617
0.391361645625
-0.189413937397
-0.127116562939
-0.735796240600
-0.665165597236
0.133045406391
-0.865694631559
-0.482567844690
0.829062096449
0.301970042639
-0.470606134235
0.591397237188
0.417964454927
-0.689604975521
-0.888573283446
0.265190106365
-0.374315010964
-0.982758882813
0.176089656038
-0.056368531007
0.265190106365
-0.374315010964
-0.888573283446
0.176089656038
-0.056368531007
-0.982758882813
0.676285053603
-0.701945533510
-0.223407686210
0.474332985934
-0.724442643579
-0.500191038124
-0.676285053603
-0.701945533510
0.223407686210
-0.474332985934
-0.724442643579
0.500191038124
-0.374315010964
-0.888573283446
0.265190106365
-0.056368531007
-0.982758882813
0.176089656038
0.374315010964
0.888573283446
0.265190106365
0.056368531007
0.982758882813
0.176089656038
-0.059511186996
-0.247198448025
-0.967135639875
-0.391361645625
-0.189413937397
-0.900532299617
0.735796240600
-0.665165597236
0.127116562939
0.865694631559
-0.482567844690
-0.133045406391
