0.333551226649
0.817706113681
0.469148474205
0.380964775570
0.831015898846
0.405312738068
0.426008264534
0.838716699742
0.339221544308
0.468255008571
0.840843471698
0.271513357039
0.507321988698
0.837574907579
0.202713280222
0.542911574244
0.829409631900
0.131630866677
0.569786957931
0.820401025005
0.047801472187
0.613560846541
0.782721322961
0.104357166375
0.652511633933
0.740890878253
0.159088887433
0.687555426266
0.694187293760
0.213005955301
0.718265987001
0.642809985671
0.266250435189
0.744280295912
0.587143172510
0.318291903906
0.765236722305
0.527764524799
0.368615470645
0.416948817670
0.780829044059
0.465252283602
0.463019091170
0.790811664425
0.400287687322
0.506481747143
0.795322162565
0.333074912811
0.546840365510
0.794878819492
0.262932076727
0.583514449187
0.790031433571
0.188045796443
0.620670343749
0.745721479412
0.242214366902
0.653764700517
0.696659806184
0.295392672226
0.682241311762
0.643138456624
0.347735126405
0.705955224577
0.585398369003
0.398667744445
0.447996707633
0.724496149924
0.523836118166
0.495442628395
0.737527968828
0.458899877061
0.540592057165
0.745065507945
0.390688644065
0.582734727301
0.747524027247
0.318791571856
0.614121358842
0.695739871357
0.372560046193
0.640909576323
0.639408413786
0.424725552983
0.662749746814
0.578738026321
0.475210553321
0.523911017925
0.679218588863
0.513983806983
0.570462756790
0.690132336225
0.445297205933
0.595737601165
0.630485863425
0.497578422543
0.547764015384
0.615901539102
0.566233059422
0.525731112119
0.850650808352
0.000000000000
0.000000000000
0.525731112119
-0.850650808352
-0.525731112119
0.850650808352
0.000000000000
0.000000000000
0.525731112119
0.850650808352
0.850650808352
-0.000000000000
0.525731112119
-0.850650808352
-0.000000000000
0.525731112119
-0.000000000000
-0.525731112119
0.850650808352
-0.850650808352
-0.000000000000
-0.525731112119
-0.525731112119
-0.850650808352
0.000000000000
0.850650808352
-0.000000000000
-0.525731112119
0.525731112119
-0.850650808352
0.000000000000
0.000000000000
-0.525731112119
-0.850650808352
0.465458560724
0.323890907741
-0.823676519109
0.394220540688
0.351925025819
-0.848963451217
0.320609575623
0.377281497918
-0.868831497673
0.245366338123
0.399801224344
-0.883150237009
0.169162374840
0.419484578054
-0.891861412840
0.091337492559
0.437422151283
-0.894605680744
0.007296583319
0.463743782164
-0.885939311904
0.019520488466
0.391455540284
-0.919989951310
0.031397668940
0.318211683855
-0.947499609838
0.043063395660
0.242640028990
-0.969160131395
0.054907343053
0.164962588502
-0.984770292034
0.066800629912
0.085867592724
-0.994064601705
0.078686026180
0.006191582356
-0.996880220283
0.409212039587
0.270233554099
-0.871504063614
0.336704239754
0.296555464317
-0.893691843711
0.261990455528
0.320380221905
-0.910339230520
0.184927399375
0.342621468921
-0.921093038729
0.104508159514
0.364810076366
-0.925198169463
0.116060977439
0.290396482341
-0.949841951358
0.127375060995
0.213888883606
-0.968518011865
0.138943683754
0.135618218343
-0.980970107393
0.150449412577
0.056111195118
-0.987024066595
0.423675590733
0.185773042482
-0.886559287642
0.351445161256
0.214122530166
-0.911393351251
0.276015627853
0.240374203129
-0.930610345768
0.197538063767
0.265288921870
-0.943716324589
0.209342173288
0.186811420005
-0.959831937289
0.220743468353
0.106877545667
-0.969458359813
0.231918425560
0.025802687141
-0.972392958233
0.363756212574
0.130610069715
-0.922291942664
0.288284249013
0.159397498902
-0.944184637195
0.299511445800
0.077191524005
-0.950964963843
0.374534202601
0.045889892624
-0.926076805042
-0.333551226649
0.817706113681
-0.469148474205
-0.380964775570
0.831015898846
-0.405312738068
-0.426008264534
0.838716699742
-0.339221544308
-0.468255008571
0.840843471698
-0.271513357039
-0.507321988698
0.837574907579
-0.202713280222
-0.542911574244
0.829409631900
-0.131630866677
-0.569786957931
0.820401025005
-0.047801472187
-0.613560846541
0.782721322961
-0.104357166375
-0.652511633933
0.740890878253
-0.159088887433
-0.687555426266
0.694187293760
-0.213005955301
-0.718265987001
0.642809985671
-0.266250435189
-0.744280295912
0.587143172510
-0.318291903906
-0.765236722305
0.527764524799
-0.368615470645
-0.416948817670
0.780829044059
-0.465252283602
-0.463019091170
0.790811664425
-0.400287687322
-0.506481747143
0.795322162565
-0.333074912811
-0.546840365510
0.794878819492
-0.262932076727
-0.583514449187
0.790031433571
-0.188045796443
-0.620670343749
0.745721479412
-0.242214366902
-0.653764700517
0.696659806184
-0.295392672226
-0.682241311762
0.643138456624
-0.347735126405
-0.705955224577
0.585398369003
-0.398667744445
-0.447996707633
0.724496149924
-0.523836118166
-0.495442628395
0.737527968828
-0.458899877061
-0.540592057165
0.745065507945
-0.390688644065
-0.582734727301
0.747524027247
-0.318791571856
-0.614121358842
0.695739871357
-0.372560046193
-0.640909576323
0.639408413786
-0.424725552983
-0.662749746814
0.578738026321
-0.475210553321
-0.523911017925
0.679218588863
-0.513983806983
-0.570462756790
0.690132336225
-0.445297205933
-0.595737601165
0.630485863425
-0.497578422543
-0.547764015384
0.615901539102
-0.566233059422
-0.465458560724
0.323890907741
0.823676519109
-0.394220540688
0.351925025819
0.848963451217
-0.320609575623
0.377281497918
0.868831497673
-0.245366338123
0.399801224344
0.883150237009
-0.169162374840
0.419484578054
0.891861412840
-0.091337492559
0.437422151283
0.894605680744
-0.007296583319
0.463743782164
0.885939311904
-0.019520488466
0.391455540284
0.919989951310
-0.031397668940
0.318211683855
0.947499609838
-0.043063395660
0.242640028990
0.969160131395
-0.054907343053
0.164962588502
0.984770292034
-0.066800629912
0.085867592724
0.994064601705
-0.078686026180
0.006191582356
0.996880220283
-0.409212039587
0.270233554099
0.871504063614
-0.336704239754
0.296555464317
0.893691843711
-0.261990455528
0.320380221905
0.910339230520
-0.184927399375
0.342621468921
0.921093038729
-0.104508159514
0.364810076366
0.925198169463
-0.116060977439
0.290396482341
0.949841951358
-0.127375060995
0.213888883606
0.968518011865
-0.138943683754
0.135618218343
0.980970107393
-0.150449412577
0.056111195118
0.987024066595
-0.423675590733
0.185773042482
0.886559287642
-0.351445161256
0.214122530166
0.911393351251
-0.276015627853
0.240374203129
0.930610345768
-0.197538063767
0.265288921870
0.943716324589
-0.209342173288
0.186811420005
0.959831937289
-0.220743468353
0.106877545667
0.969458359813
-0.231918425560
0.025802687141
0.972392958233
-0.363756212574
0.130610069715
0.922291942664
-0.288284249013
0.159397498902
0.944184637195
-0.299511445800
0.077191524005
0.950964963843
-0.374534202601
0.045889892624
0.926076805042
0.799009787374
0.530036902799
0.283979297401
0.775185316258
0.587374205638
0.232549495829
0.746617840157
0.640569084888
0.179535646168
0.713621346694
0.689198735044
0.125497717739
0.676484363538
0.733026810310
0.070997191886
0.634249066804
0.772959957052
0.016156300731
0.577083541250
0.815891488512
-0.035995352375
0.633081335007
0.770656997612
-0.072772352560
0.683909302873
0.721486051680
-0.108286391920
0.730618821926
0.667572651572
-0.143327917453
0.773173330055
0.608875381432
-0.177408487897
0.811080925824
0.545858112754
-0.210206214238
0.843922748485
0.479133886180
-0.241298805847
0.826160857257
0.527922094989
0.196866705055
0.799723330925
0.582717000100
0.144511216757
0.768472202671
0.633403156320
0.090834548962
0.731767764885
0.680587401227
0.036286740913
0.688022608701
0.725441838890
-0.018948042248
0.736731321189
0.673991850587
-0.054423760637
0.781139761512
0.617937689170
-0.089295494217
0.821184995517
0.557266537542
-0.122919523568
0.856404637155
0.492415518443
-0.155235481307
0.871672298366
0.462650234647
0.161685387843
0.846887789651
0.520322913990
0.109750339033
0.816607685018
0.574478468505
0.055914023227
0.780272791068
0.625438789767
0.000831729392
0.823463532129
0.566359292986
-0.033837294535
0.861653044676
0.502981447549
-0.067555118393
0.894668172374
0.435404556707
-0.099958658148
0.887667230499
0.454404885873
0.074586108581
0.858747005804
0.511962871914
0.021156507392
0.895249046965
0.445377609901
-0.012958723218
0.922298217985
0.384426671945
0.039776010337
-0.039911610339
0.999185377004
-0.005970405428
-0.119375529990
0.992686943706
-0.017947552371
-0.197745851750
0.979790629197
-0.030114797931
-0.274303506605
0.960712092082
-0.042306765311
-0.348487386168
0.935740090532
-0.054286505262
-0.421265850552
0.904590823729
-0.065196048844
-0.499739134539
0.863692960699
-0.065538286899
-0.464227892843
0.875014163987
-0.137268628349
-0.426498075774
0.880574939113
-0.206608731585
-0.385967946443
0.880578606873
-0.274972837635
-0.342371076399
0.875125816621
-0.341960306363
-0.296073806961
0.864150016660
-0.406921429195
-0.247490388202
0.847749356825
-0.469115695484
-0.073366849045
0.993174378591
-0.090675019555
-0.152044247560
0.983004687422
-0.102880179286
-0.229545672943
0.966478069131
-0.115017067956
-0.306334728009
0.943519477954
-0.126214219237
-0.383758118614
0.913487635333
-0.135166735891
-0.344820242978
0.916206217489
-0.204120471946
-0.303184377823
0.913330361396
-0.271858205680
-0.258537741911
0.905001663947
-0.337831650769
-0.211346676425
0.891083262887
-0.401625697592
-0.024087654638
0.986486352813
-0.162063137718
-0.104372191133
0.979222791050
-0.173865382424
-0.184460179902
0.965167112570
-0.185544837824
-0.264457192479
0.944230361623
-0.196192297342
-0.220648714539
0.938919339179
-0.264092065932
-0.174432664059
0.927707000532
-0.330049946027
-0.125761345288
0.910615110028
-0.393654931913
-0.056023961133
0.968388692856
-0.243073353801
-0.138240991509
0.957260077846
-0.254052300969
-0.090150247223
0.942956032443
-0.320479100418
-0.006113882287
0.950659731367
-0.310175265940
-0.293639616310
0.793039381946
0.533726816280
-0.261589245579
0.757237763887
0.598466403018
-0.228262412784
0.716503042226
0.659181053574
-0.193951501965
0.671314581383
0.715345753960
-0.158834602530
0.622197858276
0.766577715692
-0.121645723692
0.569053017960
0.813253331170
-0.070047823392
0.511545254351
0.856396377380
-0.149332953698
0.495812706658
0.855493675521
-0.226013558158
0.477300571288
0.849177270172
-0.301587479823
0.455645984291
0.837515211213
-0.375894910602
0.431213023692
0.820218473568
-0.448206488951
0.404159496629
0.797349386748
-0.517746334103
0.374807053001
0.769063330645
-0.343581968626
0.735485837702
0.583962339004
-0.310974843610
0.696843151639
0.646300447668
-0.276936074200
0.653455134716
0.704487613603
-0.240505637502
0.605553545648
0.758592078579
-0.199756330573
0.552855872809
0.808979475819
-0.275850100771
0.532610849243
0.800145240049
-0.350580322694
0.509281555832
0.785955300401
-0.423703569851
0.483353344748
0.766057980192
-0.494608548152
0.454778939563
0.740633850310
-0.423909052995
0.709609160648
0.562810762080
-0.391070437261
0.673022407227
0.627777629795
-0.356131877263
0.631062847194
0.689151484717
-0.318277534822
0.584080493726
0.746692297855
-0.393472644302
0.559371466197
0.729577165891
-0.466476912264
0.531603098650
0.706963532179
-0.536988401526
0.501013240462
0.678696684468
-0.467887056791
0.644593876698
0.604632480281
-0.432221765281
0.604694704834
0.668975828833
-0.505587353942
0.574769946547
0.643444586643
-0.541650133097
0.612122952045
0.576125528766
0.533726816280
-0.293639616310
0.793039381946
0.598466403018
-0.261589245579
0.757237763887
0.659181053574
-0.228262412784
0.716503042226
0.715345753960
-0.193951501965
0.671314581383
0.766577715692
-0.158834602530
0.622197858276
0.813253331170
-0.121645723692
0.569053017960
0.856396377380
-0.070047823392
0.511545254351
0.855493675521
-0.149332953698
0.495812706658
0.849177270172
-0.226013558158
0.477300571288
0.837515211213
-0.301587479823
0.455645984291
0.820218473568
-0.375894910602
0.431213023692
0.797349386748
-0.448206488951
0.404159496629
0.769063330645
-0.517746334103
0.374807053001
0.583962339004
-0.343581968626
0.735485837702
0.646300447668
-0.310974843610
0.696843151639
0.704487613603
-0.276936074200
0.653455134716
0.758592078579
-0.240505637502
0.605553545648
0.808979475819
-0.199756330573
0.552855872809
0.800145240049
-0.275850100771
0.532610849243
0.785955300401
-0.350580322694
0.509281555832
0.766057980192
-0.423703569851
0.483353344748
0.740633850310
-0.494608548152
0.454778939563
0.562810762080
-0.423909052995
0.709609160648
0.627777629795
-0.391070437261
0.673022407227
0.689151484717
-0.356131877263
0.631062847194
0.746692297855
-0.318277534822
0.584080493726
0.729577165891
-0.393472644302
0.559371466197
0.706963532179
-0.466476912264
0.531603098650
0.678696684468
-0.536988401526
0.501013240462
0.604632480281
-0.467887056791
0.644593876698
0.668975828833
-0.432221765281
0.604694704834
0.643444586643
-0.505587353942
0.574769946547
0.576125528766
-0.541650133097
0.612122952045
-0.999185377004
-0.005970405428
0.039911610339
-0.992686943706
-0.017947552371
0.119375529990
-0.979790629197
-0.030114797931
0.197745851750
-0.960712092082
-0.042306765311
0.274303506605
-0.935740090532
-0.054286505262
0.348487386168
-0.904590823729
-0.065196048844
0.421265850552
-0.863692960699
-0.065538286899
0.499739134539
-0.875014163987
-0.137268628349
0.464227892843
-0.880574939113
-0.206608731585
0.426498075774
-0.880578606873
-0.274972837635
0.385967946443
-0.875125816621
-0.341960306363
0.342371076399
-0.864150016660
-0.406921429195
0.296073806961
-0.847749356825
-0.469115695484
0.247490388202
-0.993174378591
-0.090675019555
0.073366849045
-0.983004687422
-0.102880179286
0.152044247560
-0.966478069131
-0.115017067956
0.229545672943
-0.943519477954
-0.126214219237
0.306334728009
-0.913487635333
-0.135166735891
0.383758118614
-0.916206217489
-0.204120471946
0.344820242978
-0.913330361396
-0.271858205680
0.303184377823
-0.905001663947
-0.337831650769
0.258537741911
-0.891083262887
-0.401625697592
0.211346676425
-0.986486352813
-0.162063137718
0.024087654638
-0.979222791050
-0.173865382424
0.104372191133
-0.965167112570
-0.185544837824
0.184460179902
-0.944230361623
-0.196192297342
0.264457192479
-0.938919339179
-0.264092065932
0.220648714539
-0.927707000532
-0.330049946027
0.174432664059
-0.910615110028
-0.393654931913
0.125761345288
-0.968388692856
-0.243073353801
0.056023961133
-0.957260077846
-0.254052300969
0.138240991509
-0.942956032443
-0.320479100418
0.090150247223
-0.950659731367
-0.310175265940
0.006113882287
0.793039381946
0.533726816280
-0.293639616310
0.757237763887
0.598466403018
-0.261589245579
0.716503042226
0.659181053574
-0.228262412784
0.671314581383
0.715345753960
-0.193951501965
0.622197858276
0.766577715692
-0.158834602530
0.569053017960
0.813253331170
-0.121645723692
0.511545254351
0.856396377380
-0.070047823392
0.495812706658
0.855493675521
-0.149332953698
0.477300571288
0.849177270172
-0.226013558158
0.455645984291
0.837515211213
-0.301587479823
0.431213023692
0.820218473568
-0.375894910602
0.404159496629
0.797349386748
-0.448206488951
0.374807053001
0.769063330645
-0.517746334103
0.735485837702
0.583962339004
-0.343581968626
0.696843151639
0.646300447668
-0.310974843610
0.653455134716
0.704487613603
-0.276936074200
0.605553545648
0.758592078579
-0.240505637502
0.552855872809
0.808979475819
-0.199756330573
0.532610849243
0.800145240049
-0.275850100771
0.509281555832
0.785955300401
-0.350580322694
0.483353344748
0.766057980192
-0.423703569851
0.454778939563
0.740633850310
-0.494608548152
0.709609160648
0.562810762080
-0.423909052995
0.673022407227
0.627777629795
-0.391070437261
0.631062847194
0.689151484717
-0.356131877263
0.584080493726
0.746692297855
-0.318277534822
0.559371466197
0.729577165891
-0.393472644302
0.531603098650
0.706963532179
-0.466476912264
0.501013240462
0.678696684468
-0.536988401526
0.644593876698
0.604632480281
-0.467887056791
0.604694704834
0.668975828833
-0.432221765281
0.574769946547
0.643444586643
-0.505587353942
0.612122952045
0.576125528766
-0.541650133097
0.283979297401
0.799009787374
0.530036902799
0.232549495829
0.775185316258
0.587374205638
0.179535646168
0.746617840157
0.640569084888
0.125497717739
0.713621346694
0.689198735044
0.070997191886
0.676484363538
0.733026810310
0.016156300731
0.634249066804
0.772959957052
-0.035995352375
0.577083541250
0.815891488512
-0.072772352560
0.633081335007
0.770656997612
-0.108286391920
0.683909302873
0.721486051680
-0.143327917453
0.730618821926
0.667572651572
-0.177408487897
0.773173330055
0.608875381432
-0.210206214238
0.811080925824
0.545858112754
-0.241298805847
0.843922748485
0.479133886180
0.196866705055
0.826160857257
0.527922094989
0.144511216757
0.799723330925
0.582717000100
0.090834548962
0.768472202671
0.633403156320
0.036286740913
0.731767764885
0.680587401227
-0.018948042248
0.688022608701
0.725441838890
-0.054423760637
0.736731321189
0.673991850587
-0.089295494217
0.781139761512
0.617937689170
-0.122919523568
0.821184995517
0.557266537542
-0.155235481307
0.856404637155
0.492415518443
0.161685387843
0.871672298366
0.462650234647
0.109750339033
0.846887789651
0.520322913990
0.055914023227
0.816607685018
0.574478468505
0.000831729392
0.780272791068
0.625438789767
-0.033837294535
0.823463532129
0.566359292986
-0.067555118393
0.861653044676
0.502981447549
-0.099958658148
0.894668172374
0.435404556707
0.074586108581
0.887667230499
0.454404885873
0.021156507392
0.858747005804
0.511962871914
-0.012958723218
0.895249046965
0.445377609901
0.039776010337
0.922298217985
0.384426671945
-0.469148474205
-0.333551226649
0.817706113681
-0.405312738068
-0.380964775570
0.831015898846
-0.339221544308
-0.426008264534
0.838716699742
-0.271513357039
-0.468255008571
0.840843471698
-0.202713280222
-0.507321988698
0.837574907579
-0.131630866677
-0.542911574244
0.829409631900
-0.047801472187
-0.569786957931
0.820401025005
-0.104357166375
-0.613560846541
0.782721322961
-0.159088887433
-0.652511633933
0.740890878253
-0.213005955301
-0.687555426266
0.694187293760
-0.266250435189
-0.718265987001
0.642809985671
-0.318291903906
-0.744280295912
0.587143172510
-0.368615470645
-0.765236722305
0.527764524799
-0.465252283602
-0.416948817670
0.780829044059
-0.400287687322
-0.463019091170
0.790811664425
-0.333074912811
-0.506481747143
0.795322162565
-0.262932076727
-0.546840365510
0.794878819492
-0.188045796443
-0.583514449187
0.790031433571
-0.242214366902
-0.620670343749
0.745721479412
-0.295392672226
-0.653764700517
0.696659806184
-0.347735126405
-0.682241311762
0.643138456624
-0.398667744445
-0.705955224577
0.585398369003
-0.523836118166
-0.447996707633
0.724496149924
-0.458899877061
-0.495442628395
0.737527968828
-0.390688644065
-0.540592057165
0.745065507945
-0.318791571856
-0.582734727301
0.747524027247
-0.372560046193
-0.614121358842
0.695739871357
-0.424725552983
-0.640909576323
0.639408413786
-0.475210553321
-0.662749746814
0.578738026321
-0.513983806983
-0.523911017925
0.679218588863
-0.445297205933
-0.570462756790
0.690132336225
-0.497578422543
-0.595737601165
0.630485863425
-0.566233059422
-0.547764015384
0.615901539102
0.823676519109
-0.465458560724
0.323890907741
0.848963451217
-0.394220540688
0.351925025819
0.868831497673
-0.320609575623
0.377281497918
0.883150237009
-0.245366338123
0.399801224344
0.891861412840
-0.169162374840
0.419484578054
0.894605680744
-0.091337492559
0.437422151283
0.885939311904
-0.007296583319
0.463743782164
0.919989951310
-0.019520488466
0.391455540284
0.947499609838
-0.031397668940
0.318211683855
0.969160131395
-0.043063395660
0.242640028990
0.984770292034
-0.054907343053
0.164962588502
0.994064601705
-0.066800629912
0.085867592724
0.996880220283
-0.078686026180
0.006191582356
0.871504063614
-0.409212039587
0.270233554099
0.893691843711
-0.336704239754
0.296555464317
0.910339230520
-0.261990455528
0.320380221905
0.921093038729
-0.184927399375
0.342621468921
0.925198169463
-0.104508159514
0.364810076366
0.949841951358
-0.116060977439
0.290396482341
0.968518011865
-0.127375060995
0.213888883606
0.980970107393
-0.138943683754
0.135618218343
0.987024066595
-0.150449412577
0.056111195118
0.886559287642
-0.423675590733
0.185773042482
0.911393351251
-0.351445161256
0.214122530166
0.930610345768
-0.276015627853
0.240374203129
0.943716324589
-0.197538063767
0.265288921870
0.959831937289
-0.209342173288
0.186811420005
0.969458359813
-0.220743468353
0.106877545667
0.972392958233
-0.231918425560
0.025802687141
0.922291942664
-0.363756212574
0.130610069715
0.944184637195
-0.288284249013
0.159397498902
0.950964963843
-0.299511445800
0.077191524005
0.926076805042
-0.374534202601
0.045889892624
0.469148474205
0.333551226649
0.817706113681
0.405312738068
0.380964775570
0.831015898846
0.339221544308
0.426008264534
0.838716699742
0.271513357039
0.468255008571
0.840843471698
0.202713280222
0.507321988698
0.837574907579
0.131630866677
0.542911574244
0.829409631900
0.047801472187
0.569786957931
0.820401025005
0.104357166375
0.613560846541
0.782721322961
0.159088887433
0.652511633933
0.740890878253
0.213005955301
0.687555426266
0.694187293760
0.266250435189
0.718265987001
0.642809985671
0.318291903906
0.744280295912
0.587143172510
0.368615470645
0.765236722305
0.527764524799
0.465252283602
0.416948817670
0.780829044059
0.400287687322
0.463019091170
0.790811664425
0.333074912811
0.506481747143
0.795322162565
0.262932076727
0.546840365510
0.794878819492
0.188045796443
0.583514449187
0.790031433571
0.242214366902
0.620670343749
0.745721479412
0.295392672226
0.653764700517
0.696659806184
0.347735126405
0.682241311762
0.643138456624
0.398667744445
0.705955224577
0.585398369003
0.523836118166
0.447996707633
0.724496149924
0.458899877061
0.495442628395
0.737527968828
0.390688644065
0.540592057165
0.745065507945
0.318791571856
0.582734727301
0.747524027247
0.372560046193
0.614121358842
0.695739871357
0.424725552983
0.640909576323
0.639408413786
0.475210553321
0.662749746814
0.578738026321
0.513983806983
0.523911017925
0.679218588863
0.445297205933
0.570462756790
0.690132336225
0.497578422543
0.595737601165
0.630485863425
0.566233059422
0.547764015384
0.615901539102
-0.005970405428
-0.039911610339
0.999185377004
-0.017947552371
-0.119375529990
0.992686943706
-0.030114797931
-0.197745851750
0.979790629197
-0.042306765311
-0.274303506605
0.960712092082
-0.054286505262
-0.348487386168
0.935740090532
-0.065196048844
-0.421265850552
0.904590823729
-0.065538286899
-0.499739134539
0.863692960699
-0.137268628349
-0.464227892843
0.875014163987
-0.206608731585
-0.426498075774
0.880574939113
-0.274972837635
-0.385967946443
0.880578606873
-0.341960306363
-0.342371076399
0.875125816621
-0.406921429195
-0.296073806961
0.864150016660
-0.469115695484
-0.247490388202
0.847749356825
-0.090675019555
-0.073366849045
0.993174378591
-0.102880179286
-0.152044247560
0.983004687422
-0.115017067956
-0.229545672943
0.966478069131
-0.126214219237
-0.306334728009
0.943519477954
-0.135166735891
-0.383758118614
0.913487635333
-0.204120471946
-0.344820242978
0.916206217489
-0.271858205680
-0.303184377823
0.913330361396
-0.337831650769
-0.258537741911
0.905001663947
-0.401625697592
-0.211346676425
0.891083262887
-0.162063137718
-0.024087654638
0.986486352813
-0.173865382424
-0.104372191133
0.979222791050
-0.185544837824
-0.184460179902
0.965167112570
-0.196192297342
-0.264457192479
0.944230361623
-0.264092065932
-0.220648714539
0.938919339179
-0.330049946027
-0.174432664059
0.927707000532
-0.393654931913
-0.125761345288
0.910615110028
-0.243073353801
-0.056023961133
0.968388692856
-0.254052300969
-0.138240991509
0.957260077846
-0.320479100418
-0.090150247223
0.942956032443
-0.310175265940
-0.006113882287
0.950659731367
0.005970405428
0.039911610339
0.999185377004
0.017947552371
0.119375529990
0.992686943706
0.030114797931
0.197745851750
0.979790629197
0.042306765311
0.274303506605
0.960712092082
0.054286505262
0.348487386168
0.935740090532
0.065196048844
0.421265850552
0.904590823729
0.065538286899
0.499739134539
0.863692960699
0.137268628349
0.464227892843
0.875014163987
0.206608731585
0.426498075774
0.880574939113
0.274972837635
0.385967946443
0.880578606873
0.341960306363
0.342371076399
0.875125816621
0.406921429195
0.296073806961
0.864150016660
0.469115695484
0.247490388202
0.847749356825
0.090675019555
0.073366849045
0.993174378591
0.102880179286
0.152044247560
0.983004687422
0.115017067956
0.229545672943
0.966478069131
0.126214219237
0.306334728009
0.943519477954
0.135166735891
0.383758118614
0.913487635333
0.204120471946
0.344820242978
0.916206217489
0.271858205680
0.303184377823
0.913330361396
0.337831650769
0.258537741911
0.905001663947
0.401625697592
0.211346676425
0.891083262887
0.162063137718
0.024087654638
0.986486352813
0.173865382424
0.104372191133
0.979222791050
0.185544837824
0.184460179902
0.965167112570
0.196192297342
0.264457192479
0.944230361623
0.264092065932
0.220648714539
0.938919339179
0.330049946027
0.174432664059
0.927707000532
0.393654931913
0.125761345288
0.910615110028
0.243073353801
0.056023961133
0.968388692856
0.254052300969
0.138240991509
0.957260077846
0.320479100418
0.090150247223
0.942956032443
0.310175265940
0.006113882287
0.950659731367
-0.323890907741
0.823676519109
0.465458560724
-0.351925025819
0.848963451217
0.394220540688
-0.377281497918
0.868831497673
0.320609575623
-0.399801224344
0.883150237009
0.245366338123
-0.419484578054
0.891861412840
0.169162374840
-0.437422151283
0.894605680744
0.091337492559
-0.463743782164
0.885939311904
0.007296583319
-0.391455540284
0.919989951310
0.019520488466
-0.318211683855
0.947499609838
0.031397668940
-0.242640028990
0.969160131395
0.043063395660
-0.164962588502
0.984770292034
0.054907343053
-0.085867592724
0.994064601705
0.066800629912
-0.006191582356
0.996880220283
0.078686026180
-0.270233554099
0.871504063614
0.409212039587
-0.296555464317
0.893691843711
0.336704239754
-0.320380221905
0.910339230520
0.261990455528
-0.342621468921
0.921093038729
0.184927399375
-0.364810076366
0.925198169463
0.104508159514
-0.290396482341
0.949841951358
0.116060977439
-0.213888883606
0.968518011865
0.127375060995
-0.135618218343
0.980970107393
0.138943683754
-0.056111195118
0.987024066595
0.150449412577
-0.185773042482
0.886559287642
0.423675590733
-0.214122530166
0.911393351251
0.351445161256
-0.240374203129
0.930610345768
0.276015627853
-0.265288921870
0.943716324589
0.197538063767
-0.186811420005
0.959831937289
0.209342173288
-0.106877545667
0.969458359813
0.220743468353
-0.025802687141
0.972392958233
0.231918425560
-0.130610069715
0.922291942664
0.363756212574
-0.159397498902
0.944184637195
0.288284249013
-0.077191524005
0.950964963843
0.299511445800
-0.045889892624
0.926076805042
0.374534202601
-0.530036902799
0.283979297401
-0.799009787374
-0.587374205638
0.232549495829
-0.775185316258
-0.640569084888
0.179535646168
-0.746617840157
-0.689198735044
0.125497717739
-0.713621346694
-0.733026810310
0.070997191886
-0.676484363538
-0.772959957052
0.016156300731
-0.634249066804
-0.815891488512
-0.035995352375
-0.577083541250
-0.770656997612
-0.072772352560
-0.633081335007
-0.721486051680
-0.108286391920
-0.683909302873
-0.667572651572
-0.143327917453
-0.730618821926
-0.608875381432
-0.177408487897
-0.773173330055
-0.545858112754
-0.210206214238
-0.811080925824
-0.479133886180
-0.241298805847
-0.843922748485
-0.527922094989
0.196866705055
-0.826160857257
-0.582717000100
0.144511216757
-0.799723330925
-0.633403156320
0.090834548962
-0.768472202671
-0.680587401227
0.036286740913
-0.731767764885
-0.725441838890
-0.018948042248
-0.688022608701
-0.673991850587
-0.054423760637
-0.736731321189
-0.617937689170
-0.089295494217
-0.781139761512
-0.557266537542
-0.122919523568
-0.821184995517
-0.492415518443
-0.155235481307
-0.856404637155
-0.462650234647
0.161685387843
-0.871672298366
-0.520322913990
0.109750339033
-0.846887789651
-0.574478468505
0.055914023227
-0.816607685018
-0.625438789767
0.000831729392
-0.780272791068
-0.566359292986
-0.033837294535
-0.823463532129
-0.502981447549
-0.067555118393
-0.861653044676
-0.435404556707
-0.099958658148
-0.894668172374
-0.454404885873
0.074586108581
-0.887667230499
-0.511962871914
0.021156507392
-0.858747005804
-0.445377609901
-0.012958723218
-0.895249046965
-0.384426671945
0.039776010337
-0.922298217985
-0.817706113681
-0.469148474205
0.333551226649
-0.831015898846
-0.405312738068
0.380964775570
-0.838716699742
-0.339221544308
0.426008264534
-0.840843471698
-0.271513357039
0.468255008571
-0.837574907579
-0.202713280222
0.507321988698
-0.829409631900
-0.131630866677
0.542911574244
-0.820401025005
-0.047801472187
0.569786957931
-0.782721322961
-0.104357166375
0.613560846541
-0.740890878253
-0.159088887433
0.652511633933
-0.694187293760
-0.213005955301
0.687555426266
-0.642809985671
-0.266250435189
0.718265987001
-0.587143172510
-0.318291903906
0.744280295912
-0.527764524799
-0.368615470645
0.765236722305
-0.780829044059
-0.465252283602
0.416948817670
-0.790811664425
-0.400287687322
0.463019091170
-0.795322162565
-0.333074912811
0.506481747143
-0.794878819492
-0.262932076727
0.546840365510
-0.790031433571
-0.188045796443
0.583514449187
-0.745721479412
-0.242214366902
0.620670343749
-0.696659806184
-0.295392672226
0.653764700517
-0.643138456624
-0.347735126405
0.682241311762
-0.585398369003
-0.398667744445
0.705955224577
-0.724496149924
-0.523836118166
0.447996707633
-0.737527968828
-0.458899877061
0.495442628395
-0.745065507945
-0.390688644065
0.540592057165
-0.747524027247
-0.318791571856
0.582734727301
-0.695739871357
-0.372560046193
0.614121358842
-0.639408413786
-0.424725552983
0.640909576323
-0.578738026321
-0.475210553321
0.662749746814
-0.679218588863
-0.513983806983
0.523911017925
-0.690132336225
-0.445297205933
0.570462756790
-0.630485863425
-0.497578422543
0.595737601165
-0.615901539102
-0.566233059422
0.547764015384
-0.793039381946
0.533726816280
0.293639616310
-0.757237763887
0.598466403018
0.261589245579
-0.716503042226
0.659181053574
0.228262412784
-0.671314581383
0.715345753960
0.193951501965
-0.622197858276
0.766577715692
0.158834602530
-0.569053017960
0.813253331170
0.121645723692
-0.511545254351
0.856396377380
0.070047823392
-0.495812706658
0.855493675521
0.149332953698
-0.477300571288
0.849177270172
0.226013558158
-0.455645984291
0.837515211213
0.301587479823
-0.431213023692
0.820218473568
0.375894910602
-0.404159496629
0.797349386748
0.448206488951
-0.374807053001
0.769063330645
0.517746334103
-0.735485837702
0.583962339004
0.343581968626
-0.696843151639
0.646300447668
0.310974843610
-0.653455134716
0.704487613603
0.276936074200
-0.605553545648
0.758592078579
0.240505637502
-0.552855872809
0.808979475819
0.199756330573
-0.532610849243
0.800145240049
0.275850100771
-0.509281555832
0.785955300401
0.350580322694
-0.483353344748
0.766057980192
0.423703569851
-0.454778939563
0.740633850310
0.494608548152
-0.709609160648
0.562810762080
0.423909052995
-0.673022407227
0.627777629795
0.391070437261
-0.631062847194
0.689151484717
0.356131877263
-0.584080493726
0.746692297855
0.318277534822
-0.559371466197
0.729577165891
0.393472644302
-0.531603098650
0.706963532179
0.466476912264
-0.501013240462
0.678696684468
0.536988401526
-0.644593876698
0.604632480281
0.467887056791
-0.604694704834
0.668975828833
0.432221765281
-0.574769946547
0.643444586643
0.505587353942
-0.612122952045
0.576125528766
0.541650133097
-0.817706113681
0.469148474205
-0.333551226649
-0.831015898846
0.405312738068
-0.380964775570
-0.838716699742
0.339221544308
-0.426008264534
-0.840843471698
0.271513357039
-0.468255008571
-0.837574907579
0.202713280222
-0.507321988698
-0.829409631900
0.131630866677
-0.542911574244
-0.820401025005
0.047801472187
-0.569786957931
-0.782721322961
0.104357166375
-0.613560846541
-0.740890878253
0.159088887433
-0.652511633933
-0.694187293760
0.213005955301
-0.687555426266
-0.642809985671
0.266250435189
-0.718265987001
-0.587143172510
0.318291903906
-0.744280295912
-0.527764524799
0.368615470645
-0.765236722305
-0.780829044059
0.465252283602
-0.416948817670
-0.790811664425
0.400287687322
-0.463019091170
-0.795322162565
0.333074912811
-0.506481747143
-0.794878819492
0.262932076727
-0.546840365510
-0.790031433571
0.188045796443
-0.583514449187
-0.745721479412
0.242214366902
-0.620670343749
-0.696659806184
0.295392672226
-0.653764700517
-0.643138456624
0.347735126405
-0.682241311762
-0.585398369003
0.398667744445
-0.705955224577
-0.724496149924
0.523836118166
-0.447996707633
-0.737527968828
0.458899877061
-0.495442628395
-0.745065507945
0.390688644065
-0.540592057165
-0.747524027247
0.318791571856
-0.582734727301
-0.695739871357
0.372560046193
-0.614121358842
-0.639408413786
0.424725552983
-0.640909576323
-0.578738026321
0.475210553321
-0.662749746814
-0.679218588863
0.513983806983
-0.523911017925
-0.690132336225
0.445297205933
-0.570462756790
-0.630485863425
0.497578422543
-0.595737601165
-0.615901539102
0.566233059422
-0.547764015384
-0.323890907741
-0.823676519109
-0.465458560724
-0.351925025819
-0.848963451217
-0.394220540688
-0.377281497918
-0.868831497673
-0.320609575623
-0.399801224344
-0.883150237009
-0.245366338123
-0.419484578054
-0.891861412840
-0.169162374840
-0.437422151283
-0.894605680744
-0.091337492559
-0.463743782164
-0.885939311904
-0.007296583319
-0.391455540284
-0.919989951310
-0.019520488466
-0.318211683855
-0.947499609838
-0.031397668940
-0.242640028990
-0.969160131395
-0.043063395660
-0.164962588502
-0.984770292034
-0.054907343053
-0.085867592724
-0.994064601705
-0.066800629912
-0.006191582356
-0.996880220283
-0.078686026180
-0.270233554099
-0.871504063614
-0.409212039587
-0.296555464317
-0.893691843711
-0.336704239754
-0.320380221905
-0.910339230520
-0.261990455528
-0.342621468921
-0.921093038729
-0.184927399375
-0.364810076366
-0.925198169463
-0.104508159514
-0.290396482341
-0.949841951358
-0.116060977439
-0.213888883606
-0.968518011865
-0.127375060995
-0.135618218343
-0.980970107393
-0.138943683754
-0.056111195118
-0.987024066595
-0.150449412577
-0.185773042482
-0.886559287642
-0.423675590733
-0.214122530166
-0.911393351251
-0.351445161256
-0.240374203129
-0.930610345768
-0.276015627853
-0.265288921870
-0.943716324589
-0.197538063767
-0.186811420005
-0.959831937289
-0.209342173288
-0.106877545667
-0.969458359813
-0.220743468353
-0.025802687141
-0.972392958233
-0.231918425560
-0.130610069715
-0.922291942664
-0.363756212574
-0.159397498902
-0.944184637195
-0.288284249013
-0.077191524005
-0.950964963843
-0.299511445800
-0.045889892624
-0.926076805042
-0.374534202601
0.530036902799
0.283979297401
0.799009787374
0.587374205638
0.232549495829
0.775185316258
0.640569084888
0.179535646168
0.746617840157
0.689198735044
0.125497717739
0.713621346694
0.733026810310
0.070997191886
0.676484363538
0.772959957052
0.016156300731
0.634249066804
0.815891488512
-0.035995352375
0.577083541250
0.770656997612
-0.072772352560
0.633081335007
0.721486051680
-0.108286391920
0.683909302873
0.667572651572
-0.143327917453
0.730618821926
0.608875381432
-0.177408487897
0.773173330055
0.545858112754
-0.210206214238
0.811080925824
0.479133886180
-0.241298805847
0.843922748485
0.527922094989
0.196866705055
0.826160857257
0.582717000100
0.144511216757
0.799723330925
0.633403156320
0.090834548962
0.768472202671
0.680587401227
0.036286740913
0.731767764885
0.725441838890
-0.018948042248
0.688022608701
0.673991850587
-0.054423760637
0.736731321189
0.617937689170
-0.089295494217
0.781139761512
0.557266537542
-0.122919523568
0.821184995517
0.492415518443
-0.155235481307
0.856404637155
0.462650234647
0.161685387843
0.871672298366
0.520322913990
0.109750339033
0.846887789651
0.574478468505
0.055914023227
0.816607685018
0.625438789767
0.000831729392
0.780272791068
0.566359292986
-0.033837294535
0.823463532129
0.502981447549
-0.067555118393
0.861653044676
0.435404556707
-0.099958658148
0.894668172374
0.454404885873
0.074586108581
0.887667230499
0.511962871914
0.021156507392
0.858747005804
0.445377609901
-0.012958723218
0.895249046965
0.384426671945
0.039776010337
0.922298217985
0.817706113681
-0.469148474205
-0.333551226649
0.831015898846
-0.405312738068
-0.380964775570
0.838716699742
-0.339221544308
-0.426008264534
0.840843471698
-0.271513357039
-0.468255008571
0.837574907579
-0.202713280222
-0.507321988698
0.829409631900
-0.131630866677
-0.542911574244
0.820401025005
-0.047801472187
-0.569786957931
0.782721322961
-0.104357166375
-0.613560846541
0.740890878253
-0.159088887433
-0.652511633933
0.694187293760
-0.213005955301
-0.687555426266
0.642809985671
-0.266250435189
-0.718265987001
0.587143172510
-0.318291903906
-0.744280295912
0.527764524799
-0.368615470645
-0.765236722305
0.780829044059
-0.465252283602
-0.416948817670
0.790811664425
-0.400287687322
-0.463019091170
0.795322162565
-0.333074912811
-0.506481747143
0.794878819492
-0.262932076727
-0.546840365510
0.790031433571
-0.188045796443
-0.583514449187
0.745721479412
-0.242214366902
-0.620670343749
0.696659806184
-0.295392672226
-0.653764700517
0.643138456624
-0.347735126405
-0.682241311762
0.585398369003
-0.398667744445
-0.705955224577
0.724496149924
-0.523836118166
-0.447996707633
0.737527968828
-0.458899877061
-0.495442628395
0.745065507945
-0.390688644065
-0.540592057165
0.747524027247
-0.318791571856
-0.582734727301
0.695739871357
-0.372560046193
-0.614121358842
0.639408413786
-0.424725552983
-0.640909576323
0.578738026321
-0.475210553321
-0.662749746814
0.679218588863
-0.513983806983
-0.523911017925
0.690132336225
-0.445297205933
-0.570462756790
0.630485863425
-0.497578422543
-0.595737601165
0.615901539102
-0.566233059422
-0.547764015384
0.323890907741
0.823676519109
-0.465458560724
0.351925025819
0.848963451217
-0.394220540688
0.377281497918
0.868831497673
-0.320609575623
0.399801224344
0.883150237009
-0.245366338123
0.419484578054
0.891861412840
-0.169162374840
0.437422151283
0.894605680744
-0.091337492559
0.463743782164
0.885939311904
-0.007296583319
0.391455540284
0.919989951310
-0.019520488466
0.318211683855
0.947499609838
-0.031397668940
0.242640028990
0.969160131395
-0.043063395660
0.164962588502
0.984770292034
-0.054907343053
0.085867592724
0.994064601705
-0.066800629912
0.006191582356
0.996880220283
-0.078686026180
0.270233554099
0.871504063614
-0.409212039587
0.296555464317
0.893691843711
-0.336704239754
0.320380221905
0.910339230520
-0.261990455528
0.342621468921
0.921093038729
-0.184927399375
0.364810076366
0.925198169463
-0.104508159514
0.290396482341
0.949841951358
-0.116060977439
0.213888883606
0.968518011865
-0.127375060995
0.135618218343
0.980970107393
-0.138943683754
0.056111195118
0.987024066595
-0.150449412577
0.185773042482
0.886559287642
-0.423675590733
0.214122530166
0.911393351251
-0.351445161256
0.240374203129
0.930610345768
-0.276015627853
0.265288921870
0.943716324589
-0.197538063767
0.186811420005
0.959831937289
-0.209342173288
0.106877545667
0.969458359813
-0.220743468353
0.025802687141
0.972392958233
-0.231918425560
0.130610069715
0.922291942664
-0.363756212574
0.159397498902
0.944184637195
-0.288284249013
0.077191524005
0.950964963843
-0.299511445800
0.045889892624
0.926076805042
-0.374534202601
0.817706113681
0.469148474205
0.333551226649
0.831015898846
0.405312738068
0.380964775570
0.838716699742
0.339221544308
0.426008264534
0.840843471698
0.271513357039
0.468255008571
0.837574907579
0.202713280222
0.507321988698
0.829409631900
0.131630866677
0.542911574244
0.820401025005
0.047801472187
0.569786957931
0.782721322961
0.104357166375
0.613560846541
0.740890878253
0.159088887433
0.652511633933
0.694187293760
0.213005955301
0.687555426266
0.642809985671
0.266250435189
0.718265987001
0.587143172510
0.318291903906
0.744280295912
0.527764524799
0.368615470645
0.765236722305
0.780829044059
0.465252283602
0.416948817670
0.790811664425
0.400287687322
0.463019091170
0.795322162565
0.333074912811
0.506481747143
0.794878819492
0.262932076727
0.546840365510
0.790031433571
0.188045796443
0.583514449187
0.745721479412
0.242214366902
0.620670343749
0.696659806184
0.295392672226
0.653764700517
0.643138456624
0.347735126405
0.682241311762
0.585398369003
0.398667744445
0.705955224577
0.724496149924
0.523836118166
0.447996707633
0.737527968828
0.458899877061
0.495442628395
0.745065507945
0.390688644065
0.540592057165
0.747524027247
0.318791571856
0.582734727301
0.695739871357
0.372560046193
0.614121358842
0.639408413786
0.424725552983
0.640909576323
0.578738026321
0.475210553321
0.662749746814
0.679218588863
0.513983806983
0.523911017925
0.690132336225
0.445297205933
0.570462756790
0.630485863425
0.497578422543
0.595737601165
0.615901539102
0.566233059422
0.547764015384
0.999185377004
-0.005970405428
-0.039911610339
0.992686943706
-0.017947552371
-0.119375529990
0.979790629197
-0.030114797931
-0.197745851750
0.960712092082
-0.042306765311
-0.274303506605
0.935740090532
-0.054286505262
-0.348487386168
0.904590823729
-0.065196048844
-0.421265850552
0.863692960699
-0.065538286899
-0.499739134539
0.875014163987
-0.137268628349
-0.464227892843
0.880574939113
-0.206608731585
-0.426498075774
0.880578606873
-0.274972837635
-0.385967946443
0.875125816621
-0.341960306363
-0.342371076399
0.864150016660
-0.406921429195
-0.296073806961
0.847749356825
-0.469115695484
-0.247490388202
0.993174378591
-0.090675019555
-0.073366849045
0.983004687422
-0.102880179286
-0.152044247560
0.966478069131
-0.115017067956
-0.229545672943
0.943519477954
-0.126214219237
-0.306334728009
0.913487635333
-0.135166735891
-0.383758118614
0.916206217489
-0.204120471946
-0.344820242978
0.913330361396
-0.271858205680
-0.303184377823
0.905001663947
-0.337831650769
-0.258537741911
0.891083262887
-0.401625697592
-0.211346676425
0.986486352813
-0.162063137718
-0.024087654638
0.979222791050
-0.173865382424
-0.104372191133
0.965167112570
-0.185544837824
-0.184460179902
0.944230361623
-0.196192297342
-0.264457192479
0.938919339179
-0.264092065932
-0.220648714539
0.927707000532
-0.330049946027
-0.174432664059
0.910615110028
-0.393654931913
-0.125761345288
0.968388692856
-0.243073353801
-0.056023961133
0.957260077846
-0.254052300969
-0.138240991509
0.942956032443
-0.320479100418
-0.090150247223
0.950659731367
-0.310175265940
-0.006113882287
-0.005970405428
0.039911610339
-0.999185377004
-0.017947552371
0.119375529990
-0.992686943706
-0.030114797931
0.197745851750
-0.979790629197
-0.042306765311
0.274303506605
-0.960712092082
-0.054286505262
0.348487386168
-0.935740090532
-0.065196048844
0.421265850552
-0.904590823729
-0.065538286899
0.499739134539
-0.863692960699
-0.137268628349
0.464227892843
-0.875014163987
-0.206608731585
0.426498075774
-0.880574939113
-0.274972837635
0.385967946443
-0.880578606873
-0.341960306363
0.342371076399
-0.875125816621
-0.406921429195
0.296073806961
-0.864150016660
-0.469115695484
0.247490388202
-0.847749356825
-0.090675019555
0.073366849045
-0.993174378591
-0.102880179286
0.152044247560
-0.983004687422
-0.115017067956
0.229545672943
-0.966478069131
-0.126214219237
0.306334728009
-0.943519477954
-0.135166735891
0.383758118614
-0.913487635333
-0.204120471946
0.344820242978
-0.916206217489
-0.271858205680
0.303184377823
-0.913330361396
-0.337831650769
0.258537741911
-0.905001663947
-0.401625697592
0.211346676425
-0.891083262887
-0.162063137718
0.024087654638
-0.986486352813
-0.173865382424
0.104372191133
-0.979222791050
-0.185544837824
0.184460179902
-0.965167112570
-0.196192297342
0.264457192479
-0.944230361623
-0.264092065932
0.220648714539
-0.938919339179
-0.330049946027
0.174432664059
-0.927707000532
-0.393654931913
0.125761345288
-0.910615110028
-0.243073353801
0.056023961133
-0.968388692856
-0.254052300969
0.138240991509
-0.957260077846
-0.320479100418
0.090150247223
-0.942956032443
-0.310175265940
0.006113882287
-0.950659731367
0.323890907741
-0.823676519109
0.465458560724
0.351925025819
-0.848963451217
0.394220540688
0.377281497918
-0.868831497673
0.320609575623
0.399801224344
-0.883150237009
0.245366338123
0.419484578054
-0.891861412840
0.169162374840
0.437422151283
-0.894605680744
0.091337492559
0.463743782164
-0.885939311904
0.007296583319
0.391455540284
-0.919989951310
0.019520488466
0.318211683855
-0.947499609838
0.031397668940
0.242640028990
-0.969160131395
0.043063395660
0.164962588502
-0.984770292034
0.054907343053
0.085867592724
-0.994064601705
0.066800629912
0.006191582356
-0.996880220283
0.078686026180
0.270233554099
-0.871504063614
0.409212039587
0.296555464317
-0.893691843711
0.336704239754
0.320380221905
-0.910339230520
0.261990455528
0.342621468921
-0.921093038729
0.184927399375
0.364810076366
-0.925198169463
0.104508159514
0.290396482341
-0.949841951358
0.116060977439
0.213888883606
-0.968518011865
0.127375060995
0.135618218343
-0.980970107393
0.138943683754
0.056111195118
-0.987024066595
0.150449412577
0.185773042482
-0.886559287642
0.423675590733
0.214122530166
-0.911393351251
0.351445161256
0.240374203129
-0.930610345768
0.276015627853
0.265288921870
-0.943716324589
0.197538063767
0.186811420005
-0.959831937289
0.209342173288
0.106877545667
-0.969458359813
0.220743468353
0.025802687141
-0.972392958233
0.231918425560
0.130610069715
-0.922291942664
0.363756212574
0.159397498902
-0.944184637195
0.288284249013
0.077191524005
-0.950964963843
0.299511445800
0.045889892624
-0.926076805042
0.374534202601
-0.823676519109
0.465458560724
0.323890907741
-0.848963451217
0.394220540688
0.351925025819
-0.868831497673
0.320609575623
0.377281497918
-0.883150237009
0.245366338123
0.399801224344
-0.891861412840
0.169162374840
0.419484578054
-0.894605680744
0.091337492559
0.437422151283
-0.885939311904
0.007296583319
0.463743782164
-0.919989951310
0.019520488466
0.391455540284
-0.947499609838
0.031397668940
0.318211683855
-0.969160131395
0.043063395660
0.242640028990
-0.984770292034
0.054907343053
0.164962588502
-0.994064601705
0.066800629912
0.085867592724
-0.996880220283
0.078686026180
0.006191582356
-0.871504063614
0.409212039587
0.270233554099
-0.893691843711
0.336704239754
0.296555464317
-0.910339230520
0.261990455528
0.320380221905
-0.921093038729
0.184927399375
0.342621468921
-0.925198169463
0.104508159514
0.364810076366
-0.949841951358
0.116060977439
0.290396482341
-0.968518011865
0.127375060995
0.213888883606
-0.980970107393
0.138943683754
0.135618218343
-0.987024066595
0.150449412577
0.056111195118
-0.886559287642
0.423675590733
0.185773042482
-0.911393351251
0.351445161256
0.214122530166
-0.930610345768
0.276015627853
0.240374203129
-0.943716324589
0.197538063767
0.265288921870
-0.959831937289
0.209342173288
0.186811420005
-0.969458359813
0.220743468353
0.106877545667
-0.972392958233
0.231918425560
0.025802687141
-0.922291942664
0.363756212574
0.130610069715
-0.944184637195
0.288284249013
0.159397498902
-0.950964963843
0.299511445800
0.077191524005
-0.926076805042
0.374534202601
0.045889892624
-0.283979297401
-0.799009787374
0.530036902799
-0.232549495829
-0.775185316258
0.587374205638
-0.179535646168
-0.746617840157
0.640569084888
-0.125497717739
-0.713621346694
0.689198735044
-0.070997191886
-0.676484363538
0.733026810310
-0.016156300731
-0.634249066804
0.772959957052
0.035995352375
-0.577083541250
0.815891488512
0.072772352560
-0.633081335007
0.770656997612
0.108286391920
-0.683909302873
0.721486051680
0.143327917453
-0.730618821926
0.667572651572
0.177408487897
-0.773173330055
0.608875381432
0.210206214238
-0.811080925824
0.545858112754
0.241298805847
-0.843922748485
0.479133886180
-0.196866705055
-0.826160857257
0.527922094989
-0.144511216757
-0.799723330925
0.582717000100
-0.090834548962
-0.768472202671
0.633403156320
-0.036286740913
-0.731767764885
0.680587401227
0.018948042248
-0.688022608701
0.725441838890
0.054423760637
-0.736731321189
0.673991850587
0.089295494217
-0.781139761512
0.617937689170
0.122919523568
-0.821184995517
0.557266537542
0.155235481307
-0.856404637155
0.492415518443
-0.161685387843
-0.871672298366
0.462650234647
-0.109750339033
-0.846887789651
0.520322913990
-0.055914023227
-0.816607685018
0.574478468505
-0.000831729392
-0.780272791068
0.625438789767
0.033837294535
-0.823463532129
0.566359292986
0.067555118393
-0.861653044676
0.502981447549
0.099958658148
-0.894668172374
0.435404556707
-0.074586108581
-0.887667230499
0.454404885873
-0.021156507392
-0.858747005804
0.511962871914
0.012958723218
-0.895249046965
0.445377609901
-0.039776010337
-0.922298217985
0.384426671945
-0.533726816280
0.293639616310
0.793039381946
-0.598466403018
0.261589245579
0.757237763887
-0.659181053574
0.228262412784
0.716503042226
-0.715345753960
0.193951501965
0.671314581383
-0.766577715692
0.158834602530
0.622197858276
-0.813253331170
0.121645723692
0.569053017960
-0.856396377380
0.070047823392
0.511545254351
-0.855493675521
0.149332953698
0.495812706658
-0.849177270172
0.226013558158
0.477300571288
-0.837515211213
0.301587479823
0.455645984291
-0.820218473568
0.375894910602
0.431213023692
-0.797349386748
0.448206488951
0.404159496629
-0.769063330645
0.517746334103
0.374807053001
-0.583962339004
0.343581968626
0.735485837702
-0.646300447668
0.310974843610
0.696843151639
-0.704487613603
0.276936074200
0.653455134716
-0.758592078579
0.240505637502
0.605553545648
-0.808979475819
0.199756330573
0.552855872809
-0.800145240049
0.275850100771
0.532610849243
-0.785955300401
0.350580322694
0.509281555832
-0.766057980192
0.423703569851
0.483353344748
-0.740633850310
0.494608548152
0.454778939563
-0.562810762080
0.423909052995
0.709609160648
-0.627777629795
0.391070437261
0.673022407227
-0.689151484717
0.356131877263
0.631062847194
-0.746692297855
0.318277534822
0.584080493726
-0.729577165891
0.393472644302
0.559371466197
-0.706963532179
0.466476912264
0.531603098650
-0.678696684468
0.536988401526
0.501013240462
-0.604632480281
0.467887056791
0.644593876698
-0.668975828833
0.432221765281
0.604694704834
-0.643444586643
0.505587353942
0.574769946547
-0.576125528766
0.541650133097
0.612122952045
-0.793039381946
-0.533726816280
-0.293639616310
-0.757237763887
-0.598466403018
-0.261589245579
-0.716503042226
-0.659181053574
-0.228262412784
-0.671314581383
-0.715345753960
-0.193951501965
-0.622197858276
-0.766577715692
-0.158834602530
-0.569053017960
-0.813253331170
-0.121645723692
-0.511545254351
-0.856396377380
-0.070047823392
-0.495812706658
-0.855493675521
-0.149332953698
-0.477300571288
-0.849177270172
-0.226013558158
-0.455645984291
-0.837515211213
-0.301587479823
-0.431213023692
-0.820218473568
-0.375894910602
-0.404159496629
-0.797349386748
-0.448206488951
-0.374807053001
-0.769063330645
-0.517746334103
-0.735485837702
-0.583962339004
-0.343581968626
-0.696843151639
-0.646300447668
-0.310974843610
-0.653455134716
-0.704487613603
-0.276936074200
-0.605553545648
-0.758592078579
-0.240505637502
-0.552855872809
-0.808979475819
-0.199756330573
-0.532610849243
-0.800145240049
-0.275850100771
-0.509281555832
-0.785955300401
-0.350580322694
-0.483353344748
-0.766057980192
-0.423703569851
-0.454778939563
-0.740633850310
-0.494608548152
-0.709609160648
-0.562810762080
-0.423909052995
-0.673022407227
-0.627777629795
-0.391070437261
-0.631062847194
-0.689151484717
-0.356131877263
-0.584080493726
-0.746692297855
-0.318277534822
-0.559371466197
-0.729577165891
-0.393472644302
-0.531603098650
-0.706963532179
-0.466476912264
-0.501013240462
-0.678696684468
-0.536988401526
-0.644593876698
-0.604632480281
-0.467887056791
-0.604694704834
-0.668975828833
-0.432221765281
-0.574769946547
-0.643444586643
-0.505587353942
-0.612122952045
-0.576125528766
-0.541650133097
0.293639616310
-0.793039381946
0.533726816280
0.261589245579
-0.757237763887
0.598466403018
0.228262412784
-0.716503042226
0.659181053574
0.193951501965
-0.671314581383
0.715345753960
0.158834602530
-0.622197858276
0.766577715692
0.121645723692
-0.569053017960
0.813253331170
0.070047823392
-0.511545254351
0.856396377380
0.149332953698
-0.495812706658
0.855493675521
0.226013558158
-0.477300571288
0.849177270172
0.301587479823
-0.455645984291
0.837515211213
0.375894910602
-0.431213023692
0.820218473568
0.448206488951
-0.404159496629
0.797349386748
0.517746334103
-0.374807053001
0.769063330645
0.343581968626
-0.735485837702
0.583962339004
0.310974843610
-0.696843151639
0.646300447668
0.276936074200
-0.653455134716
0.704487613603
0.240505637502
-0.605553545648
0.758592078579
0.199756330573
-0.552855872809
0.808979475819
0.275850100771
-0.532610849243
0.800145240049
0.350580322694
-0.509281555832
0.785955300401
0.423703569851
-0.483353344748
0.766057980192
0.494608548152
-0.454778939563
0.740633850310
0.423909052995
-0.709609160648
0.562810762080
0.391070437261
-0.673022407227
0.627777629795
0.356131877263
-0.631062847194
0.689151484717
0.318277534822
-0.584080493726
0.746692297855
0.393472644302
-0.559371466197
0.729577165891
0.466476912264
-0.531603098650
0.706963532179
0.536988401526
-0.501013240462
0.678696684468
0.467887056791
-0.644593876698
0.604632480281
0.432221765281
-0.604694704834
0.668975828833
0.505587353942
-0.574769946547
0.643444586643
0.541650133097
-0.612122952045
0.576125528766
-0.530036902799
-0.283979297401
0.799009787374
-0.587374205638
-0.232549495829
0.775185316258
-0.640569084888
-0.179535646168
0.746617840157
-0.689198735044
-0.125497717739
0.713621346694
-0.733026810310
-0.070997191886
0.676484363538
-0.772959957052
-0.016156300731
0.634249066804
-0.815891488512
0.035995352375
0.577083541250
-0.770656997612
0.072772352560
0.633081335007
-0.721486051680
0.108286391920
0.683909302873
-0.667572651572
0.143327917453
0.730618821926
-0.608875381432
0.177408487897
0.773173330055
-0.545858112754
0.210206214238
0.811080925824
-0.479133886180
0.241298805847
0.843922748485
-0.527922094989
-0.196866705055
0.826160857257
-0.582717000100
-0.144511216757
0.799723330925
-0.633403156320
-0.090834548962
0.768472202671
-0.680587401227
-0.036286740913
0.731767764885
-0.725441838890
0.018948042248
0.688022608701
-0.673991850587
0.054423760637
0.736731321189
-0.617937689170
0.089295494217
0.781139761512
-0.557266537542
0.122919523568
0.821184995517
-0.492415518443
0.155235481307
0.856404637155
-0.462650234647
-0.161685387843
0.871672298366
-0.520322913990
-0.109750339033
0.846887789651
-0.574478468505
-0.055914023227
0.816607685018
-0.625438789767
-0.000831729392
0.780272791068
-0.566359292986
0.033837294535
0.823463532129
-0.502981447549
0.067555118393
0.861653044676
-0.435404556707
0.099958658148
0.894668172374
-0.454404885873
-0.074586108581
0.887667230499
-0.511962871914
-0.021156507392
0.858747005804
-0.445377609901
0.012958723218
0.895249046965
-0.384426671945
-0.039776010337
0.922298217985
0.039911610339
-0.999185377004
-0.005970405428
0.119375529990
-0.992686943706
-0.017947552371
0.197745851750
-0.979790629197
-0.030114797931
0.274303506605
-0.960712092082
-0.042306765311
0.348487386168
-0.935740090532
-0.054286505262
0.421265850552
-0.904590823729
-0.065196048844
0.499739134539
-0.863692960699
-0.065538286899
0.464227892843
-0.875014163987
-0.137268628349
0.426498075774
-0.880574939113
-0.206608731585
0.385967946443
-0.880578606873
-0.274972837635
0.342371076399
-0.875125816621
-0.341960306363
0.296073806961
-0.864150016660
-0.406921429195
0.247490388202
-0.847749356825
-0.469115695484
0.073366849045
-0.993174378591
-0.090675019555
0.152044247560
-0.983004687422
-0.102880179286
0.229545672943
-0.966478069131
-0.115017067956
0.306334728009
-0.943519477954
-0.126214219237
0.383758118614
-0.913487635333
-0.135166735891
0.344820242978
-0.916206217489
-0.204120471946
0.303184377823
-0.913330361396
-0.271858205680
0.258537741911
-0.905001663947
-0.337831650769
0.211346676425
-0.891083262887
-0.401625697592
0.024087654638
-0.986486352813
-0.162063137718
0.104372191133
-0.979222791050
-0.173865382424
0.184460179902
-0.965167112570
-0.185544837824
0.264457192479
-0.944230361623
-0.196192297342
0.220648714539
-0.938919339179
-0.264092065932
0.174432664059
-0.927707000532
-0.330049946027
0.125761345288
-0.910615110028
-0.393654931913
0.056023961133
-0.968388692856
-0.243073353801
0.138240991509
-0.957260077846
-0.254052300969
0.090150247223
-0.942956032443
-0.320479100418
0.006113882287
-0.950659731367
-0.310175265940
0.999185377004
0.005970405428
0.039911610339
0.992686943706
0.017947552371
0.119375529990
0.979790629197
0.030114797931
0.197745851750
0.960712092082
0.042306765311
0.274303506605
0.935740090532
0.054286505262
0.348487386168
0.904590823729
0.065196048844
0.421265850552
0.863692960699
0.065538286899
0.499739134539
0.875014163987
0.137268628349
0.464227892843
0.880574939113
0.206608731585
0.426498075774
0.880578606873
0.274972837635
0.385967946443
0.875125816621
0.341960306363
0.342371076399
0.864150016660
0.406921429195
0.296073806961
0.847749356825
0.469115695484
0.247490388202
0.993174378591
0.090675019555
0.073366849045
0.983004687422
0.102880179286
0.152044247560
0.966478069131
0.115017067956
0.229545672943
0.943519477954
0.126214219237
0.306334728009
0.913487635333
0.135166735891
0.383758118614
0.916206217489
0.204120471946
0.344820242978
0.913330361396
0.271858205680
0.303184377823
0.905001663947
0.337831650769
0.258537741911
0.891083262887
0.401625697592
0.211346676425
0.986486352813
0.162063137718
0.024087654638
0.979222791050
0.173865382424
0.104372191133
0.965167112570
0.185544837824
0.184460179902
0.944230361623
0.196192297342
0.264457192479
0.938919339179
0.264092065932
0.220648714539
0.927707000532
0.330049946027
0.174432664059
0.910615110028
0.393654931913
0.125761345288
0.968388692856
0.243073353801
0.056023961133
0.957260077846
0.254052300969
0.138240991509
0.942956032443
0.320479100418
0.090150247223
0.950659731367
0.310175265940
0.006113882287
0.465458560724
-0.323890907741
0.823676519109
0.394220540688
-0.351925025819
0.848963451217
0.320609575623
-0.377281497918
0.868831497673
0.245366338123
-0.399801224344
0.883150237009
0.169162374840
-0.419484578054
0.891861412840
0.091337492559
-0.437422151283
0.894605680744
0.007296583319
-0.463743782164
0.885939311904
0.019520488466
-0.391455540284
0.919989951310
0.031397668940
-0.318211683855
0.947499609838
0.043063395660
-0.242640028990
0.969160131395
0.054907343053
-0.164962588502
0.984770292034
0.066800629912
-0.085867592724
0.994064601705
0.078686026180
-0.006191582356
0.996880220283
0.409212039587
-0.270233554099
0.871504063614
0.336704239754
-0.296555464317
0.893691843711
0.261990455528
-0.320380221905
0.910339230520
0.184927399375
-0.342621468921
0.921093038729
0.104508159514
-0.364810076366
0.925198169463
0.116060977439
-0.290396482341
0.949841951358
0.127375060995
-0.213888883606
0.968518011865
0.138943683754
-0.135618218343
0.980970107393
0.150449412577
-0.056111195118
0.987024066595
0.423675590733
-0.185773042482
0.886559287642
0.351445161256
-0.214122530166
0.911393351251
0.276015627853
-0.240374203129
0.930610345768
0.197538063767
-0.265288921870
0.943716324589
0.209342173288
-0.186811420005
0.959831937289
0.220743468353
-0.106877545667
0.969458359813
0.231918425560
-0.025802687141
0.972392958233
0.363756212574
-0.130610069715
0.922291942664
0.288284249013
-0.159397498902
0.944184637195
0.299511445800
-0.077191524005
0.950964963843
0.374534202601
-0.045889892624
0.926076805042
0.530036902799
-0.283979297401
-0.799009787374
0.587374205638
-0.232549495829
-0.775185316258
0.640569084888
-0.179535646168
-0.746617840157
0.689198735044
-0.125497717739
-0.713621346694
0.733026810310
-0.070997191886
-0.676484363538
0.772959957052
-0.016156300731
-0.634249066804
0.815891488512
0.035995352375
-0.577083541250
0.770656997612
0.072772352560
-0.633081335007
0.721486051680
0.108286391920
-0.683909302873
0.667572651572
0.143327917453
-0.730618821926
0.608875381432
0.177408487897
-0.773173330055
0.545858112754
0.210206214238
-0.811080925824
0.479133886180
0.241298805847
-0.843922748485
0.527922094989
-0.196866705055
-0.826160857257
0.582717000100
-0.144511216757
-0.799723330925
0.633403156320
-0.090834548962
-0.768472202671
0.680587401227
-0.036286740913
-0.731767764885
0.725441838890
0.018948042248
-0.688022608701
0.673991850587
0.054423760637
-0.736731321189
0.617937689170
0.089295494217
-0.781139761512
0.557266537542
0.122919523568
-0.821184995517
0.492415518443
0.155235481307
-0.856404637155
0.462650234647
-0.161685387843
-0.871672298366
0.520322913990
-0.109750339033
-0.846887789651
0.574478468505
-0.055914023227
-0.816607685018
0.625438789767
-0.000831729392
-0.780272791068
0.566359292986
0.033837294535
-0.823463532129
0.502981447549
0.067555118393
-0.861653044676
0.435404556707
0.099958658148
-0.894668172374
0.454404885873
-0.074586108581
-0.887667230499
0.511962871914
-0.021156507392
-0.858747005804
0.445377609901
0.012958723218
-0.895249046965
0.384426671945
-0.039776010337
-0.922298217985
-0.799009787374
-0.530036902799
0.283979297401
-0.775185316258
-0.587374205638
0.232549495829
-0.746617840157
-0.640569084888
0.179535646168
-0.713621346694
-0.689198735044
0.125497717739
-0.676484363538
-0.733026810310
0.070997191886
-0.634249066804
-0.772959957052
0.016156300731
-0.577083541250
-0.815891488512
-0.035995352375
-0.633081335007
-0.770656997612
-0.072772352560
-0.683909302873
-0.721486051680
-0.108286391920
-0.730618821926
-0.667572651572
-0.143327917453
-0.773173330055
-0.608875381432
-0.177408487897
-0.811080925824
-0.545858112754
-0.210206214238
-0.843922748485
-0.479133886180
-0.241298805847
-0.826160857257
-0.527922094989
0.196866705055
-0.799723330925
-0.582717000100
0.144511216757
-0.768472202671
-0.633403156320
0.090834548962
-0.731767764885
-0.680587401227
0.036286740913
-0.688022608701
-0.725441838890
-0.018948042248
-0.736731321189
-0.673991850587
-0.054423760637
-0.781139761512
-0.617937689170
-0.089295494217
-0.821184995517
-0.557266537542
-0.122919523568
-0.856404637155
-0.492415518443
-0.155235481307
-0.871672298366
-0.462650234647
0.161685387843
-0.846887789651
-0.520322913990
0.109750339033
-0.816607685018
-0.574478468505
0.055914023227
-0.780272791068
-0.625438789767
0.000831729392
-0.823463532129
-0.566359292986
-0.033837294535
-0.861653044676
-0.502981447549
-0.067555118393
-0.894668172374
-0.435404556707
-0.099958658148
-0.887667230499
-0.454404885873
0.074586108581
-0.858747005804
-0.511962871914
0.021156507392
-0.895249046965
-0.445377609901
-0.012958723218
-0.922298217985
-0.384426671945
0.039776010337
0.793039381946
-0.533726816280
0.293639616310
0.757237763887
-0.598466403018
0.261589245579
0.716503042226
-0.659181053574
0.228262412784
0.671314581383
-0.715345753960
0.193951501965
0.622197858276
-0.766577715692
0.158834602530
0.569053017960
-0.813253331170
0.121645723692
0.511545254351
-0.856396377380
0.070047823392
0.495812706658
-0.855493675521
0.149332953698
0.477300571288
-0.849177270172
0.226013558158
0.455645984291
-0.837515211213
0.301587479823
0.431213023692
-0.820218473568
0.375894910602
0.404159496629
-0.797349386748
0.448206488951
0.374807053001
-0.769063330645
0.517746334103
0.735485837702
-0.583962339004
0.343581968626
0.696843151639
-0.646300447668
0.310974843610
0.653455134716
-0.704487613603
0.276936074200
0.605553545648
-0.758592078579
0.240505637502
0.552855872809
-0.808979475819
0.199756330573
0.532610849243
-0.800145240049
0.275850100771
0.509281555832
-0.785955300401
0.350580322694
0.483353344748
-0.766057980192
0.423703569851
0.454778939563
-0.740633850310
0.494608548152
0.709609160648
-0.562810762080
0.423909052995
0.673022407227
-0.627777629795
0.391070437261
0.631062847194
-0.689151484717
0.356131877263
0.584080493726
-0.746692297855
0.318277534822
0.559371466197
-0.729577165891
0.393472644302
0.531603098650
-0.706963532179
0.466476912264
0.501013240462
-0.678696684468
0.536988401526
0.644593876698
-0.604632480281
0.467887056791
0.604694704834
-0.668975828833
0.432221765281
0.574769946547
-0.643444586643
0.505587353942
0.612122952045
-0.576125528766
0.541650133097
-0.293639616310
-0.793039381946
-0.533726816280
-0.261589245579
-0.757237763887
-0.598466403018
-0.228262412784
-0.716503042226
-0.659181053574
-0.193951501965
-0.671314581383
-0.715345753960
-0.158834602530
-0.622197858276
-0.766577715692
-0.121645723692
-0.569053017960
-0.813253331170
-0.070047823392
-0.511545254351
-0.856396377380
-0.149332953698
-0.495812706658
-0.855493675521
-0.226013558158
-0.477300571288
-0.849177270172
-0.301587479823
-0.455645984291
-0.837515211213
-0.375894910602
-0.431213023692
-0.820218473568
-0.448206488951
-0.404159496629
-0.797349386748
-0.517746334103
-0.374807053001
-0.769063330645
-0.343581968626
-0.735485837702
-0.583962339004
-0.310974843610
-0.696843151639
-0.646300447668
-0.276936074200
-0.653455134716
-0.704487613603
-0.240505637502
-0.605553545648
-0.758592078579
-0.199756330573
-0.552855872809
-0.808979475819
-0.275850100771
-0.532610849243
-0.800145240049
-0.350580322694
-0.509281555832
-0.785955300401
-0.423703569851
-0.483353344748
-0.766057980192
-0.494608548152
-0.454778939563
-0.740633850310
-0.423909052995
-0.709609160648
-0.562810762080
-0.391070437261
-0.673022407227
-0.627777629795
-0.356131877263
-0.631062847194
-0.689151484717
-0.318277534822
-0.584080493726
-0.746692297855
-0.393472644302
-0.559371466197
-0.729577165891
-0.466476912264
-0.531603098650
-0.706963532179
-0.536988401526
-0.501013240462
-0.678696684468
-0.467887056791
-0.644593876698
-0.604632480281
-0.432221765281
-0.604694704834
-0.668975828833
-0.505587353942
-0.574769946547
-0.643444586643
-0.541650133097
-0.612122952045
-0.576125528766
0.293639616310
0.793039381946
-0.533726816280
0.261589245579
0.757237763887
-0.598466403018
0.228262412784
0.716503042226
-0.659181053574
0.193951501965
0.671314581383
-0.715345753960
0.158834602530
0.622197858276
-0.766577715692
0.121645723692
0.569053017960
-0.813253331170
0.070047823392
0.511545254351
-0.856396377380
0.149332953698
0.495812706658
-0.855493675521
0.226013558158
0.477300571288
-0.849177270172
0.301587479823
0.455645984291
-0.837515211213
0.375894910602
0.431213023692
-0.820218473568
0.448206488951
0.404159496629
-0.797349386748
0.517746334103
0.374807053001
-0.769063330645
0.343581968626
0.735485837702
-0.583962339004
0.310974843610
0.696843151639
-0.646300447668
0.276936074200
0.653455134716
-0.704487613603
0.240505637502
0.605553545648
-0.758592078579
0.199756330573
0.552855872809
-0.808979475819
0.275850100771
0.532610849243
-0.800145240049
0.350580322694
0.509281555832
-0.785955300401
0.423703569851
0.483353344748
-0.766057980192
0.494608548152
0.454778939563
-0.740633850310
0.423909052995
0.709609160648
-0.562810762080
0.391070437261
0.673022407227
-0.627777629795
0.356131877263
0.631062847194
-0.689151484717
0.318277534822
0.584080493726
-0.746692297855
0.393472644302
0.559371466197
-0.729577165891
0.466476912264
0.531603098650
-0.706963532179
0.536988401526
0.501013240462
-0.678696684468
0.467887056791
0.644593876698
-0.604632480281
0.432221765281
0.604694704834
-0.668975828833
0.505587353942
0.574769946547
-0.643444586643
0.541650133097
0.612122952045
-0.576125528766
-0.533726816280
-0.293639616310
-0.793039381946
-0.598466403018
-0.261589245579
-0.757237763887
-0.659181053574
-0.228262412784
-0.716503042226
-0.715345753960
-0.193951501965
-0.671314581383
-0.766577715692
-0.158834602530
-0.622197858276
-0.813253331170
-0.121645723692
-0.569053017960
-0.856396377380
-0.070047823392
-0.511545254351
-0.855493675521
-0.149332953698
-0.495812706658
-0.849177270172
-0.226013558158
-0.477300571288
-0.837515211213
-0.301587479823
-0.455645984291
-0.820218473568
-0.375894910602
-0.431213023692
-0.797349386748
-0.448206488951
-0.404159496629
-0.769063330645
-0.517746334103
-0.374807053001
-0.583962339004
-0.343581968626
-0.735485837702
-0.646300447668
-0.310974843610
-0.696843151639
-0.704487613603
-0.276936074200
-0.653455134716
-0.758592078579
-0.240505637502
-0.605553545648
-0.808979475819
-0.199756330573
-0.552855872809
-0.800145240049
-0.275850100771
-0.532610849243
-0.785955300401
-0.350580322694
-0.509281555832
-0.766057980192
-0.423703569851
-0.483353344748
-0.740633850310
-0.494608548152
-0.454778939563
-0.562810762080
-0.423909052995
-0.709609160648
-0.627777629795
-0.391070437261
-0.673022407227
-0.689151484717
-0.356131877263
-0.631062847194
-0.746692297855
-0.318277534822
-0.584080493726
-0.729577165891
-0.393472644302
-0.559371466197
-0.706963532179
-0.466476912264
-0.531603098650
-0.678696684468
-0.536988401526
-0.501013240462
-0.604632480281
-0.467887056791
-0.644593876698
-0.668975828833
-0.432221765281
-0.604694704834
-0.643444586643
-0.505587353942
-0.574769946547
-0.576125528766
-0.541650133097
-0.612122952045
-0.799009787374
0.530036902799
-0.283979297401
-0.775185316258
0.587374205638
-0.232549495829
-0.746617840157
0.640569084888
-0.179535646168
-0.713621346694
0.689198735044
-0.125497717739
-0.676484363538
0.733026810310
-0.070997191886
-0.634249066804
0.772959957052
-0.016156300731
-0.577083541250
0.815891488512
0.035995352375
-0.633081335007
0.770656997612
0.072772352560
-0.683909302873
0.721486051680
0.108286391920
-0.730618821926
0.667572651572
0.143327917453
-0.773173330055
0.608875381432
0.177408487897
-0.811080925824
0.545858112754
0.210206214238
-0.843922748485
0.479133886180
0.241298805847
-0.826160857257
0.527922094989
-0.196866705055
-0.799723330925
0.582717000100
-0.144511216757
-0.768472202671
0.633403156320
-0.090834548962
-0.731767764885
0.680587401227
-0.036286740913
-0.688022608701
0.725441838890
0.018948042248
-0.736731321189
0.673991850587
0.054423760637
-0.781139761512
0.617937689170
0.089295494217
-0.821184995517
0.557266537542
0.122919523568
-0.856404637155
0.492415518443
0.155235481307
-0.871672298366
0.462650234647
-0.161685387843
-0.846887789651
0.520322913990
-0.109750339033
-0.816607685018
0.574478468505
-0.055914023227
-0.780272791068
0.625438789767
-0.000831729392
-0.823463532129
0.566359292986
0.033837294535
-0.861653044676
0.502981447549
0.067555118393
-0.894668172374
0.435404556707
0.099958658148
-0.887667230499
0.454404885873
-0.074586108581
-0.858747005804
0.511962871914
-0.021156507392
-0.895249046965
0.445377609901
0.012958723218
-0.922298217985
0.384426671945
-0.039776010337
-0.283979297401
0.799009787374
-0.530036902799
-0.232549495829
0.775185316258
-0.587374205638
-0.179535646168
0.746617840157
-0.640569084888
-0.125497717739
0.713621346694
-0.689198735044
-0.070997191886
0.676484363538
-0.733026810310
-0.016156300731
0.634249066804
-0.772959957052
0.035995352375
0.577083541250
-0.815891488512
0.072772352560
0.633081335007
-0.770656997612
0.108286391920
0.683909302873
-0.721486051680
0.143327917453
0.730618821926
-0.667572651572
0.177408487897
0.773173330055
-0.608875381432
0.210206214238
0.811080925824
-0.545858112754
0.241298805847
0.843922748485
-0.479133886180
-0.196866705055
0.826160857257
-0.527922094989
-0.144511216757
0.799723330925
-0.582717000100
-0.090834548962
0.768472202671
-0.633403156320
-0.036286740913
0.731767764885
-0.680587401227
0.018948042248
0.688022608701
-0.725441838890
0.054423760637
0.736731321189
-0.673991850587
0.089295494217
0.781139761512
-0.617937689170
0.122919523568
0.821184995517
-0.557266537542
0.155235481307
0.856404637155
-0.492415518443
-0.161685387843
0.871672298366
-0.462650234647
-0.109750339033
0.846887789651
-0.520322913990
-0.055914023227
0.816607685018
-0.574478468505
-0.000831729392
0.780272791068
-0.625438789767
0.033837294535
0.823463532129
-0.566359292986
0.067555118393
0.861653044676
-0.502981447549
0.099958658148
0.894668172374
-0.435404556707
-0.074586108581
0.887667230499
-0.454404885873
-0.021156507392
0.858747005804
-0.511962871914
0.012958723218
0.895249046965
-0.445377609901
-0.039776010337
0.922298217985
-0.384426671945
0.469148474205
-0.333551226649
-0.817706113681
0.405312738068
-0.380964775570
-0.831015898846
0.339221544308
-0.426008264534
-0.838716699742
0.271513357039
-0.468255008571
-0.840843471698
0.202713280222
-0.507321988698
-0.837574907579
0.131630866677
-0.542911574244
-0.829409631900
0.047801472187
-0.569786957931
-0.820401025005
0.104357166375
-0.613560846541
-0.782721322961
0.159088887433
-0.652511633933
-0.740890878253
0.213005955301
-0.687555426266
-0.694187293760
0.266250435189
-0.718265987001
-0.642809985671
0.318291903906
-0.744280295912
-0.587143172510
0.368615470645
-0.765236722305
-0.527764524799
0.465252283602
-0.416948817670
-0.780829044059
0.400287687322
-0.463019091170
-0.790811664425
0.333074912811
-0.506481747143
-0.795322162565
0.262932076727
-0.546840365510
-0.794878819492
0.188045796443
-0.583514449187
-0.790031433571
0.242214366902
-0.620670343749
-0.745721479412
0.295392672226
-0.653764700517
-0.696659806184
0.347735126405
-0.682241311762
-0.643138456624
0.398667744445
-0.705955224577
-0.585398369003
0.523836118166
-0.447996707633
-0.724496149924
0.458899877061
-0.495442628395
-0.737527968828
0.390688644065
-0.540592057165
-0.745065507945
0.318791571856
-0.582734727301
-0.747524027247
0.372560046193
-0.614121358842
-0.695739871357
0.424725552983
-0.640909576323
-0.639408413786
0.475210553321
-0.662749746814
-0.578738026321
0.513983806983
-0.523911017925
-0.679218588863
0.445297205933
-0.570462756790
-0.690132336225
0.497578422543
-0.595737601165
-0.630485863425
0.566233059422
-0.547764015384
-0.615901539102
-0.823676519109
-0.465458560724
-0.323890907741
-0.848963451217
-0.394220540688
-0.351925025819
-0.868831497673
-0.320609575623
-0.377281497918
-0.883150237009
-0.245366338123
-0.399801224344
-0.891861412840
-0.169162374840
-0.419484578054
-0.894605680744
-0.091337492559
-0.437422151283
-0.885939311904
-0.007296583319
-0.463743782164
-0.919989951310
-0.019520488466
-0.391455540284
-0.947499609838
-0.031397668940
-0.318211683855
-0.969160131395
-0.043063395660
-0.242640028990
-0.984770292034
-0.054907343053
-0.164962588502
-0.994064601705
-0.066800629912
-0.085867592724
-0.996880220283
-0.078686026180
-0.006191582356
-0.871504063614
-0.409212039587
-0.270233554099
-0.893691843711
-0.336704239754
-0.296555464317
-0.910339230520
-0.261990455528
-0.320380221905
-0.921093038729
-0.184927399375
-0.342621468921
-0.925198169463
-0.104508159514
-0.364810076366
-0.949841951358
-0.116060977439
-0.290396482341
-0.968518011865
-0.127375060995
-0.213888883606
-0.980970107393
-0.138943683754
-0.135618218343
-0.987024066595
-0.150449412577
-0.056111195118
-0.886559287642
-0.423675590733
-0.185773042482
-0.911393351251
-0.351445161256
-0.214122530166
-0.930610345768
-0.276015627853
-0.240374203129
-0.943716324589
-0.197538063767
-0.265288921870
-0.959831937289
-0.209342173288
-0.186811420005
-0.969458359813
-0.220743468353
-0.106877545667
-0.972392958233
-0.231918425560
-0.025802687141
-0.922291942664
-0.363756212574
-0.130610069715
-0.944184637195
-0.288284249013
-0.159397498902
-0.950964963843
-0.299511445800
-0.077191524005
-0.926076805042
-0.374534202601
-0.045889892624
-0.469148474205
0.333551226649
-0.817706113681
-0.405312738068
0.380964775570
-0.831015898846
-0.339221544308
0.426008264534
-0.838716699742
-0.271513357039
0.468255008571
-0.840843471698
-0.202713280222
0.507321988698
-0.837574907579
-0.131630866677
0.542911574244
-0.829409631900
-0.047801472187
0.569786957931
-0.820401025005
-0.104357166375
0.613560846541
-0.782721322961
-0.159088887433
0.652511633933
-0.740890878253
-0.213005955301
0.687555426266
-0.694187293760
-0.266250435189
0.718265987001
-0.642809985671
-0.318291903906
0.744280295912
-0.587143172510
-0.368615470645
0.765236722305
-0.527764524799
-0.465252283602
0.416948817670
-0.780829044059
-0.400287687322
0.463019091170
-0.790811664425
-0.333074912811
0.506481747143
-0.795322162565
-0.262932076727
0.546840365510
-0.794878819492
-0.188045796443
0.583514449187
-0.790031433571
-0.242214366902
0.620670343749
-0.745721479412
-0.295392672226
0.653764700517
-0.696659806184
-0.347735126405
0.682241311762
-0.643138456624
-0.398667744445
0.705955224577
-0.585398369003
-0.523836118166
0.447996707633
-0.724496149924
-0.458899877061
0.495442628395
-0.737527968828
-0.390688644065
0.540592057165
-0.745065507945
-0.318791571856
0.582734727301
-0.747524027247
-0.372560046193
0.614121358842
-0.695739871357
-0.424725552983
0.640909576323
-0.639408413786
-0.475210553321
0.662749746814
-0.578738026321
-0.513983806983
0.523911017925
-0.679218588863
-0.445297205933
0.570462756790
-0.690132336225
-0.497578422543
0.595737601165
-0.630485863425
-0.566233059422
0.547764015384
-0.615901539102
0.823676519109
0.465458560724
-0.323890907741
0.848963451217
0.394220540688
-0.351925025819
0.868831497673
0.320609575623
-0.377281497918
0.883150237009
0.245366338123
-0.399801224344
0.891861412840
0.169162374840
-0.419484578054
0.894605680744
0.091337492559
-0.437422151283
0.885939311904
0.007296583319
-0.463743782164
0.919989951310
0.019520488466
-0.391455540284
0.947499609838
0.031397668940
-0.318211683855
0.969160131395
0.043063395660
-0.242640028990
0.984770292034
0.054907343053
-0.164962588502
0.994064601705
0.066800629912
-0.085867592724
0.996880220283
0.078686026180
-0.006191582356
0.871504063614
0.409212039587
-0.270233554099
0.893691843711
0.336704239754
-0.296555464317
0.910339230520
0.261990455528
-0.320380221905
0.921093038729
0.184927399375
-0.342621468921
0.925198169463
0.104508159514
-0.364810076366
0.949841951358
0.116060977439
-0.290396482341
0.968518011865
0.127375060995
-0.213888883606
0.980970107393
0.138943683754
-0.135618218343
0.987024066595
0.150449412577
-0.056111195118
0.886559287642
0.423675590733
-0.185773042482
0.911393351251
0.351445161256
-0.214122530166
0.930610345768
0.276015627853
-0.240374203129
0.943716324589
0.197538063767
-0.265288921870
0.959831937289
0.209342173288
-0.186811420005
0.969458359813
0.220743468353
-0.106877545667
0.972392958233
0.231918425560
-0.025802687141
0.922291942664
0.363756212574
-0.130610069715
0.944184637195
0.288284249013
-0.159397498902
0.950964963843
0.299511445800
-0.077191524005
0.926076805042
0.374534202601
-0.045889892624
0.283979297401
-0.799009787374
-0.530036902799
0.232549495829
-0.775185316258
-0.587374205638
0.179535646168
-0.746617840157
-0.640569084888
0.125497717739
-0.713621346694
-0.689198735044
0.070997191886
-0.676484363538
-0.733026810310
0.016156300731
-0.634249066804
-0.772959957052
-0.035995352375
-0.577083541250
-0.815891488512
-0.072772352560
-0.633081335007
-0.770656997612
-0.108286391920
-0.683909302873
-0.721486051680
-0.143327917453
-0.730618821926
-0.667572651572
-0.177408487897
-0.773173330055
-0.608875381432
-0.210206214238
-0.811080925824
-0.545858112754
-0.241298805847
-0.843922748485
-0.479133886180
0.196866705055
-0.826160857257
-0.527922094989
0.144511216757
-0.799723330925
-0.582717000100
0.090834548962
-0.768472202671
-0.633403156320
0.036286740913
-0.731767764885
-0.680587401227
-0.018948042248
-0.688022608701
-0.725441838890
-0.054423760637
-0.736731321189
-0.673991850587
-0.089295494217
-0.781139761512
-0.617937689170
-0.122919523568
-0.821184995517
-0.557266537542
-0.155235481307
-0.856404637155
-0.492415518443
0.161685387843
-0.871672298366
-0.462650234647
0.109750339033
-0.846887789651
-0.520322913990
0.055914023227
-0.816607685018
-0.574478468505
0.000831729392
-0.780272791068
-0.625438789767
-0.033837294535
-0.823463532129
-0.566359292986
-0.067555118393
-0.861653044676
-0.502981447549
-0.099958658148
-0.894668172374
-0.435404556707
0.074586108581
-0.887667230499
-0.454404885873
0.021156507392
-0.858747005804
-0.511962871914
-0.012958723218
-0.895249046965
-0.445377609901
0.039776010337
-0.922298217985
-0.384426671945
0.533726816280
0.293639616310
-0.793039381946
0.598466403018
0.261589245579
-0.757237763887
0.659181053574
0.228262412784
-0.716503042226
0.715345753960
0.193951501965
-0.671314581383
0.766577715692
0.158834602530
-0.622197858276
0.813253331170
0.121645723692
-0.569053017960
0.856396377380
0.070047823392
-0.511545254351
0.855493675521
0.149332953698
-0.495812706658
0.849177270172
0.226013558158
-0.477300571288
0.837515211213
0.301587479823
-0.455645984291
0.820218473568
0.375894910602
-0.431213023692
0.797349386748
0.448206488951
-0.404159496629
0.769063330645
0.517746334103
-0.374807053001
0.583962339004
0.343581968626
-0.735485837702
0.646300447668
0.310974843610
-0.696843151639
0.704487613603
0.276936074200
-0.653455134716
0.758592078579
0.240505637502
-0.605553545648
0.808979475819
0.199756330573
-0.552855872809
0.800145240049
0.275850100771
-0.532610849243
0.785955300401
0.350580322694
-0.509281555832
0.766057980192
0.423703569851
-0.483353344748
0.740633850310
0.494608548152
-0.454778939563
0.562810762080
0.423909052995
-0.709609160648
0.627777629795
0.391070437261
-0.673022407227
0.689151484717
0.356131877263
-0.631062847194
0.746692297855
0.318277534822
-0.584080493726
0.729577165891
0.393472644302
-0.559371466197
0.706963532179
0.466476912264
-0.531603098650
0.678696684468
0.536988401526
-0.501013240462
0.604632480281
0.467887056791
-0.644593876698
0.668975828833
0.432221765281
-0.604694704834
0.643444586643
0.505587353942
-0.574769946547
0.576125528766
0.541650133097
-0.612122952045
-0.999185377004
0.005970405428
-0.039911610339
-0.992686943706
0.017947552371
-0.119375529990
-0.979790629197
0.030114797931
-0.197745851750
-0.960712092082
0.042306765311
-0.274303506605
-0.935740090532
0.054286505262
-0.348487386168
-0.904590823729
0.065196048844
-0.421265850552
-0.863692960699
0.065538286899
-0.499739134539
-0.875014163987
0.137268628349
-0.464227892843
-0.880574939113
0.206608731585
-0.426498075774
-0.880578606873
0.274972837635
-0.385967946443
-0.875125816621
0.341960306363
-0.342371076399
-0.864150016660
0.406921429195
-0.296073806961
-0.847749356825
0.469115695484
-0.247490388202
-0.993174378591
0.090675019555
-0.073366849045
-0.983004687422
0.102880179286
-0.152044247560
-0.966478069131
0.115017067956
-0.229545672943
-0.943519477954
0.126214219237
-0.306334728009
-0.913487635333
0.135166735891
-0.383758118614
-0.916206217489
0.204120471946
-0.344820242978
-0.913330361396
0.271858205680
-0.303184377823
-0.905001663947
0.337831650769
-0.258537741911
-0.891083262887
0.401625697592
-0.211346676425
-0.986486352813
0.162063137718
-0.024087654638
-0.979222791050
0.173865382424
-0.104372191133
-0.965167112570
0.185544837824
-0.184460179902
-0.944230361623
0.196192297342
-0.264457192479
-0.938919339179
0.264092065932
-0.220648714539
-0.927707000532
0.330049946027
-0.174432664059
-0.910615110028
0.393654931913
-0.125761345288
-0.968388692856
0.243073353801
-0.056023961133
-0.957260077846
0.254052300969
-0.138240991509
-0.942956032443
0.320479100418
-0.090150247223
-0.950659731367
0.310175265940
-0.006113882287
0.005970405428
-0.039911610339
-0.999185377004
0.017947552371
-0.119375529990
-0.992686943706
0.030114797931
-0.197745851750
-0.979790629197
0.042306765311
-0.274303506605
-0.960712092082
0.054286505262
-0.348487386168
-0.935740090532
0.065196048844
-0.421265850552
-0.904590823729
0.065538286899
-0.499739134539
-0.863692960699
0.137268628349
-0.464227892843
-0.875014163987
0.206608731585
-0.426498075774
-0.880574939113
0.274972837635
-0.385967946443
-0.880578606873
0.341960306363
-0.342371076399
-0.875125816621
0.406921429195
-0.296073806961
-0.864150016660
0.469115695484
-0.247490388202
-0.847749356825
0.090675019555
-0.073366849045
-0.993174378591
0.102880179286
-0.152044247560
-0.983004687422
0.115017067956
-0.229545672943
-0.966478069131
0.126214219237
-0.306334728009
-0.943519477954
0.135166735891
-0.383758118614
-0.913487635333
0.204120471946
-0.344820242978
-0.916206217489
0.271858205680
-0.303184377823
-0.913330361396
0.337831650769
-0.258537741911
-0.905001663947
0.401625697592
-0.211346676425
-0.891083262887
0.162063137718
-0.024087654638
-0.986486352813
0.173865382424
-0.104372191133
-0.979222791050
0.185544837824
-0.184460179902
-0.965167112570
0.196192297342
-0.264457192479
-0.944230361623
0.264092065932
-0.220648714539
-0.938919339179
0.330049946027
-0.174432664059
-0.927707000532
0.393654931913
-0.125761345288
-0.910615110028
0.243073353801
-0.056023961133
-0.968388692856
0.254052300969
-0.138240991509
-0.957260077846
0.320479100418
-0.090150247223
-0.942956032443
0.310175265940
-0.006113882287
-0.950659731367
0.333551226649
-0.817706113681
-0.469148474205
0.380964775570
-0.831015898846
-0.405312738068
0.426008264534
-0.838716699742
-0.339221544308
0.468255008571
-0.840843471698
-0.271513357039
0.507321988698
-0.837574907579
-0.202713280222
0.542911574244
-0.829409631900
-0.131630866677
0.569786957931
-0.820401025005
-0.047801472187
0.613560846541
-0.782721322961
-0.104357166375
0.652511633933
-0.740890878253
-0.159088887433
0.687555426266
-0.694187293760
-0.213005955301
0.718265987001
-0.642809985671
-0.266250435189
0.744280295912
-0.587143172510
-0.318291903906
0.765236722305
-0.527764524799
-0.368615470645
0.416948817670
-0.780829044059
-0.465252283602
0.463019091170
-0.790811664425
-0.400287687322
0.506481747143
-0.795322162565
-0.333074912811
0.546840365510
-0.794878819492
-0.262932076727
0.583514449187
-0.790031433571
-0.188045796443
0.620670343749
-0.745721479412
-0.242214366902
0.653764700517
-0.696659806184
-0.295392672226
0.682241311762
-0.643138456624
-0.347735126405
0.705955224577
-0.585398369003
-0.398667744445
0.447996707633
-0.724496149924
-0.523836118166
0.495442628395
-0.737527968828
-0.458899877061
0.540592057165
-0.745065507945
-0.390688644065
0.582734727301
-0.747524027247
-0.318791571856
0.614121358842
-0.695739871357
-0.372560046193
0.640909576323
-0.639408413786
-0.424725552983
0.662749746814
-0.578738026321
-0.475210553321
0.523911017925
-0.679218588863
-0.513983806983
0.570462756790
-0.690132336225
-0.445297205933
0.595737601165
-0.630485863425
-0.497578422543
0.547764015384
-0.615901539102
-0.566233059422
-0.333551226649
-0.817706113681
0.469148474205
-0.380964775570
-0.831015898846
0.405312738068
-0.426008264534
-0.838716699742
0.339221544308
-0.468255008571
-0.840843471698
0.271513357039
-0.507321988698
-0.837574907579
0.202713280222
-0.542911574244
-0.829409631900
0.131630866677
-0.569786957931
-0.820401025005
0.047801472187
-0.613560846541
-0.782721322961
0.104357166375
-0.652511633933
-0.740890878253
0.159088887433
-0.687555426266
-0.694187293760
0.213005955301
-0.718265987001
-0.642809985671
0.266250435189
-0.744280295912
-0.587143172510
0.318291903906
-0.765236722305
-0.527764524799
0.368615470645
-0.416948817670
-0.780829044059
0.465252283602
-0.463019091170
-0.790811664425
0.400287687322
-0.506481747143
-0.795322162565
0.333074912811
-0.546840365510
-0.794878819492
0.262932076727
-0.583514449187
-0.790031433571
0.188045796443
-0.620670343749
-0.745721479412
0.242214366902
-0.653764700517
-0.696659806184
0.295392672226
-0.682241311762
-0.643138456624
0.347735126405
-0.705955224577
-0.585398369003
0.398667744445
-0.447996707633
-0.724496149924
0.523836118166
-0.495442628395
-0.737527968828
0.458899877061
-0.540592057165
-0.745065507945
0.390688644065
-0.582734727301
-0.747524027247
0.318791571856
-0.614121358842
-0.695739871357
0.372560046193
-0.640909576323
-0.639408413786
0.424725552983
-0.662749746814
-0.578738026321
0.475210553321
-0.523911017925
-0.679218588863
0.513983806983
-0.570462756790
-0.690132336225
0.445297205933
-0.595737601165
-0.630485863425
0.497578422543
-0.547764015384
-0.615901539102
0.566233059422
-0.039911610339
-0.999185377004
0.005970405428
-0.119375529990
-0.992686943706
0.017947552371
-0.197745851750
-0.979790629197
0.030114797931
-0.274303506605
-0.960712092082
0.042306765311
-0.348487386168
-0.935740090532
0.054286505262
-0.421265850552
-0.904590823729
0.065196048844
-0.499739134539
-0.863692960699
0.065538286899
-0.464227892843
-0.875014163987
0.137268628349
-0.426498075774
-0.880574939113
0.206608731585
-0.385967946443
-0.880578606873
0.274972837635
-0.342371076399
-0.875125816621
0.341960306363
-0.296073806961
-0.864150016660
0.406921429195
-0.247490388202
-0.847749356825
0.469115695484
-0.073366849045
-0.993174378591
0.090675019555
-0.152044247560
-0.983004687422
0.102880179286
-0.229545672943
-0.966478069131
0.115017067956
-0.306334728009
-0.943519477954
0.126214219237
-0.383758118614
-0.913487635333
0.135166735891
-0.344820242978
-0.916206217489
0.204120471946
-0.303184377823
-0.913330361396
0.271858205680
-0.258537741911
-0.905001663947
0.337831650769
-0.211346676425
-0.891083262887
0.401625697592
-0.024087654638
-0.986486352813
0.162063137718
-0.104372191133
-0.979222791050
0.173865382424
-0.184460179902
-0.965167112570
0.185544837824
-0.264457192479
-0.944230361623
0.196192297342
-0.220648714539
-0.938919339179
0.264092065932
-0.174432664059
-0.927707000532
0.330049946027
-0.125761345288
-0.910615110028
0.393654931913
-0.056023961133
-0.968388692856
0.243073353801
-0.138240991509
-0.957260077846
0.254052300969
-0.090150247223
-0.942956032443
0.320479100418
-0.006113882287
-0.950659731367
0.310175265940
0.039911610339
0.999185377004
0.005970405428
0.119375529990
0.992686943706
0.017947552371
0.197745851750
0.979790629197
0.030114797931
0.274303506605
0.960712092082
0.042306765311
0.348487386168
0.935740090532
0.054286505262
0.421265850552
0.904590823729
0.065196048844
0.499739134539
0.863692960699
0.065538286899
0.464227892843
0.875014163987
0.137268628349
0.426498075774
0.880574939113
0.206608731585
0.385967946443
0.880578606873
0.274972837635
0.342371076399
0.875125816621
0.341960306363
0.296073806961
0.864150016660
0.406921429195
0.247490388202
0.847749356825
0.469115695484
0.073366849045
0.993174378591
0.090675019555
0.152044247560
0.983004687422
0.102880179286
0.229545672943
0.966478069131
0.115017067956
0.306334728009
0.943519477954
0.126214219237
0.383758118614
0.913487635333
0.135166735891
0.344820242978
0.916206217489
0.204120471946
0.303184377823
0.913330361396
0.271858205680
0.258537741911
0.905001663947
0.337831650769
0.211346676425
0.891083262887
0.401625697592
0.024087654638
0.986486352813
0.162063137718
0.104372191133
0.979222791050
0.173865382424
0.184460179902
0.965167112570
0.185544837824
0.264457192479
0.944230361623
0.196192297342
0.220648714539
0.938919339179
0.264092065932
0.174432664059
0.927707000532
0.330049946027
0.125761345288
0.910615110028
0.393654931913
0.056023961133
0.968388692856
0.243073353801
0.138240991509
0.957260077846
0.254052300969
0.090150247223
0.942956032443
0.320479100418
0.006113882287
0.950659731367
0.310175265940
-0.465458560724
-0.323890907741
-0.823676519109
-0.394220540688
-0.351925025819
-0.848963451217
-0.320609575623
-0.377281497918
-0.868831497673
-0.245366338123
-0.399801224344
-0.883150237009
-0.169162374840
-0.419484578054
-0.891861412840
-0.091337492559
-0.437422151283
-0.894605680744
-0.007296583319
-0.463743782164
-0.885939311904
-0.019520488466
-0.391455540284
-0.919989951310
-0.031397668940
-0.318211683855
-0.947499609838
-0.043063395660
-0.242640028990
-0.969160131395
-0.054907343053
-0.164962588502
-0.984770292034
-0.066800629912
-0.085867592724
-0.994064601705
-0.078686026180
-0.006191582356
-0.996880220283
-0.409212039587
-0.270233554099
-0.871504063614
-0.336704239754
-0.296555464317
-0.893691843711
-0.261990455528
-0.320380221905
-0.910339230520
-0.184927399375
-0.342621468921
-0.921093038729
-0.104508159514
-0.364810076366
-0.925198169463
-0.116060977439
-0.290396482341
-0.949841951358
-0.127375060995
-0.213888883606
-0.968518011865
-0.138943683754
-0.135618218343
-0.980970107393
-0.150449412577
-0.056111195118
-0.987024066595
-0.423675590733
-0.185773042482
-0.886559287642
-0.351445161256
-0.214122530166
-0.911393351251
-0.276015627853
-0.240374203129
-0.930610345768
-0.197538063767
-0.265288921870
-0.943716324589
-0.209342173288
-0.186811420005
-0.959831937289
-0.220743468353
-0.106877545667
-0.969458359813
-0.231918425560
-0.025802687141
-0.972392958233
-0.363756212574
-0.130610069715
-0.922291942664
-0.288284249013
-0.159397498902
-0.944184637195
-0.299511445800
-0.077191524005
-0.950964963843
-0.374534202601
-0.045889892624
-0.926076805042
0.799009787374
-0.530036902799
-0.283979297401
0.775185316258
-0.587374205638
-0.232549495829
0.746617840157
-0.640569084888
-0.179535646168
0.713621346694
-0.689198735044
-0.125497717739
0.676484363538
-0.733026810310
-0.070997191886
0.634249066804
-0.772959957052
-0.016156300731
0.577083541250
-0.815891488512
0.035995352375
0.633081335007
-0.770656997612
0.072772352560
0.683909302873
-0.721486051680
0.108286391920
0.730618821926
-0.667572651572
0.143327917453
0.773173330055
-0.608875381432
0.177408487897
0.811080925824
-0.545858112754
0.210206214238
0.843922748485
-0.479133886180
0.241298805847
0.826160857257
-0.527922094989
-0.196866705055
0.799723330925
-0.582717000100
-0.144511216757
0.768472202671
-0.633403156320
-0.090834548962
0.731767764885
-0.680587401227
-0.036286740913
0.688022608701
-0.725441838890
0.018948042248
0.736731321189
-0.673991850587
0.054423760637
0.781139761512
-0.617937689170
0.089295494217
0.821184995517
-0.557266537542
0.122919523568
0.856404637155
-0.492415518443
0.155235481307
0.871672298366
-0.462650234647
-0.161685387843
0.846887789651
-0.520322913990
-0.109750339033
0.816607685018
-0.574478468505
-0.055914023227
0.780272791068
-0.625438789767
-0.000831729392
0.823463532129
-0.566359292986
0.033837294535
0.861653044676
-0.502981447549
0.067555118393
0.894668172374
-0.435404556707
0.099958658148
0.887667230499
-0.454404885873
-0.074586108581
0.858747005804
-0.511962871914
-0.021156507392
0.895249046965
-0.445377609901
0.012958723218
0.922298217985
-0.384426671945
-0.039776010337
