0.396645964123
0.852384153754
0.340753919383
0.567378165666
0.801625331398
0.188358289402
0.740215583704
0.534687542822
0.407664226039
0.587283862755
0.709314141423
0.389834725654
0.525731112119
0.850650808352
0.000000000000
0.000000000000
0.525731112119
-0.850650808352
-0.525731112119
0.850650808352
0.000000000000
0.000000000000
0.525731112119
0.850650808352
0.850650808352
-0.000000000000
0.525731112119
-0.850650808352
-0.000000000000
0.525731112119
-0.000000000000
-0.525731112119
0.850650808352
-0.850650808352
-0.000000000000
-0.525731112119
-0.525731112119
-0.850650808352
0.000000000000
0.850650808352
-0.000000000000
-0.525731112119
0.525731112119
-0.850650808352
0.000000000000
0.000000000000
-0.525731112119
-0.850650808352
0.577350269190
0.577350269190
0.577350269190
0.356822089773
0.000000000000
-0.934172358963
-0.577350269190
0.577350269190
-0.577350269190
-0.356822089773
0.000000000000
0.934172358963
0.934172358963
0.356822089773
-0.000000000000
0.000000000000
0.934172358963
-0.356822089773
-0.577350269190
0.577350269190
0.577350269190
0.577350269190
-0.577350269190
0.577350269190
-0.934172358963
-0.356822089773
-0.000000000000
0.577350269190
0.577350269190
-0.577350269190
-0.000000000000
0.934172358963
0.356822089773
-0.577350269190
-0.577350269190
0.577350269190
0.934172358963
-0.356822089773
0.000000000000
0.356822089773
-0.000000000000
0.934172358963
-0.356822089773
-0.000000000000
-0.934172358963
-0.000000000000
-0.934172358963
-0.356822089773
0.577350269190
-0.577350269190
-0.577350269190
0.000000000000
-0.934172358963
0.356822089773
-0.934172358963
0.356822089773
0.000000000000
-0.577350269190
-0.577350269190
-0.577350269190
0.340753918864
0.396645962767
-0.852384154592
0.116411824848
0.379019876094
-0.918037156417
0.124927032425
0.000000000938
-0.992165931974
0.240931110725
0.197449137821
-0.950245251427
-0.396645964123
0.852384153754
-0.340753919383
-0.567378165666
0.801625331398
-0.188358289402
-0.740215583704
0.534687542822
-0.407664226039
-0.587283862755
0.709314141423
-0.389834725654
-0.340753918864
0.396645962767
0.852384154592
-0.116411824848
0.379019876094
0.918037156417
-0.124927032425
0.000000000938
0.992165931974
-0.240931110725
0.197449137821
0.950245251427
0.737399882988
0.641786650096
0.210597503140
0.683789990514
0.729678866950
-0.000000000106
0.865142616129
0.457478390670
-0.205528041462
0.828214973479
0.560410526048
0.000000000445
-0.186048459627
0.982540569478
-0.000000000838
-0.379019876199
0.918037156351
-0.116411825019
-0.205528042401
0.865142616709
-0.457478389152
-0.197449137376
0.950245251702
-0.240931110004
-0.210597504496
0.737399882149
0.641786650614
-0.188358289467
0.567378165495
0.801625331504
-0.534687541304
0.407664226977
0.740215584284
-0.389834725379
0.587283863475
0.709314140977
0.641786650614
-0.210597504496
0.737399882149
0.801625331504
-0.188358289467
0.567378165495
0.740215584284
-0.534687541304
0.407664226977
0.709314140977
-0.389834725379
0.587283863475
-0.982540569478
-0.000000000838
0.186048459627
-0.918037156351
-0.116411825019
0.379019876199
-0.865142616709
-0.457478389152
0.205528042401
-0.950245251702
-0.240931110004
0.197449137376
0.737399882149
0.641786650614
-0.210597504496
0.567378165495
0.801625331504
-0.188358289467
0.407664226977
0.740215584284
-0.534687541304
0.587283863475
0.709314140977
-0.389834725379
0.210597503140
0.737399882988
0.641786650096
-0.000000000106
0.683789990514
0.729678866950
-0.205528041462
0.865142616129
0.457478390670
0.000000000445
0.828214973479
0.560410526048
-0.340753919383
-0.396645964123
0.852384153754
-0.188358289402
-0.567378165666
0.801625331398
-0.407664226039
-0.740215583704
0.534687542822
-0.389834725654
-0.587283862755
0.709314141423
0.852384154592
-0.340753918864
0.396645962767
0.918037156417
-0.116411824848
0.379019876094
0.992165931974
-0.124927032425
0.000000000938
0.950245251427
-0.240931110725
0.197449137821
0.340753919383
0.396645964123
0.852384153754
0.188358289402
0.567378165666
0.801625331398
0.407664226039
0.740215583704
0.534687542822
0.389834725654
0.587283862755
0.709314141423
-0.000000000838
-0.186048459627
0.982540569478
-0.116411825019
-0.379019876199
0.918037156351
-0.457478389152
-0.205528042401
0.865142616709
-0.240931110004
-0.197449137376
0.950245251702
0.000000000838
0.186048459627
0.982540569478
0.116411825019
0.379019876199
0.918037156351
0.457478389152
0.205528042401
0.865142616709
0.240931110004
0.197449137376
0.950245251702
-0.396645962767
0.852384154592
0.340753918864
-0.379019876094
0.918037156417
0.116411824848
-0.000000000938
0.992165931974
0.124927032425
-0.197449137821
0.950245251427
0.240931110725
-0.641786650096
0.210597503140
-0.737399882988
-0.729678866950
-0.000000000106
-0.683789990514
-0.457478390670
-0.205528041462
-0.865142616129
-0.560410526048
0.000000000445
-0.828214973479
-0.852384153754
-0.340753919383
0.396645964123
-0.801625331398
-0.188358289402
0.567378165666
-0.534687542822
-0.407664226039
0.740215583704
-0.709314141423
-0.389834725654
0.587283862755
-0.737399882149
0.641786650614
0.210597504496
-0.567378165495
0.801625331504
0.188358289467
-0.407664226977
0.740215584284
0.534687541304
-0.587283863475
0.709314140977
0.389834725379
-0.852384153754
0.340753919383
-0.396645964123
-0.801625331398
0.188358289402
-0.567378165666
-0.534687542822
0.407664226039
-0.740215583704
-0.709314141423
0.389834725654
-0.587283862755
-0.396645962767
-0.852384154592
-0.340753918864
-0.379019876094
-0.918037156417
-0.116411824848
-0.000000000938
-0.992165931974
-0.124927032425
-0.197449137821
-0.950245251427
-0.240931110725
0.641786650096
0.210597503140
0.737399882988
0.729678866950
-0.000000000106
0.683789990514
0.457478390670
-0.205528041462
0.865142616129
0.560410526048
0.000000000445
0.828214973479
0.852384153754
-0.340753919383
-0.396645964123
0.801625331398
-0.188358289402
-0.567378165666
0.534687542822
-0.407664226039
-0.740215583704
0.709314141423
-0.389834725654
-0.587283862755
0.396645962767
0.852384154592
-0.340753918864
0.379019876094
0.918037156417
-0.116411824848
0.000000000938
0.992165931974
-0.124927032425
0.197449137821
0.950245251427
-0.240931110725
0.852384153754
0.340753919383
0.396645964123
0.801625331398
0.188358289402
0.567378165666
0.534687542822
0.407664226039
0.740215583704
0.709314141423
0.389834725654
0.587283862755
0.982540569478
-0.000000000838
-0.186048459627
0.918037156351
-0.116411825019
-0.379019876199
0.865142616709
-0.457478389152
-0.205528042401
0.950245251702
-0.240931110004
-0.197449137376
-0.000000000838
0.186048459627
-0.982540569478
-0.116411825019
0.379019876199
-0.918037156351
-0.457478389152
0.205528042401
-0.865142616709
-0.240931110004
0.197449137376
-0.950245251702
0.396645962767
-0.852384154592
0.340753918864
0.379019876094
-0.918037156417
0.116411824848
0.000000000938
-0.992165931974
0.124927032425
0.197449137821
-0.950245251427
0.240931110725
-0.852384154592
0.340753918864
0.396645962767
-0.918037156417
0.116411824848
0.379019876094
-0.992165931974
0.124927032425
0.000000000938
-0.950245251427
0.240931110725
0.197449137821
-0.210597503140
-0.737399882988
0.641786650096
0.000000000106
-0.683789990514
0.729678866950
0.205528041462
-0.865142616129
0.457478390670
-0.000000000445
-0.828214973479
0.560410526048
-0.641786650614
0.210597504496
0.737399882149
-0.801625331504
0.188358289467
0.567378165495
-0.740215584284
0.534687541304
0.407664226977
-0.709314140977
0.389834725379
0.587283863475
-0.737399882149
-0.641786650614
-0.210597504496
-0.567378165495
-0.801625331504
-0.188358289467
-0.407664226977
-0.740215584284
-0.534687541304
-0.587283863475
-0.709314140977
-0.389834725379
0.210597504496
-0.737399882149
0.641786650614
0.188358289467
-0.567378165495
0.801625331504
0.534687541304
-0.407664226977
0.740215584284
0.389834725379
-0.587283863475
0.709314140977
-0.641786650096
-0.210597503140
0.737399882988
-0.729678866950
0.000000000106
0.683789990514
-0.457478390670
0.205528041462
0.865142616129
-0.560410526048
-0.000000000445
0.828214973479
0.186048459627
-0.982540569478
-0.000000000838
0.379019876199
-0.918037156351
-0.116411825019
0.205528042401
-0.865142616709
-0.457478389152
0.197449137376
-0.950245251702
-0.240931110004
0.982540569478
0.000000000838
0.186048459627
0.918037156351
0.116411825019
0.379019876199
0.865142616709
0.457478389152
0.205528042401
0.950245251702
0.240931110004
0.197449137376
0.340753918864
-0.396645962767
0.852384154592
0.116411824848
-0.379019876094
0.918037156417
0.124927032425
-0.000000000938
0.992165931974
0.240931110725
-0.197449137821
0.950245251427
0.641786650096
-0.210597503140
-0.737399882988
0.729678866950
0.000000000106
-0.683789990514
0.457478390670
0.205528041462
-0.865142616129
0.560410526048
-0.000000000445
-0.828214973479
-0.737399882988
-0.641786650096
0.210597503140
-0.683789990514
-0.729678866950
-0.000000000106
-0.865142616129
-0.457478390670
-0.205528041462
-0.828214973479
-0.560410526048
0.000000000445
0.737399882149
-0.641786650614
0.210597504496
0.567378165495
-0.801625331504
0.188358289467
0.407664226977
-0.740215584284
0.534687541304
0.587283863475
-0.709314140977
0.389834725379
-0.210597504496
-0.737399882149
-0.641786650614
-0.188358289467
-0.567378165495
-0.801625331504
-0.534687541304
-0.407664226977
-0.740215584284
-0.389834725379
-0.587283863475
-0.709314140977
0.210597504496
0.737399882149
-0.641786650614
0.188358289467
0.567378165495
-0.801625331504
0.534687541304
0.407664226977
-0.740215584284
0.389834725379
0.587283863475
-0.709314140977
-0.641786650614
-0.210597504496
-0.737399882149
-0.801625331504
-0.188358289467
-0.567378165495
-0.740215584284
-0.534687541304
-0.407664226977
-0.709314140977
-0.389834725379
-0.587283863475
-0.737399882988
0.641786650096
-0.210597503140
-0.683789990514
0.729678866950
0.000000000106
-0.865142616129
0.457478390670
0.205528041462
-0.828214973479
0.560410526048
-0.000000000445
-0.210597503140
0.737399882988
-0.641786650096
0.000000000106
0.683789990514
-0.729678866950
0.205528041462
0.865142616129
-0.457478390670
-0.000000000445
0.828214973479
-0.560410526048
0.340753919383
-0.396645964123
-0.852384153754
0.188358289402
-0.567378165666
-0.801625331398
0.407664226039
-0.740215583704
-0.534687542822
0.389834725654
-0.587283862755
-0.709314141423
-0.852384154592
-0.340753918864
-0.396645962767
-0.918037156417
-0.116411824848
-0.379019876094
-0.992165931974
-0.124927032425
-0.000000000938
-0.950245251427
-0.240931110725
-0.197449137821
-0.340753919383
0.396645964123
-0.852384153754
-0.188358289402
0.567378165666
-0.801625331398
-0.407664226039
0.740215583704
-0.534687542822
-0.389834725654
0.587283862755
-0.709314141423
0.852384154592
0.340753918864
-0.396645962767
0.918037156417
0.116411824848
-0.379019876094
0.992165931974
0.124927032425
-0.000000000938
0.950245251427
0.240931110725
-0.197449137821
0.210597503140
-0.737399882988
-0.641786650096
-0.000000000106
-0.683789990514
-0.729678866950
-0.205528041462
-0.865142616129
-0.457478390670
0.000000000445
-0.828214973479
-0.560410526048
0.641786650614
0.210597504496
-0.737399882149
0.801625331504
0.188358289467
-0.567378165495
0.740215584284
0.534687541304
-0.407664226977
0.709314140977
0.389834725379
-0.587283863475
-0.982540569478
0.000000000838
-0.186048459627
-0.918037156351
0.116411825019
-0.379019876199
-0.865142616709
0.457478389152
-0.205528042401
-0.950245251702
0.240931110004
-0.197449137376
0.000000000838
-0.186048459627
-0.982540569478
0.116411825019
-0.379019876199
-0.918037156351
0.457478389152
-0.205528042401
-0.865142616709
0.240931110004
-0.197449137376
-0.950245251702
0.396645964123
-0.852384153754
-0.340753919383
0.567378165666
-0.801625331398
-0.188358289402
0.740215583704
-0.534687542822
-0.407664226039
0.587283862755
-0.709314141423
-0.389834725654
-0.396645964123
-0.852384153754
0.340753919383
-0.567378165666
-0.801625331398
0.188358289402
-0.740215583704
-0.534687542822
0.407664226039
-0.587283862755
-0.709314141423
0.389834725654
-0.186048459627
-0.982540569478
0.000000000838
-0.379019876199
-0.918037156351
0.116411825019
-0.205528042401
-0.865142616709
0.457478389152
-0.197449137376
-0.950245251702
0.240931110004
0.186048459627
0.982540569478
0.000000000838
0.379019876199
0.918037156351
0.116411825019
0.205528042401
0.865142616709
0.457478389152
0.197449137376
0.950245251702
0.240931110004
-0.340753918864
-0.396645962767
-0.852384154592
-0.116411824848
-0.379019876094
-0.918037156417
-0.124927032425
-0.000000000938
-0.992165931974
-0.240931110725
-0.197449137821
-0.950245251427
0.737399882988
-0.641786650096
-0.210597503140
0.683789990514
-0.729678866950
0.000000000106
0.865142616129
-0.457478390670
0.205528041462
0.828214973479
-0.560410526048
-0.000000000445
