0.398851129692
0.853153236210
0.336225120845
0.474371880759
0.865839864593
0.159036623541
0.581682613585
0.756606913637
0.298649150826
0.669088731986
0.623443397228
0.404522680678
0.499877853785
0.728021471296
0.469155484491
0.525731112119
0.850650808352
0.000000000000
0.000000000000
0.525731112119
-0.850650808352
-0.525731112119
0.850650808352
0.000000000000
0.000000000000
0.525731112119
0.850650808352
0.850650808352
-0.000000000000
0.525731112119
-0.850650808352
-0.000000000000
0.525731112119
-0.000000000000
-0.525731112119
0.850650808352
-0.850650808352
-0.000000000000
-0.525731112119
-0.525731112119
-0.850650808352
0.000000000000
0.850650808352
-0.000000000000
-0.525731112119
0.525731112119
-0.850650808352
0.000000000000
0.000000000000
-0.525731112119
-0.850650808352
0.577350269190
0.577350269190
0.577350269190
0.356822089773
0.000000000000
-0.934172358963
-0.577350269190
0.577350269190
-0.577350269190
-0.356822089773
0.000000000000
0.934172358963
0.934172358963
0.356822089773
-0.000000000000
0.000000000000
0.934172358963
-0.356822089773
-0.577350269190
0.577350269190
0.577350269190
0.577350269190
-0.577350269190
0.577350269190
-0.934172358963
-0.356822089773
-0.000000000000
0.577350269190
0.577350269190
-0.577350269190
-0.000000000000
0.934172358963
0.356822089773
-0.577350269190
-0.577350269190
0.577350269190
0.934172358963
-0.356822089773
0.000000000000
0.356822089773
-0.000000000000
0.934172358963
-0.356822089773
-0.000000000000
-0.934172358963
-0.000000000000
-0.934172358963
-0.356822089773
0.577350269190
-0.577350269190
-0.577350269190
0.000000000000
-0.934172358963
0.356822089773
-0.934172358963
0.356822089773
0.000000000000
-0.577350269190
-0.577350269190
-0.577350269190
1.000000000000
0.000000000000
0.000000000000
-0.500000000000
-0.309016994375
-0.809016994375
-1.000000000000
0.000000000000
0.000000000000
0.500000000000
-0.309016994375
0.809016994375
0.500000000000
0.309016994375
-0.809016994375
-0.500000000000
0.309016994375
-0.809016994375
-0.500000000000
-0.309016994375
0.809016994375
0.809016994375
-0.500000000000
-0.309016994375
-0.309016994375
-0.809016994375
0.500000000000
-0.309016994375
0.809016994375
-0.500000000000
-0.809016994375
0.500000000000
0.309016994375
0.000000000000
-1.000000000000
0.000000000000
0.809016994375
0.500000000000
-0.309016994375
-0.000000000000
1.000000000000
0.000000000000
-0.809016994375
-0.500000000000
0.309016994375
0.809016994375
0.500000000000
0.309016994375
0.309016994375
0.809016994375
-0.500000000000
-0.309016994375
-0.809016994375
-0.500000000000
0.000000000000
-0.000000000000
1.000000000000
0.309016994375
0.809016994375
0.500000000000
0.000000000000
0.000000000000
-1.000000000000
0.309016994375
-0.809016994375
0.500000000000
-0.309016994375
0.809016994375
0.500000000000
0.309016994375
-0.809016994375
-0.500000000000
-0.809016994375
0.500000000000
-0.309016994375
-0.809016994375
-0.500000000000
-0.309016994375
0.809016994375
-0.500000000000
0.309016994375
0.500000000000
0.309016994375
0.809016994375
0.500000000000
-0.309016994375
-0.809016994375
-0.500000000000
0.309016994375
0.809016994375
0.336225120648
0.398851129177
-0.853153236529
0.159036623360
0.474371880285
-0.865839864886
0.184575325957
0.283033462851
-0.941182239502
0.185375962060
0.095355174121
-0.978030236475
0.354586839966
0.199933248371
-0.913397432183
-0.398851129692
0.853153236210
-0.336225120845
-0.474371880759
0.865839864593
-0.159036623541
-0.581682613585
0.756606913637
-0.298649150826
-0.669088731986
0.623443397228
-0.404522680678
-0.499877853785
0.728021471296
-0.469155484491
-0.336225120648
0.398851129177
0.853153236529
-0.159036623360
0.474371880285
0.865839864886
-0.184575325957
0.283033462851
0.941182239502
-0.185375962060
0.095355174121
0.978030236475
-0.354586839966
0.199933248371
0.913397432183
0.735076250340
0.645354683778
0.207798552236
0.633408504118
0.767549825901
0.098290038511
0.766257939542
0.642533088712
0.000000000057
0.854464694046
0.508874751977
-0.104578073368
0.854464693750
0.508874752233
0.104578074536
-0.191052576942
0.981579804623
-0.000000000318
-0.376081841774
0.926586449441
-0.000000000293
-0.283033462794
0.941182239537
-0.184575325865
-0.199933247488
0.913397432656
-0.354586839247
-0.095355173835
0.978030236725
-0.185375960888
-0.207798552750
0.735076250022
0.645354683975
-0.098290038985
0.633408503825
0.767549826082
-0.298649150791
0.581682613677
0.756606913581
-0.469155484497
0.499877854799
0.728021470595
-0.404522679950
0.669088732862
0.623443396759
0.645354683975
-0.207798552750
0.735076250022
0.767549826082
-0.098290038985
0.633408503825
0.756606913581
-0.298649150791
0.581682613677
0.728021470595
-0.469155484497
0.499877854799
0.623443396759
-0.404522679950
0.669088732862
-0.981579804623
-0.000000000318
0.191052576942
-0.926586449441
-0.000000000293
0.376081841774
-0.941182239537
-0.184575325865
0.283033462794
-0.913397432656
-0.354586839247
0.199933247488
-0.978030236725
-0.185375960888
0.095355173835
0.735076250022
0.645354683975
-0.207798552750
0.633408503825
0.767549826082
-0.098290038985
0.581682613677
0.756606913581
-0.298649150791
0.499877854799
0.728021470595
-0.469155484497
0.669088732862
0.623443396759
-0.404522679950
0.207798552236
0.735076250340
0.645354683778
0.098290038511
0.633408504118
0.767549825901
0.000000000057
0.766257939542
0.642533088712
-0.104578073368
0.854464694046
0.508874751977
0.104578074536
0.854464693750
0.508874752233
-0.336225120845
-0.398851129692
0.853153236210
-0.159036623541
-0.474371880759
0.865839864593
-0.298649150826
-0.581682613585
0.756606913637
-0.404522680678
-0.669088731986
0.623443397228
-0.469155484491
-0.499877853785
0.728021471296
0.853153236529
-0.336225120648
0.398851129177
0.865839864886
-0.159036623360
0.474371880285
0.941182239502
-0.184575325957
0.283033462851
0.978030236475
-0.185375962060
0.095355174121
0.913397432183
-0.354586839966
0.199933248371
0.336225120845
0.398851129692
0.853153236210
0.159036623541
0.474371880759
0.865839864593
0.298649150826
0.581682613585
0.756606913637
0.404522680678
0.669088731986
0.623443397228
0.469155484491
0.499877853785
0.728021471296
-0.000000000318
-0.191052576942
0.981579804623
-0.000000000293
-0.376081841774
0.926586449441
-0.184575325865
-0.283033462794
0.941182239537
-0.354586839247
-0.199933247488
0.913397432656
-0.185375960888
-0.095355173835
0.978030236725
0.000000000318
0.191052576942
0.981579804623
0.000000000293
0.376081841774
0.926586449441
0.184575325865
0.283033462794
0.941182239537
0.354586839247
0.199933247488
0.913397432656
0.185375960888
0.095355173835
0.978030236725
-0.398851129177
0.853153236529
0.336225120648
-0.474371880285
0.865839864886
0.159036623360
-0.283033462851
0.941182239502
0.184575325957
-0.095355174121
0.978030236475
0.185375962060
-0.199933248371
0.913397432183
0.354586839966
-0.645354683778
0.207798552236
-0.735076250340
-0.767549825901
0.098290038511
-0.633408504118
-0.642533088712
0.000000000057
-0.766257939542
-0.508874751977
-0.104578073368
-0.854464694046
-0.508874752233
0.104578074536
-0.854464693750
-0.853153236210
-0.336225120845
0.398851129692
-0.865839864593
-0.159036623541
0.474371880759
-0.756606913637
-0.298649150826
0.581682613585
-0.623443397228
-0.404522680678
0.669088731986
-0.728021471296
-0.469155484491
0.499877853785
-0.735076250022
0.645354683975
0.207798552750
-0.633408503825
0.767549826082
0.098290038985
-0.581682613677
0.756606913581
0.298649150791
-0.499877854799
0.728021470595
0.469155484497
-0.669088732862
0.623443396759
0.404522679950
-0.853153236210
0.336225120845
-0.398851129692
-0.865839864593
0.159036623541
-0.474371880759
-0.756606913637
0.298649150826
-0.581682613585
-0.623443397228
0.404522680678
-0.669088731986
-0.728021471296
0.469155484491
-0.499877853785
-0.398851129177
-0.853153236529
-0.336225120648
-0.474371880285
-0.865839864886
-0.159036623360
-0.283033462851
-0.941182239502
-0.184575325957
-0.095355174121
-0.978030236475
-0.185375962060
-0.199933248371
-0.913397432183
-0.354586839966
0.645354683778
0.207798552236
0.735076250340
0.767549825901
0.098290038511
0.633408504118
0.642533088712
0.000000000057
0.766257939542
0.508874751977
-0.104578073368
0.854464694046
0.508874752233
0.104578074536
0.854464693750
0.853153236210
-0.336225120845
-0.398851129692
0.865839864593
-0.159036623541
-0.474371880759
0.756606913637
-0.298649150826
-0.581682613585
0.623443397228
-0.404522680678
-0.669088731986
0.728021471296
-0.469155484491
-0.499877853785
0.398851129177
0.853153236529
-0.336225120648
0.474371880285
0.865839864886
-0.159036623360
0.283033462851
0.941182239502
-0.184575325957
0.095355174121
0.978030236475
-0.185375962060
0.199933248371
0.913397432183
-0.354586839966
0.853153236210
0.336225120845
0.398851129692
0.865839864593
0.159036623541
0.474371880759
0.756606913637
0.298649150826
0.581682613585
0.623443397228
0.404522680678
0.669088731986
0.728021471296
0.469155484491
0.499877853785
0.981579804623
-0.000000000318
-0.191052576942
0.926586449441
-0.000000000293
-0.376081841774
0.941182239537
-0.184575325865
-0.283033462794
0.913397432656
-0.354586839247
-0.199933247488
0.978030236725
-0.185375960888
-0.095355173835
-0.000000000318
0.191052576942
-0.981579804623
-0.000000000293
0.376081841774
-0.926586449441
-0.184575325865
0.283033462794
-0.941182239537
-0.354586839247
0.199933247488
-0.913397432656
-0.185375960888
0.095355173835
-0.978030236725
0.398851129177
-0.853153236529
0.336225120648
0.474371880285
-0.865839864886
0.159036623360
0.283033462851
-0.941182239502
0.184575325957
0.095355174121
-0.978030236475
0.185375962060
0.199933248371
-0.913397432183
0.354586839966
-0.853153236529
0.336225120648
0.398851129177
-0.865839864886
0.159036623360
0.474371880285
-0.941182239502
0.184575325957
0.283033462851
-0.978030236475
0.185375962060
0.095355174121
-0.913397432183
0.354586839966
0.199933248371
-0.207798552236
-0.735076250340
0.645354683778
-0.098290038511
-0.633408504118
0.767549825901
-0.000000000057
-0.766257939542
0.642533088712
0.104578073368
-0.854464694046
0.508874751977
-0.104578074536
-0.854464693750
0.508874752233
-0.645354683975
0.207798552750
0.735076250022
-0.767549826082
0.098290038985
0.633408503825
-0.756606913581
0.298649150791
0.581682613677
-0.728021470595
0.469155484497
0.499877854799
-0.623443396759
0.404522679950
0.669088732862
-0.735076250022
-0.645354683975
-0.207798552750
-0.633408503825
-0.767549826082
-0.098290038985
-0.581682613677
-0.756606913581
-0.298649150791
-0.499877854799
-0.728021470595
-0.469155484497
-0.669088732862
-0.623443396759
-0.404522679950
0.207798552750
-0.735076250022
0.645354683975
0.098290038985
-0.633408503825
0.767549826082
0.298649150791
-0.581682613677
0.756606913581
0.469155484497
-0.499877854799
0.728021470595
0.404522679950
-0.669088732862
0.623443396759
-0.645354683778
-0.207798552236
0.735076250340
-0.767549825901
-0.098290038511
0.633408504118
-0.642533088712
-0.000000000057
0.766257939542
-0.508874751977
0.104578073368
0.854464694046
-0.508874752233
-0.104578074536
0.854464693750
0.191052576942
-0.981579804623
-0.000000000318
0.376081841774
-0.926586449441
-0.000000000293
0.283033462794
-0.941182239537
-0.184575325865
0.199933247488
-0.913397432656
-0.354586839247
0.095355173835
-0.978030236725
-0.185375960888
0.981579804623
0.000000000318
0.191052576942
0.926586449441
0.000000000293
0.376081841774
0.941182239537
0.184575325865
0.283033462794
0.913397432656
0.354586839247
0.199933247488
0.978030236725
0.185375960888
0.095355173835
0.336225120648
-0.398851129177
0.853153236529
0.159036623360
-0.474371880285
0.865839864886
0.184575325957
-0.283033462851
0.941182239502
0.185375962060
-0.095355174121
0.978030236475
0.354586839966
-0.199933248371
0.913397432183
0.645354683778
-0.207798552236
-0.735076250340
0.767549825901
-0.098290038511
-0.633408504118
0.642533088712
-0.000000000057
-0.766257939542
0.508874751977
0.104578073368
-0.854464694046
0.508874752233
-0.104578074536
-0.854464693750
-0.735076250340
-0.645354683778
0.207798552236
-0.633408504118
-0.767549825901
0.098290038511
-0.766257939542
-0.642533088712
0.000000000057
-0.854464694046
-0.508874751977
-0.104578073368
-0.854464693750
-0.508874752233
0.104578074536
0.735076250022
-0.645354683975
0.207798552750
0.633408503825
-0.767549826082
0.098290038985
0.581682613677
-0.756606913581
0.298649150791
0.499877854799
-0.728021470595
0.469155484497
0.669088732862
-0.623443396759
0.404522679950
-0.207798552750
-0.735076250022
-0.645354683975
-0.098290038985
-0.633408503825
-0.767549826082
-0.298649150791
-0.581682613677
-0.756606913581
-0.469155484497
-0.499877854799
-0.728021470595
-0.404522679950
-0.669088732862
-0.623443396759
0.207798552750
0.735076250022
-0.645354683975
0.098290038985
0.633408503825
-0.767549826082
0.298649150791
0.581682613677
-0.756606913581
0.469155484497
0.499877854799
-0.728021470595
0.404522679950
0.669088732862
-0.623443396759
-0.645354683975
-0.207798552750
-0.735076250022
-0.767549826082
-0.098290038985
-0.633408503825
-0.756606913581
-0.298649150791
-0.581682613677
-0.728021470595
-0.469155484497
-0.499877854799
-0.623443396759
-0.404522679950
-0.669088732862
-0.735076250340
0.645354683778
-0.207798552236
-0.633408504118
0.767549825901
-0.098290038511
-0.766257939542
0.642533088712
-0.000000000057
-0.854464694046
0.508874751977
0.104578073368
-0.854464693750
0.508874752233
-0.104578074536
-0.207798552236
0.735076250340
-0.645354683778
-0.098290038511
0.633408504118
-0.767549825901
-0.000000000057
0.766257939542
-0.642533088712
0.104578073368
0.854464694046
-0.508874751977
-0.104578074536
0.854464693750
-0.508874752233
0.336225120845
-0.398851129692
-0.853153236210
0.159036623541
-0.474371880759
-0.865839864593
0.298649150826
-0.581682613585
-0.756606913637
0.404522680678
-0.669088731986
-0.623443397228
0.469155484491
-0.499877853785
-0.728021471296
-0.853153236529
-0.336225120648
-0.398851129177
-0.865839864886
-0.159036623360
-0.474371880285
-0.941182239502
-0.184575325957
-0.283033462851
-0.978030236475
-0.185375962060
-0.095355174121
-0.913397432183
-0.354586839966
-0.199933248371
-0.336225120845
0.398851129692
-0.853153236210
-0.159036623541
0.474371880759
-0.865839864593
-0.298649150826
0.581682613585
-0.756606913637
-0.404522680678
0.669088731986
-0.623443397228
-0.469155484491
0.499877853785
-0.728021471296
0.853153236529
0.336225120648
-0.398851129177
0.865839864886
0.159036623360
-0.474371880285
0.941182239502
0.184575325957
-0.283033462851
0.978030236475
0.185375962060
-0.095355174121
0.913397432183
0.354586839966
-0.199933248371
0.207798552236
-0.735076250340
-0.645354683778
0.098290038511
-0.633408504118
-0.767549825901
0.000000000057
-0.766257939542
-0.642533088712
-0.104578073368
-0.854464694046
-0.508874751977
0.104578074536
-0.854464693750
-0.508874752233
0.645354683975
0.207798552750
-0.735076250022
0.767549826082
0.098290038985
-0.633408503825
0.756606913581
0.298649150791
-0.581682613677
0.728021470595
0.469155484497
-0.499877854799
0.623443396759
0.404522679950
-0.669088732862
-0.981579804623
0.000000000318
-0.191052576942
-0.926586449441
0.000000000293
-0.376081841774
-0.941182239537
0.184575325865
-0.283033462794
-0.913397432656
0.354586839247
-0.199933247488
-0.978030236725
0.185375960888
-0.095355173835
0.000000000318
-0.191052576942
-0.981579804623
0.000000000293
-0.376081841774
-0.926586449441
0.184575325865
-0.283033462794
-0.941182239537
0.354586839247
-0.199933247488
-0.913397432656
0.185375960888
-0.095355173835
-0.978030236725
0.398851129692
-0.853153236210
-0.336225120845
0.474371880759
-0.865839864593
-0.159036623541
0.581682613585
-0.756606913637
-0.298649150826
0.669088731986
-0.623443397228
-0.404522680678
0.499877853785
-0.728021471296
-0.469155484491
-0.398851129692
-0.853153236210
0.336225120845
-0.474371880759
-0.865839864593
0.159036623541
-0.581682613585
-0.756606913637
0.298649150826
-0.669088731986
-0.623443397228
0.404522680678
-0.499877853785
-0.728021471296
0.469155484491
-0.191052576942
-0.981579804623
0.000000000318
-0.376081841774
-0.926586449441
0.000000000293
-0.283033462794
-0.941182239537
0.184575325865
-0.199933247488
-0.913397432656
0.354586839247
-0.095355173835
-0.978030236725
0.185375960888
0.191052576942
0.981579804623
0.000000000318
0.376081841774
0.926586449441
0.000000000293
0.283033462794
0.941182239537
0.184575325865
0.199933247488
0.913397432656
0.354586839247
0.095355173835
0.978030236725
0.185375960888
-0.336225120648
-0.398851129177
-0.853153236529
-0.159036623360
-0.474371880285
-0.865839864886
-0.184575325957
-0.283033462851
-0.941182239502
-0.185375962060
-0.095355174121
-0.978030236475
-0.354586839966
-0.199933248371
-0.913397432183
0.735076250340
-0.645354683778
-0.207798552236
0.633408504118
-0.767549825901
-0.098290038511
0.766257939542
-0.642533088712
-0.000000000057
0.854464694046
-0.508874751977
0.104578073368
0.854464693750
-0.508874752233
-0.104578074536
