0.487441486213
0.861840581987
0.140112842946
0.547029117122
0.833984198980
0.072315287955
0.439231206663
0.853964423295
0.278963637128
0.505308681633
0.834357731976
0.220250564945
0.568097530864
0.808533937670
0.153421207991
0.380732581019
0.827551433817
0.412554634126
0.451794445515
0.817143021151
0.357993103265
0.520138918422
0.800427685026
0.297944670344
0.584496869706
0.777585641015
0.231784339832
0.643081972376
0.749075478408
0.159158739794
0.784274854232
0.536693533882
0.311244283014
0.388050247449
0.781348458957
0.488785833612
0.460878963582
0.773914949503
0.434334239801
0.530590529088
0.760620921385
0.374071523100
0.596766796429
0.740564113948
0.308924236362
0.657206342556
0.715474636760
0.237014487866
0.722118187230
0.649929340463
0.236932851409
0.729117377661
0.607898779213
0.314399306334
0.729588034097
0.561226401012
0.390802030840
0.465885714162
0.724044081289
0.508636087679
0.536568109412
0.714507828467
0.448969071343
0.603982966859
0.697870238684
0.384943769534
0.666563885752
0.676017124671
0.314155110355
0.670463168528
0.631037720945
0.390218572588
0.668804136105
0.580003640149
0.465077203207
0.538116977084
0.661512806546
0.522332198653
0.606242813170
0.648972530849
0.459678480770
0.603390973061
0.593306021299
0.532829521253
0.525731112119
0.850650808352
0.000000000000
0.000000000000
0.525731112119
-0.850650808352
-0.525731112119
0.850650808352
0.000000000000
0.000000000000
0.525731112119
0.850650808352
0.850650808352
-0.000000000000
0.525731112119
-0.850650808352
-0.000000000000
0.525731112119
-0.000000000000
-0.525731112119
0.850650808352
-0.850650808352
-0.000000000000
-0.525731112119
-0.525731112119
-0.850650808352
0.000000000000
0.850650808352
-0.000000000000
-0.525731112119
0.525731112119
-0.850650808352
0.000000000000
0.000000000000
-0.525731112119
-0.850650808352
0.135956314243
0.476559552793
-0.868565986704
0.042705028873
0.469508452429
-0.881894604591
0.269960239307
0.415660005155
-0.868532226983
0.183362827813
0.408735332054
-0.894043344423
0.089922326399
0.401855300609
-0.911277286333
0.399124876375
0.345573018767
-0.849281238318
0.316236362024
0.342473877685
-0.884706847739
0.228318599922
0.337855499554
-0.913085033472
0.135556212757
0.332568362350
-0.933286021296
0.038698192006
0.327712163965
-0.943984739032
0.025511909985
0.036217789957
-0.999018225129
0.442860874624
0.267817143885
-0.855656603532
0.360097171044
0.266523794351
-0.894033049977
0.272379745741
0.264357999585
-0.925161673528
0.180388455611
0.260255753652
-0.948539375974
0.084239399122
0.257235967589
-0.962669922982
0.031462821046
0.184190664072
-0.982386833259
0.077646746650
0.109291129485
-0.990972467706
0.124799962942
0.033185579262
-0.991626787949
0.402294307599
0.187479319487
-0.896108695884
0.315734615569
0.187755775724
-0.930085706381
0.225088331624
0.185475997124
-0.956521770509
0.129775660283
0.183852218636
-0.974349341715
0.175463252344
0.108226440864
-0.978519128364
0.221084274644
0.030022356111
-0.974792491579
0.357935836096
0.107721712285
-0.927511708789
0.269309837221
0.107851233967
-0.956995466503
0.312714294714
0.027121828541
-0.949459939280
-0.487441486213
0.861840581987
-0.140112842946
-0.547029117122
0.833984198980
-0.072315287955
-0.439231206663
0.853964423295
-0.278963637128
-0.505308681633
0.834357731976
-0.220250564945
-0.568097530864
0.808533937670
-0.153421207991
-0.380732581019
0.827551433817
-0.412554634126
-0.451794445515
0.817143021151
-0.357993103265
-0.520138918422
0.800427685026
-0.297944670344
-0.584496869706
0.777585641015
-0.231784339832
-0.643081972376
0.749075478408
-0.159158739794
-0.784274854232
0.536693533882
-0.311244283014
-0.388050247449
0.781348458957
-0.488785833612
-0.460878963582
0.773914949503
-0.434334239801
-0.530590529088
0.760620921385
-0.374071523100
-0.596766796429
0.740564113948
-0.308924236362
-0.657206342556
0.715474636760
-0.237014487866
-0.722118187230
0.649929340463
-0.236932851409
-0.729117377661
0.607898779213
-0.314399306334
-0.729588034097
0.561226401012
-0.390802030840
-0.465885714162
0.724044081289
-0.508636087679
-0.536568109412
0.714507828467
-0.448969071343
-0.603982966859
0.697870238684
-0.384943769534
-0.666563885752
0.676017124671
-0.314155110355
-0.670463168528
0.631037720945
-0.390218572588
-0.668804136105
0.580003640149
-0.465077203207
-0.538116977084
0.661512806546
-0.522332198653
-0.606242813170
0.648972530849
-0.459678480770
-0.603390973061
0.593306021299
-0.532829521253
-0.135956314243
0.476559552793
0.868565986704
-0.042705028873
0.469508452429
0.881894604591
-0.269960239307
0.415660005155
0.868532226983
-0.183362827813
0.408735332054
0.894043344423
-0.089922326399
0.401855300609
0.911277286333
-0.399124876375
0.345573018767
0.849281238318
-0.316236362024
0.342473877685
0.884706847739
-0.228318599922
0.337855499554
0.913085033472
-0.135556212757
0.332568362350
0.933286021296
-0.038698192006
0.327712163965
0.943984739032
-0.025511909985
0.036217789957
0.999018225129
-0.442860874624
0.267817143885
0.855656603532
-0.360097171044
0.266523794351
0.894033049977
-0.272379745741
0.264357999585
0.925161673528
-0.180388455611
0.260255753652
0.948539375974
-0.084239399122
0.257235967589
0.962669922982
-0.031462821046
0.184190664072
0.982386833259
-0.077646746650
0.109291129485
0.990972467706
-0.124799962942
0.033185579262
0.991626787949
-0.402294307599
0.187479319487
0.896108695884
-0.315734615569
0.187755775724
0.930085706381
-0.225088331624
0.185475997124
0.956521770509
-0.129775660283
0.183852218636
0.974349341715
-0.175463252344
0.108226440864
0.978519128364
-0.221084274644
0.030022356111
0.974792491579
-0.357935836096
0.107721712285
0.927511708789
-0.269309837221
0.107851233967
0.956995466503
-0.312714294714
0.027121828541
0.949459939280
0.623397800456
0.777814958800
0.079869094484
0.589734145995
0.807591039646
-0.003217099749
0.709191445970
0.687119819792
0.157841205683
0.688671509446
0.721033272114
0.076436722730
0.658019857263
0.752958883608
-0.007923827530
0.779857457394
0.580878694461
0.233242981604
0.768030807539
0.621698200942
0.153688078968
0.748457518344
0.659319030011
0.071482584593
0.720053082462
0.693807294146
-0.012449780205
0.681780164382
0.725158680445
-0.096543749824
0.809786764217
0.520926306394
-0.269965145540
0.830911122073
0.507645386152
0.227778113816
0.820976134626
0.551362658545
0.148315222201
0.802970274829
0.592280980670
0.066648163355
0.777155252040
0.629077917203
-0.017049584005
0.741445741677
0.663411824910
-0.100712276895
0.753581008276
0.630484247675
-0.186024937574
0.806764124311
0.559910450668
-0.188764231138
0.854387997039
0.484095782119
-0.188871449005
0.868180021761
0.475412525713
0.142289775496
0.852302724981
0.519373104620
0.061900268073
0.829071298483
0.558757999269
-0.020743198495
0.796339546035
0.595811355704
-0.104173681105
0.845926420872
0.522595467220
-0.106313066519
0.889888410749
0.443366044041
-0.107355332455
0.896052813181
0.440296294047
0.056820149943
0.875552650391
0.482529897942
-0.023926010641
0.916105267775
0.400037958398
-0.026847163638
-0.396690458309
0.917927801746
-0.006725404717
-0.472725552177
0.879906327601
-0.047910405611
-0.257818799472
0.966083456920
-0.014567803688
-0.332298609324
0.941283837059
-0.059685612447
-0.409779128139
0.906380091599
-0.102743348663
-0.112330037163
0.993433328587
-0.021729804502
-0.188785798717
0.979691304207
-0.067563826588
-0.266372914961
0.957263700355
-0.112657348446
-0.345018142555
0.925591633977
-0.155700380281
-0.424255913789
0.884317420239
-0.194909260623
-0.306182935497
0.832170589407
-0.462324691246
-0.040039030069
0.996431219764
-0.074308144575
-0.118208572150
0.985696898346
-0.120118100474
-0.197709836229
0.966352503770
-0.164540752144
-0.277305337657
0.938002153565
-0.207975262025
-0.357948244484
0.900426312776
-0.247195286222
-0.370215601646
0.867417099083
-0.332457492796
-0.298055360623
0.874309757002
-0.383073688492
-0.222057028267
0.874897812960
-0.430400386937
-0.045189543991
0.984048613392
-0.172064614594
-0.125855507651
0.968342175963
-0.215577877914
-0.206219195619
0.943701768804
-0.258651531825
-0.288025899741
0.909966466059
-0.298332217044
-0.214539507383
0.912814039807
-0.347481407420
-0.137377688567
0.908443247248
-0.394788851430
-0.050901562342
0.962628492699
-0.265998902243
-0.131777244609
0.942208378712
-0.308022935654
-0.053968992179
0.932867479651
-0.356153917981
-0.090751027904
0.616672395739
0.781971487503
-0.074303564945
0.541823740384
0.837201298729
-0.181412407191
0.694623642283
0.696123217613
-0.173010072309
0.628985896999
0.757921009246
-0.158318402725
0.555276508600
0.816457765200
-0.268402543857
0.758127652892
0.594308452212
-0.263008646797
0.700466980951
0.663454942183
-0.253766003462
0.635800169898
0.728945100433
-0.239478727151
0.564352702181
0.790035421221
-0.218826058586
0.486870903759
0.845619228233
-0.478091918735
0.347462072970
0.806658679422
-0.348011217380
0.756602977498
0.553570345141
-0.342670391432
0.700858034152
0.625599727302
-0.332880692859
0.638429522685
0.693972758029
-0.319461458771
0.569179990014
0.757613697954
-0.299258098072
0.494250455455
0.816186913655
-0.351902585584
0.421123515481
0.835954278037
-0.431062017038
0.423690435819
0.796663010352
-0.507531005830
0.423987610103
0.750097850017
-0.420696170171
0.696115407167
0.581754305793
-0.410712601761
0.636724847067
0.652607560393
-0.397763771240
0.570419766659
0.718613437179
-0.378537986011
0.498007328991
0.780190805776
-0.455923661145
0.498445013452
0.737350787464
-0.531426447538
0.495099559319
0.687358972604
-0.487215414742
0.630053910938
0.604692656603
-0.474465568561
0.567529714737
0.672898541490
-0.549421980882
0.559951349794
0.620153184937
0.781971487503
-0.090751027904
0.616672395739
0.837201298729
-0.074303564945
0.541823740384
0.696123217613
-0.181412407191
0.694623642283
0.757921009246
-0.173010072309
0.628985896999
0.816457765200
-0.158318402725
0.555276508600
0.594308452212
-0.268402543857
0.758127652892
0.663454942183
-0.263008646797
0.700466980951
0.728945100433
-0.253766003462
0.635800169898
0.790035421221
-0.239478727151
0.564352702181
0.845619228233
-0.218826058586
0.486870903759
0.806658679422
-0.478091918735
0.347462072970
0.553570345141
-0.348011217380
0.756602977498
0.625599727302
-0.342670391432
0.700858034152
0.693972758029
-0.332880692859
0.638429522685
0.757613697954
-0.319461458771
0.569179990014
0.816186913655
-0.299258098072
0.494250455455
0.835954278037
-0.351902585584
0.421123515481
0.796663010352
-0.431062017038
0.423690435819
0.750097850017
-0.507531005830
0.423987610103
0.581754305793
-0.420696170171
0.696115407167
0.652607560393
-0.410712601761
0.636724847067
0.718613437179
-0.397763771240
0.570419766659
0.780190805776
-0.378537986011
0.498007328991
0.737350787464
-0.455923661145
0.498445013452
0.687358972604
-0.531426447538
0.495099559319
0.604692656603
-0.487215414742
0.630053910938
0.672898541490
-0.474465568561
0.567529714737
0.620153184937
-0.549421980882
0.559951349794
-0.917927801746
-0.006725404717
0.396690458309
-0.879906327601
-0.047910405611
0.472725552177
-0.966083456920
-0.014567803688
0.257818799472
-0.941283837059
-0.059685612447
0.332298609324
-0.906380091599
-0.102743348663
0.409779128139
-0.993433328587
-0.021729804502
0.112330037163
-0.979691304207
-0.067563826588
0.188785798717
-0.957263700355
-0.112657348446
0.266372914961
-0.925591633977
-0.155700380281
0.345018142555
-0.884317420239
-0.194909260623
0.424255913789
-0.832170589407
-0.462324691246
0.306182935497
-0.996431219764
-0.074308144575
0.040039030069
-0.985696898346
-0.120118100474
0.118208572150
-0.966352503770
-0.164540752144
0.197709836229
-0.938002153565
-0.207975262025
0.277305337657
-0.900426312776
-0.247195286222
0.357948244484
-0.867417099083
-0.332457492796
0.370215601646
-0.874309757002
-0.383073688492
0.298055360623
-0.874897812960
-0.430400386937
0.222057028267
-0.984048613392
-0.172064614594
0.045189543991
-0.968342175963
-0.215577877914
0.125855507651
-0.943701768804
-0.258651531825
0.206219195619
-0.909966466059
-0.298332217044
0.288025899741
-0.912814039807
-0.347481407420
0.214539507383
-0.908443247248
-0.394788851430
0.137377688567
-0.962628492699
-0.265998902243
0.050901562342
-0.942208378712
-0.308022935654
0.131777244609
-0.932867479651
-0.356153917981
0.053968992179
0.616672395739
0.781971487503
-0.090751027904
0.541823740384
0.837201298729
-0.074303564945
0.694623642283
0.696123217613
-0.181412407191
0.628985896999
0.757921009246
-0.173010072309
0.555276508600
0.816457765200
-0.158318402725
0.758127652892
0.594308452212
-0.268402543857
0.700466980951
0.663454942183
-0.263008646797
0.635800169898
0.728945100433
-0.253766003462
0.564352702181
0.790035421221
-0.239478727151
0.486870903759
0.845619228233
-0.218826058586
0.347462072970
0.806658679422
-0.478091918735
0.756602977498
0.553570345141
-0.348011217380
0.700858034152
0.625599727302
-0.342670391432
0.638429522685
0.693972758029
-0.332880692859
0.569179990014
0.757613697954
-0.319461458771
0.494250455455
0.816186913655
-0.299258098072
0.421123515481
0.835954278037
-0.351902585584
0.423690435819
0.796663010352
-0.431062017038
0.423987610103
0.750097850017
-0.507531005830
0.696115407167
0.581754305793
-0.420696170171
0.636724847067
0.652607560393
-0.410712601761
0.570419766659
0.718613437179
-0.397763771240
0.498007328991
0.780190805776
-0.378537986011
0.498445013452
0.737350787464
-0.455923661145
0.495099559319
0.687358972604
-0.531426447538
0.630053910938
0.604692656603
-0.487215414742
0.567529714737
0.672898541490
-0.474465568561
0.559951349794
0.620153184937
-0.549421980882
0.079869094484
0.623397800456
0.777814958800
-0.003217099749
0.589734145995
0.807591039646
0.157841205683
0.709191445970
0.687119819792
0.076436722730
0.688671509446
0.721033272114
-0.007923827530
0.658019857263
0.752958883608
0.233242981604
0.779857457394
0.580878694461
0.153688078968
0.768030807539
0.621698200942
0.071482584593
0.748457518344
0.659319030011
-0.012449780205
0.720053082462
0.693807294146
-0.096543749824
0.681780164382
0.725158680445
-0.269965145540
0.809786764217
0.520926306394
0.227778113816
0.830911122073
0.507645386152
0.148315222201
0.820976134626
0.551362658545
0.066648163355
0.802970274829
0.592280980670
-0.017049584005
0.777155252040
0.629077917203
-0.100712276895
0.741445741677
0.663411824910
-0.186024937574
0.753581008276
0.630484247675
-0.188764231138
0.806764124311
0.559910450668
-0.188871449005
0.854387997039
0.484095782119
0.142289775496
0.868180021761
0.475412525713
0.061900268073
0.852302724981
0.519373104620
-0.020743198495
0.829071298483
0.558757999269
-0.104173681105
0.796339546035
0.595811355704
-0.106313066519
0.845926420872
0.522595467220
-0.107355332455
0.889888410749
0.443366044041
0.056820149943
0.896052813181
0.440296294047
-0.023926010641
0.875552650391
0.482529897942
-0.026847163638
0.916105267775
0.400037958398
-0.140112842946
-0.487441486213
0.861840581987
-0.072315287955
-0.547029117122
0.833984198980
-0.278963637128
-0.439231206663
0.853964423295
-0.220250564945
-0.505308681633
0.834357731976
-0.153421207991
-0.568097530864
0.808533937670
-0.412554634126
-0.380732581019
0.827551433817
-0.357993103265
-0.451794445515
0.817143021151
-0.297944670344
-0.520138918422
0.800427685026
-0.231784339832
-0.584496869706
0.777585641015
-0.159158739794
-0.643081972376
0.749075478408
-0.311244283014
-0.784274854232
0.536693533882
-0.488785833612
-0.388050247449
0.781348458957
-0.434334239801
-0.460878963582
0.773914949503
-0.374071523100
-0.530590529088
0.760620921385
-0.308924236362
-0.596766796429
0.740564113948
-0.237014487866
-0.657206342556
0.715474636760
-0.236932851409
-0.722118187230
0.649929340463
-0.314399306334
-0.729117377661
0.607898779213
-0.390802030840
-0.729588034097
0.561226401012
-0.508636087679
-0.465885714162
0.724044081289
-0.448969071343
-0.536568109412
0.714507828467
-0.384943769534
-0.603982966859
0.697870238684
-0.314155110355
-0.666563885752
0.676017124671
-0.390218572588
-0.670463168528
0.631037720945
-0.465077203207
-0.668804136105
0.580003640149
-0.522332198653
-0.538116977084
0.661512806546
-0.459678480770
-0.606242813170
0.648972530849
-0.532829521253
-0.603390973061
0.593306021299
0.868565986704
-0.135956314243
0.476559552793
0.881894604591
-0.042705028873
0.469508452429
0.868532226983
-0.269960239307
0.415660005155
0.894043344423
-0.183362827813
0.408735332054
0.911277286333
-0.089922326399
0.401855300609
0.849281238318
-0.399124876375
0.345573018767
0.884706847739
-0.316236362024
0.342473877685
0.913085033472
-0.228318599922
0.337855499554
0.933286021296
-0.135556212757
0.332568362350
0.943984739032
-0.038698192006
0.327712163965
0.999018225129
-0.025511909985
0.036217789957
0.855656603532
-0.442860874624
0.267817143885
0.894033049977
-0.360097171044
0.266523794351
0.925161673528
-0.272379745741
0.264357999585
0.948539375974
-0.180388455611
0.260255753652
0.962669922982
-0.084239399122
0.257235967589
0.982386833259
-0.031462821046
0.184190664072
0.990972467706
-0.077646746650
0.109291129485
0.991626787949
-0.124799962942
0.033185579262
0.896108695884
-0.402294307599
0.187479319487
0.930085706381
-0.315734615569
0.187755775724
0.956521770509
-0.225088331624
0.185475997124
0.974349341715
-0.129775660283
0.183852218636
0.978519128364
-0.175463252344
0.108226440864
0.974792491579
-0.221084274644
0.030022356111
0.927511708789
-0.357935836096
0.107721712285
0.956995466503
-0.269309837221
0.107851233967
0.949459939280
-0.312714294714
0.027121828541
0.140112842946
0.487441486213
0.861840581987
0.072315287955
0.547029117122
0.833984198980
0.278963637128
0.439231206663
0.853964423295
0.220250564945
0.505308681633
0.834357731976
0.153421207991
0.568097530864
0.808533937670
0.412554634126
0.380732581019
0.827551433817
0.357993103265
0.451794445515
0.817143021151
0.297944670344
0.520138918422
0.800427685026
0.231784339832
0.584496869706
0.777585641015
0.159158739794
0.643081972376
0.749075478408
0.311244283014
0.784274854232
0.536693533882
0.488785833612
0.388050247449
0.781348458957
0.434334239801
0.460878963582
0.773914949503
0.374071523100
0.530590529088
0.760620921385
0.308924236362
0.596766796429
0.740564113948
0.237014487866
0.657206342556
0.715474636760
0.236932851409
0.722118187230
0.649929340463
0.314399306334
0.729117377661
0.607898779213
0.390802030840
0.729588034097
0.561226401012
0.508636087679
0.465885714162
0.724044081289
0.448969071343
0.536568109412
0.714507828467
0.384943769534
0.603982966859
0.697870238684
0.314155110355
0.666563885752
0.676017124671
0.390218572588
0.670463168528
0.631037720945
0.465077203207
0.668804136105
0.580003640149
0.522332198653
0.538116977084
0.661512806546
0.459678480770
0.606242813170
0.648972530849
0.532829521253
0.603390973061
0.593306021299
-0.006725404717
-0.396690458309
0.917927801746
-0.047910405611
-0.472725552177
0.879906327601
-0.014567803688
-0.257818799472
0.966083456920
-0.059685612447
-0.332298609324
0.941283837059
-0.102743348663
-0.409779128139
0.906380091599
-0.021729804502
-0.112330037163
0.993433328587
-0.067563826588
-0.188785798717
0.979691304207
-0.112657348446
-0.266372914961
0.957263700355
-0.155700380281
-0.345018142555
0.925591633977
-0.194909260623
-0.424255913789
0.884317420239
-0.462324691246
-0.306182935497
0.832170589407
-0.074308144575
-0.040039030069
0.996431219764
-0.120118100474
-0.118208572150
0.985696898346
-0.164540752144
-0.197709836229
0.966352503770
-0.207975262025
-0.277305337657
0.938002153565
-0.247195286222
-0.357948244484
0.900426312776
-0.332457492796
-0.370215601646
0.867417099083
-0.383073688492
-0.298055360623
0.874309757002
-0.430400386937
-0.222057028267
0.874897812960
-0.172064614594
-0.045189543991
0.984048613392
-0.215577877914
-0.125855507651
0.968342175963
-0.258651531825
-0.206219195619
0.943701768804
-0.298332217044
-0.288025899741
0.909966466059
-0.347481407420
-0.214539507383
0.912814039807
-0.394788851430
-0.137377688567
0.908443247248
-0.265998902243
-0.050901562342
0.962628492699
-0.308022935654
-0.131777244609
0.942208378712
-0.356153917981
-0.053968992179
0.932867479651
0.006725404717
0.396690458309
0.917927801746
0.047910405611
0.472725552177
0.879906327601
0.014567803688
0.257818799472
0.966083456920
0.059685612447
0.332298609324
0.941283837059
0.102743348663
0.409779128139
0.906380091599
0.021729804502
0.112330037163
0.993433328587
0.067563826588
0.188785798717
0.979691304207
0.112657348446
0.266372914961
0.957263700355
0.155700380281
0.345018142555
0.925591633977
0.194909260623
0.424255913789
0.884317420239
0.462324691246
0.306182935497
0.832170589407
0.074308144575
0.040039030069
0.996431219764
0.120118100474
0.118208572150
0.985696898346
0.164540752144
0.197709836229
0.966352503770
0.207975262025
0.277305337657
0.938002153565
0.247195286222
0.357948244484
0.900426312776
0.332457492796
0.370215601646
0.867417099083
0.383073688492
0.298055360623
0.874309757002
0.430400386937
0.222057028267
0.874897812960
0.172064614594
0.045189543991
0.984048613392
0.215577877914
0.125855507651
0.968342175963
0.258651531825
0.206219195619
0.943701768804
0.298332217044
0.288025899741
0.909966466059
0.347481407420
0.214539507383
0.912814039807
0.394788851430
0.137377688567
0.908443247248
0.265998902243
0.050901562342
0.962628492699
0.308022935654
0.131777244609
0.942208378712
0.356153917981
0.053968992179
0.932867479651
-0.476559552793
0.868565986704
0.135956314243
-0.469508452429
0.881894604591
0.042705028873
-0.415660005155
0.868532226983
0.269960239307
-0.408735332054
0.894043344423
0.183362827813
-0.401855300609
0.911277286333
0.089922326399
-0.345573018767
0.849281238318
0.399124876375
-0.342473877685
0.884706847739
0.316236362024
-0.337855499554
0.913085033472
0.228318599922
-0.332568362350
0.933286021296
0.135556212757
-0.327712163965
0.943984739032
0.038698192006
-0.036217789957
0.999018225129
0.025511909985
-0.267817143885
0.855656603532
0.442860874624
-0.266523794351
0.894033049977
0.360097171044
-0.264357999585
0.925161673528
0.272379745741
-0.260255753652
0.948539375974
0.180388455611
-0.257235967589
0.962669922982
0.084239399122
-0.184190664072
0.982386833259
0.031462821046
-0.109291129485
0.990972467706
0.077646746650
-0.033185579262
0.991626787949
0.124799962942
-0.187479319487
0.896108695884
0.402294307599
-0.187755775724
0.930085706381
0.315734615569
-0.185475997124
0.956521770509
0.225088331624
-0.183852218636
0.974349341715
0.129775660283
-0.108226440864
0.978519128364
0.175463252344
-0.030022356111
0.974792491579
0.221084274644
-0.107721712285
0.927511708789
0.357935836096
-0.107851233967
0.956995466503
0.269309837221
-0.027121828541
0.949459939280
0.312714294714
-0.777814958800
0.079869094484
-0.623397800456
-0.807591039646
-0.003217099749
-0.589734145995
-0.687119819792
0.157841205683
-0.709191445970
-0.721033272114
0.076436722730
-0.688671509446
-0.752958883608
-0.007923827530
-0.658019857263
-0.580878694461
0.233242981604
-0.779857457394
-0.621698200942
0.153688078968
-0.768030807539
-0.659319030011
0.071482584593
-0.748457518344
-0.693807294146
-0.012449780205
-0.720053082462
-0.725158680445
-0.096543749824
-0.681780164382
-0.520926306394
-0.269965145540
-0.809786764217
-0.507645386152
0.227778113816
-0.830911122073
-0.551362658545
0.148315222201
-0.820976134626
-0.592280980670
0.066648163355
-0.802970274829
-0.629077917203
-0.017049584005
-0.777155252040
-0.663411824910
-0.100712276895
-0.741445741677
-0.630484247675
-0.186024937574
-0.753581008276
-0.559910450668
-0.188764231138
-0.806764124311
-0.484095782119
-0.188871449005
-0.854387997039
-0.475412525713
0.142289775496
-0.868180021761
-0.519373104620
0.061900268073
-0.852302724981
-0.558757999269
-0.020743198495
-0.829071298483
-0.595811355704
-0.104173681105
-0.796339546035
-0.522595467220
-0.106313066519
-0.845926420872
-0.443366044041
-0.107355332455
-0.889888410749
-0.440296294047
0.056820149943
-0.896052813181
-0.482529897942
-0.023926010641
-0.875552650391
-0.400037958398
-0.026847163638
-0.916105267775
-0.861840581987
-0.140112842946
0.487441486213
-0.833984198980
-0.072315287955
0.547029117122
-0.853964423295
-0.278963637128
0.439231206663
-0.834357731976
-0.220250564945
0.505308681633
-0.808533937670
-0.153421207991
0.568097530864
-0.827551433817
-0.412554634126
0.380732581019
-0.817143021151
-0.357993103265
0.451794445515
-0.800427685026
-0.297944670344
0.520138918422
-0.777585641015
-0.231784339832
0.584496869706
-0.749075478408
-0.159158739794
0.643081972376
-0.536693533882
-0.311244283014
0.784274854232
-0.781348458957
-0.488785833612
0.388050247449
-0.773914949503
-0.434334239801
0.460878963582
-0.760620921385
-0.374071523100
0.530590529088
-0.740564113948
-0.308924236362
0.596766796429
-0.715474636760
-0.237014487866
0.657206342556
-0.649929340463
-0.236932851409
0.722118187230
-0.607898779213
-0.314399306334
0.729117377661
-0.561226401012
-0.390802030840
0.729588034097
-0.724044081289
-0.508636087679
0.465885714162
-0.714507828467
-0.448969071343
0.536568109412
-0.697870238684
-0.384943769534
0.603982966859
-0.676017124671
-0.314155110355
0.666563885752
-0.631037720945
-0.390218572588
0.670463168528
-0.580003640149
-0.465077203207
0.668804136105
-0.661512806546
-0.522332198653
0.538116977084
-0.648972530849
-0.459678480770
0.606242813170
-0.593306021299
-0.532829521253
0.603390973061
-0.616672395739
0.781971487503
0.090751027904
-0.541823740384
0.837201298729
0.074303564945
-0.694623642283
0.696123217613
0.181412407191
-0.628985896999
0.757921009246
0.173010072309
-0.555276508600
0.816457765200
0.158318402725
-0.758127652892
0.594308452212
0.268402543857
-0.700466980951
0.663454942183
0.263008646797
-0.635800169898
0.728945100433
0.253766003462
-0.564352702181
0.790035421221
0.239478727151
-0.486870903759
0.845619228233
0.218826058586
-0.347462072970
0.806658679422
0.478091918735
-0.756602977498
0.553570345141
0.348011217380
-0.700858034152
0.625599727302
0.342670391432
-0.638429522685
0.693972758029
0.332880692859
-0.569179990014
0.757613697954
0.319461458771
-0.494250455455
0.816186913655
0.299258098072
-0.421123515481
0.835954278037
0.351902585584
-0.423690435819
0.796663010352
0.431062017038
-0.423987610103
0.750097850017
0.507531005830
-0.696115407167
0.581754305793
0.420696170171
-0.636724847067
0.652607560393
0.410712601761
-0.570419766659
0.718613437179
0.397763771240
-0.498007328991
0.780190805776
0.378537986011
-0.498445013452
0.737350787464
0.455923661145
-0.495099559319
0.687358972604
0.531426447538
-0.630053910938
0.604692656603
0.487215414742
-0.567529714737
0.672898541490
0.474465568561
-0.559951349794
0.620153184937
0.549421980882
-0.861840581987
0.140112842946
-0.487441486213
-0.833984198980
0.072315287955
-0.547029117122
-0.853964423295
0.278963637128
-0.439231206663
-0.834357731976
0.220250564945
-0.505308681633
-0.808533937670
0.153421207991
-0.568097530864
-0.827551433817
0.412554634126
-0.380732581019
-0.817143021151
0.357993103265
-0.451794445515
-0.800427685026
0.297944670344
-0.520138918422
-0.777585641015
0.231784339832
-0.584496869706
-0.749075478408
0.159158739794
-0.643081972376
-0.536693533882
0.311244283014
-0.784274854232
-0.781348458957
0.488785833612
-0.388050247449
-0.773914949503
0.434334239801
-0.460878963582
-0.760620921385
0.374071523100
-0.530590529088
-0.740564113948
0.308924236362
-0.596766796429
-0.715474636760
0.237014487866
-0.657206342556
-0.649929340463
0.236932851409
-0.722118187230
-0.607898779213
0.314399306334
-0.729117377661
-0.561226401012
0.390802030840
-0.729588034097
-0.724044081289
0.508636087679
-0.465885714162
-0.714507828467
0.448969071343
-0.536568109412
-0.697870238684
0.384943769534
-0.603982966859
-0.676017124671
0.314155110355
-0.666563885752
-0.631037720945
0.390218572588
-0.670463168528
-0.580003640149
0.465077203207
-0.668804136105
-0.661512806546
0.522332198653
-0.538116977084
-0.648972530849
0.459678480770
-0.606242813170
-0.593306021299
0.532829521253
-0.603390973061
-0.476559552793
-0.868565986704
-0.135956314243
-0.469508452429
-0.881894604591
-0.042705028873
-0.415660005155
-0.868532226983
-0.269960239307
-0.408735332054
-0.894043344423
-0.183362827813
-0.401855300609
-0.911277286333
-0.089922326399
-0.345573018767
-0.849281238318
-0.399124876375
-0.342473877685
-0.884706847739
-0.316236362024
-0.337855499554
-0.913085033472
-0.228318599922
-0.332568362350
-0.933286021296
-0.135556212757
-0.327712163965
-0.943984739032
-0.038698192006
-0.036217789957
-0.999018225129
-0.025511909985
-0.267817143885
-0.855656603532
-0.442860874624
-0.266523794351
-0.894033049977
-0.360097171044
-0.264357999585
-0.925161673528
-0.272379745741
-0.260255753652
-0.948539375974
-0.180388455611
-0.257235967589
-0.962669922982
-0.084239399122
-0.184190664072
-0.982386833259
-0.031462821046
-0.109291129485
-0.990972467706
-0.077646746650
-0.033185579262
-0.991626787949
-0.124799962942
-0.187479319487
-0.896108695884
-0.402294307599
-0.187755775724
-0.930085706381
-0.315734615569
-0.185475997124
-0.956521770509
-0.225088331624
-0.183852218636
-0.974349341715
-0.129775660283
-0.108226440864
-0.978519128364
-0.175463252344
-0.030022356111
-0.974792491579
-0.221084274644
-0.107721712285
-0.927511708789
-0.357935836096
-0.107851233967
-0.956995466503
-0.269309837221
-0.027121828541
-0.949459939280
-0.312714294714
0.777814958800
0.079869094484
0.623397800456
0.807591039646
-0.003217099749
0.589734145995
0.687119819792
0.157841205683
0.709191445970
0.721033272114
0.076436722730
0.688671509446
0.752958883608
-0.007923827530
0.658019857263
0.580878694461
0.233242981604
0.779857457394
0.621698200942
0.153688078968
0.768030807539
0.659319030011
0.071482584593
0.748457518344
0.693807294146
-0.012449780205
0.720053082462
0.725158680445
-0.096543749824
0.681780164382
0.520926306394
-0.269965145540
0.809786764217
0.507645386152
0.227778113816
0.830911122073
0.551362658545
0.148315222201
0.820976134626
0.592280980670
0.066648163355
0.802970274829
0.629077917203
-0.017049584005
0.777155252040
0.663411824910
-0.100712276895
0.741445741677
0.630484247675
-0.186024937574
0.753581008276
0.559910450668
-0.188764231138
0.806764124311
0.484095782119
-0.188871449005
0.854387997039
0.475412525713
0.142289775496
0.868180021761
0.519373104620
0.061900268073
0.852302724981
0.558757999269
-0.020743198495
0.829071298483
0.595811355704
-0.104173681105
0.796339546035
0.522595467220
-0.106313066519
0.845926420872
0.443366044041
-0.107355332455
0.889888410749
0.440296294047
0.056820149943
0.896052813181
0.482529897942
-0.023926010641
0.875552650391
0.400037958398
-0.026847163638
0.916105267775
0.861840581987
-0.140112842946
-0.487441486213
0.833984198980
-0.072315287955
-0.547029117122
0.853964423295
-0.278963637128
-0.439231206663
0.834357731976
-0.220250564945
-0.505308681633
0.808533937670
-0.153421207991
-0.568097530864
0.827551433817
-0.412554634126
-0.380732581019
0.817143021151
-0.357993103265
-0.451794445515
0.800427685026
-0.297944670344
-0.520138918422
0.777585641015
-0.231784339832
-0.584496869706
0.749075478408
-0.159158739794
-0.643081972376
0.536693533882
-0.311244283014
-0.784274854232
0.781348458957
-0.488785833612
-0.388050247449
0.773914949503
-0.434334239801
-0.460878963582
0.760620921385
-0.374071523100
-0.530590529088
0.740564113948
-0.308924236362
-0.596766796429
0.715474636760
-0.237014487866
-0.657206342556
0.649929340463
-0.236932851409
-0.722118187230
0.607898779213
-0.314399306334
-0.729117377661
0.561226401012
-0.390802030840
-0.729588034097
0.724044081289
-0.508636087679
-0.465885714162
0.714507828467
-0.448969071343
-0.536568109412
0.697870238684
-0.384943769534
-0.603982966859
0.676017124671
-0.314155110355
-0.666563885752
0.631037720945
-0.390218572588
-0.670463168528
0.580003640149
-0.465077203207
-0.668804136105
0.661512806546
-0.522332198653
-0.538116977084
0.648972530849
-0.459678480770
-0.606242813170
0.593306021299
-0.532829521253
-0.603390973061
0.476559552793
0.868565986704
-0.135956314243
0.469508452429
0.881894604591
-0.042705028873
0.415660005155
0.868532226983
-0.269960239307
0.408735332054
0.894043344423
-0.183362827813
0.401855300609
0.911277286333
-0.089922326399
0.345573018767
0.849281238318
-0.399124876375
0.342473877685
0.884706847739
-0.316236362024
0.337855499554
0.913085033472
-0.228318599922
0.332568362350
0.933286021296
-0.135556212757
0.327712163965
0.943984739032
-0.038698192006
0.036217789957
0.999018225129
-0.025511909985
0.267817143885
0.855656603532
-0.442860874624
0.266523794351
0.894033049977
-0.360097171044
0.264357999585
0.925161673528
-0.272379745741
0.260255753652
0.948539375974
-0.180388455611
0.257235967589
0.962669922982
-0.084239399122
0.184190664072
0.982386833259
-0.031462821046
0.109291129485
0.990972467706
-0.077646746650
0.033185579262
0.991626787949
-0.124799962942
0.187479319487
0.896108695884
-0.402294307599
0.187755775724
0.930085706381
-0.315734615569
0.185475997124
0.956521770509
-0.225088331624
0.183852218636
0.974349341715
-0.129775660283
0.108226440864
0.978519128364
-0.175463252344
0.030022356111
0.974792491579
-0.221084274644
0.107721712285
0.927511708789
-0.357935836096
0.107851233967
0.956995466503
-0.269309837221
0.027121828541
0.949459939280
-0.312714294714
0.861840581987
0.140112842946
0.487441486213
0.833984198980
0.072315287955
0.547029117122
0.853964423295
0.278963637128
0.439231206663
0.834357731976
0.220250564945
0.505308681633
0.808533937670
0.153421207991
0.568097530864
0.827551433817
0.412554634126
0.380732581019
0.817143021151
0.357993103265
0.451794445515
0.800427685026
0.297944670344
0.520138918422
0.777585641015
0.231784339832
0.584496869706
0.749075478408
0.159158739794
0.643081972376
0.536693533882
0.311244283014
0.784274854232
0.781348458957
0.488785833612
0.388050247449
0.773914949503
0.434334239801
0.460878963582
0.760620921385
0.374071523100
0.530590529088
0.740564113948
0.308924236362
0.596766796429
0.715474636760
0.237014487866
0.657206342556
0.649929340463
0.236932851409
0.722118187230
0.607898779213
0.314399306334
0.729117377661
0.561226401012
0.390802030840
0.729588034097
0.724044081289
0.508636087679
0.465885714162
0.714507828467
0.448969071343
0.536568109412
0.697870238684
0.384943769534
0.603982966859
0.676017124671
0.314155110355
0.666563885752
0.631037720945
0.390218572588
0.670463168528
0.580003640149
0.465077203207
0.668804136105
0.661512806546
0.522332198653
0.538116977084
0.648972530849
0.459678480770
0.606242813170
0.593306021299
0.532829521253
0.603390973061
0.917927801746
-0.006725404717
-0.396690458309
0.879906327601
-0.047910405611
-0.472725552177
0.966083456920
-0.014567803688
-0.257818799472
0.941283837059
-0.059685612447
-0.332298609324
0.906380091599
-0.102743348663
-0.409779128139
0.993433328587
-0.021729804502
-0.112330037163
0.979691304207
-0.067563826588
-0.188785798717
0.957263700355
-0.112657348446
-0.266372914961
0.925591633977
-0.155700380281
-0.345018142555
0.884317420239
-0.194909260623
-0.424255913789
0.832170589407
-0.462324691246
-0.306182935497
0.996431219764
-0.074308144575
-0.040039030069
0.985696898346
-0.120118100474
-0.118208572150
0.966352503770
-0.164540752144
-0.197709836229
0.938002153565
-0.207975262025
-0.277305337657
0.900426312776
-0.247195286222
-0.357948244484
0.867417099083
-0.332457492796
-0.370215601646
0.874309757002
-0.383073688492
-0.298055360623
0.874897812960
-0.430400386937
-0.222057028267
0.984048613392
-0.172064614594
-0.045189543991
0.968342175963
-0.215577877914
-0.125855507651
0.943701768804
-0.258651531825
-0.206219195619
0.909966466059
-0.298332217044
-0.288025899741
0.912814039807
-0.347481407420
-0.214539507383
0.908443247248
-0.394788851430
-0.137377688567
0.962628492699
-0.265998902243
-0.050901562342
0.942208378712
-0.308022935654
-0.131777244609
0.932867479651
-0.356153917981
-0.053968992179
-0.006725404717
0.396690458309
-0.917927801746
-0.047910405611
0.472725552177
-0.879906327601
-0.014567803688
0.257818799472
-0.966083456920
-0.059685612447
0.332298609324
-0.941283837059
-0.102743348663
0.409779128139
-0.906380091599
-0.021729804502
0.112330037163
-0.993433328587
-0.067563826588
0.188785798717
-0.979691304207
-0.112657348446
0.266372914961
-0.957263700355
-0.155700380281
0.345018142555
-0.925591633977
-0.194909260623
0.424255913789
-0.884317420239
-0.462324691246
0.306182935497
-0.832170589407
-0.074308144575
0.040039030069
-0.996431219764
-0.120118100474
0.118208572150
-0.985696898346
-0.164540752144
0.197709836229
-0.966352503770
-0.207975262025
0.277305337657
-0.938002153565
-0.247195286222
0.357948244484
-0.900426312776
-0.332457492796
0.370215601646
-0.867417099083
-0.383073688492
0.298055360623
-0.874309757002
-0.430400386937
0.222057028267
-0.874897812960
-0.172064614594
0.045189543991
-0.984048613392
-0.215577877914
0.125855507651
-0.968342175963
-0.258651531825
0.206219195619
-0.943701768804
-0.298332217044
0.288025899741
-0.909966466059
-0.347481407420
0.214539507383
-0.912814039807
-0.394788851430
0.137377688567
-0.908443247248
-0.265998902243
0.050901562342
-0.962628492699
-0.308022935654
0.131777244609
-0.942208378712
-0.356153917981
0.053968992179
-0.932867479651
0.476559552793
-0.868565986704
0.135956314243
0.469508452429
-0.881894604591
0.042705028873
0.415660005155
-0.868532226983
0.269960239307
0.408735332054
-0.894043344423
0.183362827813
0.401855300609
-0.911277286333
0.089922326399
0.345573018767
-0.849281238318
0.399124876375
0.342473877685
-0.884706847739
0.316236362024
0.337855499554
-0.913085033472
0.228318599922
0.332568362350
-0.933286021296
0.135556212757
0.327712163965
-0.943984739032
0.038698192006
0.036217789957
-0.999018225129
0.025511909985
0.267817143885
-0.855656603532
0.442860874624
0.266523794351
-0.894033049977
0.360097171044
0.264357999585
-0.925161673528
0.272379745741
0.260255753652
-0.948539375974
0.180388455611
0.257235967589
-0.962669922982
0.084239399122
0.184190664072
-0.982386833259
0.031462821046
0.109291129485
-0.990972467706
0.077646746650
0.033185579262
-0.991626787949
0.124799962942
0.187479319487
-0.896108695884
0.402294307599
0.187755775724
-0.930085706381
0.315734615569
0.185475997124
-0.956521770509
0.225088331624
0.183852218636
-0.974349341715
0.129775660283
0.108226440864
-0.978519128364
0.175463252344
0.030022356111
-0.974792491579
0.221084274644
0.107721712285
-0.927511708789
0.357935836096
0.107851233967
-0.956995466503
0.269309837221
0.027121828541
-0.949459939280
0.312714294714
-0.868565986704
0.135956314243
0.476559552793
-0.881894604591
0.042705028873
0.469508452429
-0.868532226983
0.269960239307
0.415660005155
-0.894043344423
0.183362827813
0.408735332054
-0.911277286333
0.089922326399
0.401855300609
-0.849281238318
0.399124876375
0.345573018767
-0.884706847739
0.316236362024
0.342473877685
-0.913085033472
0.228318599922
0.337855499554
-0.933286021296
0.135556212757
0.332568362350
-0.943984739032
0.038698192006
0.327712163965
-0.999018225129
0.025511909985
0.036217789957
-0.855656603532
0.442860874624
0.267817143885
-0.894033049977
0.360097171044
0.266523794351
-0.925161673528
0.272379745741
0.264357999585
-0.948539375974
0.180388455611
0.260255753652
-0.962669922982
0.084239399122
0.257235967589
-0.982386833259
0.031462821046
0.184190664072
-0.990972467706
0.077646746650
0.109291129485
-0.991626787949
0.124799962942
0.033185579262
-0.896108695884
0.402294307599
0.187479319487
-0.930085706381
0.315734615569
0.187755775724
-0.956521770509
0.225088331624
0.185475997124
-0.974349341715
0.129775660283
0.183852218636
-0.978519128364
0.175463252344
0.108226440864
-0.974792491579
0.221084274644
0.030022356111
-0.927511708789
0.357935836096
0.107721712285
-0.956995466503
0.269309837221
0.107851233967
-0.949459939280
0.312714294714
0.027121828541
-0.079869094484
-0.623397800456
0.777814958800
0.003217099749
-0.589734145995
0.807591039646
-0.157841205683
-0.709191445970
0.687119819792
-0.076436722730
-0.688671509446
0.721033272114
0.007923827530
-0.658019857263
0.752958883608
-0.233242981604
-0.779857457394
0.580878694461
-0.153688078968
-0.768030807539
0.621698200942
-0.071482584593
-0.748457518344
0.659319030011
0.012449780205
-0.720053082462
0.693807294146
0.096543749824
-0.681780164382
0.725158680445
0.269965145540
-0.809786764217
0.520926306394
-0.227778113816
-0.830911122073
0.507645386152
-0.148315222201
-0.820976134626
0.551362658545
-0.066648163355
-0.802970274829
0.592280980670
0.017049584005
-0.777155252040
0.629077917203
0.100712276895
-0.741445741677
0.663411824910
0.186024937574
-0.753581008276
0.630484247675
0.188764231138
-0.806764124311
0.559910450668
0.188871449005
-0.854387997039
0.484095782119
-0.142289775496
-0.868180021761
0.475412525713
-0.061900268073
-0.852302724981
0.519373104620
0.020743198495
-0.829071298483
0.558757999269
0.104173681105
-0.796339546035
0.595811355704
0.106313066519
-0.845926420872
0.522595467220
0.107355332455
-0.889888410749
0.443366044041
-0.056820149943
-0.896052813181
0.440296294047
0.023926010641
-0.875552650391
0.482529897942
0.026847163638
-0.916105267775
0.400037958398
-0.781971487503
0.090751027904
0.616672395739
-0.837201298729
0.074303564945
0.541823740384
-0.696123217613
0.181412407191
0.694623642283
-0.757921009246
0.173010072309
0.628985896999
-0.816457765200
0.158318402725
0.555276508600
-0.594308452212
0.268402543857
0.758127652892
-0.663454942183
0.263008646797
0.700466980951
-0.728945100433
0.253766003462
0.635800169898
-0.790035421221
0.239478727151
0.564352702181
-0.845619228233
0.218826058586
0.486870903759
-0.806658679422
0.478091918735
0.347462072970
-0.553570345141
0.348011217380
0.756602977498
-0.625599727302
0.342670391432
0.700858034152
-0.693972758029
0.332880692859
0.638429522685
-0.757613697954
0.319461458771
0.569179990014
-0.816186913655
0.299258098072
0.494250455455
-0.835954278037
0.351902585584
0.421123515481
-0.796663010352
0.431062017038
0.423690435819
-0.750097850017
0.507531005830
0.423987610103
-0.581754305793
0.420696170171
0.696115407167
-0.652607560393
0.410712601761
0.636724847067
-0.718613437179
0.397763771240
0.570419766659
-0.780190805776
0.378537986011
0.498007328991
-0.737350787464
0.455923661145
0.498445013452
-0.687358972604
0.531426447538
0.495099559319
-0.604692656603
0.487215414742
0.630053910938
-0.672898541490
0.474465568561
0.567529714737
-0.620153184937
0.549421980882
0.559951349794
-0.616672395739
-0.781971487503
-0.090751027904
-0.541823740384
-0.837201298729
-0.074303564945
-0.694623642283
-0.696123217613
-0.181412407191
-0.628985896999
-0.757921009246
-0.173010072309
-0.555276508600
-0.816457765200
-0.158318402725
-0.758127652892
-0.594308452212
-0.268402543857
-0.700466980951
-0.663454942183
-0.263008646797
-0.635800169898
-0.728945100433
-0.253766003462
-0.564352702181
-0.790035421221
-0.239478727151
-0.486870903759
-0.845619228233
-0.218826058586
-0.347462072970
-0.806658679422
-0.478091918735
-0.756602977498
-0.553570345141
-0.348011217380
-0.700858034152
-0.625599727302
-0.342670391432
-0.638429522685
-0.693972758029
-0.332880692859
-0.569179990014
-0.757613697954
-0.319461458771
-0.494250455455
-0.816186913655
-0.299258098072
-0.421123515481
-0.835954278037
-0.351902585584
-0.423690435819
-0.796663010352
-0.431062017038
-0.423987610103
-0.750097850017
-0.507531005830
-0.696115407167
-0.581754305793
-0.420696170171
-0.636724847067
-0.652607560393
-0.410712601761
-0.570419766659
-0.718613437179
-0.397763771240
-0.498007328991
-0.780190805776
-0.378537986011
-0.498445013452
-0.737350787464
-0.455923661145
-0.495099559319
-0.687358972604
-0.531426447538
-0.630053910938
-0.604692656603
-0.487215414742
-0.567529714737
-0.672898541490
-0.474465568561
-0.559951349794
-0.620153184937
-0.549421980882
0.090751027904
-0.616672395739
0.781971487503
0.074303564945
-0.541823740384
0.837201298729
0.181412407191
-0.694623642283
0.696123217613
0.173010072309
-0.628985896999
0.757921009246
0.158318402725
-0.555276508600
0.816457765200
0.268402543857
-0.758127652892
0.594308452212
0.263008646797
-0.700466980951
0.663454942183
0.253766003462
-0.635800169898
0.728945100433
0.239478727151
-0.564352702181
0.790035421221
0.218826058586
-0.486870903759
0.845619228233
0.478091918735
-0.347462072970
0.806658679422
0.348011217380
-0.756602977498
0.553570345141
0.342670391432
-0.700858034152
0.625599727302
0.332880692859
-0.638429522685
0.693972758029
0.319461458771
-0.569179990014
0.757613697954
0.299258098072
-0.494250455455
0.816186913655
0.351902585584
-0.421123515481
0.835954278037
0.431062017038
-0.423690435819
0.796663010352
0.507531005830
-0.423987610103
0.750097850017
0.420696170171
-0.696115407167
0.581754305793
0.410712601761
-0.636724847067
0.652607560393
0.397763771240
-0.570419766659
0.718613437179
0.378537986011
-0.498007328991
0.780190805776
0.455923661145
-0.498445013452
0.737350787464
0.531426447538
-0.495099559319
0.687358972604
0.487215414742
-0.630053910938
0.604692656603
0.474465568561
-0.567529714737
0.672898541490
0.549421980882
-0.559951349794
0.620153184937
-0.777814958800
-0.079869094484
0.623397800456
-0.807591039646
0.003217099749
0.589734145995
-0.687119819792
-0.157841205683
0.709191445970
-0.721033272114
-0.076436722730
0.688671509446
-0.752958883608
0.007923827530
0.658019857263
-0.580878694461
-0.233242981604
0.779857457394
-0.621698200942
-0.153688078968
0.768030807539
-0.659319030011
-0.071482584593
0.748457518344
-0.693807294146
0.012449780205
0.720053082462
-0.725158680445
0.096543749824
0.681780164382
-0.520926306394
0.269965145540
0.809786764217
-0.507645386152
-0.227778113816
0.830911122073
-0.551362658545
-0.148315222201
0.820976134626
-0.592280980670
-0.066648163355
0.802970274829
-0.629077917203
0.017049584005
0.777155252040
-0.663411824910
0.100712276895
0.741445741677
-0.630484247675
0.186024937574
0.753581008276
-0.559910450668
0.188764231138
0.806764124311
-0.484095782119
0.188871449005
0.854387997039
-0.475412525713
-0.142289775496
0.868180021761
-0.519373104620
-0.061900268073
0.852302724981
-0.558757999269
0.020743198495
0.829071298483
-0.595811355704
0.104173681105
0.796339546035
-0.522595467220
0.106313066519
0.845926420872
-0.443366044041
0.107355332455
0.889888410749
-0.440296294047
-0.056820149943
0.896052813181
-0.482529897942
0.023926010641
0.875552650391
-0.400037958398
0.026847163638
0.916105267775
0.396690458309
-0.917927801746
-0.006725404717
0.472725552177
-0.879906327601
-0.047910405611
0.257818799472
-0.966083456920
-0.014567803688
0.332298609324
-0.941283837059
-0.059685612447
0.409779128139
-0.906380091599
-0.102743348663
0.112330037163
-0.993433328587
-0.021729804502
0.188785798717
-0.979691304207
-0.067563826588
0.266372914961
-0.957263700355
-0.112657348446
0.345018142555
-0.925591633977
-0.155700380281
0.424255913789
-0.884317420239
-0.194909260623
0.306182935497
-0.832170589407
-0.462324691246
0.040039030069
-0.996431219764
-0.074308144575
0.118208572150
-0.985696898346
-0.120118100474
0.197709836229
-0.966352503770
-0.164540752144
0.277305337657
-0.938002153565
-0.207975262025
0.357948244484
-0.900426312776
-0.247195286222
0.370215601646
-0.867417099083
-0.332457492796
0.298055360623
-0.874309757002
-0.383073688492
0.222057028267
-0.874897812960
-0.430400386937
0.045189543991
-0.984048613392
-0.172064614594
0.125855507651
-0.968342175963
-0.215577877914
0.206219195619
-0.943701768804
-0.258651531825
0.288025899741
-0.909966466059
-0.298332217044
0.214539507383
-0.912814039807
-0.347481407420
0.137377688567
-0.908443247248
-0.394788851430
0.050901562342
-0.962628492699
-0.265998902243
0.131777244609
-0.942208378712
-0.308022935654
0.053968992179
-0.932867479651
-0.356153917981
0.917927801746
0.006725404717
0.396690458309
0.879906327601
0.047910405611
0.472725552177
0.966083456920
0.014567803688
0.257818799472
0.941283837059
0.059685612447
0.332298609324
0.906380091599
0.102743348663
0.409779128139
0.993433328587
0.021729804502
0.112330037163
0.979691304207
0.067563826588
0.188785798717
0.957263700355
0.112657348446
0.266372914961
0.925591633977
0.155700380281
0.345018142555
0.884317420239
0.194909260623
0.424255913789
0.832170589407
0.462324691246
0.306182935497
0.996431219764
0.074308144575
0.040039030069
0.985696898346
0.120118100474
0.118208572150
0.966352503770
0.164540752144
0.197709836229
0.938002153565
0.207975262025
0.277305337657
0.900426312776
0.247195286222
0.357948244484
0.867417099083
0.332457492796
0.370215601646
0.874309757002
0.383073688492
0.298055360623
0.874897812960
0.430400386937
0.222057028267
0.984048613392
0.172064614594
0.045189543991
0.968342175963
0.215577877914
0.125855507651
0.943701768804
0.258651531825
0.206219195619
0.909966466059
0.298332217044
0.288025899741
0.912814039807
0.347481407420
0.214539507383
0.908443247248
0.394788851430
0.137377688567
0.962628492699
0.265998902243
0.050901562342
0.942208378712
0.308022935654
0.131777244609
0.932867479651
0.356153917981
0.053968992179
0.135956314243
-0.476559552793
0.868565986704
0.042705028873
-0.469508452429
0.881894604591
0.269960239307
-0.415660005155
0.868532226983
0.183362827813
-0.408735332054
0.894043344423
0.089922326399
-0.401855300609
0.911277286333
0.399124876375
-0.345573018767
0.849281238318
0.316236362024
-0.342473877685
0.884706847739
0.228318599922
-0.337855499554
0.913085033472
0.135556212757
-0.332568362350
0.933286021296
0.038698192006
-0.327712163965
0.943984739032
0.025511909985
-0.036217789957
0.999018225129
0.442860874624
-0.267817143885
0.855656603532
0.360097171044
-0.266523794351
0.894033049977
0.272379745741
-0.264357999585
0.925161673528
0.180388455611
-0.260255753652
0.948539375974
0.084239399122
-0.257235967589
0.962669922982
0.031462821046
-0.184190664072
0.982386833259
0.077646746650
-0.109291129485
0.990972467706
0.124799962942
-0.033185579262
0.991626787949
0.402294307599
-0.187479319487
0.896108695884
0.315734615569
-0.187755775724
0.930085706381
0.225088331624
-0.185475997124
0.956521770509
0.129775660283
-0.183852218636
0.974349341715
0.175463252344
-0.108226440864
0.978519128364
0.221084274644
-0.030022356111
0.974792491579
0.357935836096
-0.107721712285
0.927511708789
0.269309837221
-0.107851233967
0.956995466503
0.312714294714
-0.027121828541
0.949459939280
0.777814958800
-0.079869094484
-0.623397800456
0.807591039646
0.003217099749
-0.589734145995
0.687119819792
-0.157841205683
-0.709191445970
0.721033272114
-0.076436722730
-0.688671509446
0.752958883608
0.007923827530
-0.658019857263
0.580878694461
-0.233242981604
-0.779857457394
0.621698200942
-0.153688078968
-0.768030807539
0.659319030011
-0.071482584593
-0.748457518344
0.693807294146
0.012449780205
-0.720053082462
0.725158680445
0.096543749824
-0.681780164382
0.520926306394
0.269965145540
-0.809786764217
0.507645386152
-0.227778113816
-0.830911122073
0.551362658545
-0.148315222201
-0.820976134626
0.592280980670
-0.066648163355
-0.802970274829
0.629077917203
0.017049584005
-0.777155252040
0.663411824910
0.100712276895
-0.741445741677
0.630484247675
0.186024937574
-0.753581008276
0.559910450668
0.188764231138
-0.806764124311
0.484095782119
0.188871449005
-0.854387997039
0.475412525713
-0.142289775496
-0.868180021761
0.519373104620
-0.061900268073
-0.852302724981
0.558757999269
0.020743198495
-0.829071298483
0.595811355704
0.104173681105
-0.796339546035
0.522595467220
0.106313066519
-0.845926420872
0.443366044041
0.107355332455
-0.889888410749
0.440296294047
-0.056820149943
-0.896052813181
0.482529897942
0.023926010641
-0.875552650391
0.400037958398
0.026847163638
-0.916105267775
-0.623397800456
-0.777814958800
0.079869094484
-0.589734145995
-0.807591039646
-0.003217099749
-0.709191445970
-0.687119819792
0.157841205683
-0.688671509446
-0.721033272114
0.076436722730
-0.658019857263
-0.752958883608
-0.007923827530
-0.779857457394
-0.580878694461
0.233242981604
-0.768030807539
-0.621698200942
0.153688078968
-0.748457518344
-0.659319030011
0.071482584593
-0.720053082462
-0.693807294146
-0.012449780205
-0.681780164382
-0.725158680445
-0.096543749824
-0.809786764217
-0.520926306394
-0.269965145540
-0.830911122073
-0.507645386152
0.227778113816
-0.820976134626
-0.551362658545
0.148315222201
-0.802970274829
-0.592280980670
0.066648163355
-0.777155252040
-0.629077917203
-0.017049584005
-0.741445741677
-0.663411824910
-0.100712276895
-0.753581008276
-0.630484247675
-0.186024937574
-0.806764124311
-0.559910450668
-0.188764231138
-0.854387997039
-0.484095782119
-0.188871449005
-0.868180021761
-0.475412525713
0.142289775496
-0.852302724981
-0.519373104620
0.061900268073
-0.829071298483
-0.558757999269
-0.020743198495
-0.796339546035
-0.595811355704
-0.104173681105
-0.845926420872
-0.522595467220
-0.106313066519
-0.889888410749
-0.443366044041
-0.107355332455
-0.896052813181
-0.440296294047
0.056820149943
-0.875552650391
-0.482529897942
-0.023926010641
-0.916105267775
-0.400037958398
-0.026847163638
0.616672395739
-0.781971487503
0.090751027904
0.541823740384
-0.837201298729
0.074303564945
0.694623642283
-0.696123217613
0.181412407191
0.628985896999
-0.757921009246
0.173010072309
0.555276508600
-0.816457765200
0.158318402725
0.758127652892
-0.594308452212
0.268402543857
0.700466980951
-0.663454942183
0.263008646797
0.635800169898
-0.728945100433
0.253766003462
0.564352702181
-0.790035421221
0.239478727151
0.486870903759
-0.845619228233
0.218826058586
0.347462072970
-0.806658679422
0.478091918735
0.756602977498
-0.553570345141
0.348011217380
0.700858034152
-0.625599727302
0.342670391432
0.638429522685
-0.693972758029
0.332880692859
0.569179990014
-0.757613697954
0.319461458771
0.494250455455
-0.816186913655
0.299258098072
0.421123515481
-0.835954278037
0.351902585584
0.423690435819
-0.796663010352
0.431062017038
0.423987610103
-0.750097850017
0.507531005830
0.696115407167
-0.581754305793
0.420696170171
0.636724847067
-0.652607560393
0.410712601761
0.570419766659
-0.718613437179
0.397763771240
0.498007328991
-0.780190805776
0.378537986011
0.498445013452
-0.737350787464
0.455923661145
0.495099559319
-0.687358972604
0.531426447538
0.630053910938
-0.604692656603
0.487215414742
0.567529714737
-0.672898541490
0.474465568561
0.559951349794
-0.620153184937
0.549421980882
-0.090751027904
-0.616672395739
-0.781971487503
-0.074303564945
-0.541823740384
-0.837201298729
-0.181412407191
-0.694623642283
-0.696123217613
-0.173010072309
-0.628985896999
-0.757921009246
-0.158318402725
-0.555276508600
-0.816457765200
-0.268402543857
-0.758127652892
-0.594308452212
-0.263008646797
-0.700466980951
-0.663454942183
-0.253766003462
-0.635800169898
-0.728945100433
-0.239478727151
-0.564352702181
-0.790035421221
-0.218826058586
-0.486870903759
-0.845619228233
-0.478091918735
-0.347462072970
-0.806658679422
-0.348011217380
-0.756602977498
-0.553570345141
-0.342670391432
-0.700858034152
-0.625599727302
-0.332880692859
-0.638429522685
-0.693972758029
-0.319461458771
-0.569179990014
-0.757613697954
-0.299258098072
-0.494250455455
-0.816186913655
-0.351902585584
-0.421123515481
-0.835954278037
-0.431062017038
-0.423690435819
-0.796663010352
-0.507531005830
-0.423987610103
-0.750097850017
-0.420696170171
-0.696115407167
-0.581754305793
-0.410712601761
-0.636724847067
-0.652607560393
-0.397763771240
-0.570419766659
-0.718613437179
-0.378537986011
-0.498007328991
-0.780190805776
-0.455923661145
-0.498445013452
-0.737350787464
-0.531426447538
-0.495099559319
-0.687358972604
-0.487215414742
-0.630053910938
-0.604692656603
-0.474465568561
-0.567529714737
-0.672898541490
-0.549421980882
-0.559951349794
-0.620153184937
0.090751027904
0.616672395739
-0.781971487503
0.074303564945
0.541823740384
-0.837201298729
0.181412407191
0.694623642283
-0.696123217613
0.173010072309
0.628985896999
-0.757921009246
0.158318402725
0.555276508600
-0.816457765200
0.268402543857
0.758127652892
-0.594308452212
0.263008646797
0.700466980951
-0.663454942183
0.253766003462
0.635800169898
-0.728945100433
0.239478727151
0.564352702181
-0.790035421221
0.218826058586
0.486870903759
-0.845619228233
0.478091918735
0.347462072970
-0.806658679422
0.348011217380
0.756602977498
-0.553570345141
0.342670391432
0.700858034152
-0.625599727302
0.332880692859
0.638429522685
-0.693972758029
0.319461458771
0.569179990014
-0.757613697954
0.299258098072
0.494250455455
-0.816186913655
0.351902585584
0.421123515481
-0.835954278037
0.431062017038
0.423690435819
-0.796663010352
0.507531005830
0.423987610103
-0.750097850017
0.420696170171
0.696115407167
-0.581754305793
0.410712601761
0.636724847067
-0.652607560393
0.397763771240
0.570419766659
-0.718613437179
0.378537986011
0.498007328991
-0.780190805776
0.455923661145
0.498445013452
-0.737350787464
0.531426447538
0.495099559319
-0.687358972604
0.487215414742
0.630053910938
-0.604692656603
0.474465568561
0.567529714737
-0.672898541490
0.549421980882
0.559951349794
-0.620153184937
-0.781971487503
-0.090751027904
-0.616672395739
-0.837201298729
-0.074303564945
-0.541823740384
-0.696123217613
-0.181412407191
-0.694623642283
-0.757921009246
-0.173010072309
-0.628985896999
-0.816457765200
-0.158318402725
-0.555276508600
-0.594308452212
-0.268402543857
-0.758127652892
-0.663454942183
-0.263008646797
-0.700466980951
-0.728945100433
-0.253766003462
-0.635800169898
-0.790035421221
-0.239478727151
-0.564352702181
-0.845619228233
-0.218826058586
-0.486870903759
-0.806658679422
-0.478091918735
-0.347462072970
-0.553570345141
-0.348011217380
-0.756602977498
-0.625599727302
-0.342670391432
-0.700858034152
-0.693972758029
-0.332880692859
-0.638429522685
-0.757613697954
-0.319461458771
-0.569179990014
-0.816186913655
-0.299258098072
-0.494250455455
-0.835954278037
-0.351902585584
-0.421123515481
-0.796663010352
-0.431062017038
-0.423690435819
-0.750097850017
-0.507531005830
-0.423987610103
-0.581754305793
-0.420696170171
-0.696115407167
-0.652607560393
-0.410712601761
-0.636724847067
-0.718613437179
-0.397763771240
-0.570419766659
-0.780190805776
-0.378537986011
-0.498007328991
-0.737350787464
-0.455923661145
-0.498445013452
-0.687358972604
-0.531426447538
-0.495099559319
-0.604692656603
-0.487215414742
-0.630053910938
-0.672898541490
-0.474465568561
-0.567529714737
-0.620153184937
-0.549421980882
-0.559951349794
-0.623397800456
0.777814958800
-0.079869094484
-0.589734145995
0.807591039646
0.003217099749
-0.709191445970
0.687119819792
-0.157841205683
-0.688671509446
0.721033272114
-0.076436722730
-0.658019857263
0.752958883608
0.007923827530
-0.779857457394
0.580878694461
-0.233242981604
-0.768030807539
0.621698200942
-0.153688078968
-0.748457518344
0.659319030011
-0.071482584593
-0.720053082462
0.693807294146
0.012449780205
-0.681780164382
0.725158680445
0.096543749824
-0.809786764217
0.520926306394
0.269965145540
-0.830911122073
0.507645386152
-0.227778113816
-0.820976134626
0.551362658545
-0.148315222201
-0.802970274829
0.592280980670
-0.066648163355
-0.777155252040
0.629077917203
0.017049584005
-0.741445741677
0.663411824910
0.100712276895
-0.753581008276
0.630484247675
0.186024937574
-0.806764124311
0.559910450668
0.188764231138
-0.854387997039
0.484095782119
0.188871449005
-0.868180021761
0.475412525713
-0.142289775496
-0.852302724981
0.519373104620
-0.061900268073
-0.829071298483
0.558757999269
0.020743198495
-0.796339546035
0.595811355704
0.104173681105
-0.845926420872
0.522595467220
0.106313066519
-0.889888410749
0.443366044041
0.107355332455
-0.896052813181
0.440296294047
-0.056820149943
-0.875552650391
0.482529897942
0.023926010641
-0.916105267775
0.400037958398
0.026847163638
-0.079869094484
0.623397800456
-0.777814958800
0.003217099749
0.589734145995
-0.807591039646
-0.157841205683
0.709191445970
-0.687119819792
-0.076436722730
0.688671509446
-0.721033272114
0.007923827530
0.658019857263
-0.752958883608
-0.233242981604
0.779857457394
-0.580878694461
-0.153688078968
0.768030807539
-0.621698200942
-0.071482584593
0.748457518344
-0.659319030011
0.012449780205
0.720053082462
-0.693807294146
0.096543749824
0.681780164382
-0.725158680445
0.269965145540
0.809786764217
-0.520926306394
-0.227778113816
0.830911122073
-0.507645386152
-0.148315222201
0.820976134626
-0.551362658545
-0.066648163355
0.802970274829
-0.592280980670
0.017049584005
0.777155252040
-0.629077917203
0.100712276895
0.741445741677
-0.663411824910
0.186024937574
0.753581008276
-0.630484247675
0.188764231138
0.806764124311
-0.559910450668
0.188871449005
0.854387997039
-0.484095782119
-0.142289775496
0.868180021761
-0.475412525713
-0.061900268073
0.852302724981
-0.519373104620
0.020743198495
0.829071298483
-0.558757999269
0.104173681105
0.796339546035
-0.595811355704
0.106313066519
0.845926420872
-0.522595467220
0.107355332455
0.889888410749
-0.443366044041
-0.056820149943
0.896052813181
-0.440296294047
0.023926010641
0.875552650391
-0.482529897942
0.026847163638
0.916105267775
-0.400037958398
0.140112842946
-0.487441486213
-0.861840581987
0.072315287955
-0.547029117122
-0.833984198980
0.278963637128
-0.439231206663
-0.853964423295
0.220250564945
-0.505308681633
-0.834357731976
0.153421207991
-0.568097530864
-0.808533937670
0.412554634126
-0.380732581019
-0.827551433817
0.357993103265
-0.451794445515
-0.817143021151
0.297944670344
-0.520138918422
-0.800427685026
0.231784339832
-0.584496869706
-0.777585641015
0.159158739794
-0.643081972376
-0.749075478408
0.311244283014
-0.784274854232
-0.536693533882
0.488785833612
-0.388050247449
-0.781348458957
0.434334239801
-0.460878963582
-0.773914949503
0.374071523100
-0.530590529088
-0.760620921385
0.308924236362
-0.596766796429
-0.740564113948
0.237014487866
-0.657206342556
-0.715474636760
0.236932851409
-0.722118187230
-0.649929340463
0.314399306334
-0.729117377661
-0.607898779213
0.390802030840
-0.729588034097
-0.561226401012
0.508636087679
-0.465885714162
-0.724044081289
0.448969071343
-0.536568109412
-0.714507828467
0.384943769534
-0.603982966859
-0.697870238684
0.314155110355
-0.666563885752
-0.676017124671
0.390218572588
-0.670463168528
-0.631037720945
0.465077203207
-0.668804136105
-0.580003640149
0.522332198653
-0.538116977084
-0.661512806546
0.459678480770
-0.606242813170
-0.648972530849
0.532829521253
-0.603390973061
-0.593306021299
-0.868565986704
-0.135956314243
-0.476559552793
-0.881894604591
-0.042705028873
-0.469508452429
-0.868532226983
-0.269960239307
-0.415660005155
-0.894043344423
-0.183362827813
-0.408735332054
-0.911277286333
-0.089922326399
-0.401855300609
-0.849281238318
-0.399124876375
-0.345573018767
-0.884706847739
-0.316236362024
-0.342473877685
-0.913085033472
-0.228318599922
-0.337855499554
-0.933286021296
-0.135556212757
-0.332568362350
-0.943984739032
-0.038698192006
-0.327712163965
-0.999018225129
-0.025511909985
-0.036217789957
-0.855656603532
-0.442860874624
-0.267817143885
-0.894033049977
-0.360097171044
-0.266523794351
-0.925161673528
-0.272379745741
-0.264357999585
-0.948539375974
-0.180388455611
-0.260255753652
-0.962669922982
-0.084239399122
-0.257235967589
-0.982386833259
-0.031462821046
-0.184190664072
-0.990972467706
-0.077646746650
-0.109291129485
-0.991626787949
-0.124799962942
-0.033185579262
-0.896108695884
-0.402294307599
-0.187479319487
-0.930085706381
-0.315734615569
-0.187755775724
-0.956521770509
-0.225088331624
-0.185475997124
-0.974349341715
-0.129775660283
-0.183852218636
-0.978519128364
-0.175463252344
-0.108226440864
-0.974792491579
-0.221084274644
-0.030022356111
-0.927511708789
-0.357935836096
-0.107721712285
-0.956995466503
-0.269309837221
-0.107851233967
-0.949459939280
-0.312714294714
-0.027121828541
-0.140112842946
0.487441486213
-0.861840581987
-0.072315287955
0.547029117122
-0.833984198980
-0.278963637128
0.439231206663
-0.853964423295
-0.220250564945
0.505308681633
-0.834357731976
-0.153421207991
0.568097530864
-0.808533937670
-0.412554634126
0.380732581019
-0.827551433817
-0.357993103265
0.451794445515
-0.817143021151
-0.297944670344
0.520138918422
-0.800427685026
-0.231784339832
0.584496869706
-0.777585641015
-0.159158739794
0.643081972376
-0.749075478408
-0.311244283014
0.784274854232
-0.536693533882
-0.488785833612
0.388050247449
-0.781348458957
-0.434334239801
0.460878963582
-0.773914949503
-0.374071523100
0.530590529088
-0.760620921385
-0.308924236362
0.596766796429
-0.740564113948
-0.237014487866
0.657206342556
-0.715474636760
-0.236932851409
0.722118187230
-0.649929340463
-0.314399306334
0.729117377661
-0.607898779213
-0.390802030840
0.729588034097
-0.561226401012
-0.508636087679
0.465885714162
-0.724044081289
-0.448969071343
0.536568109412
-0.714507828467
-0.384943769534
0.603982966859
-0.697870238684
-0.314155110355
0.666563885752
-0.676017124671
-0.390218572588
0.670463168528
-0.631037720945
-0.465077203207
0.668804136105
-0.580003640149
-0.522332198653
0.538116977084
-0.661512806546
-0.459678480770
0.606242813170
-0.648972530849
-0.532829521253
0.603390973061
-0.593306021299
0.868565986704
0.135956314243
-0.476559552793
0.881894604591
0.042705028873
-0.469508452429
0.868532226983
0.269960239307
-0.415660005155
0.894043344423
0.183362827813
-0.408735332054
0.911277286333
0.089922326399
-0.401855300609
0.849281238318
0.399124876375
-0.345573018767
0.884706847739
0.316236362024
-0.342473877685
0.913085033472
0.228318599922
-0.337855499554
0.933286021296
0.135556212757
-0.332568362350
0.943984739032
0.038698192006
-0.327712163965
0.999018225129
0.025511909985
-0.036217789957
0.855656603532
0.442860874624
-0.267817143885
0.894033049977
0.360097171044
-0.266523794351
0.925161673528
0.272379745741
-0.264357999585
0.948539375974
0.180388455611
-0.260255753652
0.962669922982
0.084239399122
-0.257235967589
0.982386833259
0.031462821046
-0.184190664072
0.990972467706
0.077646746650
-0.109291129485
0.991626787949
0.124799962942
-0.033185579262
0.896108695884
0.402294307599
-0.187479319487
0.930085706381
0.315734615569
-0.187755775724
0.956521770509
0.225088331624
-0.185475997124
0.974349341715
0.129775660283
-0.183852218636
0.978519128364
0.175463252344
-0.108226440864
0.974792491579
0.221084274644
-0.030022356111
0.927511708789
0.357935836096
-0.107721712285
0.956995466503
0.269309837221
-0.107851233967
0.949459939280
0.312714294714
-0.027121828541
0.079869094484
-0.623397800456
-0.777814958800
-0.003217099749
-0.589734145995
-0.807591039646
0.157841205683
-0.709191445970
-0.687119819792
0.076436722730
-0.688671509446
-0.721033272114
-0.007923827530
-0.658019857263
-0.752958883608
0.233242981604
-0.779857457394
-0.580878694461
0.153688078968
-0.768030807539
-0.621698200942
0.071482584593
-0.748457518344
-0.659319030011
-0.012449780205
-0.720053082462
-0.693807294146
-0.096543749824
-0.681780164382
-0.725158680445
-0.269965145540
-0.809786764217
-0.520926306394
0.227778113816
-0.830911122073
-0.507645386152
0.148315222201
-0.820976134626
-0.551362658545
0.066648163355
-0.802970274829
-0.592280980670
-0.017049584005
-0.777155252040
-0.629077917203
-0.100712276895
-0.741445741677
-0.663411824910
-0.186024937574
-0.753581008276
-0.630484247675
-0.188764231138
-0.806764124311
-0.559910450668
-0.188871449005
-0.854387997039
-0.484095782119
0.142289775496
-0.868180021761
-0.475412525713
0.061900268073
-0.852302724981
-0.519373104620
-0.020743198495
-0.829071298483
-0.558757999269
-0.104173681105
-0.796339546035
-0.595811355704
-0.106313066519
-0.845926420872
-0.522595467220
-0.107355332455
-0.889888410749
-0.443366044041
0.056820149943
-0.896052813181
-0.440296294047
-0.023926010641
-0.875552650391
-0.482529897942
-0.026847163638
-0.916105267775
-0.400037958398
0.781971487503
0.090751027904
-0.616672395739
0.837201298729
0.074303564945
-0.541823740384
0.696123217613
0.181412407191
-0.694623642283
0.757921009246
0.173010072309
-0.628985896999
0.816457765200
0.158318402725
-0.555276508600
0.594308452212
0.268402543857
-0.758127652892
0.663454942183
0.263008646797
-0.700466980951
0.728945100433
0.253766003462
-0.635800169898
0.790035421221
0.239478727151
-0.564352702181
0.845619228233
0.218826058586
-0.486870903759
0.806658679422
0.478091918735
-0.347462072970
0.553570345141
0.348011217380
-0.756602977498
0.625599727302
0.342670391432
-0.700858034152
0.693972758029
0.332880692859
-0.638429522685
0.757613697954
0.319461458771
-0.569179990014
0.816186913655
0.299258098072
-0.494250455455
0.835954278037
0.351902585584
-0.421123515481
0.796663010352
0.431062017038
-0.423690435819
0.750097850017
0.507531005830
-0.423987610103
0.581754305793
0.420696170171
-0.696115407167
0.652607560393
0.410712601761
-0.636724847067
0.718613437179
0.397763771240
-0.570419766659
0.780190805776
0.378537986011
-0.498007328991
0.737350787464
0.455923661145
-0.498445013452
0.687358972604
0.531426447538
-0.495099559319
0.604692656603
0.487215414742
-0.630053910938
0.672898541490
0.474465568561
-0.567529714737
0.620153184937
0.549421980882
-0.559951349794
-0.917927801746
0.006725404717
-0.396690458309
-0.879906327601
0.047910405611
-0.472725552177
-0.966083456920
0.014567803688
-0.257818799472
-0.941283837059
0.059685612447
-0.332298609324
-0.906380091599
0.102743348663
-0.409779128139
-0.993433328587
0.021729804502
-0.112330037163
-0.979691304207
0.067563826588
-0.188785798717
-0.957263700355
0.112657348446
-0.266372914961
-0.925591633977
0.155700380281
-0.345018142555
-0.884317420239
0.194909260623
-0.424255913789
-0.832170589407
0.462324691246
-0.306182935497
-0.996431219764
0.074308144575
-0.040039030069
-0.985696898346
0.120118100474
-0.118208572150
-0.966352503770
0.164540752144
-0.197709836229
-0.938002153565
0.207975262025
-0.277305337657
-0.900426312776
0.247195286222
-0.357948244484
-0.867417099083
0.332457492796
-0.370215601646
-0.874309757002
0.383073688492
-0.298055360623
-0.874897812960
0.430400386937
-0.222057028267
-0.984048613392
0.172064614594
-0.045189543991
-0.968342175963
0.215577877914
-0.125855507651
-0.943701768804
0.258651531825
-0.206219195619
-0.909966466059
0.298332217044
-0.288025899741
-0.912814039807
0.347481407420
-0.214539507383
-0.908443247248
0.394788851430
-0.137377688567
-0.962628492699
0.265998902243
-0.050901562342
-0.942208378712
0.308022935654
-0.131777244609
-0.932867479651
0.356153917981
-0.053968992179
0.006725404717
-0.396690458309
-0.917927801746
0.047910405611
-0.472725552177
-0.879906327601
0.014567803688
-0.257818799472
-0.966083456920
0.059685612447
-0.332298609324
-0.941283837059
0.102743348663
-0.409779128139
-0.906380091599
0.021729804502
-0.112330037163
-0.993433328587
0.067563826588
-0.188785798717
-0.979691304207
0.112657348446
-0.266372914961
-0.957263700355
0.155700380281
-0.345018142555
-0.925591633977
0.194909260623
-0.424255913789
-0.884317420239
0.462324691246
-0.306182935497
-0.832170589407
0.074308144575
-0.040039030069
-0.996431219764
0.120118100474
-0.118208572150
-0.985696898346
0.164540752144
-0.197709836229
-0.966352503770
0.207975262025
-0.277305337657
-0.938002153565
0.247195286222
-0.357948244484
-0.900426312776
0.332457492796
-0.370215601646
-0.867417099083
0.383073688492
-0.298055360623
-0.874309757002
0.430400386937
-0.222057028267
-0.874897812960
0.172064614594
-0.045189543991
-0.984048613392
0.215577877914
-0.125855507651
-0.968342175963
0.258651531825
-0.206219195619
-0.943701768804
0.298332217044
-0.288025899741
-0.909966466059
0.347481407420
-0.214539507383
-0.912814039807
0.394788851430
-0.137377688567
-0.908443247248
0.265998902243
-0.050901562342
-0.962628492699
0.308022935654
-0.131777244609
-0.942208378712
0.356153917981
-0.053968992179
-0.932867479651
0.487441486213
-0.861840581987
-0.140112842946
0.547029117122
-0.833984198980
-0.072315287955
0.439231206663
-0.853964423295
-0.278963637128
0.505308681633
-0.834357731976
-0.220250564945
0.568097530864
-0.808533937670
-0.153421207991
0.380732581019
-0.827551433817
-0.412554634126
0.451794445515
-0.817143021151
-0.357993103265
0.520138918422
-0.800427685026
-0.297944670344
0.584496869706
-0.777585641015
-0.231784339832
0.643081972376
-0.749075478408
-0.159158739794
0.784274854232
-0.536693533882
-0.311244283014
0.388050247449
-0.781348458957
-0.488785833612
0.460878963582
-0.773914949503
-0.434334239801
0.530590529088
-0.760620921385
-0.374071523100
0.596766796429
-0.740564113948
-0.308924236362
0.657206342556
-0.715474636760
-0.237014487866
0.722118187230
-0.649929340463
-0.236932851409
0.729117377661
-0.607898779213
-0.314399306334
0.729588034097
-0.561226401012
-0.390802030840
0.465885714162
-0.724044081289
-0.508636087679
0.536568109412
-0.714507828467
-0.448969071343
0.603982966859
-0.697870238684
-0.384943769534
0.666563885752
-0.676017124671
-0.314155110355
0.670463168528
-0.631037720945
-0.390218572588
0.668804136105
-0.580003640149
-0.465077203207
0.538116977084
-0.661512806546
-0.522332198653
0.606242813170
-0.648972530849
-0.459678480770
0.603390973061
-0.593306021299
-0.532829521253
-0.487441486213
-0.861840581987
0.140112842946
-0.547029117122
-0.833984198980
0.072315287955
-0.439231206663
-0.853964423295
0.278963637128
-0.505308681633
-0.834357731976
0.220250564945
-0.568097530864
-0.808533937670
0.153421207991
-0.380732581019
-0.827551433817
0.412554634126
-0.451794445515
-0.817143021151
0.357993103265
-0.520138918422
-0.800427685026
0.297944670344
-0.584496869706
-0.777585641015
0.231784339832
-0.643081972376
-0.749075478408
0.159158739794
-0.784274854232
-0.536693533882
0.311244283014
-0.388050247449
-0.781348458957
0.488785833612
-0.460878963582
-0.773914949503
0.434334239801
-0.530590529088
-0.760620921385
0.374071523100
-0.596766796429
-0.740564113948
0.308924236362
-0.657206342556
-0.715474636760
0.237014487866
-0.722118187230
-0.649929340463
0.236932851409
-0.729117377661
-0.607898779213
0.314399306334
-0.729588034097
-0.561226401012
0.390802030840
-0.465885714162
-0.724044081289
0.508636087679
-0.536568109412
-0.714507828467
0.448969071343
-0.603982966859
-0.697870238684
0.384943769534
-0.666563885752
-0.676017124671
0.314155110355
-0.670463168528
-0.631037720945
0.390218572588
-0.668804136105
-0.580003640149
0.465077203207
-0.538116977084
-0.661512806546
0.522332198653
-0.606242813170
-0.648972530849
0.459678480770
-0.603390973061
-0.593306021299
0.532829521253
-0.396690458309
-0.917927801746
0.006725404717
-0.472725552177
-0.879906327601
0.047910405611
-0.257818799472
-0.966083456920
0.014567803688
-0.332298609324
-0.941283837059
0.059685612447
-0.409779128139
-0.906380091599
0.102743348663
-0.112330037163
-0.993433328587
0.021729804502
-0.188785798717
-0.979691304207
0.067563826588
-0.266372914961
-0.957263700355
0.112657348446
-0.345018142555
-0.925591633977
0.155700380281
-0.424255913789
-0.884317420239
0.194909260623
-0.306182935497
-0.832170589407
0.462324691246
-0.040039030069
-0.996431219764
0.074308144575
-0.118208572150
-0.985696898346
0.120118100474
-0.197709836229
-0.966352503770
0.164540752144
-0.277305337657
-0.938002153565
0.207975262025
-0.357948244484
-0.900426312776
0.247195286222
-0.370215601646
-0.867417099083
0.332457492796
-0.298055360623
-0.874309757002
0.383073688492
-0.222057028267
-0.874897812960
0.430400386937
-0.045189543991
-0.984048613392
0.172064614594
-0.125855507651
-0.968342175963
0.215577877914
-0.206219195619
-0.943701768804
0.258651531825
-0.288025899741
-0.909966466059
0.298332217044
-0.214539507383
-0.912814039807
0.347481407420
-0.137377688567
-0.908443247248
0.394788851430
-0.050901562342
-0.962628492699
0.265998902243
-0.131777244609
-0.942208378712
0.308022935654
-0.053968992179
-0.932867479651
0.356153917981
0.396690458309
0.917927801746
0.006725404717
0.472725552177
0.879906327601
0.047910405611
0.257818799472
0.966083456920
0.014567803688
0.332298609324
0.941283837059
0.059685612447
0.409779128139
0.906380091599
0.102743348663
0.112330037163
0.993433328587
0.021729804502
0.188785798717
0.979691304207
0.067563826588
0.266372914961
0.957263700355
0.112657348446
0.345018142555
0.925591633977
0.155700380281
0.424255913789
0.884317420239
0.194909260623
0.306182935497
0.832170589407
0.462324691246
0.040039030069
0.996431219764
0.074308144575
0.118208572150
0.985696898346
0.120118100474
0.197709836229
0.966352503770
0.164540752144
0.277305337657
0.938002153565
0.207975262025
0.357948244484
0.900426312776
0.247195286222
0.370215601646
0.867417099083
0.332457492796
0.298055360623
0.874309757002
0.383073688492
0.222057028267
0.874897812960
0.430400386937
0.045189543991
0.984048613392
0.172064614594
0.125855507651
0.968342175963
0.215577877914
0.206219195619
0.943701768804
0.258651531825
0.288025899741
0.909966466059
0.298332217044
0.214539507383
0.912814039807
0.347481407420
0.137377688567
0.908443247248
0.394788851430
0.050901562342
0.962628492699
0.265998902243
0.131777244609
0.942208378712
0.308022935654
0.053968992179
0.932867479651
0.356153917981
-0.135956314243
-0.476559552793
-0.868565986704
-0.042705028873
-0.469508452429
-0.881894604591
-0.269960239307
-0.415660005155
-0.868532226983
-0.183362827813
-0.408735332054
-0.894043344423
-0.089922326399
-0.401855300609
-0.911277286333
-0.399124876375
-0.345573018767
-0.849281238318
-0.316236362024
-0.342473877685
-0.884706847739
-0.228318599922
-0.337855499554
-0.913085033472
-0.135556212757
-0.332568362350
-0.933286021296
-0.038698192006
-0.327712163965
-0.943984739032
-0.025511909985
-0.036217789957
-0.999018225129
-0.442860874624
-0.267817143885
-0.855656603532
-0.360097171044
-0.266523794351
-0.894033049977
-0.272379745741
-0.264357999585
-0.925161673528
-0.180388455611
-0.260255753652
-0.948539375974
-0.084239399122
-0.257235967589
-0.962669922982
-0.031462821046
-0.184190664072
-0.982386833259
-0.077646746650
-0.109291129485
-0.990972467706
-0.124799962942
-0.033185579262
-0.991626787949
-0.402294307599
-0.187479319487
-0.896108695884
-0.315734615569
-0.187755775724
-0.930085706381
-0.225088331624
-0.185475997124
-0.956521770509
-0.129775660283
-0.183852218636
-0.974349341715
-0.175463252344
-0.108226440864
-0.978519128364
-0.221084274644
-0.030022356111
-0.974792491579
-0.357935836096
-0.107721712285
-0.927511708789
-0.269309837221
-0.107851233967
-0.956995466503
-0.312714294714
-0.027121828541
-0.949459939280
0.623397800456
-0.777814958800
-0.079869094484
0.589734145995
-0.807591039646
0.003217099749
0.709191445970
-0.687119819792
-0.157841205683
0.688671509446
-0.721033272114
-0.076436722730
0.658019857263
-0.752958883608
0.007923827530
0.779857457394
-0.580878694461
-0.233242981604
0.768030807539
-0.621698200942
-0.153688078968
0.748457518344
-0.659319030011
-0.071482584593
0.720053082462
-0.693807294146
0.012449780205
0.681780164382
-0.725158680445
0.096543749824
0.809786764217
-0.520926306394
0.269965145540
0.830911122073
-0.507645386152
-0.227778113816
0.820976134626
-0.551362658545
-0.148315222201
0.802970274829
-0.592280980670
-0.066648163355
0.777155252040
-0.629077917203
0.017049584005
0.741445741677
-0.663411824910
0.100712276895
0.753581008276
-0.630484247675
0.186024937574
0.806764124311
-0.559910450668
0.188764231138
0.854387997039
-0.484095782119
0.188871449005
0.868180021761
-0.475412525713
-0.142289775496
0.852302724981
-0.519373104620
-0.061900268073
0.829071298483
-0.558757999269
0.020743198495
0.796339546035
-0.595811355704
0.104173681105
0.845926420872
-0.522595467220
0.106313066519
0.889888410749
-0.443366044041
0.107355332455
0.896052813181
-0.440296294047
-0.056820149943
0.875552650391
-0.482529897942
0.023926010641
0.916105267775
-0.400037958398
0.026847163638
