0.499162343331
0.844469875097
0.194184409914
0.568910386879
0.817204333376
0.092293278263
0.357717576902
0.811241944786
0.462519883026
0.450835071970
0.806847103871
0.381766275169
0.534530134872
0.792361678556
0.294007661925
0.608289274387
0.769792652223
0.193399667137
0.703589951620
0.688085247297
0.177482034112
0.728944320232
0.626040630508
0.276971671755
0.740939429961
0.555868339259
0.376854282897
0.471865701023
0.741363934707
0.477202552920
0.560610552784
0.730668427423
0.389665827697
0.639405094087
0.711650242563
0.291058512872
0.658574588131
0.644679308869
0.388159890489
0.664157019462
0.569264144171
0.484596520479
0.575221221428
0.659394507762
0.484065521961
0.525731112119
0.850650808352
0.000000000000
0.000000000000
0.525731112119
-0.850650808352
-0.525731112119
0.850650808352
0.000000000000
0.000000000000
0.525731112119
0.850650808352
0.850650808352
-0.000000000000
0.525731112119
-0.850650808352
-0.000000000000
0.525731112119
-0.000000000000
-0.525731112119
0.850650808352
-0.850650808352
-0.000000000000
-0.525731112119
-0.525731112119
-0.850650808352
0.000000000000
0.850650808352
-0.000000000000
-0.525731112119
0.525731112119
-0.850650808352
0.000000000000
0.000000000000
-0.525731112119
-0.850650808352
0.577350269190
0.577350269190
0.577350269190
0.356822089773
0.000000000000
-0.934172358963
-0.577350269190
0.577350269190
-0.577350269190
-0.356822089773
0.000000000000
0.934172358963
0.934172358963
0.356822089773
-0.000000000000
0.000000000000
0.934172358963
-0.356822089773
-0.577350269190
0.577350269190
0.577350269190
0.577350269190
-0.577350269190
0.577350269190
-0.934172358963
-0.356822089773
-0.000000000000
0.577350269190
0.577350269190
-0.577350269190
-0.000000000000
0.934172358963
0.356822089773
-0.577350269190
-0.577350269190
0.577350269190
0.934172358963
-0.356822089773
0.000000000000
0.356822089773
-0.000000000000
0.934172358963
-0.356822089773
-0.000000000000
-0.934172358963
-0.000000000000
-0.934172358963
-0.356822089773
0.577350269190
-0.577350269190
-0.577350269190
0.000000000000
-0.934172358963
0.356822089773
-0.934172358963
0.356822089773
0.000000000000
-0.577350269190
-0.577350269190
-0.577350269190
0.168472858641
0.431848628193
-0.886072038961
0.042741664032
0.439182576625
-0.897380529399
0.446015204642
0.314507767919
-0.837947075385
0.332767335464
0.322554182411
-0.886129053726
0.215445351903
0.328851337000
-0.919478166406
0.090197991909
0.338103780943
-0.936776470439
0.004421040976
0.250510389464
-0.968103816317
0.053059823291
0.142735490468
-0.988337611807
0.106184567752
0.032316915986
-0.993821138089
0.379226179401
0.215360225056
-0.899893037156
0.260729961669
0.223052073153
-0.939291041025
0.135680755230
0.232620843486
-0.963056735523
0.183957516237
0.123965831757
-0.975085690992
0.235880605588
0.013010300736
-0.971694948007
0.307770731840
0.113675468850
-0.944645470219
-0.499162343331
0.844469875097
-0.194184409914
-0.568910386879
0.817204333376
-0.092293278263
-0.357717576902
0.811241944786
-0.462519883026
-0.450835071970
0.806847103871
-0.381766275169
-0.534530134872
0.792361678556
-0.294007661925
-0.608289274387
0.769792652223
-0.193399667137
-0.703589951620
0.688085247297
-0.177482034112
-0.728944320232
0.626040630508
-0.276971671755
-0.740939429961
0.555868339259
-0.376854282897
-0.471865701023
0.741363934707
-0.477202552920
-0.560610552784
0.730668427423
-0.389665827697
-0.639405094087
0.711650242563
-0.291058512872
-0.658574588131
0.644679308869
-0.388159890489
-0.664157019462
0.569264144171
-0.484596520479
-0.575221221428
0.659394507762
-0.484065521961
-0.168472858641
0.431848628193
0.886072038961
-0.042741664032
0.439182576625
0.897380529399
-0.446015204642
0.314507767919
0.837947075385
-0.332767335464
0.322554182411
0.886129053726
-0.215445351903
0.328851337000
0.919478166406
-0.090197991909
0.338103780943
0.936776470439
-0.004421040976
0.250510389464
0.968103816317
-0.053059823291
0.142735490468
0.988337611807
-0.106184567752
0.032316915986
0.993821138089
-0.379226179401
0.215360225056
0.899893037156
-0.260729961669
0.223052073153
0.939291041025
-0.135680755230
0.232620843486
0.963056735523
-0.183957516237
0.123965831757
0.975085690992
-0.235880605588
0.013010300736
0.971694948007
-0.307770731840
0.113675468850
0.944645470219
0.667635201972
0.740347922275
0.078410401548
0.611652050911
0.790788532269
-0.023135813124
0.803732781544
0.535589388818
0.259147877584
0.783602407434
0.601185580209
0.156662583958
0.749975486775
0.659209128361
0.054590240172
0.698487266296
0.714047227507
-0.047456250512
0.708010992596
0.685352893708
-0.170328639546
0.782004143522
0.593247856277
-0.191119074234
0.847123997714
0.490242667307
-0.205044043193
0.851091880424
0.506989266413
0.136398294774
0.821340514453
0.569528449226
0.032204112169
0.775085849317
0.627794924212
-0.071522439290
0.842532104368
0.530987311349
-0.090510376731
0.900037625051
0.423481912631
-0.102933683350
0.882991953268
0.469181734743
0.013917982897
-0.353438226645
0.934532332190
-0.041602163864
-0.462318389749
0.883081810531
-0.080176196023
-0.055359890335
0.998109271844
-0.026705130599
-0.165891598453
0.982951855378
-0.079281949855
-0.274261096827
0.953216790286
-0.127116487850
-0.385560031455
0.907446894644
-0.166983818215
-0.420839029010
0.862834927820
-0.280018569020
-0.333854564702
0.870219528033
-0.362296981299
-0.237360959180
0.867096950205
-0.437952798830
-0.078961930281
0.984191819334
-0.158529102449
-0.190847960985
0.959194276923
-0.208622613603
-0.304143282776
0.918853437083
-0.251406492960
-0.214476208488
0.919147201837
-0.330406382123
-0.115943984086
0.908078433109
-0.402430803836
-0.099757485952
0.953247256704
-0.285250962457
-0.145724116686
0.626033038107
0.766059473549
-0.106591997130
0.531475854887
0.840340146500
-0.302357686567
0.777027650945
0.552094067202
-0.284943473517
0.704320457580
0.650184519913
-0.260269038045
0.622858998925
0.737771438383
-0.222729242932
0.531503448081
0.817248902735
-0.282750922609
0.427992423576
0.858413886843
-0.395089755530
0.419707162223
0.817159704742
-0.503578470781
0.409171198884
0.760912382452
-0.392903770742
0.692562777976
0.604965639933
-0.369762591799
0.612717900850
0.698464315254
-0.335261811311
0.523679356358
0.783172681853
-0.444098379643
0.512125722245
0.735189685600
-0.548213035376
0.497606821215
0.672197827521
-0.475463735476
0.597740990811
0.645476524865
0.766059473549
-0.145724116686
0.626033038107
0.840340146500
-0.106591997130
0.531475854887
0.552094067202
-0.302357686567
0.777027650945
0.650184519913
-0.284943473517
0.704320457580
0.737771438383
-0.260269038045
0.622858998925
0.817248902735
-0.222729242932
0.531503448081
0.858413886843
-0.282750922609
0.427992423576
0.817159704742
-0.395089755530
0.419707162223
0.760912382452
-0.503578470781
0.409171198884
0.604965639933
-0.392903770742
0.692562777976
0.698464315254
-0.369762591799
0.612717900850
0.783172681853
-0.335261811311
0.523679356358
0.735189685600
-0.444098379643
0.512125722245
0.672197827521
-0.548213035376
0.497606821215
0.645476524865
-0.475463735476
0.597740990811
-0.934532332190
-0.041602163864
0.353438226645
-0.883081810531
-0.080176196023
0.462318389749
-0.998109271844
-0.026705130599
0.055359890335
-0.982951855378
-0.079281949855
0.165891598453
-0.953216790286
-0.127116487850
0.274261096827
-0.907446894644
-0.166983818215
0.385560031455
-0.862834927820
-0.280018569020
0.420839029010
-0.870219528033
-0.362296981299
0.333854564702
-0.867096950205
-0.437952798830
0.237360959180
-0.984191819334
-0.158529102449
0.078961930281
-0.959194276923
-0.208622613603
0.190847960985
-0.918853437083
-0.251406492960
0.304143282776
-0.919147201837
-0.330406382123
0.214476208488
-0.908078433109
-0.402430803836
0.115943984086
-0.953247256704
-0.285250962457
0.099757485952
0.626033038107
0.766059473549
-0.145724116686
0.531475854887
0.840340146500
-0.106591997130
0.777027650945
0.552094067202
-0.302357686567
0.704320457580
0.650184519913
-0.284943473517
0.622858998925
0.737771438383
-0.260269038045
0.531503448081
0.817248902735
-0.222729242932
0.427992423576
0.858413886843
-0.282750922609
0.419707162223
0.817159704742
-0.395089755530
0.409171198884
0.760912382452
-0.503578470781
0.692562777976
0.604965639933
-0.392903770742
0.612717900850
0.698464315254
-0.369762591799
0.523679356358
0.783172681853
-0.335261811311
0.512125722245
0.735189685600
-0.444098379643
0.497606821215
0.672197827521
-0.548213035376
0.597740990811
0.645476524865
-0.475463735476
0.078410401548
0.667635201972
0.740347922275
-0.023135813124
0.611652050911
0.790788532269
0.259147877584
0.803732781544
0.535589388818
0.156662583958
0.783602407434
0.601185580209
0.054590240172
0.749975486775
0.659209128361
-0.047456250512
0.698487266296
0.714047227507
-0.170328639546
0.708010992596
0.685352893708
-0.191119074234
0.782004143522
0.593247856277
-0.205044043193
0.847123997714
0.490242667307
0.136398294774
0.851091880424
0.506989266413
0.032204112169
0.821340514453
0.569528449226
-0.071522439290
0.775085849317
0.627794924212
-0.090510376731
0.842532104368
0.530987311349
-0.102933683350
0.900037625051
0.423481912631
0.013917982897
0.882991953268
0.469181734743
-0.194184409914
-0.499162343331
0.844469875097
-0.092293278263
-0.568910386879
0.817204333376
-0.462519883026
-0.357717576902
0.811241944786
-0.381766275169
-0.450835071970
0.806847103871
-0.294007661925
-0.534530134872
0.792361678556
-0.193399667137
-0.608289274387
0.769792652223
-0.177482034112
-0.703589951620
0.688085247297
-0.276971671755
-0.728944320232
0.626040630508
-0.376854282897
-0.740939429961
0.555868339259
-0.477202552920
-0.471865701023
0.741363934707
-0.389665827697
-0.560610552784
0.730668427423
-0.291058512872
-0.639405094087
0.711650242563
-0.388159890489
-0.658574588131
0.644679308869
-0.484596520479
-0.664157019462
0.569264144171
-0.484065521961
-0.575221221428
0.659394507762
0.886072038961
-0.168472858641
0.431848628193
0.897380529399
-0.042741664032
0.439182576625
0.837947075385
-0.446015204642
0.314507767919
0.886129053726
-0.332767335464
0.322554182411
0.919478166406
-0.215445351903
0.328851337000
0.936776470439
-0.090197991909
0.338103780943
0.968103816317
-0.004421040976
0.250510389464
0.988337611807
-0.053059823291
0.142735490468
0.993821138089
-0.106184567752
0.032316915986
0.899893037156
-0.379226179401
0.215360225056
0.939291041025
-0.260729961669
0.223052073153
0.963056735523
-0.135680755230
0.232620843486
0.975085690992
-0.183957516237
0.123965831757
0.971694948007
-0.235880605588
0.013010300736
0.944645470219
-0.307770731840
0.113675468850
0.194184409914
0.499162343331
0.844469875097
0.092293278263
0.568910386879
0.817204333376
0.462519883026
0.357717576902
0.811241944786
0.381766275169
0.450835071970
0.806847103871
0.294007661925
0.534530134872
0.792361678556
0.193399667137
0.608289274387
0.769792652223
0.177482034112
0.703589951620
0.688085247297
0.276971671755
0.728944320232
0.626040630508
0.376854282897
0.740939429961
0.555868339259
0.477202552920
0.471865701023
0.741363934707
0.389665827697
0.560610552784
0.730668427423
0.291058512872
0.639405094087
0.711650242563
0.388159890489
0.658574588131
0.644679308869
0.484596520479
0.664157019462
0.569264144171
0.484065521961
0.575221221428
0.659394507762
-0.041602163864
-0.353438226645
0.934532332190
-0.080176196023
-0.462318389749
0.883081810531
-0.026705130599
-0.055359890335
0.998109271844
-0.079281949855
-0.165891598453
0.982951855378
-0.127116487850
-0.274261096827
0.953216790286
-0.166983818215
-0.385560031455
0.907446894644
-0.280018569020
-0.420839029010
0.862834927820
-0.362296981299
-0.333854564702
0.870219528033
-0.437952798830
-0.237360959180
0.867096950205
-0.158529102449
-0.078961930281
0.984191819334
-0.208622613603
-0.190847960985
0.959194276923
-0.251406492960
-0.304143282776
0.918853437083
-0.330406382123
-0.214476208488
0.919147201837
-0.402430803836
-0.115943984086
0.908078433109
-0.285250962457
-0.099757485952
0.953247256704
0.041602163864
0.353438226645
0.934532332190
0.080176196023
0.462318389749
0.883081810531
0.026705130599
0.055359890335
0.998109271844
0.079281949855
0.165891598453
0.982951855378
0.127116487850
0.274261096827
0.953216790286
0.166983818215
0.385560031455
0.907446894644
0.280018569020
0.420839029010
0.862834927820
0.362296981299
0.333854564702
0.870219528033
0.437952798830
0.237360959180
0.867096950205
0.158529102449
0.078961930281
0.984191819334
0.208622613603
0.190847960985
0.959194276923
0.251406492960
0.304143282776
0.918853437083
0.330406382123
0.214476208488
0.919147201837
0.402430803836
0.115943984086
0.908078433109
0.285250962457
0.099757485952
0.953247256704
-0.431848628193
0.886072038961
0.168472858641
-0.439182576625
0.897380529399
0.042741664032
-0.314507767919
0.837947075385
0.446015204642
-0.322554182411
0.886129053726
0.332767335464
-0.328851337000
0.919478166406
0.215445351903
-0.338103780943
0.936776470439
0.090197991909
-0.250510389464
0.968103816317
0.004421040976
-0.142735490468
0.988337611807
0.053059823291
-0.032316915986
0.993821138089
0.106184567752
-0.215360225056
0.899893037156
0.379226179401
-0.223052073153
0.939291041025
0.260729961669
-0.232620843486
0.963056735523
0.135680755230
-0.123965831757
0.975085690992
0.183957516237
-0.013010300736
0.971694948007
0.235880605588
-0.113675468850
0.944645470219
0.307770731840
-0.740347922275
0.078410401548
-0.667635201972
-0.790788532269
-0.023135813124
-0.611652050911
-0.535589388818
0.259147877584
-0.803732781544
-0.601185580209
0.156662583958
-0.783602407434
-0.659209128361
0.054590240172
-0.749975486775
-0.714047227507
-0.047456250512
-0.698487266296
-0.685352893708
-0.170328639546
-0.708010992596
-0.593247856277
-0.191119074234
-0.782004143522
-0.490242667307
-0.205044043193
-0.847123997714
-0.506989266413
0.136398294774
-0.851091880424
-0.569528449226
0.032204112169
-0.821340514453
-0.627794924212
-0.071522439290
-0.775085849317
-0.530987311349
-0.090510376731
-0.842532104368
-0.423481912631
-0.102933683350
-0.900037625051
-0.469181734743
0.013917982897
-0.882991953268
-0.844469875097
-0.194184409914
0.499162343331
-0.817204333376
-0.092293278263
0.568910386879
-0.811241944786
-0.462519883026
0.357717576902
-0.806847103871
-0.381766275169
0.450835071970
-0.792361678556
-0.294007661925
0.534530134872
-0.769792652223
-0.193399667137
0.608289274387
-0.688085247297
-0.177482034112
0.703589951620
-0.626040630508
-0.276971671755
0.728944320232
-0.555868339259
-0.376854282897
0.740939429961
-0.741363934707
-0.477202552920
0.471865701023
-0.730668427423
-0.389665827697
0.560610552784
-0.711650242563
-0.291058512872
0.639405094087
-0.644679308869
-0.388159890489
0.658574588131
-0.569264144171
-0.484596520479
0.664157019462
-0.659394507762
-0.484065521961
0.575221221428
-0.626033038107
0.766059473549
0.145724116686
-0.531475854887
0.840340146500
0.106591997130
-0.777027650945
0.552094067202
0.302357686567
-0.704320457580
0.650184519913
0.284943473517
-0.622858998925
0.737771438383
0.260269038045
-0.531503448081
0.817248902735
0.222729242932
-0.427992423576
0.858413886843
0.282750922609
-0.419707162223
0.817159704742
0.395089755530
-0.409171198884
0.760912382452
0.503578470781
-0.692562777976
0.604965639933
0.392903770742
-0.612717900850
0.698464315254
0.369762591799
-0.523679356358
0.783172681853
0.335261811311
-0.512125722245
0.735189685600
0.444098379643
-0.497606821215
0.672197827521
0.548213035376
-0.597740990811
0.645476524865
0.475463735476
-0.844469875097
0.194184409914
-0.499162343331
-0.817204333376
0.092293278263
-0.568910386879
-0.811241944786
0.462519883026
-0.357717576902
-0.806847103871
0.381766275169
-0.450835071970
-0.792361678556
0.294007661925
-0.534530134872
-0.769792652223
0.193399667137
-0.608289274387
-0.688085247297
0.177482034112
-0.703589951620
-0.626040630508
0.276971671755
-0.728944320232
-0.555868339259
0.376854282897
-0.740939429961
-0.741363934707
0.477202552920
-0.471865701023
-0.730668427423
0.389665827697
-0.560610552784
-0.711650242563
0.291058512872
-0.639405094087
-0.644679308869
0.388159890489
-0.658574588131
-0.569264144171
0.484596520479
-0.664157019462
-0.659394507762
0.484065521961
-0.575221221428
-0.431848628193
-0.886072038961
-0.168472858641
-0.439182576625
-0.897380529399
-0.042741664032
-0.314507767919
-0.837947075385
-0.446015204642
-0.322554182411
-0.886129053726
-0.332767335464
-0.328851337000
-0.919478166406
-0.215445351903
-0.338103780943
-0.936776470439
-0.090197991909
-0.250510389464
-0.968103816317
-0.004421040976
-0.142735490468
-0.988337611807
-0.053059823291
-0.032316915986
-0.993821138089
-0.106184567752
-0.215360225056
-0.899893037156
-0.379226179401
-0.223052073153
-0.939291041025
-0.260729961669
-0.232620843486
-0.963056735523
-0.135680755230
-0.123965831757
-0.975085690992
-0.183957516237
-0.013010300736
-0.971694948007
-0.235880605588
-0.113675468850
-0.944645470219
-0.307770731840
0.740347922275
0.078410401548
0.667635201972
0.790788532269
-0.023135813124
0.611652050911
0.535589388818
0.259147877584
0.803732781544
0.601185580209
0.156662583958
0.783602407434
0.659209128361
0.054590240172
0.749975486775
0.714047227507
-0.047456250512
0.698487266296
0.685352893708
-0.170328639546
0.708010992596
0.593247856277
-0.191119074234
0.782004143522
0.490242667307
-0.205044043193
0.847123997714
0.506989266413
0.136398294774
0.851091880424
0.569528449226
0.032204112169
0.821340514453
0.627794924212
-0.071522439290
0.775085849317
0.530987311349
-0.090510376731
0.842532104368
0.423481912631
-0.102933683350
0.900037625051
0.469181734743
0.013917982897
0.882991953268
0.844469875097
-0.194184409914
-0.499162343331
0.817204333376
-0.092293278263
-0.568910386879
0.811241944786
-0.462519883026
-0.357717576902
0.806847103871
-0.381766275169
-0.450835071970
0.792361678556
-0.294007661925
-0.534530134872
0.769792652223
-0.193399667137
-0.608289274387
0.688085247297
-0.177482034112
-0.703589951620
0.626040630508
-0.276971671755
-0.728944320232
0.555868339259
-0.376854282897
-0.740939429961
0.741363934707
-0.477202552920
-0.471865701023
0.730668427423
-0.389665827697
-0.560610552784
0.711650242563
-0.291058512872
-0.639405094087
0.644679308869
-0.388159890489
-0.658574588131
0.569264144171
-0.484596520479
-0.664157019462
0.659394507762
-0.484065521961
-0.575221221428
0.431848628193
0.886072038961
-0.168472858641
0.439182576625
0.897380529399
-0.042741664032
0.314507767919
0.837947075385
-0.446015204642
0.322554182411
0.886129053726
-0.332767335464
0.328851337000
0.919478166406
-0.215445351903
0.338103780943
0.936776470439
-0.090197991909
0.250510389464
0.968103816317
-0.004421040976
0.142735490468
0.988337611807
-0.053059823291
0.032316915986
0.993821138089
-0.106184567752
0.215360225056
0.899893037156
-0.379226179401
0.223052073153
0.939291041025
-0.260729961669
0.232620843486
0.963056735523
-0.135680755230
0.123965831757
0.975085690992
-0.183957516237
0.013010300736
0.971694948007
-0.235880605588
0.113675468850
0.944645470219
-0.307770731840
0.844469875097
0.194184409914
0.499162343331
0.817204333376
0.092293278263
0.568910386879
0.811241944786
0.462519883026
0.357717576902
0.806847103871
0.381766275169
0.450835071970
0.792361678556
0.294007661925
0.534530134872
0.769792652223
0.193399667137
0.608289274387
0.688085247297
0.177482034112
0.703589951620
0.626040630508
0.276971671755
0.728944320232
0.555868339259
0.376854282897
0.740939429961
0.741363934707
0.477202552920
0.471865701023
0.730668427423
0.389665827697
0.560610552784
0.711650242563
0.291058512872
0.639405094087
0.644679308869
0.388159890489
0.658574588131
0.569264144171
0.484596520479
0.664157019462
0.659394507762
0.484065521961
0.575221221428
0.934532332190
-0.041602163864
-0.353438226645
0.883081810531
-0.080176196023
-0.462318389749
0.998109271844
-0.026705130599
-0.055359890335
0.982951855378
-0.079281949855
-0.165891598453
0.953216790286
-0.127116487850
-0.274261096827
0.907446894644
-0.166983818215
-0.385560031455
0.862834927820
-0.280018569020
-0.420839029010
0.870219528033
-0.362296981299
-0.333854564702
0.867096950205
-0.437952798830
-0.237360959180
0.984191819334
-0.158529102449
-0.078961930281
0.959194276923
-0.208622613603
-0.190847960985
0.918853437083
-0.251406492960
-0.304143282776
0.919147201837
-0.330406382123
-0.214476208488
0.908078433109
-0.402430803836
-0.115943984086
0.953247256704
-0.285250962457
-0.099757485952
-0.041602163864
0.353438226645
-0.934532332190
-0.080176196023
0.462318389749
-0.883081810531
-0.026705130599
0.055359890335
-0.998109271844
-0.079281949855
0.165891598453
-0.982951855378
-0.127116487850
0.274261096827
-0.953216790286
-0.166983818215
0.385560031455
-0.907446894644
-0.280018569020
0.420839029010
-0.862834927820
-0.362296981299
0.333854564702
-0.870219528033
-0.437952798830
0.237360959180
-0.867096950205
-0.158529102449
0.078961930281
-0.984191819334
-0.208622613603
0.190847960985
-0.959194276923
-0.251406492960
0.304143282776
-0.918853437083
-0.330406382123
0.214476208488
-0.919147201837
-0.402430803836
0.115943984086
-0.908078433109
-0.285250962457
0.099757485952
-0.953247256704
0.431848628193
-0.886072038961
0.168472858641
0.439182576625
-0.897380529399
0.042741664032
0.314507767919
-0.837947075385
0.446015204642
0.322554182411
-0.886129053726
0.332767335464
0.328851337000
-0.919478166406
0.215445351903
0.338103780943
-0.936776470439
0.090197991909
0.250510389464
-0.968103816317
0.004421040976
0.142735490468
-0.988337611807
0.053059823291
0.032316915986
-0.993821138089
0.106184567752
0.215360225056
-0.899893037156
0.379226179401
0.223052073153
-0.939291041025
0.260729961669
0.232620843486
-0.963056735523
0.135680755230
0.123965831757
-0.975085690992
0.183957516237
0.013010300736
-0.971694948007
0.235880605588
0.113675468850
-0.944645470219
0.307770731840
-0.886072038961
0.168472858641
0.431848628193
-0.897380529399
0.042741664032
0.439182576625
-0.837947075385
0.446015204642
0.314507767919
-0.886129053726
0.332767335464
0.322554182411
-0.919478166406
0.215445351903
0.328851337000
-0.936776470439
0.090197991909
0.338103780943
-0.968103816317
0.004421040976
0.250510389464
-0.988337611807
0.053059823291
0.142735490468
-0.993821138089
0.106184567752
0.032316915986
-0.899893037156
0.379226179401
0.215360225056
-0.939291041025
0.260729961669
0.223052073153
-0.963056735523
0.135680755230
0.232620843486
-0.975085690992
0.183957516237
0.123965831757
-0.971694948007
0.235880605588
0.013010300736
-0.944645470219
0.307770731840
0.113675468850
-0.078410401548
-0.667635201972
0.740347922275
0.023135813124
-0.611652050911
0.790788532269
-0.259147877584
-0.803732781544
0.535589388818
-0.156662583958
-0.783602407434
0.601185580209
-0.054590240172
-0.749975486775
0.659209128361
0.047456250512
-0.698487266296
0.714047227507
0.170328639546
-0.708010992596
0.685352893708
0.191119074234
-0.782004143522
0.593247856277
0.205044043193
-0.847123997714
0.490242667307
-0.136398294774
-0.851091880424
0.506989266413
-0.032204112169
-0.821340514453
0.569528449226
0.071522439290
-0.775085849317
0.627794924212
0.090510376731
-0.842532104368
0.530987311349
0.102933683350
-0.900037625051
0.423481912631
-0.013917982897
-0.882991953268
0.469181734743
-0.766059473549
0.145724116686
0.626033038107
-0.840340146500
0.106591997130
0.531475854887
-0.552094067202
0.302357686567
0.777027650945
-0.650184519913
0.284943473517
0.704320457580
-0.737771438383
0.260269038045
0.622858998925
-0.817248902735
0.222729242932
0.531503448081
-0.858413886843
0.282750922609
0.427992423576
-0.817159704742
0.395089755530
0.419707162223
-0.760912382452
0.503578470781
0.409171198884
-0.604965639933
0.392903770742
0.692562777976
-0.698464315254
0.369762591799
0.612717900850
-0.783172681853
0.335261811311
0.523679356358
-0.735189685600
0.444098379643
0.512125722245
-0.672197827521
0.548213035376
0.497606821215
-0.645476524865
0.475463735476
0.597740990811
-0.626033038107
-0.766059473549
-0.145724116686
-0.531475854887
-0.840340146500
-0.106591997130
-0.777027650945
-0.552094067202
-0.302357686567
-0.704320457580
-0.650184519913
-0.284943473517
-0.622858998925
-0.737771438383
-0.260269038045
-0.531503448081
-0.817248902735
-0.222729242932
-0.427992423576
-0.858413886843
-0.282750922609
-0.419707162223
-0.817159704742
-0.395089755530
-0.409171198884
-0.760912382452
-0.503578470781
-0.692562777976
-0.604965639933
-0.392903770742
-0.612717900850
-0.698464315254
-0.369762591799
-0.523679356358
-0.783172681853
-0.335261811311
-0.512125722245
-0.735189685600
-0.444098379643
-0.497606821215
-0.672197827521
-0.548213035376
-0.597740990811
-0.645476524865
-0.475463735476
0.145724116686
-0.626033038107
0.766059473549
0.106591997130
-0.531475854887
0.840340146500
0.302357686567
-0.777027650945
0.552094067202
0.284943473517
-0.704320457580
0.650184519913
0.260269038045
-0.622858998925
0.737771438383
0.222729242932
-0.531503448081
0.817248902735
0.282750922609
-0.427992423576
0.858413886843
0.395089755530
-0.419707162223
0.817159704742
0.503578470781
-0.409171198884
0.760912382452
0.392903770742
-0.692562777976
0.604965639933
0.369762591799
-0.612717900850
0.698464315254
0.335261811311
-0.523679356358
0.783172681853
0.444098379643
-0.512125722245
0.735189685600
0.548213035376
-0.497606821215
0.672197827521
0.475463735476
-0.597740990811
0.645476524865
-0.740347922275
-0.078410401548
0.667635201972
-0.790788532269
0.023135813124
0.611652050911
-0.535589388818
-0.259147877584
0.803732781544
-0.601185580209
-0.156662583958
0.783602407434
-0.659209128361
-0.054590240172
0.749975486775
-0.714047227507
0.047456250512
0.698487266296
-0.685352893708
0.170328639546
0.708010992596
-0.593247856277
0.191119074234
0.782004143522
-0.490242667307
0.205044043193
0.847123997714
-0.506989266413
-0.136398294774
0.851091880424
-0.569528449226
-0.032204112169
0.821340514453
-0.627794924212
0.071522439290
0.775085849317
-0.530987311349
0.090510376731
0.842532104368
-0.423481912631
0.102933683350
0.900037625051
-0.469181734743
-0.013917982897
0.882991953268
0.353438226645
-0.934532332190
-0.041602163864
0.462318389749
-0.883081810531
-0.080176196023
0.055359890335
-0.998109271844
-0.026705130599
0.165891598453
-0.982951855378
-0.079281949855
0.274261096827
-0.953216790286
-0.127116487850
0.385560031455
-0.907446894644
-0.166983818215
0.420839029010
-0.862834927820
-0.280018569020
0.333854564702
-0.870219528033
-0.362296981299
0.237360959180
-0.867096950205
-0.437952798830
0.078961930281
-0.984191819334
-0.158529102449
0.190847960985
-0.959194276923
-0.208622613603
0.304143282776
-0.918853437083
-0.251406492960
0.214476208488
-0.919147201837
-0.330406382123
0.115943984086
-0.908078433109
-0.402430803836
0.099757485952
-0.953247256704
-0.285250962457
0.934532332190
0.041602163864
0.353438226645
0.883081810531
0.080176196023
0.462318389749
0.998109271844
0.026705130599
0.055359890335
0.982951855378
0.079281949855
0.165891598453
0.953216790286
0.127116487850
0.274261096827
0.907446894644
0.166983818215
0.385560031455
0.862834927820
0.280018569020
0.420839029010
0.870219528033
0.362296981299
0.333854564702
0.867096950205
0.437952798830
0.237360959180
0.984191819334
0.158529102449
0.078961930281
0.959194276923
0.208622613603
0.190847960985
0.918853437083
0.251406492960
0.304143282776
0.919147201837
0.330406382123
0.214476208488
0.908078433109
0.402430803836
0.115943984086
0.953247256704
0.285250962457
0.099757485952
0.168472858641
-0.431848628193
0.886072038961
0.042741664032
-0.439182576625
0.897380529399
0.446015204642
-0.314507767919
0.837947075385
0.332767335464
-0.322554182411
0.886129053726
0.215445351903
-0.328851337000
0.919478166406
0.090197991909
-0.338103780943
0.936776470439
0.004421040976
-0.250510389464
0.968103816317
0.053059823291
-0.142735490468
0.988337611807
0.106184567752
-0.032316915986
0.993821138089
0.379226179401
-0.215360225056
0.899893037156
0.260729961669
-0.223052073153
0.939291041025
0.135680755230
-0.232620843486
0.963056735523
0.183957516237
-0.123965831757
0.975085690992
0.235880605588
-0.013010300736
0.971694948007
0.307770731840
-0.113675468850
0.944645470219
0.740347922275
-0.078410401548
-0.667635201972
0.790788532269
0.023135813124
-0.611652050911
0.535589388818
-0.259147877584
-0.803732781544
0.601185580209
-0.156662583958
-0.783602407434
0.659209128361
-0.054590240172
-0.749975486775
0.714047227507
0.047456250512
-0.698487266296
0.685352893708
0.170328639546
-0.708010992596
0.593247856277
0.191119074234
-0.782004143522
0.490242667307
0.205044043193
-0.847123997714
0.506989266413
-0.136398294774
-0.851091880424
0.569528449226
-0.032204112169
-0.821340514453
0.627794924212
0.071522439290
-0.775085849317
0.530987311349
0.090510376731
-0.842532104368
0.423481912631
0.102933683350
-0.900037625051
0.469181734743
-0.013917982897
-0.882991953268
-0.667635201972
-0.740347922275
0.078410401548
-0.611652050911
-0.790788532269
-0.023135813124
-0.803732781544
-0.535589388818
0.259147877584
-0.783602407434
-0.601185580209
0.156662583958
-0.749975486775
-0.659209128361
0.054590240172
-0.698487266296
-0.714047227507
-0.047456250512
-0.708010992596
-0.685352893708
-0.170328639546
-0.782004143522
-0.593247856277
-0.191119074234
-0.847123997714
-0.490242667307
-0.205044043193
-0.851091880424
-0.506989266413
0.136398294774
-0.821340514453
-0.569528449226
0.032204112169
-0.775085849317
-0.627794924212
-0.071522439290
-0.842532104368
-0.530987311349
-0.090510376731
-0.900037625051
-0.423481912631
-0.102933683350
-0.882991953268
-0.469181734743
0.013917982897
0.626033038107
-0.766059473549
0.145724116686
0.531475854887
-0.840340146500
0.106591997130
0.777027650945
-0.552094067202
0.302357686567
0.704320457580
-0.650184519913
0.284943473517
0.622858998925
-0.737771438383
0.260269038045
0.531503448081
-0.817248902735
0.222729242932
0.427992423576
-0.858413886843
0.282750922609
0.419707162223
-0.817159704742
0.395089755530
0.409171198884
-0.760912382452
0.503578470781
0.692562777976
-0.604965639933
0.392903770742
0.612717900850
-0.698464315254
0.369762591799
0.523679356358
-0.783172681853
0.335261811311
0.512125722245
-0.735189685600
0.444098379643
0.497606821215
-0.672197827521
0.548213035376
0.597740990811
-0.645476524865
0.475463735476
-0.145724116686
-0.626033038107
-0.766059473549
-0.106591997130
-0.531475854887
-0.840340146500
-0.302357686567
-0.777027650945
-0.552094067202
-0.284943473517
-0.704320457580
-0.650184519913
-0.260269038045
-0.622858998925
-0.737771438383
-0.222729242932
-0.531503448081
-0.817248902735
-0.282750922609
-0.427992423576
-0.858413886843
-0.395089755530
-0.419707162223
-0.817159704742
-0.503578470781
-0.409171198884
-0.760912382452
-0.392903770742
-0.692562777976
-0.604965639933
-0.369762591799
-0.612717900850
-0.698464315254
-0.335261811311
-0.523679356358
-0.783172681853
-0.444098379643
-0.512125722245
-0.735189685600
-0.548213035376
-0.497606821215
-0.672197827521
-0.475463735476
-0.597740990811
-0.645476524865
0.145724116686
0.626033038107
-0.766059473549
0.106591997130
0.531475854887
-0.840340146500
0.302357686567
0.777027650945
-0.552094067202
0.284943473517
0.704320457580
-0.650184519913
0.260269038045
0.622858998925
-0.737771438383
0.222729242932
0.531503448081
-0.817248902735
0.282750922609
0.427992423576
-0.858413886843
0.395089755530
0.419707162223
-0.817159704742
0.503578470781
0.409171198884
-0.760912382452
0.392903770742
0.692562777976
-0.604965639933
0.369762591799
0.612717900850
-0.698464315254
0.335261811311
0.523679356358
-0.783172681853
0.444098379643
0.512125722245
-0.735189685600
0.548213035376
0.497606821215
-0.672197827521
0.475463735476
0.597740990811
-0.645476524865
-0.766059473549
-0.145724116686
-0.626033038107
-0.840340146500
-0.106591997130
-0.531475854887
-0.552094067202
-0.302357686567
-0.777027650945
-0.650184519913
-0.284943473517
-0.704320457580
-0.737771438383
-0.260269038045
-0.622858998925
-0.817248902735
-0.222729242932
-0.531503448081
-0.858413886843
-0.282750922609
-0.427992423576
-0.817159704742
-0.395089755530
-0.419707162223
-0.760912382452
-0.503578470781
-0.409171198884
-0.604965639933
-0.392903770742
-0.692562777976
-0.698464315254
-0.369762591799
-0.612717900850
-0.783172681853
-0.335261811311
-0.523679356358
-0.735189685600
-0.444098379643
-0.512125722245
-0.672197827521
-0.548213035376
-0.497606821215
-0.645476524865
-0.475463735476
-0.597740990811
-0.667635201972
0.740347922275
-0.078410401548
-0.611652050911
0.790788532269
0.023135813124
-0.803732781544
0.535589388818
-0.259147877584
-0.783602407434
0.601185580209
-0.156662583958
-0.749975486775
0.659209128361
-0.054590240172
-0.698487266296
0.714047227507
0.047456250512
-0.708010992596
0.685352893708
0.170328639546
-0.782004143522
0.593247856277
0.191119074234
-0.847123997714
0.490242667307
0.205044043193
-0.851091880424
0.506989266413
-0.136398294774
-0.821340514453
0.569528449226
-0.032204112169
-0.775085849317
0.627794924212
0.071522439290
-0.842532104368
0.530987311349
0.090510376731
-0.900037625051
0.423481912631
0.102933683350
-0.882991953268
0.469181734743
-0.013917982897
-0.078410401548
0.667635201972
-0.740347922275
0.023135813124
0.611652050911
-0.790788532269
-0.259147877584
0.803732781544
-0.535589388818
-0.156662583958
0.783602407434
-0.601185580209
-0.054590240172
0.749975486775
-0.659209128361
0.047456250512
0.698487266296
-0.714047227507
0.170328639546
0.708010992596
-0.685352893708
0.191119074234
0.782004143522
-0.593247856277
0.205044043193
0.847123997714
-0.490242667307
-0.136398294774
0.851091880424
-0.506989266413
-0.032204112169
0.821340514453
-0.569528449226
0.071522439290
0.775085849317
-0.627794924212
0.090510376731
0.842532104368
-0.530987311349
0.102933683350
0.900037625051
-0.423481912631
-0.013917982897
0.882991953268
-0.469181734743
0.194184409914
-0.499162343331
-0.844469875097
0.092293278263
-0.568910386879
-0.817204333376
0.462519883026
-0.357717576902
-0.811241944786
0.381766275169
-0.450835071970
-0.806847103871
0.294007661925
-0.534530134872
-0.792361678556
0.193399667137
-0.608289274387
-0.769792652223
0.177482034112
-0.703589951620
-0.688085247297
0.276971671755
-0.728944320232
-0.626040630508
0.376854282897
-0.740939429961
-0.555868339259
0.477202552920
-0.471865701023
-0.741363934707
0.389665827697
-0.560610552784
-0.730668427423
0.291058512872
-0.639405094087
-0.711650242563
0.388159890489
-0.658574588131
-0.644679308869
0.484596520479
-0.664157019462
-0.569264144171
0.484065521961
-0.575221221428
-0.659394507762
-0.886072038961
-0.168472858641
-0.431848628193
-0.897380529399
-0.042741664032
-0.439182576625
-0.837947075385
-0.446015204642
-0.314507767919
-0.886129053726
-0.332767335464
-0.322554182411
-0.919478166406
-0.215445351903
-0.328851337000
-0.936776470439
-0.090197991909
-0.338103780943
-0.968103816317
-0.004421040976
-0.250510389464
-0.988337611807
-0.053059823291
-0.142735490468
-0.993821138089
-0.106184567752
-0.032316915986
-0.899893037156
-0.379226179401
-0.215360225056
-0.939291041025
-0.260729961669
-0.223052073153
-0.963056735523
-0.135680755230
-0.232620843486
-0.975085690992
-0.183957516237
-0.123965831757
-0.971694948007
-0.235880605588
-0.013010300736
-0.944645470219
-0.307770731840
-0.113675468850
-0.194184409914
0.499162343331
-0.844469875097
-0.092293278263
0.568910386879
-0.817204333376
-0.462519883026
0.357717576902
-0.811241944786
-0.381766275169
0.450835071970
-0.806847103871
-0.294007661925
0.534530134872
-0.792361678556
-0.193399667137
0.608289274387
-0.769792652223
-0.177482034112
0.703589951620
-0.688085247297
-0.276971671755
0.728944320232
-0.626040630508
-0.376854282897
0.740939429961
-0.555868339259
-0.477202552920
0.471865701023
-0.741363934707
-0.389665827697
0.560610552784
-0.730668427423
-0.291058512872
0.639405094087
-0.711650242563
-0.388159890489
0.658574588131
-0.644679308869
-0.484596520479
0.664157019462
-0.569264144171
-0.484065521961
0.575221221428
-0.659394507762
0.886072038961
0.168472858641
-0.431848628193
0.897380529399
0.042741664032
-0.439182576625
0.837947075385
0.446015204642
-0.314507767919
0.886129053726
0.332767335464
-0.322554182411
0.919478166406
0.215445351903
-0.328851337000
0.936776470439
0.090197991909
-0.338103780943
0.968103816317
0.004421040976
-0.250510389464
0.988337611807
0.053059823291
-0.142735490468
0.993821138089
0.106184567752
-0.032316915986
0.899893037156
0.379226179401
-0.215360225056
0.939291041025
0.260729961669
-0.223052073153
0.963056735523
0.135680755230
-0.232620843486
0.975085690992
0.183957516237
-0.123965831757
0.971694948007
0.235880605588
-0.013010300736
0.944645470219
0.307770731840
-0.113675468850
0.078410401548
-0.667635201972
-0.740347922275
-0.023135813124
-0.611652050911
-0.790788532269
0.259147877584
-0.803732781544
-0.535589388818
0.156662583958
-0.783602407434
-0.601185580209
0.054590240172
-0.749975486775
-0.659209128361
-0.047456250512
-0.698487266296
-0.714047227507
-0.170328639546
-0.708010992596
-0.685352893708
-0.191119074234
-0.782004143522
-0.593247856277
-0.205044043193
-0.847123997714
-0.490242667307
0.136398294774
-0.851091880424
-0.506989266413
0.032204112169
-0.821340514453
-0.569528449226
-0.071522439290
-0.775085849317
-0.627794924212
-0.090510376731
-0.842532104368
-0.530987311349
-0.102933683350
-0.900037625051
-0.423481912631
0.013917982897
-0.882991953268
-0.469181734743
0.766059473549
0.145724116686
-0.626033038107
0.840340146500
0.106591997130
-0.531475854887
0.552094067202
0.302357686567
-0.777027650945
0.650184519913
0.284943473517
-0.704320457580
0.737771438383
0.260269038045
-0.622858998925
0.817248902735
0.222729242932
-0.531503448081
0.858413886843
0.282750922609
-0.427992423576
0.817159704742
0.395089755530
-0.419707162223
0.760912382452
0.503578470781
-0.409171198884
0.604965639933
0.392903770742
-0.692562777976
0.698464315254
0.369762591799
-0.612717900850
0.783172681853
0.335261811311
-0.523679356358
0.735189685600
0.444098379643
-0.512125722245
0.672197827521
0.548213035376
-0.497606821215
0.645476524865
0.475463735476
-0.597740990811
-0.934532332190
0.041602163864
-0.353438226645
-0.883081810531
0.080176196023
-0.462318389749
-0.998109271844
0.026705130599
-0.055359890335
-0.982951855378
0.079281949855
-0.165891598453
-0.953216790286
0.127116487850
-0.274261096827
-0.907446894644
0.166983818215
-0.385560031455
-0.862834927820
0.280018569020
-0.420839029010
-0.870219528033
0.362296981299
-0.333854564702
-0.867096950205
0.437952798830
-0.237360959180
-0.984191819334
0.158529102449
-0.078961930281
-0.959194276923
0.208622613603
-0.190847960985
-0.918853437083
0.251406492960
-0.304143282776
-0.919147201837
0.330406382123
-0.214476208488
-0.908078433109
0.402430803836
-0.115943984086
-0.953247256704
0.285250962457
-0.099757485952
0.041602163864
-0.353438226645
-0.934532332190
0.080176196023
-0.462318389749
-0.883081810531
0.026705130599
-0.055359890335
-0.998109271844
0.079281949855
-0.165891598453
-0.982951855378
0.127116487850
-0.274261096827
-0.953216790286
0.166983818215
-0.385560031455
-0.907446894644
0.280018569020
-0.420839029010
-0.862834927820
0.362296981299
-0.333854564702
-0.870219528033
0.437952798830
-0.237360959180
-0.867096950205
0.158529102449
-0.078961930281
-0.984191819334
0.208622613603
-0.190847960985
-0.959194276923
0.251406492960
-0.304143282776
-0.918853437083
0.330406382123
-0.214476208488
-0.919147201837
0.402430803836
-0.115943984086
-0.908078433109
0.285250962457
-0.099757485952
-0.953247256704
0.499162343331
-0.844469875097
-0.194184409914
0.568910386879
-0.817204333376
-0.092293278263
0.357717576902
-0.811241944786
-0.462519883026
0.450835071970
-0.806847103871
-0.381766275169
0.534530134872
-0.792361678556
-0.294007661925
0.608289274387
-0.769792652223
-0.193399667137
0.703589951620
-0.688085247297
-0.177482034112
0.728944320232
-0.626040630508
-0.276971671755
0.740939429961
-0.555868339259
-0.376854282897
0.471865701023
-0.741363934707
-0.477202552920
0.560610552784
-0.730668427423
-0.389665827697
0.639405094087
-0.711650242563
-0.291058512872
0.658574588131
-0.644679308869
-0.388159890489
0.664157019462
-0.569264144171
-0.484596520479
0.575221221428
-0.659394507762
-0.484065521961
-0.499162343331
-0.844469875097
0.194184409914
-0.568910386879
-0.817204333376
0.092293278263
-0.357717576902
-0.811241944786
0.462519883026
-0.450835071970
-0.806847103871
0.381766275169
-0.534530134872
-0.792361678556
0.294007661925
-0.608289274387
-0.769792652223
0.193399667137
-0.703589951620
-0.688085247297
0.177482034112
-0.728944320232
-0.626040630508
0.276971671755
-0.740939429961
-0.555868339259
0.376854282897
-0.471865701023
-0.741363934707
0.477202552920
-0.560610552784
-0.730668427423
0.389665827697
-0.639405094087
-0.711650242563
0.291058512872
-0.658574588131
-0.644679308869
0.388159890489
-0.664157019462
-0.569264144171
0.484596520479
-0.575221221428
-0.659394507762
0.484065521961
-0.353438226645
-0.934532332190
0.041602163864
-0.462318389749
-0.883081810531
0.080176196023
-0.055359890335
-0.998109271844
0.026705130599
-0.165891598453
-0.982951855378
0.079281949855
-0.274261096827
-0.953216790286
0.127116487850
-0.385560031455
-0.907446894644
0.166983818215
-0.420839029010
-0.862834927820
0.280018569020
-0.333854564702
-0.870219528033
0.362296981299
-0.237360959180
-0.867096950205
0.437952798830
-0.078961930281
-0.984191819334
0.158529102449
-0.190847960985
-0.959194276923
0.208622613603
-0.304143282776
-0.918853437083
0.251406492960
-0.214476208488
-0.919147201837
0.330406382123
-0.115943984086
-0.908078433109
0.402430803836
-0.099757485952
-0.953247256704
0.285250962457
0.353438226645
0.934532332190
0.041602163864
0.462318389749
0.883081810531
0.080176196023
0.055359890335
0.998109271844
0.026705130599
0.165891598453
0.982951855378
0.079281949855
0.274261096827
0.953216790286
0.127116487850
0.385560031455
0.907446894644
0.166983818215
0.420839029010
0.862834927820
0.280018569020
0.333854564702
0.870219528033
0.362296981299
0.237360959180
0.867096950205
0.437952798830
0.078961930281
0.984191819334
0.158529102449
0.190847960985
0.959194276923
0.208622613603
0.304143282776
0.918853437083
0.251406492960
0.214476208488
0.919147201837
0.330406382123
0.115943984086
0.908078433109
0.402430803836
0.099757485952
0.953247256704
0.285250962457
-0.168472858641
-0.431848628193
-0.886072038961
-0.042741664032
-0.439182576625
-0.897380529399
-0.446015204642
-0.314507767919
-0.837947075385
-0.332767335464
-0.322554182411
-0.886129053726
-0.215445351903
-0.328851337000
-0.919478166406
-0.090197991909
-0.338103780943
-0.936776470439
-0.004421040976
-0.250510389464
-0.968103816317
-0.053059823291
-0.142735490468
-0.988337611807
-0.106184567752
-0.032316915986
-0.993821138089
-0.379226179401
-0.215360225056
-0.899893037156
-0.260729961669
-0.223052073153
-0.939291041025
-0.135680755230
-0.232620843486
-0.963056735523
-0.183957516237
-0.123965831757
-0.975085690992
-0.235880605588
-0.013010300736
-0.971694948007
-0.307770731840
-0.113675468850
-0.944645470219
0.667635201972
-0.740347922275
-0.078410401548
0.611652050911
-0.790788532269
0.023135813124
0.803732781544
-0.535589388818
-0.259147877584
0.783602407434
-0.601185580209
-0.156662583958
0.749975486775
-0.659209128361
-0.054590240172
0.698487266296
-0.714047227507
0.047456250512
0.708010992596
-0.685352893708
0.170328639546
0.782004143522
-0.593247856277
0.191119074234
0.847123997714
-0.490242667307
0.205044043193
0.851091880424
-0.506989266413
-0.136398294774
0.821340514453
-0.569528449226
-0.032204112169
0.775085849317
-0.627794924212
0.071522439290
0.842532104368
-0.530987311349
0.090510376731
0.900037625051
-0.423481912631
0.102933683350
0.882991953268
-0.469181734743
-0.013917982897
