0.478002406657
0.805584933143
0.350066586128
0.610798473004
0.774160643574
0.166134052250
0.668457280379
0.659894092008
0.343081115250
0.517271006014
0.680489654653
0.519003406778
0.525731112119
0.850650808352
0.000000000000
0.000000000000
0.525731112119
-0.850650808352
-0.525731112119
0.850650808352
0.000000000000
0.000000000000
0.525731112119
0.850650808352
0.850650808352
-0.000000000000
0.525731112119
-0.850650808352
-0.000000000000
0.525731112119
-0.000000000000
-0.525731112119
0.850650808352
-0.850650808352
-0.000000000000
-0.525731112119
-0.525731112119
-0.850650808352
0.000000000000
0.850650808352
-0.000000000000
-0.525731112119
0.525731112119
-0.850650808352
0.000000000000
0.000000000000
-0.525731112119
-0.850650808352
1.000000000000
0.000000000000
0.000000000000
-0.500000000000
-0.309016994375
-0.809016994375
-1.000000000000
0.000000000000
0.000000000000
0.500000000000
-0.309016994375
0.809016994375
0.500000000000
0.309016994375
-0.809016994375
-0.500000000000
0.309016994375
-0.809016994375
-0.500000000000
-0.309016994375
0.809016994375
0.809016994375
-0.500000000000
-0.309016994375
-0.309016994375
-0.809016994375
0.500000000000
-0.309016994375
0.809016994375
-0.500000000000
-0.809016994375
0.500000000000
0.309016994375
0.000000000000
-1.000000000000
0.000000000000
0.809016994375
0.500000000000
-0.309016994375
-0.000000000000
1.000000000000
0.000000000000
-0.809016994375
-0.500000000000
0.309016994375
0.809016994375
0.500000000000
0.309016994375
0.309016994375
0.809016994375
-0.500000000000
-0.309016994375
-0.809016994375
-0.500000000000
0.000000000000
-0.000000000000
1.000000000000
0.309016994375
0.809016994375
0.500000000000
0.000000000000
0.000000000000
-1.000000000000
0.309016994375
-0.809016994375
0.500000000000
-0.309016994375
0.809016994375
0.500000000000
0.309016994375
-0.809016994375
-0.500000000000
-0.809016994375
0.500000000000
-0.309016994375
-0.809016994375
-0.500000000000
-0.309016994375
0.809016994375
-0.500000000000
0.309016994375
0.500000000000
0.309016994375
0.809016994375
0.500000000000
-0.309016994375
-0.809016994375
-0.500000000000
0.309016994375
0.809016994375
0.293148048765
0.328987741252
-0.897681061185
0.068234830353
0.354494982606
-0.932564912075
0.147248301415
0.155760317647
-0.976758240906
0.371529940999
0.131180460165
-0.919106734722
-0.478002406657
0.805584933143
-0.350066586128
-0.610798473004
0.774160643574
-0.166134052250
-0.668457280379
0.659894092008
-0.343081115250
-0.517271006014
0.680489654653
-0.519003406778
-0.293148048765
0.328987741252
0.897681061185
-0.068234830353
0.354494982606
0.932564912075
-0.147248301415
0.155760317647
0.976758240906
-0.371529940999
0.131180460165
0.919106734722
0.771150455422
0.624409475270
0.124256920510
0.679033303357
0.731989199199
-0.055727777522
0.815705581794
0.568889636948
-0.104828358775
0.888800947013
0.450871523277
0.082144665597
-0.204730820742
0.974476061398
-0.092096128042
-0.410222760128
0.898123251449
-0.158404268501
-0.260588676422
0.911970752198
-0.316864148897
-0.049035794569
0.969874930055
-0.238617080070
-0.273271585915
0.679054327380
0.681328012633
-0.200575712876
0.520629034856
0.829888421096
-0.407868603957
0.498841432897
0.764722450783
-0.468235211445
0.650183866944
0.598344989056
0.681328012633
-0.273271585915
0.679054327380
0.829888421096
-0.200575712876
0.520629034856
0.764722450783
-0.407868603957
0.498841432897
0.598344989056
-0.468235211445
0.650183866944
-0.974476061398
-0.092096128042
0.204730820742
-0.898123251449
-0.158404268501
0.410222760128
-0.911970752198
-0.316864148897
0.260588676422
-0.969874930055
-0.238617080070
0.049035794569
0.679054327380
0.681328012633
-0.273271585915
0.520629034856
0.829888421096
-0.200575712876
0.498841432897
0.764722450783
-0.407868603957
0.650183866944
0.598344989056
-0.468235211445
0.124256920510
0.771150455422
0.624409475270
-0.055727777522
0.679033303357
0.731989199199
-0.104828358775
0.815705581794
0.568889636948
0.082144665597
0.888800947013
0.450871523277
-0.350066586128
-0.478002406657
0.805584933143
-0.166134052250
-0.610798473004
0.774160643574
-0.343081115250
-0.668457280379
0.659894092008
-0.519003406778
-0.517271006014
0.680489654653
0.897681061185
-0.293148048765
0.328987741252
0.932564912075
-0.068234830353
0.354494982606
0.976758240906
-0.147248301415
0.155760317647
0.919106734722
-0.371529940999
0.131180460165
0.350066586128
0.478002406657
0.805584933143
0.166134052250
0.610798473004
0.774160643574
0.343081115250
0.668457280379
0.659894092008
0.519003406778
0.517271006014
0.680489654653
-0.092096128042
-0.204730820742
0.974476061398
-0.158404268501
-0.410222760128
0.898123251449
-0.316864148897
-0.260588676422
0.911970752198
-0.238617080070
-0.049035794569
0.969874930055
0.092096128042
0.204730820742
0.974476061398
0.158404268501
0.410222760128
0.898123251449
0.316864148897
0.260588676422
0.911970752198
0.238617080070
0.049035794569
0.969874930055
-0.328987741252
0.897681061185
0.293148048765
-0.354494982606
0.932564912075
0.068234830353
-0.155760317647
0.976758240906
0.147248301415
-0.131180460165
0.919106734722
0.371529940999
-0.624409475270
0.124256920510
-0.771150455422
-0.731989199199
-0.055727777522
-0.679033303357
-0.568889636948
-0.104828358775
-0.815705581794
-0.450871523277
0.082144665597
-0.888800947013
-0.805584933143
-0.350066586128
0.478002406657
-0.774160643574
-0.166134052250
0.610798473004
-0.659894092008
-0.343081115250
0.668457280379
-0.680489654653
-0.519003406778
0.517271006014
-0.679054327380
0.681328012633
0.273271585915
-0.520629034856
0.829888421096
0.200575712876
-0.498841432897
0.764722450783
0.407868603957
-0.650183866944
0.598344989056
0.468235211445
-0.805584933143
0.350066586128
-0.478002406657
-0.774160643574
0.166134052250
-0.610798473004
-0.659894092008
0.343081115250
-0.668457280379
-0.680489654653
0.519003406778
-0.517271006014
-0.328987741252
-0.897681061185
-0.293148048765
-0.354494982606
-0.932564912075
-0.068234830353
-0.155760317647
-0.976758240906
-0.147248301415
-0.131180460165
-0.919106734722
-0.371529940999
0.624409475270
0.124256920510
0.771150455422
0.731989199199
-0.055727777522
0.679033303357
0.568889636948
-0.104828358775
0.815705581794
0.450871523277
0.082144665597
0.888800947013
0.805584933143
-0.350066586128
-0.478002406657
0.774160643574
-0.166134052250
-0.610798473004
0.659894092008
-0.343081115250
-0.668457280379
0.680489654653
-0.519003406778
-0.517271006014
0.328987741252
0.897681061185
-0.293148048765
0.354494982606
0.932564912075
-0.068234830353
0.155760317647
0.976758240906
-0.147248301415
0.131180460165
0.919106734722
-0.371529940999
0.805584933143
0.350066586128
0.478002406657
0.774160643574
0.166134052250
0.610798473004
0.659894092008
0.343081115250
0.668457280379
0.680489654653
0.519003406778
0.517271006014
0.974476061398
-0.092096128042
-0.204730820742
0.898123251449
-0.158404268501
-0.410222760128
0.911970752198
-0.316864148897
-0.260588676422
0.969874930055
-0.238617080070
-0.049035794569
-0.092096128042
0.204730820742
-0.974476061398
-0.158404268501
0.410222760128
-0.898123251449
-0.316864148897
0.260588676422
-0.911970752198
-0.238617080070
0.049035794569
-0.969874930055
0.328987741252
-0.897681061185
0.293148048765
0.354494982606
-0.932564912075
0.068234830353
0.155760317647
-0.976758240906
0.147248301415
0.131180460165
-0.919106734722
0.371529940999
-0.897681061185
0.293148048765
0.328987741252
-0.932564912075
0.068234830353
0.354494982606
-0.976758240906
0.147248301415
0.155760317647
-0.919106734722
0.371529940999
0.131180460165
-0.124256920510
-0.771150455422
0.624409475270
0.055727777522
-0.679033303357
0.731989199199
0.104828358775
-0.815705581794
0.568889636948
-0.082144665597
-0.888800947013
0.450871523277
-0.681328012633
0.273271585915
0.679054327380
-0.829888421096
0.200575712876
0.520629034856
-0.764722450783
0.407868603957
0.498841432897
-0.598344989056
0.468235211445
0.650183866944
-0.679054327380
-0.681328012633
-0.273271585915
-0.520629034856
-0.829888421096
-0.200575712876
-0.498841432897
-0.764722450783
-0.407868603957
-0.650183866944
-0.598344989056
-0.468235211445
0.273271585915
-0.679054327380
0.681328012633
0.200575712876
-0.520629034856
0.829888421096
0.407868603957
-0.498841432897
0.764722450783
0.468235211445
-0.650183866944
0.598344989056
-0.624409475270
-0.124256920510
0.771150455422
-0.731989199199
0.055727777522
0.679033303357
-0.568889636948
0.104828358775
0.815705581794
-0.450871523277
-0.082144665597
0.888800947013
0.204730820742
-0.974476061398
-0.092096128042
0.410222760128
-0.898123251449
-0.158404268501
0.260588676422
-0.911970752198
-0.316864148897
0.049035794569
-0.969874930055
-0.238617080070
0.974476061398
0.092096128042
0.204730820742
0.898123251449
0.158404268501
0.410222760128
0.911970752198
0.316864148897
0.260588676422
0.969874930055
0.238617080070
0.049035794569
0.293148048765
-0.328987741252
0.897681061185
0.068234830353
-0.354494982606
0.932564912075
0.147248301415
-0.155760317647
0.976758240906
0.371529940999
-0.131180460165
0.919106734722
0.624409475270
-0.124256920510
-0.771150455422
0.731989199199
0.055727777522
-0.679033303357
0.568889636948
0.104828358775
-0.815705581794
0.450871523277
-0.082144665597
-0.888800947013
-0.771150455422
-0.624409475270
0.124256920510
-0.679033303357
-0.731989199199
-0.055727777522
-0.815705581794
-0.568889636948
-0.104828358775
-0.888800947013
-0.450871523277
0.082144665597
0.679054327380
-0.681328012633
0.273271585915
0.520629034856
-0.829888421096
0.200575712876
0.498841432897
-0.764722450783
0.407868603957
0.650183866944
-0.598344989056
0.468235211445
-0.273271585915
-0.679054327380
-0.681328012633
-0.200575712876
-0.520629034856
-0.829888421096
-0.407868603957
-0.498841432897
-0.764722450783
-0.468235211445
-0.650183866944
-0.598344989056
0.273271585915
0.679054327380
-0.681328012633
0.200575712876
0.520629034856
-0.829888421096
0.407868603957
0.498841432897
-0.764722450783
0.468235211445
0.650183866944
-0.598344989056
-0.681328012633
-0.273271585915
-0.679054327380
-0.829888421096
-0.200575712876
-0.520629034856
-0.764722450783
-0.407868603957
-0.498841432897
-0.598344989056
-0.468235211445
-0.650183866944
-0.771150455422
0.624409475270
-0.124256920510
-0.679033303357
0.731989199199
0.055727777522
-0.815705581794
0.568889636948
0.104828358775
-0.888800947013
0.450871523277
-0.082144665597
-0.124256920510
0.771150455422
-0.624409475270
0.055727777522
0.679033303357
-0.731989199199
0.104828358775
0.815705581794
-0.568889636948
-0.082144665597
0.888800947013
-0.450871523277
0.350066586128
-0.478002406657
-0.805584933143
0.166134052250
-0.610798473004
-0.774160643574
0.343081115250
-0.668457280379
-0.659894092008
0.519003406778
-0.517271006014
-0.680489654653
-0.897681061185
-0.293148048765
-0.328987741252
-0.932564912075
-0.068234830353
-0.354494982606
-0.976758240906
-0.147248301415
-0.155760317647
-0.919106734722
-0.371529940999
-0.131180460165
-0.350066586128
0.478002406657
-0.805584933143
-0.166134052250
0.610798473004
-0.774160643574
-0.343081115250
0.668457280379
-0.659894092008
-0.519003406778
0.517271006014
-0.680489654653
0.897681061185
0.293148048765
-0.328987741252
0.932564912075
0.068234830353
-0.354494982606
0.976758240906
0.147248301415
-0.155760317647
0.919106734722
0.371529940999
-0.131180460165
0.124256920510
-0.771150455422
-0.624409475270
-0.055727777522
-0.679033303357
-0.731989199199
-0.104828358775
-0.815705581794
-0.568889636948
0.082144665597
-0.888800947013
-0.450871523277
0.681328012633
0.273271585915
-0.679054327380
0.829888421096
0.200575712876
-0.520629034856
0.764722450783
0.407868603957
-0.498841432897
0.598344989056
0.468235211445
-0.650183866944
-0.974476061398
0.092096128042
-0.204730820742
-0.898123251449
0.158404268501
-0.410222760128
-0.911970752198
0.316864148897
-0.260588676422
-0.969874930055
0.238617080070
-0.049035794569
0.092096128042
-0.204730820742
-0.974476061398
0.158404268501
-0.410222760128
-0.898123251449
0.316864148897
-0.260588676422
-0.911970752198
0.238617080070
-0.049035794569
-0.969874930055
0.478002406657
-0.805584933143
-0.350066586128
0.610798473004
-0.774160643574
-0.166134052250
0.668457280379
-0.659894092008
-0.343081115250
0.517271006014
-0.680489654653
-0.519003406778
-0.478002406657
-0.805584933143
0.350066586128
-0.610798473004
-0.774160643574
0.166134052250
-0.668457280379
-0.659894092008
0.343081115250
-0.517271006014
-0.680489654653
0.519003406778
-0.204730820742
-0.974476061398
0.092096128042
-0.410222760128
-0.898123251449
0.158404268501
-0.260588676422
-0.911970752198
0.316864148897
-0.049035794569
-0.969874930055
0.238617080070
0.204730820742
0.974476061398
0.092096128042
0.410222760128
0.898123251449
0.158404268501
0.260588676422
0.911970752198
0.316864148897
0.049035794569
0.969874930055
0.238617080070
-0.293148048765
-0.328987741252
-0.897681061185
-0.068234830353
-0.354494982606
-0.932564912075
-0.147248301415
-0.155760317647
-0.976758240906
-0.371529940999
-0.131180460165
-0.919106734722
0.771150455422
-0.624409475270
-0.124256920510
0.679033303357
-0.731989199199
0.055727777522
0.815705581794
-0.568889636948
0.104828358775
0.888800947013
-0.450871523277
-0.082144665597
