0.500920142047
0.853670676704
0.142567131648
0.554135703482
0.829547463451
0.069171005555
0.401021671947
0.849684831686
0.342370129291
0.465208245441
0.838622735348
0.283360540887
0.525471398141
0.822166050784
0.218912755849
0.581825337373
0.800051207654
0.146278302978
0.345774594229
0.809839614201
0.473919538800
0.417186528910
0.806906287093
0.418159830623
0.484087397810
0.798415300436
0.358039661645
0.547174396925
0.784062134102
0.292996159049
0.604684380349
0.765205381904
0.220946879742
0.655797798187
0.741641509812
0.141057147345
0.753165313508
0.594619423151
0.281371199911
0.758881854359
0.545068726875
0.356368368556
0.428746260237
0.758518490940
0.490740606873
0.497967187781
0.752963483799
0.430203058983
0.563517767936
0.740795889404
0.365607953227
0.623656154610
0.724022749811
0.294693160037
0.676368734799
0.704336252995
0.215489622263
0.692241028417
0.660887786187
0.289878755077
0.701633837540
0.612754690927
0.363650445850
0.703877124470
0.560088029131
0.436873429350
0.507148827426
0.701206499711
0.501108283312
0.573781941552
0.692486159969
0.437306759381
0.636475126259
0.677953177132
0.367802804870
0.642842089292
0.627056052443
0.439948582598
0.643194811884
0.570019119885
0.511252028779
0.579093849752
0.637674394064
0.507958345078
0.525731112119
0.850650808352
0.000000000000
0.000000000000
0.525731112119
-0.850650808352
-0.525731112119
0.850650808352
0.000000000000
0.000000000000
0.525731112119
0.850650808352
0.850650808352
-0.000000000000
0.525731112119
-0.850650808352
-0.000000000000
0.525731112119
-0.000000000000
-0.525731112119
0.850650808352
-0.850650808352
-0.000000000000
-0.525731112119
-0.525731112119
-0.850650808352
0.000000000000
0.850650808352
-0.000000000000
-0.525731112119
0.525731112119
-0.850650808352
0.000000000000
0.000000000000
-0.525731112119
-0.850650808352
0.577350269190
0.577350269190
0.577350269190
0.356822089773
0.000000000000
-0.934172358963
-0.577350269190
0.577350269190
-0.577350269190
-0.356822089773
0.000000000000
0.934172358963
0.934172358963
0.356822089773
-0.000000000000
0.000000000000
0.934172358963
-0.356822089773
-0.577350269190
0.577350269190
0.577350269190
0.577350269190
-0.577350269190
0.577350269190
-0.934172358963
-0.356822089773
-0.000000000000
0.577350269190
0.577350269190
-0.577350269190
-0.000000000000
0.934172358963
0.356822089773
-0.577350269190
-0.577350269190
0.577350269190
0.934172358963
-0.356822089773
0.000000000000
0.356822089773
-0.000000000000
0.934172358963
-0.356822089773
-0.000000000000
-0.934172358963
-0.000000000000
-0.934172358963
-0.356822089773
0.577350269190
-0.577350269190
-0.577350269190
0.000000000000
-0.934172358963
0.356822089773
-0.934172358963
0.356822089773
0.000000000000
-0.577350269190
-0.577350269190
-0.577350269190
0.128677908020
0.464557682512
-0.876143912612
0.035236931118
0.465295143229
-0.884453949266
0.339039469843
0.392301892307
-0.855073951878
0.255788047483
0.393022520557
-0.883235966828
0.168431722587
0.393310337275
-0.903846078389
0.074658383867
0.394321954867
-0.915934671048
0.460775867247
0.311364015367
-0.831106521510
0.379052900463
0.314803256557
-0.870182629286
0.294340368430
0.317320483114
-0.901482921918
0.205740197578
0.318735324073
-0.925245245483
0.112869057586
0.321732968516
-0.940078971582
0.015398560552
0.326819346986
-0.944961374220
0.034798932641
0.107630737111
-0.993581732278
0.077302638947
0.028278289146
-0.996606562478
0.417039464920
0.235794165594
-0.877769443630
0.331736504497
0.240178401380
-0.912285715713
0.242942682660
0.242375920353
-0.939272466420
0.150319031296
0.245679778472
-0.957624997209
0.053802271053
0.253065753779
-0.965951882805
0.092621882264
0.175815830878
-0.980056110913
0.132734084814
0.097086955789
-0.986385211641
0.174576185848
0.017174025825
-0.984493884273
0.368515428485
0.160016226824
-0.915746245486
0.280887621118
0.164271321089
-0.945577642169
0.188820209714
0.167892608744
-0.967553099490
0.228275811958
0.088675581262
-0.969549789832
0.268159768912
0.006771013150
-0.963350658752
0.318452233370
0.082960408225
-0.944301723883
-0.500920142047
0.853670676704
-0.142567131648
-0.554135703482
0.829547463451
-0.069171005555
-0.401021671947
0.849684831686
-0.342370129291
-0.465208245441
0.838622735348
-0.283360540887
-0.525471398141
0.822166050784
-0.218912755849
-0.581825337373
0.800051207654
-0.146278302978
-0.345774594229
0.809839614201
-0.473919538800
-0.417186528910
0.806906287093
-0.418159830623
-0.484087397810
0.798415300436
-0.358039661645
-0.547174396925
0.784062134102
-0.292996159049
-0.604684380349
0.765205381904
-0.220946879742
-0.655797798187
0.741641509812
-0.141057147345
-0.753165313508
0.594619423151
-0.281371199911
-0.758881854359
0.545068726875
-0.356368368556
-0.428746260237
0.758518490940
-0.490740606873
-0.497967187781
0.752963483799
-0.430203058983
-0.563517767936
0.740795889404
-0.365607953227
-0.623656154610
0.724022749811
-0.294693160037
-0.676368734799
0.704336252995
-0.215489622263
-0.692241028417
0.660887786187
-0.289878755077
-0.701633837540
0.612754690927
-0.363650445850
-0.703877124470
0.560088029131
-0.436873429350
-0.507148827426
0.701206499711
-0.501108283312
-0.573781941552
0.692486159969
-0.437306759381
-0.636475126259
0.677953177132
-0.367802804870
-0.642842089292
0.627056052443
-0.439948582598
-0.643194811884
0.570019119885
-0.511252028779
-0.579093849752
0.637674394064
-0.507958345078
-0.128677908020
0.464557682512
0.876143912612
-0.035236931118
0.465295143229
0.884453949266
-0.339039469843
0.392301892307
0.855073951878
-0.255788047483
0.393022520557
0.883235966828
-0.168431722587
0.393310337275
0.903846078389
-0.074658383867
0.394321954867
0.915934671048
-0.460775867247
0.311364015367
0.831106521510
-0.379052900463
0.314803256557
0.870182629286
-0.294340368430
0.317320483114
0.901482921918
-0.205740197578
0.318735324073
0.925245245483
-0.112869057586
0.321732968516
0.940078971582
-0.015398560552
0.326819346986
0.944961374220
-0.034798932641
0.107630737111
0.993581732278
-0.077302638947
0.028278289146
0.996606562478
-0.417039464920
0.235794165594
0.877769443630
-0.331736504497
0.240178401380
0.912285715713
-0.242942682660
0.242375920353
0.939272466420
-0.150319031296
0.245679778472
0.957624997209
-0.053802271053
0.253065753779
0.965951882805
-0.092621882264
0.175815830878
0.980056110913
-0.132734084814
0.097086955789
0.986385211641
-0.174576185848
0.017174025825
0.984493884273
-0.368515428485
0.160016226824
0.915746245486
-0.280887621118
0.164271321089
0.945577642169
-0.188820209714
0.167892608744
0.967553099490
-0.228275811958
0.088675581262
0.969549789832
-0.268159768912
0.006771013150
0.963350658752
-0.318452233370
0.082960408225
0.944301723883
0.629598050067
0.774143355947
0.065638097130
0.589372634600
0.807769842360
-0.012156453347
0.740061141790
0.640146915795
0.206207256443
0.720996292925
0.680537028087
0.130513213858
0.693903120728
0.718069521442
0.053615496081
0.656483721239
0.753909788879
-0.025478500337
0.806550461476
0.525064467047
0.271631475602
0.796239429373
0.572638711072
0.195160645861
0.778427766240
0.616502948486
0.118213058736
0.752914594503
0.656907699146
0.039898473485
0.717553437935
0.695448468037
-0.038320908289
0.671196358739
0.732124676013
-0.116141752993
0.787964246149
0.573112500007
-0.225065344126
0.836184493306
0.497293068586
-0.231290071320
0.845785725157
0.500773926970
0.184043422018
0.829703692278
0.547939048711
0.106557880602
0.806460450596
0.590649054201
0.027481564635
0.773975185907
0.631120479314
-0.051471858243
0.730171005852
0.671084620812
-0.128435719028
0.784862910680
0.603644314846
-0.140013401472
0.834367922354
0.530720515046
-0.148882185155
0.878453310317
0.452194012651
-0.154403227022
0.875664255911
0.473451439528
0.095162205356
0.854669562670
0.518888063099
0.017178958608
0.825295335973
0.561255869766
-0.062285287791
0.871117901249
0.485973841843
-0.070590560041
0.911354580796
0.404287268282
-0.077360408264
0.897546083123
0.440860090047
0.007308192308
-0.398919585382
0.916710487595
-0.022473235907
-0.477451596576
0.876940847916
-0.054906485816
-0.186094635864
0.982517045087
-0.005389120192
-0.262509306700
0.963897568973
-0.044613231481
-0.339694841194
0.936982277291
-0.081680027605
-0.419800455204
0.900188091858
-0.115883463394
-0.039732539765
0.998984005847
-0.021266907309
-0.119642610696
0.990798541695
-0.063276342193
-0.199107424378
0.974542610130
-0.103067621481
-0.278836850588
0.949903858196
-0.141183111381
-0.360053876805
0.916395347779
-0.174873589678
-0.442961099979
0.873181823358
-0.203319864408
-0.332696081238
0.854483699918
-0.398962309127
-0.259568360466
0.853661437142
-0.451537835603
-0.051750743576
0.991514533843
-0.119250952690
-0.133620520779
0.978142107694
-0.159322231914
-0.214894355717
0.956257007429
-0.198476577016
-0.297151636715
0.925813639351
-0.233602247398
-0.381501472807
0.886574243076
-0.261615629810
-0.315829232350
0.893523069923
-0.319168324726
-0.245969140944
0.894370960896
-0.373630520715
-0.171577252847
0.889067442001
-0.424405855142
-0.064854021468
0.974559722840
-0.214539745775
-0.147092362481
0.956194822480
-0.253091482200
-0.230177896535
0.929058674636
-0.289599922358
-0.159266141303
0.925922424441
-0.342493737389
-0.084131421414
0.915539297061
-0.393331538867
-0.075652215916
0.948818435126
-0.306627329819
-0.102000556665
0.607124814160
0.788032579574
-0.076684106906
0.534466148784
0.841703916797
-0.214927036083
0.734672021598
0.643477575244
-0.202698938742
0.676383061444
0.708109521490
-0.185776556947
0.612223093123
0.768550554704
-0.162024882169
0.540600257845
0.825529707991
-0.306042054463
0.785283554167
0.538208138599
-0.297543918214
0.732963087180
0.611745641231
-0.284979973432
0.675360144758
0.680202241701
-0.268337546336
0.611731483122
0.744163660617
-0.244630503544
0.542679848257
0.803526290193
-0.212836698207
0.467876494331
0.857783262805
-0.420469232271
0.389001937022
0.819684767277
-0.499313493893
0.384646657703
0.776358798195
-0.376995516661
0.726534772467
0.574475068923
-0.364346667002
0.670381460364
0.646405603198
-0.348623412219
0.607983873580
0.713314324768
-0.326504517895
0.540372938509
0.775494608055
-0.294867261992
0.468555376042
0.832771972023
-0.376411796067
0.465694585954
0.800901187660
-0.455664696595
0.460737401639
0.761636876082
-0.532299871622
0.454047455175
0.714491256153
-0.442294805958
0.661124510136
0.606044294355
-0.426689579070
0.601578080470
0.675307201362
-0.406297229724
0.535695413614
0.740238464923
-0.483575947989
0.528624163860
0.697646612484
-0.559063390470
0.518023041929
0.647379528149
-0.503441633836
0.590918753303
0.630366201755
0.788032579574
-0.102000556665
0.607124814160
0.841703916797
-0.076684106906
0.534466148784
0.643477575244
-0.214927036083
0.734672021598
0.708109521490
-0.202698938742
0.676383061444
0.768550554704
-0.185776556947
0.612223093123
0.825529707991
-0.162024882169
0.540600257845
0.538208138599
-0.306042054463
0.785283554167
0.611745641231
-0.297543918214
0.732963087180
0.680202241701
-0.284979973432
0.675360144758
0.744163660617
-0.268337546336
0.611731483122
0.803526290193
-0.244630503544
0.542679848257
0.857783262805
-0.212836698207
0.467876494331
0.819684767277
-0.420469232271
0.389001937022
0.776358798195
-0.499313493893
0.384646657703
0.574475068923
-0.376995516661
0.726534772467
0.646405603198
-0.364346667002
0.670381460364
0.713314324768
-0.348623412219
0.607983873580
0.775494608055
-0.326504517895
0.540372938509
0.832771972023
-0.294867261992
0.468555376042
0.800901187660
-0.376411796067
0.465694585954
0.761636876082
-0.455664696595
0.460737401639
0.714491256153
-0.532299871622
0.454047455175
0.606044294355
-0.442294805958
0.661124510136
0.675307201362
-0.426689579070
0.601578080470
0.740238464923
-0.406297229724
0.535695413614
0.697646612484
-0.483575947989
0.528624163860
0.647379528149
-0.559063390470
0.518023041929
0.630366201755
-0.503441633836
0.590918753303
-0.916710487595
-0.022473235907
0.398919585382
-0.876940847916
-0.054906485816
0.477451596576
-0.982517045087
-0.005389120192
0.186094635864
-0.963897568973
-0.044613231481
0.262509306700
-0.936982277291
-0.081680027605
0.339694841194
-0.900188091858
-0.115883463394
0.419800455204
-0.998984005847
-0.021266907309
0.039732539765
-0.990798541695
-0.063276342193
0.119642610696
-0.974542610130
-0.103067621481
0.199107424378
-0.949903858196
-0.141183111381
0.278836850588
-0.916395347779
-0.174873589678
0.360053876805
-0.873181823358
-0.203319864408
0.442961099979
-0.854483699918
-0.398962309127
0.332696081238
-0.853661437142
-0.451537835603
0.259568360466
-0.991514533843
-0.119250952690
0.051750743576
-0.978142107694
-0.159322231914
0.133620520779
-0.956257007429
-0.198476577016
0.214894355717
-0.925813639351
-0.233602247398
0.297151636715
-0.886574243076
-0.261615629810
0.381501472807
-0.893523069923
-0.319168324726
0.315829232350
-0.894370960896
-0.373630520715
0.245969140944
-0.889067442001
-0.424405855142
0.171577252847
-0.974559722840
-0.214539745775
0.064854021468
-0.956194822480
-0.253091482200
0.147092362481
-0.929058674636
-0.289599922358
0.230177896535
-0.925922424441
-0.342493737389
0.159266141303
-0.915539297061
-0.393331538867
0.084131421414
-0.948818435126
-0.306627329819
0.075652215916
0.607124814160
0.788032579574
-0.102000556665
0.534466148784
0.841703916797
-0.076684106906
0.734672021598
0.643477575244
-0.214927036083
0.676383061444
0.708109521490
-0.202698938742
0.612223093123
0.768550554704
-0.185776556947
0.540600257845
0.825529707991
-0.162024882169
0.785283554167
0.538208138599
-0.306042054463
0.732963087180
0.611745641231
-0.297543918214
0.675360144758
0.680202241701
-0.284979973432
0.611731483122
0.744163660617
-0.268337546336
0.542679848257
0.803526290193
-0.244630503544
0.467876494331
0.857783262805
-0.212836698207
0.389001937022
0.819684767277
-0.420469232271
0.384646657703
0.776358798195
-0.499313493893
0.726534772467
0.574475068923
-0.376995516661
0.670381460364
0.646405603198
-0.364346667002
0.607983873580
0.713314324768
-0.348623412219
0.540372938509
0.775494608055
-0.326504517895
0.468555376042
0.832771972023
-0.294867261992
0.465694585954
0.800901187660
-0.376411796067
0.460737401639
0.761636876082
-0.455664696595
0.454047455175
0.714491256153
-0.532299871622
0.661124510136
0.606044294355
-0.442294805958
0.601578080470
0.675307201362
-0.426689579070
0.535695413614
0.740238464923
-0.406297229724
0.528624163860
0.697646612484
-0.483575947989
0.518023041929
0.647379528149
-0.559063390470
0.590918753303
0.630366201755
-0.503441633836
0.065638097130
0.629598050067
0.774143355947
-0.012156453347
0.589372634600
0.807769842360
0.206207256443
0.740061141790
0.640146915795
0.130513213858
0.720996292925
0.680537028087
0.053615496081
0.693903120728
0.718069521442
-0.025478500337
0.656483721239
0.753909788879
0.271631475602
0.806550461476
0.525064467047
0.195160645861
0.796239429373
0.572638711072
0.118213058736
0.778427766240
0.616502948486
0.039898473485
0.752914594503
0.656907699146
-0.038320908289
0.717553437935
0.695448468037
-0.116141752993
0.671196358739
0.732124676013
-0.225065344126
0.787964246149
0.573112500007
-0.231290071320
0.836184493306
0.497293068586
0.184043422018
0.845785725157
0.500773926970
0.106557880602
0.829703692278
0.547939048711
0.027481564635
0.806460450596
0.590649054201
-0.051471858243
0.773975185907
0.631120479314
-0.128435719028
0.730171005852
0.671084620812
-0.140013401472
0.784862910680
0.603644314846
-0.148882185155
0.834367922354
0.530720515046
-0.154403227022
0.878453310317
0.452194012651
0.095162205356
0.875664255911
0.473451439528
0.017178958608
0.854669562670
0.518888063099
-0.062285287791
0.825295335973
0.561255869766
-0.070590560041
0.871117901249
0.485973841843
-0.077360408264
0.911354580796
0.404287268282
0.007308192308
0.897546083123
0.440860090047
-0.142567131648
-0.500920142047
0.853670676704
-0.069171005555
-0.554135703482
0.829547463451
-0.342370129291
-0.401021671947
0.849684831686
-0.283360540887
-0.465208245441
0.838622735348
-0.218912755849
-0.525471398141
0.822166050784
-0.146278302978
-0.581825337373
0.800051207654
-0.473919538800
-0.345774594229
0.809839614201
-0.418159830623
-0.417186528910
0.806906287093
-0.358039661645
-0.484087397810
0.798415300436
-0.292996159049
-0.547174396925
0.784062134102
-0.220946879742
-0.604684380349
0.765205381904
-0.141057147345
-0.655797798187
0.741641509812
-0.281371199911
-0.753165313508
0.594619423151
-0.356368368556
-0.758881854359
0.545068726875
-0.490740606873
-0.428746260237
0.758518490940
-0.430203058983
-0.497967187781
0.752963483799
-0.365607953227
-0.563517767936
0.740795889404
-0.294693160037
-0.623656154610
0.724022749811
-0.215489622263
-0.676368734799
0.704336252995
-0.289878755077
-0.692241028417
0.660887786187
-0.363650445850
-0.701633837540
0.612754690927
-0.436873429350
-0.703877124470
0.560088029131
-0.501108283312
-0.507148827426
0.701206499711
-0.437306759381
-0.573781941552
0.692486159969
-0.367802804870
-0.636475126259
0.677953177132
-0.439948582598
-0.642842089292
0.627056052443
-0.511252028779
-0.643194811884
0.570019119885
-0.507958345078
-0.579093849752
0.637674394064
0.876143912612
-0.128677908020
0.464557682512
0.884453949266
-0.035236931118
0.465295143229
0.855073951878
-0.339039469843
0.392301892307
0.883235966828
-0.255788047483
0.393022520557
0.903846078389
-0.168431722587
0.393310337275
0.915934671048
-0.074658383867
0.394321954867
0.831106521510
-0.460775867247
0.311364015367
0.870182629286
-0.379052900463
0.314803256557
0.901482921918
-0.294340368430
0.317320483114
0.925245245483
-0.205740197578
0.318735324073
0.940078971582
-0.112869057586
0.321732968516
0.944961374220
-0.015398560552
0.326819346986
0.993581732278
-0.034798932641
0.107630737111
0.996606562478
-0.077302638947
0.028278289146
0.877769443630
-0.417039464920
0.235794165594
0.912285715713
-0.331736504497
0.240178401380
0.939272466420
-0.242942682660
0.242375920353
0.957624997209
-0.150319031296
0.245679778472
0.965951882805
-0.053802271053
0.253065753779
0.980056110913
-0.092621882264
0.175815830878
0.986385211641
-0.132734084814
0.097086955789
0.984493884273
-0.174576185848
0.017174025825
0.915746245486
-0.368515428485
0.160016226824
0.945577642169
-0.280887621118
0.164271321089
0.967553099490
-0.188820209714
0.167892608744
0.969549789832
-0.228275811958
0.088675581262
0.963350658752
-0.268159768912
0.006771013150
0.944301723883
-0.318452233370
0.082960408225
0.142567131648
0.500920142047
0.853670676704
0.069171005555
0.554135703482
0.829547463451
0.342370129291
0.401021671947
0.849684831686
0.283360540887
0.465208245441
0.838622735348
0.218912755849
0.525471398141
0.822166050784
0.146278302978
0.581825337373
0.800051207654
0.473919538800
0.345774594229
0.809839614201
0.418159830623
0.417186528910
0.806906287093
0.358039661645
0.484087397810
0.798415300436
0.292996159049
0.547174396925
0.784062134102
0.220946879742
0.604684380349
0.765205381904
0.141057147345
0.655797798187
0.741641509812
0.281371199911
0.753165313508
0.594619423151
0.356368368556
0.758881854359
0.545068726875
0.490740606873
0.428746260237
0.758518490940
0.430203058983
0.497967187781
0.752963483799
0.365607953227
0.563517767936
0.740795889404
0.294693160037
0.623656154610
0.724022749811
0.215489622263
0.676368734799
0.704336252995
0.289878755077
0.692241028417
0.660887786187
0.363650445850
0.701633837540
0.612754690927
0.436873429350
0.703877124470
0.560088029131
0.501108283312
0.507148827426
0.701206499711
0.437306759381
0.573781941552
0.692486159969
0.367802804870
0.636475126259
0.677953177132
0.439948582598
0.642842089292
0.627056052443
0.511252028779
0.643194811884
0.570019119885
0.507958345078
0.579093849752
0.637674394064
-0.022473235907
-0.398919585382
0.916710487595
-0.054906485816
-0.477451596576
0.876940847916
-0.005389120192
-0.186094635864
0.982517045087
-0.044613231481
-0.262509306700
0.963897568973
-0.081680027605
-0.339694841194
0.936982277291
-0.115883463394
-0.419800455204
0.900188091858
-0.021266907309
-0.039732539765
0.998984005847
-0.063276342193
-0.119642610696
0.990798541695
-0.103067621481
-0.199107424378
0.974542610130
-0.141183111381
-0.278836850588
0.949903858196
-0.174873589678
-0.360053876805
0.916395347779
-0.203319864408
-0.442961099979
0.873181823358
-0.398962309127
-0.332696081238
0.854483699918
-0.451537835603
-0.259568360466
0.853661437142
-0.119250952690
-0.051750743576
0.991514533843
-0.159322231914
-0.133620520779
0.978142107694
-0.198476577016
-0.214894355717
0.956257007429
-0.233602247398
-0.297151636715
0.925813639351
-0.261615629810
-0.381501472807
0.886574243076
-0.319168324726
-0.315829232350
0.893523069923
-0.373630520715
-0.245969140944
0.894370960896
-0.424405855142
-0.171577252847
0.889067442001
-0.214539745775
-0.064854021468
0.974559722840
-0.253091482200
-0.147092362481
0.956194822480
-0.289599922358
-0.230177896535
0.929058674636
-0.342493737389
-0.159266141303
0.925922424441
-0.393331538867
-0.084131421414
0.915539297061
-0.306627329819
-0.075652215916
0.948818435126
0.022473235907
0.398919585382
0.916710487595
0.054906485816
0.477451596576
0.876940847916
0.005389120192
0.186094635864
0.982517045087
0.044613231481
0.262509306700
0.963897568973
0.081680027605
0.339694841194
0.936982277291
0.115883463394
0.419800455204
0.900188091858
0.021266907309
0.039732539765
0.998984005847
0.063276342193
0.119642610696
0.990798541695
0.103067621481
0.199107424378
0.974542610130
0.141183111381
0.278836850588
0.949903858196
0.174873589678
0.360053876805
0.916395347779
0.203319864408
0.442961099979
0.873181823358
0.398962309127
0.332696081238
0.854483699918
0.451537835603
0.259568360466
0.853661437142
0.119250952690
0.051750743576
0.991514533843
0.159322231914
0.133620520779
0.978142107694
0.198476577016
0.214894355717
0.956257007429
0.233602247398
0.297151636715
0.925813639351
0.261615629810
0.381501472807
0.886574243076
0.319168324726
0.315829232350
0.893523069923
0.373630520715
0.245969140944
0.894370960896
0.424405855142
0.171577252847
0.889067442001
0.214539745775
0.064854021468
0.974559722840
0.253091482200
0.147092362481
0.956194822480
0.289599922358
0.230177896535
0.929058674636
0.342493737389
0.159266141303
0.925922424441
0.393331538867
0.084131421414
0.915539297061
0.306627329819
0.075652215916
0.948818435126
-0.464557682512
0.876143912612
0.128677908020
-0.465295143229
0.884453949266
0.035236931118
-0.392301892307
0.855073951878
0.339039469843
-0.393022520557
0.883235966828
0.255788047483
-0.393310337275
0.903846078389
0.168431722587
-0.394321954867
0.915934671048
0.074658383867
-0.311364015367
0.831106521510
0.460775867247
-0.314803256557
0.870182629286
0.379052900463
-0.317320483114
0.901482921918
0.294340368430
-0.318735324073
0.925245245483
0.205740197578
-0.321732968516
0.940078971582
0.112869057586
-0.326819346986
0.944961374220
0.015398560552
-0.107630737111
0.993581732278
0.034798932641
-0.028278289146
0.996606562478
0.077302638947
-0.235794165594
0.877769443630
0.417039464920
-0.240178401380
0.912285715713
0.331736504497
-0.242375920353
0.939272466420
0.242942682660
-0.245679778472
0.957624997209
0.150319031296
-0.253065753779
0.965951882805
0.053802271053
-0.175815830878
0.980056110913
0.092621882264
-0.097086955789
0.986385211641
0.132734084814
-0.017174025825
0.984493884273
0.174576185848
-0.160016226824
0.915746245486
0.368515428485
-0.164271321089
0.945577642169
0.280887621118
-0.167892608744
0.967553099490
0.188820209714
-0.088675581262
0.969549789832
0.228275811958
-0.006771013150
0.963350658752
0.268159768912
-0.082960408225
0.944301723883
0.318452233370
-0.774143355947
0.065638097130
-0.629598050067
-0.807769842360
-0.012156453347
-0.589372634600
-0.640146915795
0.206207256443
-0.740061141790
-0.680537028087
0.130513213858
-0.720996292925
-0.718069521442
0.053615496081
-0.693903120728
-0.753909788879
-0.025478500337
-0.656483721239
-0.525064467047
0.271631475602
-0.806550461476
-0.572638711072
0.195160645861
-0.796239429373
-0.616502948486
0.118213058736
-0.778427766240
-0.656907699146
0.039898473485
-0.752914594503
-0.695448468037
-0.038320908289
-0.717553437935
-0.732124676013
-0.116141752993
-0.671196358739
-0.573112500007
-0.225065344126
-0.787964246149
-0.497293068586
-0.231290071320
-0.836184493306
-0.500773926970
0.184043422018
-0.845785725157
-0.547939048711
0.106557880602
-0.829703692278
-0.590649054201
0.027481564635
-0.806460450596
-0.631120479314
-0.051471858243
-0.773975185907
-0.671084620812
-0.128435719028
-0.730171005852
-0.603644314846
-0.140013401472
-0.784862910680
-0.530720515046
-0.148882185155
-0.834367922354
-0.452194012651
-0.154403227022
-0.878453310317
-0.473451439528
0.095162205356
-0.875664255911
-0.518888063099
0.017178958608
-0.854669562670
-0.561255869766
-0.062285287791
-0.825295335973
-0.485973841843
-0.070590560041
-0.871117901249
-0.404287268282
-0.077360408264
-0.911354580796
-0.440860090047
0.007308192308
-0.897546083123
-0.853670676704
-0.142567131648
0.500920142047
-0.829547463451
-0.069171005555
0.554135703482
-0.849684831686
-0.342370129291
0.401021671947
-0.838622735348
-0.283360540887
0.465208245441
-0.822166050784
-0.218912755849
0.525471398141
-0.800051207654
-0.146278302978
0.581825337373
-0.809839614201
-0.473919538800
0.345774594229
-0.806906287093
-0.418159830623
0.417186528910
-0.798415300436
-0.358039661645
0.484087397810
-0.784062134102
-0.292996159049
0.547174396925
-0.765205381904
-0.220946879742
0.604684380349
-0.741641509812
-0.141057147345
0.655797798187
-0.594619423151
-0.281371199911
0.753165313508
-0.545068726875
-0.356368368556
0.758881854359
-0.758518490940
-0.490740606873
0.428746260237
-0.752963483799
-0.430203058983
0.497967187781
-0.740795889404
-0.365607953227
0.563517767936
-0.724022749811
-0.294693160037
0.623656154610
-0.704336252995
-0.215489622263
0.676368734799
-0.660887786187
-0.289878755077
0.692241028417
-0.612754690927
-0.363650445850
0.701633837540
-0.560088029131
-0.436873429350
0.703877124470
-0.701206499711
-0.501108283312
0.507148827426
-0.692486159969
-0.437306759381
0.573781941552
-0.677953177132
-0.367802804870
0.636475126259
-0.627056052443
-0.439948582598
0.642842089292
-0.570019119885
-0.511252028779
0.643194811884
-0.637674394064
-0.507958345078
0.579093849752
-0.607124814160
0.788032579574
0.102000556665
-0.534466148784
0.841703916797
0.076684106906
-0.734672021598
0.643477575244
0.214927036083
-0.676383061444
0.708109521490
0.202698938742
-0.612223093123
0.768550554704
0.185776556947
-0.540600257845
0.825529707991
0.162024882169
-0.785283554167
0.538208138599
0.306042054463
-0.732963087180
0.611745641231
0.297543918214
-0.675360144758
0.680202241701
0.284979973432
-0.611731483122
0.744163660617
0.268337546336
-0.542679848257
0.803526290193
0.244630503544
-0.467876494331
0.857783262805
0.212836698207
-0.389001937022
0.819684767277
0.420469232271
-0.384646657703
0.776358798195
0.499313493893
-0.726534772467
0.574475068923
0.376995516661
-0.670381460364
0.646405603198
0.364346667002
-0.607983873580
0.713314324768
0.348623412219
-0.540372938509
0.775494608055
0.326504517895
-0.468555376042
0.832771972023
0.294867261992
-0.465694585954
0.800901187660
0.376411796067
-0.460737401639
0.761636876082
0.455664696595
-0.454047455175
0.714491256153
0.532299871622
-0.661124510136
0.606044294355
0.442294805958
-0.601578080470
0.675307201362
0.426689579070
-0.535695413614
0.740238464923
0.406297229724
-0.528624163860
0.697646612484
0.483575947989
-0.518023041929
0.647379528149
0.559063390470
-0.590918753303
0.630366201755
0.503441633836
-0.853670676704
0.142567131648
-0.500920142047
-0.829547463451
0.069171005555
-0.554135703482
-0.849684831686
0.342370129291
-0.401021671947
-0.838622735348
0.283360540887
-0.465208245441
-0.822166050784
0.218912755849
-0.525471398141
-0.800051207654
0.146278302978
-0.581825337373
-0.809839614201
0.473919538800
-0.345774594229
-0.806906287093
0.418159830623
-0.417186528910
-0.798415300436
0.358039661645
-0.484087397810
-0.784062134102
0.292996159049
-0.547174396925
-0.765205381904
0.220946879742
-0.604684380349
-0.741641509812
0.141057147345
-0.655797798187
-0.594619423151
0.281371199911
-0.753165313508
-0.545068726875
0.356368368556
-0.758881854359
-0.758518490940
0.490740606873
-0.428746260237
-0.752963483799
0.430203058983
-0.497967187781
-0.740795889404
0.365607953227
-0.563517767936
-0.724022749811
0.294693160037
-0.623656154610
-0.704336252995
0.215489622263
-0.676368734799
-0.660887786187
0.289878755077
-0.692241028417
-0.612754690927
0.363650445850
-0.701633837540
-0.560088029131
0.436873429350
-0.703877124470
-0.701206499711
0.501108283312
-0.507148827426
-0.692486159969
0.437306759381
-0.573781941552
-0.677953177132
0.367802804870
-0.636475126259
-0.627056052443
0.439948582598
-0.642842089292
-0.570019119885
0.511252028779
-0.643194811884
-0.637674394064
0.507958345078
-0.579093849752
-0.464557682512
-0.876143912612
-0.128677908020
-0.465295143229
-0.884453949266
-0.035236931118
-0.392301892307
-0.855073951878
-0.339039469843
-0.393022520557
-0.883235966828
-0.255788047483
-0.393310337275
-0.903846078389
-0.168431722587
-0.394321954867
-0.915934671048
-0.074658383867
-0.311364015367
-0.831106521510
-0.460775867247
-0.314803256557
-0.870182629286
-0.379052900463
-0.317320483114
-0.901482921918
-0.294340368430
-0.318735324073
-0.925245245483
-0.205740197578
-0.321732968516
-0.940078971582
-0.112869057586
-0.326819346986
-0.944961374220
-0.015398560552
-0.107630737111
-0.993581732278
-0.034798932641
-0.028278289146
-0.996606562478
-0.077302638947
-0.235794165594
-0.877769443630
-0.417039464920
-0.240178401380
-0.912285715713
-0.331736504497
-0.242375920353
-0.939272466420
-0.242942682660
-0.245679778472
-0.957624997209
-0.150319031296
-0.253065753779
-0.965951882805
-0.053802271053
-0.175815830878
-0.980056110913
-0.092621882264
-0.097086955789
-0.986385211641
-0.132734084814
-0.017174025825
-0.984493884273
-0.174576185848
-0.160016226824
-0.915746245486
-0.368515428485
-0.164271321089
-0.945577642169
-0.280887621118
-0.167892608744
-0.967553099490
-0.188820209714
-0.088675581262
-0.969549789832
-0.228275811958
-0.006771013150
-0.963350658752
-0.268159768912
-0.082960408225
-0.944301723883
-0.318452233370
0.774143355947
0.065638097130
0.629598050067
0.807769842360
-0.012156453347
0.589372634600
0.640146915795
0.206207256443
0.740061141790
0.680537028087
0.130513213858
0.720996292925
0.718069521442
0.053615496081
0.693903120728
0.753909788879
-0.025478500337
0.656483721239
0.525064467047
0.271631475602
0.806550461476
0.572638711072
0.195160645861
0.796239429373
0.616502948486
0.118213058736
0.778427766240
0.656907699146
0.039898473485
0.752914594503
0.695448468037
-0.038320908289
0.717553437935
0.732124676013
-0.116141752993
0.671196358739
0.573112500007
-0.225065344126
0.787964246149
0.497293068586
-0.231290071320
0.836184493306
0.500773926970
0.184043422018
0.845785725157
0.547939048711
0.106557880602
0.829703692278
0.590649054201
0.027481564635
0.806460450596
0.631120479314
-0.051471858243
0.773975185907
0.671084620812
-0.128435719028
0.730171005852
0.603644314846
-0.140013401472
0.784862910680
0.530720515046
-0.148882185155
0.834367922354
0.452194012651
-0.154403227022
0.878453310317
0.473451439528
0.095162205356
0.875664255911
0.518888063099
0.017178958608
0.854669562670
0.561255869766
-0.062285287791
0.825295335973
0.485973841843
-0.070590560041
0.871117901249
0.404287268282
-0.077360408264
0.911354580796
0.440860090047
0.007308192308
0.897546083123
0.853670676704
-0.142567131648
-0.500920142047
0.829547463451
-0.069171005555
-0.554135703482
0.849684831686
-0.342370129291
-0.401021671947
0.838622735348
-0.283360540887
-0.465208245441
0.822166050784
-0.218912755849
-0.525471398141
0.800051207654
-0.146278302978
-0.581825337373
0.809839614201
-0.473919538800
-0.345774594229
0.806906287093
-0.418159830623
-0.417186528910
0.798415300436
-0.358039661645
-0.484087397810
0.784062134102
-0.292996159049
-0.547174396925
0.765205381904
-0.220946879742
-0.604684380349
0.741641509812
-0.141057147345
-0.655797798187
0.594619423151
-0.281371199911
-0.753165313508
0.545068726875
-0.356368368556
-0.758881854359
0.758518490940
-0.490740606873
-0.428746260237
0.752963483799
-0.430203058983
-0.497967187781
0.740795889404
-0.365607953227
-0.563517767936
0.724022749811
-0.294693160037
-0.623656154610
0.704336252995
-0.215489622263
-0.676368734799
0.660887786187
-0.289878755077
-0.692241028417
0.612754690927
-0.363650445850
-0.701633837540
0.560088029131
-0.436873429350
-0.703877124470
0.701206499711
-0.501108283312
-0.507148827426
0.692486159969
-0.437306759381
-0.573781941552
0.677953177132
-0.367802804870
-0.636475126259
0.627056052443
-0.439948582598
-0.642842089292
0.570019119885
-0.511252028779
-0.643194811884
0.637674394064
-0.507958345078
-0.579093849752
0.464557682512
0.876143912612
-0.128677908020
0.465295143229
0.884453949266
-0.035236931118
0.392301892307
0.855073951878
-0.339039469843
0.393022520557
0.883235966828
-0.255788047483
0.393310337275
0.903846078389
-0.168431722587
0.394321954867
0.915934671048
-0.074658383867
0.311364015367
0.831106521510
-0.460775867247
0.314803256557
0.870182629286
-0.379052900463
0.317320483114
0.901482921918
-0.294340368430
0.318735324073
0.925245245483
-0.205740197578
0.321732968516
0.940078971582
-0.112869057586
0.326819346986
0.944961374220
-0.015398560552
0.107630737111
0.993581732278
-0.034798932641
0.028278289146
0.996606562478
-0.077302638947
0.235794165594
0.877769443630
-0.417039464920
0.240178401380
0.912285715713
-0.331736504497
0.242375920353
0.939272466420
-0.242942682660
0.245679778472
0.957624997209
-0.150319031296
0.253065753779
0.965951882805
-0.053802271053
0.175815830878
0.980056110913
-0.092621882264
0.097086955789
0.986385211641
-0.132734084814
0.017174025825
0.984493884273
-0.174576185848
0.160016226824
0.915746245486
-0.368515428485
0.164271321089
0.945577642169
-0.280887621118
0.167892608744
0.967553099490
-0.188820209714
0.088675581262
0.969549789832
-0.228275811958
0.006771013150
0.963350658752
-0.268159768912
0.082960408225
0.944301723883
-0.318452233370
0.853670676704
0.142567131648
0.500920142047
0.829547463451
0.069171005555
0.554135703482
0.849684831686
0.342370129291
0.401021671947
0.838622735348
0.283360540887
0.465208245441
0.822166050784
0.218912755849
0.525471398141
0.800051207654
0.146278302978
0.581825337373
0.809839614201
0.473919538800
0.345774594229
0.806906287093
0.418159830623
0.417186528910
0.798415300436
0.358039661645
0.484087397810
0.784062134102
0.292996159049
0.547174396925
0.765205381904
0.220946879742
0.604684380349
0.741641509812
0.141057147345
0.655797798187
0.594619423151
0.281371199911
0.753165313508
0.545068726875
0.356368368556
0.758881854359
0.758518490940
0.490740606873
0.428746260237
0.752963483799
0.430203058983
0.497967187781
0.740795889404
0.365607953227
0.563517767936
0.724022749811
0.294693160037
0.623656154610
0.704336252995
0.215489622263
0.676368734799
0.660887786187
0.289878755077
0.692241028417
0.612754690927
0.363650445850
0.701633837540
0.560088029131
0.436873429350
0.703877124470
0.701206499711
0.501108283312
0.507148827426
0.692486159969
0.437306759381
0.573781941552
0.677953177132
0.367802804870
0.636475126259
0.627056052443
0.439948582598
0.642842089292
0.570019119885
0.511252028779
0.643194811884
0.637674394064
0.507958345078
0.579093849752
0.916710487595
-0.022473235907
-0.398919585382
0.876940847916
-0.054906485816
-0.477451596576
0.982517045087
-0.005389120192
-0.186094635864
0.963897568973
-0.044613231481
-0.262509306700
0.936982277291
-0.081680027605
-0.339694841194
0.900188091858
-0.115883463394
-0.419800455204
0.998984005847
-0.021266907309
-0.039732539765
0.990798541695
-0.063276342193
-0.119642610696
0.974542610130
-0.103067621481
-0.199107424378
0.949903858196
-0.141183111381
-0.278836850588
0.916395347779
-0.174873589678
-0.360053876805
0.873181823358
-0.203319864408
-0.442961099979
0.854483699918
-0.398962309127
-0.332696081238
0.853661437142
-0.451537835603
-0.259568360466
0.991514533843
-0.119250952690
-0.051750743576
0.978142107694
-0.159322231914
-0.133620520779
0.956257007429
-0.198476577016
-0.214894355717
0.925813639351
-0.233602247398
-0.297151636715
0.886574243076
-0.261615629810
-0.381501472807
0.893523069923
-0.319168324726
-0.315829232350
0.894370960896
-0.373630520715
-0.245969140944
0.889067442001
-0.424405855142
-0.171577252847
0.974559722840
-0.214539745775
-0.064854021468
0.956194822480
-0.253091482200
-0.147092362481
0.929058674636
-0.289599922358
-0.230177896535
0.925922424441
-0.342493737389
-0.159266141303
0.915539297061
-0.393331538867
-0.084131421414
0.948818435126
-0.306627329819
-0.075652215916
-0.022473235907
0.398919585382
-0.916710487595
-0.054906485816
0.477451596576
-0.876940847916
-0.005389120192
0.186094635864
-0.982517045087
-0.044613231481
0.262509306700
-0.963897568973
-0.081680027605
0.339694841194
-0.936982277291
-0.115883463394
0.419800455204
-0.900188091858
-0.021266907309
0.039732539765
-0.998984005847
-0.063276342193
0.119642610696
-0.990798541695
-0.103067621481
0.199107424378
-0.974542610130
-0.141183111381
0.278836850588
-0.949903858196
-0.174873589678
0.360053876805
-0.916395347779
-0.203319864408
0.442961099979
-0.873181823358
-0.398962309127
0.332696081238
-0.854483699918
-0.451537835603
0.259568360466
-0.853661437142
-0.119250952690
0.051750743576
-0.991514533843
-0.159322231914
0.133620520779
-0.978142107694
-0.198476577016
0.214894355717
-0.956257007429
-0.233602247398
0.297151636715
-0.925813639351
-0.261615629810
0.381501472807
-0.886574243076
-0.319168324726
0.315829232350
-0.893523069923
-0.373630520715
0.245969140944
-0.894370960896
-0.424405855142
0.171577252847
-0.889067442001
-0.214539745775
0.064854021468
-0.974559722840
-0.253091482200
0.147092362481
-0.956194822480
-0.289599922358
0.230177896535
-0.929058674636
-0.342493737389
0.159266141303
-0.925922424441
-0.393331538867
0.084131421414
-0.915539297061
-0.306627329819
0.075652215916
-0.948818435126
0.464557682512
-0.876143912612
0.128677908020
0.465295143229
-0.884453949266
0.035236931118
0.392301892307
-0.855073951878
0.339039469843
0.393022520557
-0.883235966828
0.255788047483
0.393310337275
-0.903846078389
0.168431722587
0.394321954867
-0.915934671048
0.074658383867
0.311364015367
-0.831106521510
0.460775867247
0.314803256557
-0.870182629286
0.379052900463
0.317320483114
-0.901482921918
0.294340368430
0.318735324073
-0.925245245483
0.205740197578
0.321732968516
-0.940078971582
0.112869057586
0.326819346986
-0.944961374220
0.015398560552
0.107630737111
-0.993581732278
0.034798932641
0.028278289146
-0.996606562478
0.077302638947
0.235794165594
-0.877769443630
0.417039464920
0.240178401380
-0.912285715713
0.331736504497
0.242375920353
-0.939272466420
0.242942682660
0.245679778472
-0.957624997209
0.150319031296
0.253065753779
-0.965951882805
0.053802271053
0.175815830878
-0.980056110913
0.092621882264
0.097086955789
-0.986385211641
0.132734084814
0.017174025825
-0.984493884273
0.174576185848
0.160016226824
-0.915746245486
0.368515428485
0.164271321089
-0.945577642169
0.280887621118
0.167892608744
-0.967553099490
0.188820209714
0.088675581262
-0.969549789832
0.228275811958
0.006771013150
-0.963350658752
0.268159768912
0.082960408225
-0.944301723883
0.318452233370
-0.876143912612
0.128677908020
0.464557682512
-0.884453949266
0.035236931118
0.465295143229
-0.855073951878
0.339039469843
0.392301892307
-0.883235966828
0.255788047483
0.393022520557
-0.903846078389
0.168431722587
0.393310337275
-0.915934671048
0.074658383867
0.394321954867
-0.831106521510
0.460775867247
0.311364015367
-0.870182629286
0.379052900463
0.314803256557
-0.901482921918
0.294340368430
0.317320483114
-0.925245245483
0.205740197578
0.318735324073
-0.940078971582
0.112869057586
0.321732968516
-0.944961374220
0.015398560552
0.326819346986
-0.993581732278
0.034798932641
0.107630737111
-0.996606562478
0.077302638947
0.028278289146
-0.877769443630
0.417039464920
0.235794165594
-0.912285715713
0.331736504497
0.240178401380
-0.939272466420
0.242942682660
0.242375920353
-0.957624997209
0.150319031296
0.245679778472
-0.965951882805
0.053802271053
0.253065753779
-0.980056110913
0.092621882264
0.175815830878
-0.986385211641
0.132734084814
0.097086955789
-0.984493884273
0.174576185848
0.017174025825
-0.915746245486
0.368515428485
0.160016226824
-0.945577642169
0.280887621118
0.164271321089
-0.967553099490
0.188820209714
0.167892608744
-0.969549789832
0.228275811958
0.088675581262
-0.963350658752
0.268159768912
0.006771013150
-0.944301723883
0.318452233370
0.082960408225
-0.065638097130
-0.629598050067
0.774143355947
0.012156453347
-0.589372634600
0.807769842360
-0.206207256443
-0.740061141790
0.640146915795
-0.130513213858
-0.720996292925
0.680537028087
-0.053615496081
-0.693903120728
0.718069521442
0.025478500337
-0.656483721239
0.753909788879
-0.271631475602
-0.806550461476
0.525064467047
-0.195160645861
-0.796239429373
0.572638711072
-0.118213058736
-0.778427766240
0.616502948486
-0.039898473485
-0.752914594503
0.656907699146
0.038320908289
-0.717553437935
0.695448468037
0.116141752993
-0.671196358739
0.732124676013
0.225065344126
-0.787964246149
0.573112500007
0.231290071320
-0.836184493306
0.497293068586
-0.184043422018
-0.845785725157
0.500773926970
-0.106557880602
-0.829703692278
0.547939048711
-0.027481564635
-0.806460450596
0.590649054201
0.051471858243
-0.773975185907
0.631120479314
0.128435719028
-0.730171005852
0.671084620812
0.140013401472
-0.784862910680
0.603644314846
0.148882185155
-0.834367922354
0.530720515046
0.154403227022
-0.878453310317
0.452194012651
-0.095162205356
-0.875664255911
0.473451439528
-0.017178958608
-0.854669562670
0.518888063099
0.062285287791
-0.825295335973
0.561255869766
0.070590560041
-0.871117901249
0.485973841843
0.077360408264
-0.911354580796
0.404287268282
-0.007308192308
-0.897546083123
0.440860090047
-0.788032579574
0.102000556665
0.607124814160
-0.841703916797
0.076684106906
0.534466148784
-0.643477575244
0.214927036083
0.734672021598
-0.708109521490
0.202698938742
0.676383061444
-0.768550554704
0.185776556947
0.612223093123
-0.825529707991
0.162024882169
0.540600257845
-0.538208138599
0.306042054463
0.785283554167
-0.611745641231
0.297543918214
0.732963087180
-0.680202241701
0.284979973432
0.675360144758
-0.744163660617
0.268337546336
0.611731483122
-0.803526290193
0.244630503544
0.542679848257
-0.857783262805
0.212836698207
0.467876494331
-0.819684767277
0.420469232271
0.389001937022
-0.776358798195
0.499313493893
0.384646657703
-0.574475068923
0.376995516661
0.726534772467
-0.646405603198
0.364346667002
0.670381460364
-0.713314324768
0.348623412219
0.607983873580
-0.775494608055
0.326504517895
0.540372938509
-0.832771972023
0.294867261992
0.468555376042
-0.800901187660
0.376411796067
0.465694585954
-0.761636876082
0.455664696595
0.460737401639
-0.714491256153
0.532299871622
0.454047455175
-0.606044294355
0.442294805958
0.661124510136
-0.675307201362
0.426689579070
0.601578080470
-0.740238464923
0.406297229724
0.535695413614
-0.697646612484
0.483575947989
0.528624163860
-0.647379528149
0.559063390470
0.518023041929
-0.630366201755
0.503441633836
0.590918753303
-0.607124814160
-0.788032579574
-0.102000556665
-0.534466148784
-0.841703916797
-0.076684106906
-0.734672021598
-0.643477575244
-0.214927036083
-0.676383061444
-0.708109521490
-0.202698938742
-0.612223093123
-0.768550554704
-0.185776556947
-0.540600257845
-0.825529707991
-0.162024882169
-0.785283554167
-0.538208138599
-0.306042054463
-0.732963087180
-0.611745641231
-0.297543918214
-0.675360144758
-0.680202241701
-0.284979973432
-0.611731483122
-0.744163660617
-0.268337546336
-0.542679848257
-0.803526290193
-0.244630503544
-0.467876494331
-0.857783262805
-0.212836698207
-0.389001937022
-0.819684767277
-0.420469232271
-0.384646657703
-0.776358798195
-0.499313493893
-0.726534772467
-0.574475068923
-0.376995516661
-0.670381460364
-0.646405603198
-0.364346667002
-0.607983873580
-0.713314324768
-0.348623412219
-0.540372938509
-0.775494608055
-0.326504517895
-0.468555376042
-0.832771972023
-0.294867261992
-0.465694585954
-0.800901187660
-0.376411796067
-0.460737401639
-0.761636876082
-0.455664696595
-0.454047455175
-0.714491256153
-0.532299871622
-0.661124510136
-0.606044294355
-0.442294805958
-0.601578080470
-0.675307201362
-0.426689579070
-0.535695413614
-0.740238464923
-0.406297229724
-0.528624163860
-0.697646612484
-0.483575947989
-0.518023041929
-0.647379528149
-0.559063390470
-0.590918753303
-0.630366201755
-0.503441633836
0.102000556665
-0.607124814160
0.788032579574
0.076684106906
-0.534466148784
0.841703916797
0.214927036083
-0.734672021598
0.643477575244
0.202698938742
-0.676383061444
0.708109521490
0.185776556947
-0.612223093123
0.768550554704
0.162024882169
-0.540600257845
0.825529707991
0.306042054463
-0.785283554167
0.538208138599
0.297543918214
-0.732963087180
0.611745641231
0.284979973432
-0.675360144758
0.680202241701
0.268337546336
-0.611731483122
0.744163660617
0.244630503544
-0.542679848257
0.803526290193
0.212836698207
-0.467876494331
0.857783262805
0.420469232271
-0.389001937022
0.819684767277
0.499313493893
-0.384646657703
0.776358798195
0.376995516661
-0.726534772467
0.574475068923
0.364346667002
-0.670381460364
0.646405603198
0.348623412219
-0.607983873580
0.713314324768
0.326504517895
-0.540372938509
0.775494608055
0.294867261992
-0.468555376042
0.832771972023
0.376411796067
-0.465694585954
0.800901187660
0.455664696595
-0.460737401639
0.761636876082
0.532299871622
-0.454047455175
0.714491256153
0.442294805958
-0.661124510136
0.606044294355
0.426689579070
-0.601578080470
0.675307201362
0.406297229724
-0.535695413614
0.740238464923
0.483575947989
-0.528624163860
0.697646612484
0.559063390470
-0.518023041929
0.647379528149
0.503441633836
-0.590918753303
0.630366201755
-0.774143355947
-0.065638097130
0.629598050067
-0.807769842360
0.012156453347
0.589372634600
-0.640146915795
-0.206207256443
0.740061141790
-0.680537028087
-0.130513213858
0.720996292925
-0.718069521442
-0.053615496081
0.693903120728
-0.753909788879
0.025478500337
0.656483721239
-0.525064467047
-0.271631475602
0.806550461476
-0.572638711072
-0.195160645861
0.796239429373
-0.616502948486
-0.118213058736
0.778427766240
-0.656907699146
-0.039898473485
0.752914594503
-0.695448468037
0.038320908289
0.717553437935
-0.732124676013
0.116141752993
0.671196358739
-0.573112500007
0.225065344126
0.787964246149
-0.497293068586
0.231290071320
0.836184493306
-0.500773926970
-0.184043422018
0.845785725157
-0.547939048711
-0.106557880602
0.829703692278
-0.590649054201
-0.027481564635
0.806460450596
-0.631120479314
0.051471858243
0.773975185907
-0.671084620812
0.128435719028
0.730171005852
-0.603644314846
0.140013401472
0.784862910680
-0.530720515046
0.148882185155
0.834367922354
-0.452194012651
0.154403227022
0.878453310317
-0.473451439528
-0.095162205356
0.875664255911
-0.518888063099
-0.017178958608
0.854669562670
-0.561255869766
0.062285287791
0.825295335973
-0.485973841843
0.070590560041
0.871117901249
-0.404287268282
0.077360408264
0.911354580796
-0.440860090047
-0.007308192308
0.897546083123
0.398919585382
-0.916710487595
-0.022473235907
0.477451596576
-0.876940847916
-0.054906485816
0.186094635864
-0.982517045087
-0.005389120192
0.262509306700
-0.963897568973
-0.044613231481
0.339694841194
-0.936982277291
-0.081680027605
0.419800455204
-0.900188091858
-0.115883463394
0.039732539765
-0.998984005847
-0.021266907309
0.119642610696
-0.990798541695
-0.063276342193
0.199107424378
-0.974542610130
-0.103067621481
0.278836850588
-0.949903858196
-0.141183111381
0.360053876805
-0.916395347779
-0.174873589678
0.442961099979
-0.873181823358
-0.203319864408
0.332696081238
-0.854483699918
-0.398962309127
0.259568360466
-0.853661437142
-0.451537835603
0.051750743576
-0.991514533843
-0.119250952690
0.133620520779
-0.978142107694
-0.159322231914
0.214894355717
-0.956257007429
-0.198476577016
0.297151636715
-0.925813639351
-0.233602247398
0.381501472807
-0.886574243076
-0.261615629810
0.315829232350
-0.893523069923
-0.319168324726
0.245969140944
-0.894370960896
-0.373630520715
0.171577252847
-0.889067442001
-0.424405855142
0.064854021468
-0.974559722840
-0.214539745775
0.147092362481
-0.956194822480
-0.253091482200
0.230177896535
-0.929058674636
-0.289599922358
0.159266141303
-0.925922424441
-0.342493737389
0.084131421414
-0.915539297061
-0.393331538867
0.075652215916
-0.948818435126
-0.306627329819
0.916710487595
0.022473235907
0.398919585382
0.876940847915
0.054906485816
0.477451596576
0.982517045087
0.005389120192
0.186094635864
0.963897568973
0.044613231481
0.262509306700
0.936982277291
0.081680027605
0.339694841194
0.900188091858
0.115883463394
0.419800455204
0.998984005847
0.021266907309
0.039732539765
0.990798541695
0.063276342193
0.119642610696
0.974542610130
0.103067621481
0.199107424378
0.949903858196
0.141183111381
0.278836850588
0.916395347779
0.174873589678
0.360053876805
0.873181823358
0.203319864408
0.442961099979
0.854483699918
0.398962309127
0.332696081238
0.853661437142
0.451537835603
0.259568360466
0.991514533843
0.119250952690
0.051750743576
0.978142107694
0.159322231914
0.133620520779
0.956257007429
0.198476577016
0.214894355717
0.925813639351
0.233602247398
0.297151636715
0.886574243076
0.261615629810
0.381501472807
0.893523069923
0.319168324726
0.315829232350
0.894370960896
0.373630520715
0.245969140944
0.889067442001
0.424405855142
0.171577252847
0.974559722840
0.214539745775
0.064854021468
0.956194822480
0.253091482200
0.147092362481
0.929058674636
0.289599922358
0.230177896535
0.925922424441
0.342493737389
0.159266141303
0.915539297061
0.393331538867
0.084131421414
0.948818435126
0.306627329819
0.075652215916
0.128677908020
-0.464557682512
0.876143912612
0.035236931118
-0.465295143229
0.884453949266
0.339039469843
-0.392301892307
0.855073951878
0.255788047483
-0.393022520557
0.883235966828
0.168431722587
-0.393310337275
0.903846078389
0.074658383867
-0.394321954867
0.915934671048
0.460775867247
-0.311364015367
0.831106521510
0.379052900463
-0.314803256557
0.870182629286
0.294340368430
-0.317320483114
0.901482921918
0.205740197578
-0.318735324073
0.925245245483
0.112869057586
-0.321732968516
0.940078971582
0.015398560552
-0.326819346986
0.944961374220
0.034798932641
-0.107630737111
0.993581732278
0.077302638947
-0.028278289146
0.996606562478
0.417039464920
-0.235794165594
0.877769443630
0.331736504497
-0.240178401380
0.912285715713
0.242942682660
-0.242375920353
0.939272466420
0.150319031296
-0.245679778472
0.957624997209
0.053802271053
-0.253065753779
0.965951882805
0.092621882264
-0.175815830878
0.980056110913
0.132734084814
-0.097086955789
0.986385211641
0.174576185848
-0.017174025825
0.984493884273
0.368515428485
-0.160016226824
0.915746245486
0.280887621118
-0.164271321089
0.945577642169
0.188820209714
-0.167892608744
0.967553099490
0.228275811958
-0.088675581262
0.969549789832
0.268159768912
-0.006771013150
0.963350658752
0.318452233370
-0.082960408225
0.944301723883
0.774143355947
-0.065638097130
-0.629598050067
0.807769842360
0.012156453347
-0.589372634600
0.640146915795
-0.206207256443
-0.740061141790
0.680537028087
-0.130513213858
-0.720996292925
0.718069521442
-0.053615496081
-0.693903120728
0.753909788879
0.025478500337
-0.656483721239
0.525064467047
-0.271631475602
-0.806550461476
0.572638711072
-0.195160645861
-0.796239429373
0.616502948486
-0.118213058736
-0.778427766240
0.656907699146
-0.039898473485
-0.752914594503
0.695448468037
0.038320908289
-0.717553437935
0.732124676013
0.116141752993
-0.671196358739
0.573112500007
0.225065344126
-0.787964246149
0.497293068586
0.231290071320
-0.836184493306
0.500773926970
-0.184043422018
-0.845785725157
0.547939048711
-0.106557880602
-0.829703692278
0.590649054201
-0.027481564635
-0.806460450596
0.631120479314
0.051471858243
-0.773975185907
0.671084620812
0.128435719028
-0.730171005852
0.603644314846
0.140013401472
-0.784862910680
0.530720515046
0.148882185155
-0.834367922354
0.452194012651
0.154403227022
-0.878453310317
0.473451439528
-0.095162205356
-0.875664255911
0.518888063099
-0.017178958608
-0.854669562670
0.561255869766
0.062285287791
-0.825295335973
0.485973841843
0.070590560041
-0.871117901249
0.404287268282
0.077360408264
-0.911354580796
0.440860090047
-0.007308192308
-0.897546083123
-0.629598050067
-0.774143355947
0.065638097130
-0.589372634600
-0.807769842360
-0.012156453347
-0.740061141790
-0.640146915795
0.206207256443
-0.720996292925
-0.680537028087
0.130513213858
-0.693903120728
-0.718069521442
0.053615496081
-0.656483721239
-0.753909788879
-0.025478500337
-0.806550461476
-0.525064467047
0.271631475602
-0.796239429373
-0.572638711072
0.195160645861
-0.778427766240
-0.616502948486
0.118213058736
-0.752914594503
-0.656907699146
0.039898473485
-0.717553437935
-0.695448468037
-0.038320908289
-0.671196358739
-0.732124676013
-0.116141752993
-0.787964246149
-0.573112500007
-0.225065344126
-0.836184493306
-0.497293068586
-0.231290071320
-0.845785725157
-0.500773926970
0.184043422018
-0.829703692278
-0.547939048711
0.106557880602
-0.806460450596
-0.590649054201
0.027481564635
-0.773975185907
-0.631120479314
-0.051471858243
-0.730171005852
-0.671084620812
-0.128435719028
-0.784862910680
-0.603644314846
-0.140013401472
-0.834367922354
-0.530720515046
-0.148882185155
-0.878453310317
-0.452194012651
-0.154403227022
-0.875664255911
-0.473451439528
0.095162205356
-0.854669562670
-0.518888063099
0.017178958608
-0.825295335973
-0.561255869766
-0.062285287791
-0.871117901249
-0.485973841843
-0.070590560041
-0.911354580796
-0.404287268282
-0.077360408264
-0.897546083123
-0.440860090047
0.007308192308
0.607124814160
-0.788032579574
0.102000556665
0.534466148784
-0.841703916797
0.076684106906
0.734672021598
-0.643477575244
0.214927036083
0.676383061444
-0.708109521490
0.202698938742
0.612223093123
-0.768550554704
0.185776556947
0.540600257845
-0.825529707991
0.162024882169
0.785283554167
-0.538208138599
0.306042054463
0.732963087180
-0.611745641231
0.297543918214
0.675360144758
-0.680202241701
0.284979973432
0.611731483122
-0.744163660617
0.268337546336
0.542679848257
-0.803526290193
0.244630503544
0.467876494331
-0.857783262805
0.212836698207
0.389001937022
-0.819684767277
0.420469232271
0.384646657703
-0.776358798195
0.499313493893
0.726534772467
-0.574475068923
0.376995516661
0.670381460364
-0.646405603198
0.364346667002
0.607983873580
-0.713314324768
0.348623412219
0.540372938509
-0.775494608055
0.326504517895
0.468555376042
-0.832771972023
0.294867261992
0.465694585954
-0.800901187660
0.376411796067
0.460737401639
-0.761636876082
0.455664696595
0.454047455175
-0.714491256153
0.532299871622
0.661124510136
-0.606044294355
0.442294805958
0.601578080470
-0.675307201362
0.426689579070
0.535695413614
-0.740238464923
0.406297229724
0.528624163860
-0.697646612484
0.483575947989
0.518023041929
-0.647379528149
0.559063390470
0.590918753303
-0.630366201755
0.503441633836
-0.102000556665
-0.607124814160
-0.788032579574
-0.076684106906
-0.534466148784
-0.841703916797
-0.214927036083
-0.734672021598
-0.643477575244
-0.202698938742
-0.676383061444
-0.708109521490
-0.185776556947
-0.612223093123
-0.768550554704
-0.162024882169
-0.540600257845
-0.825529707991
-0.306042054463
-0.785283554167
-0.538208138599
-0.297543918214
-0.732963087180
-0.611745641231
-0.284979973432
-0.675360144758
-0.680202241701
-0.268337546336
-0.611731483122
-0.744163660617
-0.244630503544
-0.542679848257
-0.803526290193
-0.212836698207
-0.467876494331
-0.857783262805
-0.420469232271
-0.389001937022
-0.819684767277
-0.499313493893
-0.384646657703
-0.776358798195
-0.376995516661
-0.726534772467
-0.574475068923
-0.364346667002
-0.670381460364
-0.646405603198
-0.348623412219
-0.607983873580
-0.713314324768
-0.326504517895
-0.540372938509
-0.775494608055
-0.294867261992
-0.468555376042
-0.832771972023
-0.376411796067
-0.465694585954
-0.800901187660
-0.455664696595
-0.460737401639
-0.761636876082
-0.532299871622
-0.454047455175
-0.714491256153
-0.442294805958
-0.661124510136
-0.606044294355
-0.426689579070
-0.601578080470
-0.675307201362
-0.406297229724
-0.535695413614
-0.740238464923
-0.483575947989
-0.528624163860
-0.697646612484
-0.559063390470
-0.518023041929
-0.647379528149
-0.503441633836
-0.590918753303
-0.630366201755
0.102000556665
0.607124814160
-0.788032579574
0.076684106906
0.534466148784
-0.841703916797
0.214927036083
0.734672021598
-0.643477575244
0.202698938742
0.676383061444
-0.708109521490
0.185776556947
0.612223093123
-0.768550554704
0.162024882169
0.540600257845
-0.825529707991
0.306042054463
0.785283554167
-0.538208138599
0.297543918214
0.732963087180
-0.611745641231
0.284979973432
0.675360144758
-0.680202241701
0.268337546336
0.611731483122
-0.744163660617
0.244630503544
0.542679848257
-0.803526290193
0.212836698207
0.467876494331
-0.857783262805
0.420469232271
0.389001937022
-0.819684767277
0.499313493893
0.384646657703
-0.776358798195
0.376995516661
0.726534772467
-0.574475068923
0.364346667002
0.670381460364
-0.646405603198
0.348623412219
0.607983873580
-0.713314324768
0.326504517895
0.540372938509
-0.775494608055
0.294867261992
0.468555376042
-0.832771972023
0.376411796067
0.465694585954
-0.800901187660
0.455664696595
0.460737401639
-0.761636876082
0.532299871622
0.454047455175
-0.714491256153
0.442294805958
0.661124510136
-0.606044294355
0.426689579070
0.601578080470
-0.675307201362
0.406297229724
0.535695413614
-0.740238464923
0.483575947989
0.528624163860
-0.697646612484
0.559063390470
0.518023041929
-0.647379528149
0.503441633836
0.590918753303
-0.630366201755
-0.788032579574
-0.102000556665
-0.607124814160
-0.841703916797
-0.076684106906
-0.534466148784
-0.643477575244
-0.214927036083
-0.734672021598
-0.708109521490
-0.202698938742
-0.676383061444
-0.768550554704
-0.185776556947
-0.612223093123
-0.825529707991
-0.162024882169
-0.540600257845
-0.538208138599
-0.306042054463
-0.785283554167
-0.611745641231
-0.297543918214
-0.732963087180
-0.680202241701
-0.284979973432
-0.675360144758
-0.744163660617
-0.268337546336
-0.611731483122
-0.803526290193
-0.244630503544
-0.542679848257
-0.857783262805
-0.212836698207
-0.467876494331
-0.819684767277
-0.420469232271
-0.389001937022
-0.776358798195
-0.499313493893
-0.384646657703
-0.574475068923
-0.376995516661
-0.726534772467
-0.646405603198
-0.364346667002
-0.670381460364
-0.713314324768
-0.348623412219
-0.607983873580
-0.775494608055
-0.326504517895
-0.540372938509
-0.832771972023
-0.294867261992
-0.468555376042
-0.800901187660
-0.376411796067
-0.465694585954
-0.761636876082
-0.455664696595
-0.460737401639
-0.714491256153
-0.532299871622
-0.454047455175
-0.606044294355
-0.442294805958
-0.661124510136
-0.675307201362
-0.426689579070
-0.601578080470
-0.740238464923
-0.406297229724
-0.535695413614
-0.697646612484
-0.483575947989
-0.528624163860
-0.647379528149
-0.559063390470
-0.518023041929
-0.630366201755
-0.503441633836
-0.590918753303
-0.629598050067
0.774143355947
-0.065638097130
-0.589372634600
0.807769842360
0.012156453347
-0.740061141790
0.640146915795
-0.206207256443
-0.720996292925
0.680537028087
-0.130513213858
-0.693903120728
0.718069521442
-0.053615496081
-0.656483721239
0.753909788879
0.025478500337
-0.806550461476
0.525064467047
-0.271631475602
-0.796239429373
0.572638711072
-0.195160645861
-0.778427766240
0.616502948486
-0.118213058736
-0.752914594503
0.656907699146
-0.039898473485
-0.717553437935
0.695448468037
0.038320908289
-0.671196358739
0.732124676013
0.116141752993
-0.787964246149
0.573112500007
0.225065344126
-0.836184493306
0.497293068586
0.231290071320
-0.845785725157
0.500773926970
-0.184043422018
-0.829703692278
0.547939048711
-0.106557880602
-0.806460450596
0.590649054201
-0.027481564635
-0.773975185907
0.631120479314
0.051471858243
-0.730171005852
0.671084620812
0.128435719028
-0.784862910680
0.603644314846
0.140013401472
-0.834367922354
0.530720515046
0.148882185155
-0.878453310317
0.452194012651
0.154403227022
-0.875664255911
0.473451439528
-0.095162205356
-0.854669562670
0.518888063099
-0.017178958608
-0.825295335973
0.561255869766
0.062285287791
-0.871117901249
0.485973841843
0.070590560041
-0.911354580796
0.404287268282
0.077360408264
-0.897546083123
0.440860090047
-0.007308192308
-0.065638097130
0.629598050067
-0.774143355947
0.012156453347
0.589372634600
-0.807769842360
-0.206207256443
0.740061141790
-0.640146915795
-0.130513213858
0.720996292925
-0.680537028087
-0.053615496081
0.693903120728
-0.718069521442
0.025478500337
0.656483721239
-0.753909788879
-0.271631475602
0.806550461476
-0.525064467047
-0.195160645861
0.796239429373
-0.572638711072
-0.118213058736
0.778427766240
-0.616502948486
-0.039898473485
0.752914594503
-0.656907699146
0.038320908289
0.717553437935
-0.695448468037
0.116141752993
0.671196358739
-0.732124676013
0.225065344126
0.787964246149
-0.573112500007
0.231290071320
0.836184493306
-0.497293068586
-0.184043422018
0.845785725157
-0.500773926970
-0.106557880602
0.829703692278
-0.547939048711
-0.027481564635
0.806460450596
-0.590649054201
0.051471858243
0.773975185907
-0.631120479314
0.128435719028
0.730171005852
-0.671084620812
0.140013401472
0.784862910680
-0.603644314846
0.148882185155
0.834367922354
-0.530720515046
0.154403227022
0.878453310317
-0.452194012651
-0.095162205356
0.875664255911
-0.473451439528
-0.017178958608
0.854669562670
-0.518888063099
0.062285287791
0.825295335973
-0.561255869766
0.070590560041
0.871117901249
-0.485973841843
0.077360408264
0.911354580796
-0.404287268282
-0.007308192308
0.897546083123
-0.440860090047
0.142567131648
-0.500920142047
-0.853670676704
0.069171005555
-0.554135703482
-0.829547463451
0.342370129291
-0.401021671947
-0.849684831686
0.283360540887
-0.465208245441
-0.838622735348
0.218912755849
-0.525471398141
-0.822166050784
0.146278302978
-0.581825337373
-0.800051207654
0.473919538800
-0.345774594229
-0.809839614201
0.418159830623
-0.417186528910
-0.806906287093
0.358039661645
-0.484087397810
-0.798415300436
0.292996159049
-0.547174396925
-0.784062134102
0.220946879742
-0.604684380349
-0.765205381904
0.141057147345
-0.655797798187
-0.741641509812
0.281371199911
-0.753165313508
-0.594619423151
0.356368368556
-0.758881854359
-0.545068726875
0.490740606873
-0.428746260237
-0.758518490940
0.430203058983
-0.497967187781
-0.752963483799
0.365607953227
-0.563517767936
-0.740795889404
0.294693160037
-0.623656154610
-0.724022749811
0.215489622263
-0.676368734799
-0.704336252995
0.289878755077
-0.692241028417
-0.660887786187
0.363650445850
-0.701633837540
-0.612754690927
0.436873429350
-0.703877124470
-0.560088029131
0.501108283312
-0.507148827426
-0.701206499711
0.437306759381
-0.573781941552
-0.692486159969
0.367802804870
-0.636475126259
-0.677953177132
0.439948582598
-0.642842089292
-0.627056052443
0.511252028779
-0.643194811884
-0.570019119885
0.507958345078
-0.579093849752
-0.637674394064
-0.876143912612
-0.128677908020
-0.464557682512
-0.884453949266
-0.035236931118
-0.465295143229
-0.855073951878
-0.339039469843
-0.392301892307
-0.883235966828
-0.255788047483
-0.393022520557
-0.903846078389
-0.168431722587
-0.393310337275
-0.915934671048
-0.074658383867
-0.394321954867
-0.831106521510
-0.460775867247
-0.311364015367
-0.870182629286
-0.379052900463
-0.314803256557
-0.901482921918
-0.294340368430
-0.317320483114
-0.925245245483
-0.205740197578
-0.318735324073
-0.940078971582
-0.112869057586
-0.321732968516
-0.944961374220
-0.015398560552
-0.326819346986
-0.993581732278
-0.034798932641
-0.107630737111
-0.996606562478
-0.077302638947
-0.028278289146
-0.877769443630
-0.417039464920
-0.235794165594
-0.912285715713
-0.331736504497
-0.240178401380
-0.939272466420
-0.242942682660
-0.242375920353
-0.957624997209
-0.150319031296
-0.245679778472
-0.965951882805
-0.053802271053
-0.253065753779
-0.980056110913
-0.092621882264
-0.175815830878
-0.986385211641
-0.132734084814
-0.097086955789
-0.984493884273
-0.174576185848
-0.017174025825
-0.915746245486
-0.368515428485
-0.160016226824
-0.945577642169
-0.280887621118
-0.164271321089
-0.967553099490
-0.188820209714
-0.167892608744
-0.969549789832
-0.228275811958
-0.088675581262
-0.963350658752
-0.268159768912
-0.006771013150
-0.944301723883
-0.318452233370
-0.082960408225
-0.142567131648
0.500920142047
-0.853670676704
-0.069171005555
0.554135703482
-0.829547463451
-0.342370129291
0.401021671947
-0.849684831686
-0.283360540887
0.465208245441
-0.838622735348
-0.218912755849
0.525471398141
-0.822166050784
-0.146278302978
0.581825337373
-0.800051207654
-0.473919538800
0.345774594229
-0.809839614201
-0.418159830623
0.417186528910
-0.806906287093
-0.358039661645
0.484087397810
-0.798415300436
-0.292996159049
0.547174396925
-0.784062134102
-0.220946879742
0.604684380349
-0.765205381904
-0.141057147345
0.655797798187
-0.741641509812
-0.281371199911
0.753165313508
-0.594619423151
-0.356368368556
0.758881854359
-0.545068726875
-0.490740606873
0.428746260237
-0.758518490940
-0.430203058983
0.497967187781
-0.752963483799
-0.365607953227
0.563517767936
-0.740795889404
-0.294693160037
0.623656154610
-0.724022749811
-0.215489622263
0.676368734799
-0.704336252995
-0.289878755077
0.692241028417
-0.660887786187
-0.363650445850
0.701633837540
-0.612754690927
-0.436873429350
0.703877124470
-0.560088029131
-0.501108283312
0.507148827426
-0.701206499711
-0.437306759381
0.573781941552
-0.692486159969
-0.367802804870
0.636475126259
-0.677953177132
-0.439948582598
0.642842089292
-0.627056052443
-0.511252028779
0.643194811884
-0.570019119885
-0.507958345078
0.579093849752
-0.637674394064
0.876143912612
0.128677908020
-0.464557682512
0.884453949266
0.035236931118
-0.465295143229
0.855073951878
0.339039469843
-0.392301892307
0.883235966828
0.255788047483
-0.393022520557
0.903846078389
0.168431722587
-0.393310337275
0.915934671048
0.074658383867
-0.394321954867
0.831106521510
0.460775867247
-0.311364015367
0.870182629286
0.379052900463
-0.314803256557
0.901482921918
0.294340368430
-0.317320483114
0.925245245483
0.205740197578
-0.318735324073
0.940078971582
0.112869057586
-0.321732968516
0.944961374220
0.015398560552
-0.326819346986
0.993581732278
0.034798932641
-0.107630737111
0.996606562478
0.077302638947
-0.028278289146
0.877769443630
0.417039464920
-0.235794165594
0.912285715713
0.331736504497
-0.240178401380
0.939272466420
0.242942682660
-0.242375920353
0.957624997209
0.150319031296
-0.245679778472
0.965951882805
0.053802271053
-0.253065753779
0.980056110913
0.092621882264
-0.175815830878
0.986385211641
0.132734084814
-0.097086955789
0.984493884273
0.174576185848
-0.017174025825
0.915746245486
0.368515428485
-0.160016226824
0.945577642169
0.280887621118
-0.164271321089
0.967553099490
0.188820209714
-0.167892608744
0.969549789832
0.228275811958
-0.088675581262
0.963350658752
0.268159768912
-0.006771013150
0.944301723883
0.318452233370
-0.082960408225
0.065638097130
-0.629598050067
-0.774143355947
-0.012156453347
-0.589372634600
-0.807769842360
0.206207256443
-0.740061141790
-0.640146915795
0.130513213858
-0.720996292925
-0.680537028087
0.053615496081
-0.693903120728
-0.718069521442
-0.025478500337
-0.656483721239
-0.753909788879
0.271631475602
-0.806550461476
-0.525064467047
0.195160645861
-0.796239429373
-0.572638711072
0.118213058736
-0.778427766240
-0.616502948486
0.039898473485
-0.752914594503
-0.656907699146
-0.038320908289
-0.717553437935
-0.695448468037
-0.116141752993
-0.671196358739
-0.732124676013
-0.225065344126
-0.787964246149
-0.573112500007
-0.231290071320
-0.836184493306
-0.497293068586
0.184043422018
-0.845785725157
-0.500773926970
0.106557880602
-0.829703692278
-0.547939048711
0.027481564635
-0.806460450596
-0.590649054201
-0.051471858243
-0.773975185907
-0.631120479314
-0.128435719028
-0.730171005852
-0.671084620812
-0.140013401472
-0.784862910680
-0.603644314846
-0.148882185155
-0.834367922354
-0.530720515046
-0.154403227022
-0.878453310317
-0.452194012651
0.095162205356
-0.875664255911
-0.473451439528
0.017178958608
-0.854669562670
-0.518888063099
-0.062285287791
-0.825295335973
-0.561255869766
-0.070590560041
-0.871117901249
-0.485973841843
-0.077360408264
-0.911354580796
-0.404287268282
0.007308192308
-0.897546083123
-0.440860090047
0.788032579574
0.102000556665
-0.607124814160
0.841703916797
0.076684106906
-0.534466148784
0.643477575244
0.214927036083
-0.734672021598
0.708109521490
0.202698938742
-0.676383061444
0.768550554704
0.185776556947
-0.612223093123
0.825529707991
0.162024882169
-0.540600257845
0.538208138599
0.306042054463
-0.785283554167
0.611745641231
0.297543918214
-0.732963087180
0.680202241701
0.284979973432
-0.675360144758
0.744163660617
0.268337546336
-0.611731483122
0.803526290193
0.244630503544
-0.542679848257
0.857783262805
0.212836698207
-0.467876494331
0.819684767277
0.420469232271
-0.389001937022
0.776358798195
0.499313493893
-0.384646657703
0.574475068923
0.376995516661
-0.726534772467
0.646405603198
0.364346667002
-0.670381460364
0.713314324768
0.348623412219
-0.607983873580
0.775494608055
0.326504517895
-0.540372938509
0.832771972023
0.294867261992
-0.468555376042
0.800901187660
0.376411796067
-0.465694585954
0.761636876082
0.455664696595
-0.460737401639
0.714491256153
0.532299871622
-0.454047455175
0.606044294355
0.442294805958
-0.661124510136
0.675307201362
0.426689579070
-0.601578080470
0.740238464923
0.406297229724
-0.535695413614
0.697646612484
0.483575947989
-0.528624163860
0.647379528149
0.559063390470
-0.518023041929
0.630366201755
0.503441633836
-0.590918753303
-0.916710487595
0.022473235907
-0.398919585382
-0.876940847915
0.054906485816
-0.477451596576
-0.982517045087
0.005389120192
-0.186094635864
-0.963897568973
0.044613231481
-0.262509306700
-0.936982277291
0.081680027605
-0.339694841194
-0.900188091858
0.115883463394
-0.419800455204
-0.998984005847
0.021266907309
-0.039732539765
-0.990798541695
0.063276342193
-0.119642610696
-0.974542610130
0.103067621481
-0.199107424378
-0.949903858196
0.141183111381
-0.278836850588
-0.916395347779
0.174873589678
-0.360053876805
-0.873181823358
0.203319864408
-0.442961099979
-0.854483699918
0.398962309127
-0.332696081238
-0.853661437142
0.451537835603
-0.259568360466
-0.991514533843
0.119250952690
-0.051750743576
-0.978142107694
0.159322231914
-0.133620520779
-0.956257007429
0.198476577016
-0.214894355717
-0.925813639351
0.233602247398
-0.297151636715
-0.886574243076
0.261615629810
-0.381501472807
-0.893523069923
0.319168324726
-0.315829232350
-0.894370960896
0.373630520715
-0.245969140944
-0.889067442001
0.424405855142
-0.171577252847
-0.974559722840
0.214539745775
-0.064854021468
-0.956194822480
0.253091482200
-0.147092362481
-0.929058674636
0.289599922358
-0.230177896535
-0.925922424441
0.342493737389
-0.159266141303
-0.915539297061
0.393331538867
-0.084131421414
-0.948818435126
0.306627329819
-0.075652215916
0.022473235907
-0.398919585382
-0.916710487595
0.054906485816
-0.477451596576
-0.876940847916
0.005389120192
-0.186094635864
-0.982517045087
0.044613231481
-0.262509306700
-0.963897568973
0.081680027605
-0.339694841194
-0.936982277291
0.115883463394
-0.419800455204
-0.900188091858
0.021266907309
-0.039732539765
-0.998984005847
0.063276342193
-0.119642610696
-0.990798541695
0.103067621481
-0.199107424378
-0.974542610130
0.141183111381
-0.278836850588
-0.949903858196
0.174873589678
-0.360053876805
-0.916395347779
0.203319864408
-0.442961099979
-0.873181823358
0.398962309127
-0.332696081238
-0.854483699918
0.451537835603
-0.259568360466
-0.853661437142
0.119250952690
-0.051750743576
-0.991514533843
0.159322231914
-0.133620520779
-0.978142107694
0.198476577016
-0.214894355717
-0.956257007429
0.233602247398
-0.297151636715
-0.925813639351
0.261615629810
-0.381501472807
-0.886574243076
0.319168324726
-0.315829232350
-0.893523069923
0.373630520715
-0.245969140944
-0.894370960896
0.424405855142
-0.171577252847
-0.889067442001
0.214539745775
-0.064854021468
-0.974559722840
0.253091482200
-0.147092362481
-0.956194822480
0.289599922358
-0.230177896535
-0.929058674636
0.342493737389
-0.159266141303
-0.925922424441
0.393331538867
-0.084131421414
-0.915539297061
0.306627329819
-0.075652215916
-0.948818435126
0.500920142047
-0.853670676704
-0.142567131648
0.554135703482
-0.829547463451
-0.069171005555
0.401021671947
-0.849684831686
-0.342370129291
0.465208245441
-0.838622735348
-0.283360540887
0.525471398141
-0.822166050784
-0.218912755849
0.581825337373
-0.800051207654
-0.146278302978
0.345774594229
-0.809839614201
-0.473919538800
0.417186528910
-0.806906287093
-0.418159830623
0.484087397810
-0.798415300436
-0.358039661645
0.547174396925
-0.784062134102
-0.292996159049
0.604684380349
-0.765205381904
-0.220946879742
0.655797798187
-0.741641509812
-0.141057147345
0.753165313508
-0.594619423151
-0.281371199911
0.758881854359
-0.545068726875
-0.356368368556
0.428746260237
-0.758518490940
-0.490740606873
0.497967187781
-0.752963483799
-0.430203058983
0.563517767936
-0.740795889404
-0.365607953227
0.623656154610
-0.724022749811
-0.294693160037
0.676368734799
-0.704336252995
-0.215489622263
0.692241028417
-0.660887786187
-0.289878755077
0.701633837540
-0.612754690927
-0.363650445850
0.703877124470
-0.560088029131
-0.436873429350
0.507148827426
-0.701206499711
-0.501108283312
0.573781941552
-0.692486159969
-0.437306759381
0.636475126259
-0.677953177132
-0.367802804870
0.642842089292
-0.627056052443
-0.439948582598
0.643194811884
-0.570019119885
-0.511252028779
0.579093849752
-0.637674394064
-0.507958345078
-0.500920142047
-0.853670676704
0.142567131648
-0.554135703482
-0.829547463451
0.069171005555
-0.401021671947
-0.849684831686
0.342370129291
-0.465208245441
-0.838622735348
0.283360540887
-0.525471398141
-0.822166050784
0.218912755849
-0.581825337373
-0.800051207654
0.146278302978
-0.345774594229
-0.809839614201
0.473919538800
-0.417186528910
-0.806906287093
0.418159830623
-0.484087397810
-0.798415300436
0.358039661645
-0.547174396925
-0.784062134102
0.292996159049
-0.604684380349
-0.765205381904
0.220946879742
-0.655797798187
-0.741641509812
0.141057147345
-0.753165313508
-0.594619423151
0.281371199911
-0.758881854359
-0.545068726875
0.356368368556
-0.428746260237
-0.758518490940
0.490740606873
-0.497967187781
-0.752963483799
0.430203058983
-0.563517767936
-0.740795889404
0.365607953227
-0.623656154610
-0.724022749811
0.294693160037
-0.676368734799
-0.704336252995
0.215489622263
-0.692241028417
-0.660887786187
0.289878755077
-0.701633837540
-0.612754690927
0.363650445850
-0.703877124470
-0.560088029131
0.436873429350
-0.507148827426
-0.701206499711
0.501108283312
-0.573781941552
-0.692486159969
0.437306759381
-0.636475126259
-0.677953177132
0.367802804870
-0.642842089292
-0.627056052443
0.439948582598
-0.643194811884
-0.570019119885
0.511252028779
-0.579093849752
-0.637674394064
0.507958345078
-0.398919585382
-0.916710487595
0.022473235907
-0.477451596576
-0.876940847916
0.054906485816
-0.186094635864
-0.982517045087
0.005389120192
-0.262509306700
-0.963897568973
0.044613231481
-0.339694841194
-0.936982277291
0.081680027605
-0.419800455204
-0.900188091858
0.115883463394
-0.039732539765
-0.998984005847
0.021266907309
-0.119642610696
-0.990798541695
0.063276342193
-0.199107424378
-0.974542610130
0.103067621481
-0.278836850588
-0.949903858196
0.141183111381
-0.360053876805
-0.916395347779
0.174873589678
-0.442961099979
-0.873181823358
0.203319864408
-0.332696081238
-0.854483699918
0.398962309127
-0.259568360466
-0.853661437142
0.451537835603
-0.051750743576
-0.991514533843
0.119250952690
-0.133620520779
-0.978142107694
0.159322231914
-0.214894355717
-0.956257007429
0.198476577016
-0.297151636715
-0.925813639351
0.233602247398
-0.381501472807
-0.886574243076
0.261615629810
-0.315829232350
-0.893523069923
0.319168324726
-0.245969140944
-0.894370960896
0.373630520715
-0.171577252847
-0.889067442001
0.424405855142
-0.064854021468
-0.974559722840
0.214539745775
-0.147092362481
-0.956194822480
0.253091482200
-0.230177896535
-0.929058674636
0.289599922358
-0.159266141303
-0.925922424441
0.342493737389
-0.084131421414
-0.915539297061
0.393331538867
-0.075652215916
-0.948818435126
0.306627329819
0.398919585382
0.916710487595
0.022473235907
0.477451596576
0.876940847915
0.054906485816
0.186094635864
0.982517045087
0.005389120192
0.262509306700
0.963897568973
0.044613231481
0.339694841194
0.936982277291
0.081680027605
0.419800455204
0.900188091858
0.115883463394
0.039732539765
0.998984005847
0.021266907309
0.119642610696
0.990798541695
0.063276342193
0.199107424378
0.974542610130
0.103067621481
0.278836850588
0.949903858196
0.141183111381
0.360053876805
0.916395347779
0.174873589678
0.442961099979
0.873181823358
0.203319864408
0.332696081238
0.854483699918
0.398962309127
0.259568360466
0.853661437142
0.451537835603
0.051750743576
0.991514533843
0.119250952690
0.133620520779
0.978142107694
0.159322231914
0.214894355717
0.956257007429
0.198476577016
0.297151636715
0.925813639351
0.233602247398
0.381501472807
0.886574243076
0.261615629810
0.315829232350
0.893523069923
0.319168324726
0.245969140944
0.894370960896
0.373630520715
0.171577252847
0.889067442001
0.424405855142
0.064854021468
0.974559722840
0.214539745775
0.147092362481
0.956194822480
0.253091482200
0.230177896535
0.929058674636
0.289599922358
0.159266141303
0.925922424441
0.342493737389
0.084131421414
0.915539297061
0.393331538867
0.075652215916
0.948818435126
0.306627329819
-0.128677908020
-0.464557682512
-0.876143912612
-0.035236931118
-0.465295143229
-0.884453949266
-0.339039469843
-0.392301892307
-0.855073951878
-0.255788047483
-0.393022520557
-0.883235966828
-0.168431722587
-0.393310337275
-0.903846078389
-0.074658383867
-0.394321954867
-0.915934671048
-0.460775867247
-0.311364015367
-0.831106521510
-0.379052900463
-0.314803256557
-0.870182629286
-0.294340368430
-0.317320483114
-0.901482921918
-0.205740197578
-0.318735324073
-0.925245245483
-0.112869057586
-0.321732968516
-0.940078971582
-0.015398560552
-0.326819346986
-0.944961374220
-0.034798932641
-0.107630737111
-0.993581732278
-0.077302638947
-0.028278289146
-0.996606562478
-0.417039464920
-0.235794165594
-0.877769443630
-0.331736504497
-0.240178401380
-0.912285715713
-0.242942682660
-0.242375920353
-0.939272466420
-0.150319031296
-0.245679778472
-0.957624997209
-0.053802271053
-0.253065753779
-0.965951882805
-0.092621882264
-0.175815830878
-0.980056110913
-0.132734084814
-0.097086955789
-0.986385211641
-0.174576185848
-0.017174025825
-0.984493884273
-0.368515428485
-0.160016226824
-0.915746245486
-0.280887621118
-0.164271321089
-0.945577642169
-0.188820209714
-0.167892608744
-0.967553099490
-0.228275811958
-0.088675581262
-0.969549789832
-0.268159768912
-0.006771013150
-0.963350658752
-0.318452233370
-0.082960408225
-0.944301723883
0.629598050067
-0.774143355947
-0.065638097130
0.589372634600
-0.807769842360
0.012156453347
0.740061141790
-0.640146915795
-0.206207256443
0.720996292925
-0.680537028087
-0.130513213858
0.693903120728
-0.718069521442
-0.053615496081
0.656483721239
-0.753909788879
0.025478500337
0.806550461476
-0.525064467047
-0.271631475602
0.796239429373
-0.572638711072
-0.195160645861
0.778427766240
-0.616502948486
-0.118213058736
0.752914594503
-0.656907699146
-0.039898473485
0.717553437935
-0.695448468037
0.038320908289
0.671196358739
-0.732124676013
0.116141752993
0.787964246149
-0.573112500007
0.225065344126
0.836184493306
-0.497293068586
0.231290071320
0.845785725157
-0.500773926970
-0.184043422018
0.829703692278
-0.547939048711
-0.106557880602
0.806460450596
-0.590649054201
-0.027481564635
0.773975185907
-0.631120479314
0.051471858243
0.730171005852
-0.671084620812
0.128435719028
0.784862910680
-0.603644314846
0.140013401472
0.834367922354
-0.530720515046
0.148882185155
0.878453310317
-0.452194012651
0.154403227022
0.875664255911
-0.473451439528
-0.095162205356
0.854669562670
-0.518888063099
-0.017178958608
0.825295335973
-0.561255869766
0.062285287791
0.871117901249
-0.485973841843
0.070590560041
0.911354580796
-0.404287268282
0.077360408264
0.897546083123
-0.440860090047
-0.007308192308
