0.507174339145
0.851373967715
0.133927431135
0.554561187979
0.829740123823
0.063191895882
0.421005376615
0.847349605989
0.323655863677
0.478442224674
0.836733684875
0.266401535740
0.532506160904
0.821436869446
0.204153516046
0.582777108531
0.801502641290
0.134031182104
0.375540483277
0.810940732248
0.448714245596
0.439075745177
0.807635695674
0.393620468309
0.499192530289
0.798910959624
0.335481886689
0.555296915118
0.785810237750
0.272300580806
0.606682957150
0.768671227619
0.202682839269
0.651985910721
0.747686602641
0.126012366268
0.749829318374
0.611663188785
0.252238254020
0.759791808203
0.565275906119
0.321215750157
0.388526109047
0.763877557591
0.515304317465
0.453360242769
0.762952091172
0.460834674099
0.515287110116
0.756817827933
0.402126807701
0.573983306997
0.745194979478
0.339451919792
0.627119426150
0.730389880948
0.270650784508
0.673916882370
0.712728921790
0.194559810089
0.691858492326
0.672445173841
0.262962572954
0.704753650818
0.627461832482
0.331079960790
0.711298057344
0.578913090751
0.398641075376
0.464273096994
0.712708176114
0.525830340613
0.527073372621
0.709520387929
0.467733341753
0.587024609093
0.700570493471
0.405713066092
0.642913806718
0.687271713279
0.338111563331
0.652687658556
0.640366183128
0.404882664330
0.656858277507
0.588917427231
0.470864595372
0.534601550549
0.656317282002
0.532399105461
0.595139133278
0.650994637515
0.471185095230
0.598057303578
0.595994358417
0.535834103406
0.525731112119
0.850650808352
0.000000000000
0.000000000000
0.525731112119
-0.850650808352
-0.525731112119
0.850650808352
0.000000000000
0.000000000000
0.525731112119
0.850650808352
0.850650808352
-0.000000000000
0.525731112119
-0.850650808352
-0.000000000000
0.525731112119
-0.000000000000
-0.525731112119
0.850650808352
-0.850650808352
-0.000000000000
-0.525731112119
-0.525731112119
-0.850650808352
0.000000000000
0.850650808352
-0.000000000000
-0.525731112119
0.525731112119
-0.850650808352
0.000000000000
0.000000000000
-0.525731112119
-0.850650808352
1.000000000000
0.000000000000
0.000000000000
-0.500000000000
-0.309016994375
-0.809016994375
-1.000000000000
0.000000000000
0.000000000000
0.500000000000
-0.309016994375
0.809016994375
0.500000000000
0.309016994375
-0.809016994375
-0.500000000000
0.309016994375
-0.809016994375
-0.500000000000
-0.309016994375
0.809016994375
0.809016994375
-0.500000000000
-0.309016994375
-0.309016994375
-0.809016994375
0.500000000000
-0.309016994375
0.809016994375
-0.500000000000
-0.809016994375
0.500000000000
0.309016994375
0.000000000000
-1.000000000000
0.000000000000
0.809016994375
0.500000000000
-0.309016994375
-0.000000000000
1.000000000000
0.000000000000
-0.809016994375
-0.500000000000
0.309016994375
0.809016994375
0.500000000000
0.309016994375
0.309016994375
0.809016994375
-0.500000000000
-0.309016994375
-0.809016994375
-0.500000000000
0.000000000000
-0.000000000000
1.000000000000
0.309016994375
0.809016994375
0.500000000000
0.000000000000
0.000000000000
-1.000000000000
0.309016994375
-0.809016994375
0.500000000000
-0.309016994375
0.809016994375
0.500000000000
0.309016994375
-0.809016994375
-0.500000000000
-0.809016994375
0.500000000000
-0.309016994375
-0.809016994375
-0.500000000000
-0.309016994375
0.809016994375
-0.500000000000
0.309016994375
0.500000000000
0.309016994375
0.809016994375
0.500000000000
-0.309016994375
-0.809016994375
-0.500000000000
0.309016994375
0.809016994375
0.117851422820
0.465086802975
-0.877385495570
0.030246522862
0.468309081640
-0.883046857142
0.313185834164
0.393594483486
-0.864290469604
0.234867185796
0.395884224709
-0.887757334896
0.152748535956
0.397926175836
-0.904611874423
0.064722887028
0.401325636319
-0.913645818426
0.425841676362
0.315659319613
-0.847949326678
0.348480930834
0.320898901832
-0.880673001544
0.268691346008
0.324332624659
-0.906980324573
0.185476057710
0.327987362595
-0.926295267177
0.098164855283
0.333051322639
-0.937784878144
0.007001057134
0.340410258363
-0.940250945865
0.018164695115
0.137016785293
-0.990402162962
0.054652958138
0.061921358562
-0.996583563742
0.458678042497
0.240276596526
-0.855500795144
0.381908123625
0.246727851013
-0.890657932454
0.301553436742
0.251982606585
-0.919548960506
0.217908631168
0.255778846275
-0.941856151576
0.131104256865
0.261781873769
-0.956180905686
0.040689100815
0.271078135618
-0.961696959268
0.074608930743
0.198742255115
-0.977207768842
0.109368858926
0.124306450454
-0.986197930982
0.145752359271
0.049226803210
-0.988095628779
0.413508071666
0.170209579198
-0.894449424963
0.334121393729
0.177272751391
-0.925709061135
0.251204649002
0.182516321604
-0.950570363870
0.164459736527
0.188287421937
-0.968246271256
0.199097160102
0.113934214096
-0.973334123360
0.234493814249
0.038031538582
-0.971373385034
0.366232342674
0.099571317773
-0.925180751992
0.284795589137
0.107165071181
-0.952579193520
0.318642629335
0.029442642392
-0.947417545531
-0.507174339145
0.851373967715
-0.133927431135
-0.554561187979
0.829740123823
-0.063191895882
-0.421005376615
0.847349605989
-0.323655863677
-0.478442224674
0.836733684875
-0.266401535740
-0.532506160904
0.821436869446
-0.204153516046
-0.582777108531
0.801502641290
-0.134031182104
-0.375540483277
0.810940732248
-0.448714245596
-0.439075745177
0.807635695674
-0.393620468309
-0.499192530289
0.798910959624
-0.335481886689
-0.555296915118
0.785810237750
-0.272300580806
-0.606682957150
0.768671227619
-0.202682839269
-0.651985910721
0.747686602641
-0.126012366268
-0.749829318374
0.611663188785
-0.252238254020
-0.759791808203
0.565275906119
-0.321215750157
-0.388526109047
0.763877557591
-0.515304317465
-0.453360242769
0.762952091172
-0.460834674099
-0.515287110116
0.756817827933
-0.402126807701
-0.573983306997
0.745194979478
-0.339451919792
-0.627119426150
0.730389880948
-0.270650784508
-0.673916882370
0.712728921790
-0.194559810089
-0.691858492326
0.672445173841
-0.262962572954
-0.704753650818
0.627461832482
-0.331079960790
-0.711298057344
0.578913090751
-0.398641075376
-0.464273096994
0.712708176114
-0.525830340613
-0.527073372621
0.709520387929
-0.467733341753
-0.587024609093
0.700570493471
-0.405713066092
-0.642913806718
0.687271713279
-0.338111563331
-0.652687658556
0.640366183128
-0.404882664330
-0.656858277507
0.588917427231
-0.470864595372
-0.534601550549
0.656317282002
-0.532399105461
-0.595139133278
0.650994637515
-0.471185095230
-0.598057303578
0.595994358417
-0.535834103406
-0.117851422820
0.465086802975
0.877385495570
-0.030246522862
0.468309081640
0.883046857142
-0.313185834164
0.393594483486
0.864290469604
-0.234867185796
0.395884224709
0.887757334896
-0.152748535956
0.397926175836
0.904611874423
-0.064722887028
0.401325636319
0.913645818426
-0.425841676362
0.315659319613
0.847949326678
-0.348480930834
0.320898901832
0.880673001544
-0.268691346008
0.324332624659
0.906980324573
-0.185476057710
0.327987362595
0.926295267177
-0.098164855283
0.333051322639
0.937784878144
-0.007001057134
0.340410258363
0.940250945865
-0.018164695115
0.137016785293
0.990402162962
-0.054652958138
0.061921358562
0.996583563742
-0.458678042497
0.240276596526
0.855500795144
-0.381908123625
0.246727851013
0.890657932454
-0.301553436742
0.251982606585
0.919548960506
-0.217908631168
0.255778846275
0.941856151576
-0.131104256865
0.261781873769
0.956180905686
-0.040689100815
0.271078135618
0.961696959268
-0.074608930743
0.198742255115
0.977207768842
-0.109368858926
0.124306450454
0.986197930982
-0.145752359271
0.049226803210
0.988095628779
-0.413508071666
0.170209579198
0.894449424963
-0.334121393729
0.177272751391
0.925709061135
-0.251204649002
0.182516321604
0.950570363870
-0.164459736527
0.188287421937
0.968246271256
-0.199097160102
0.113934214096
0.973334123360
-0.234493814249
0.038031538582
0.971373385034
-0.366232342674
0.099571317773
0.925180751992
-0.284795589137
0.107165071181
0.952579193520
-0.318642629335
0.029442642392
0.947417545531
0.625025761966
0.778537782789
0.056760176611
0.584807710841
0.811046744653
-0.014251993850
0.734191210778
0.653790115681
0.183089460795
0.713309410470
0.691577781211
0.113621553721
0.685254696860
0.727033082494
0.042998806862
0.647499995559
0.761501697257
-0.029307351043
0.801382159639
0.547756102430
0.240312060584
0.787556676011
0.592262635987
0.170233522212
0.767883876297
0.632850575308
0.099269843635
0.740772972828
0.671179729986
0.027805984668
0.704847812433
0.708002010553
-0.043848766920
0.658986967855
0.743359711375
-0.114684417868
0.767994013489
0.600436789809
-0.222847159929
0.814444766341
0.531498520405
-0.232785406304
0.847204151545
0.480398937434
0.226852345189
0.835268366394
0.526919890192
0.157105650506
0.816840546859
0.570447554601
0.085796902373
0.791891938165
0.610520038974
0.013131651880
0.758223683015
0.649362994135
-0.058519640830
0.714605983184
0.687581674515
-0.128723461999
0.766467423069
0.626334318777
-0.142242787147
0.814122509744
0.559868160356
-0.154117429737
0.857050416615
0.488833178781
-0.162808804135
0.877781168659
0.457146133202
0.143239773965
0.861194766350
0.503022010236
0.072886429669
0.838229258095
0.545317482256
0.000744594126
0.807373543245
0.585630006325
-0.072010119850
0.851784818658
0.517317371121
-0.082736692221
0.891352091756
0.443992279873
-0.091445633765
0.900833893223
0.429973246451
0.060177272765
0.879934722416
0.474981283582
-0.010376152160
0.916699932912
0.399062383223
-0.020259498878
-0.408326626364
0.912465213924
-0.026011527856
-0.482561075490
0.874238640535
-0.053306733318
-0.210505022691
0.977445979357
-0.016940863615
-0.282262670988
0.957979316951
-0.051023650021
-0.354927368974
0.931186598540
-0.083175004977
-0.430632987363
0.895532879361
-0.112143177136
-0.075347259029
0.996470348026
-0.037008594430
-0.150665379620
0.985883104295
-0.073037305870
-0.225062781024
0.968332461997
-0.108069364949
-0.300181377927
0.943480310792
-0.140485029426
-0.376900089559
0.910684849823
-0.169113650525
-0.455094676231
0.869372077643
-0.192564343224
-0.359863945222
0.852675043829
-0.378738974177
-0.294706764866
0.852714270561
-0.431307657622
-0.013424251337
0.995703254899
-0.091623237554
-0.089622200507
0.987754564292
-0.127705841282
-0.166185704212
0.972574362302
-0.162731132573
-0.242647194395
0.949971958766
-0.196661172098
-0.320301514600
0.920013778643
-0.225791024738
-0.399801597616
0.882141484603
-0.248968037478
-0.340985042261
0.889296891731
-0.304762595001
-0.278423880192
0.890948121145
-0.358736098499
-0.212035607345
0.887474254156
-0.409182538029
-0.026969805232
0.982976473814
-0.181741248849
-0.104386321722
0.970755351989
-0.216188673206
-0.181771727478
0.951030548347
-0.249999870399
-0.260297541786
0.923741569655
-0.280974557977
-0.196670906317
0.922200035451
-0.332967940232
-0.129477172346
0.914856875244
-0.382455957803
-0.039394045008
0.962372351911
-0.268863469990
-0.117541223341
0.946166378813
-0.301584556004
-0.049702141270
0.934896486629
-0.351423187114
-0.098847712781
0.599014234110
0.794613791103
-0.072000112489
0.531500977523
0.843992117673
-0.210500353923
0.717250347163
0.664260145194
-0.196179553686
0.662285760449
0.723112131154
-0.177578791930
0.602079691883
0.778438062584
-0.152144121169
0.535356818423
0.830809992334
-0.300193224248
0.764373565209
0.570628671664
-0.288410365557
0.714519370141
0.637402173461
-0.274129749265
0.659814511348
0.699641115989
-0.255115537191
0.600287943402
0.758004253082
-0.229782867591
0.535734161909
0.812519994539
-0.196891234490
0.466422624631
0.862371020509
-0.389965373153
0.389255039313
0.834510348714
-0.465085043337
0.383137108718
0.798061312423
-0.375101857710
0.755580913991
0.537025212401
-0.363738042262
0.707562525112
0.605846440666
-0.349101405905
0.654109414285
0.671020925560
-0.331336112602
0.595230766067
0.732063327598
-0.306817911550
0.532432658277
0.788909521778
-0.274115284753
0.465637945706
0.841452383788
-0.350873450065
0.461704828068
0.814687960988
-0.426329770626
0.455386411244
0.781579262220
-0.499262449999
0.447867878586
0.741721894885
-0.437303291761
0.696039919810
0.569468402148
-0.422687050899
0.645006093144
0.636633958260
-0.405252881614
0.588229387696
0.699825899345
-0.382616264932
0.526398985267
0.759281833129
-0.456016752239
0.518816878426
0.723102875349
-0.527381105161
0.508896133953
0.680363060995
-0.495207505542
0.631970423233
0.596140009237
-0.477597909937
0.578350166411
0.661370789675
-0.548355162308
0.565276745798
0.616253857295
0.794613791103
-0.098847712781
0.599014234110
0.843992117673
-0.072000112489
0.531500977523
0.664260145194
-0.210500353923
0.717250347163
0.723112131154
-0.196179553686
0.662285760449
0.778438062584
-0.177578791930
0.602079691883
0.830809992334
-0.152144121169
0.535356818423
0.570628671664
-0.300193224248
0.764373565209
0.637402173461
-0.288410365557
0.714519370141
0.699641115989
-0.274129749265
0.659814511348
0.758004253082
-0.255115537191
0.600287943402
0.812519994539
-0.229782867591
0.535734161909
0.862371020509
-0.196891234490
0.466422624631
0.834510348714
-0.389965373153
0.389255039313
0.798061312423
-0.465085043337
0.383137108718
0.537025212401
-0.375101857710
0.755580913991
0.605846440666
-0.363738042262
0.707562525112
0.671020925560
-0.349101405905
0.654109414285
0.732063327598
-0.331336112602
0.595230766067
0.788909521778
-0.306817911550
0.532432658277
0.841452383788
-0.274115284753
0.465637945706
0.814687960988
-0.350873450065
0.461704828068
0.781579262220
-0.426329770626
0.455386411244
0.741721894885
-0.499262449999
0.447867878586
0.569468402148
-0.437303291761
0.696039919810
0.636633958260
-0.422687050899
0.645006093144
0.699825899345
-0.405252881614
0.588229387696
0.759281833129
-0.382616264932
0.526398985267
0.723102875349
-0.456016752239
0.518816878426
0.680363060995
-0.527381105161
0.508896133953
0.596140009237
-0.495207505542
0.631970423233
0.661370789675
-0.477597909937
0.578350166411
0.616253857295
-0.548355162308
0.565276745798
-0.912465213924
-0.026011527856
0.408326626364
-0.874238640535
-0.053306733318
0.482561075490
-0.977445979357
-0.016940863615
0.210505022691
-0.957979316951
-0.051023650021
0.282262670988
-0.931186598540
-0.083175004977
0.354927368974
-0.895532879361
-0.112143177136
0.430632987363
-0.996470348026
-0.037008594430
0.075347259029
-0.985883104295
-0.073037305870
0.150665379620
-0.968332461997
-0.108069364949
0.225062781024
-0.943480310792
-0.140485029426
0.300181377927
-0.910684849823
-0.169113650525
0.376900089559
-0.869372077643
-0.192564343224
0.455094676231
-0.852675043829
-0.378738974177
0.359863945222
-0.852714270561
-0.431307657622
0.294706764866
-0.995703254899
-0.091623237554
0.013424251337
-0.987754564292
-0.127705841282
0.089622200507
-0.972574362302
-0.162731132573
0.166185704212
-0.949971958766
-0.196661172098
0.242647194395
-0.920013778643
-0.225791024738
0.320301514600
-0.882141484603
-0.248968037478
0.399801597616
-0.889296891731
-0.304762595001
0.340985042261
-0.890948121145
-0.358736098499
0.278423880192
-0.887474254156
-0.409182538029
0.212035607345
-0.982976473814
-0.181741248849
0.026969805232
-0.970755351989
-0.216188673206
0.104386321722
-0.951030548347
-0.249999870399
0.181771727478
-0.923741569655
-0.280974557977
0.260297541786
-0.922200035451
-0.332967940232
0.196670906317
-0.914856875244
-0.382455957803
0.129477172346
-0.962372351911
-0.268863469990
0.039394045008
-0.946166378813
-0.301584556004
0.117541223341
-0.934896486629
-0.351423187114
0.049702141270
0.599014234110
0.794613791103
-0.098847712781
0.531500977523
0.843992117673
-0.072000112489
0.717250347163
0.664260145194
-0.210500353923
0.662285760449
0.723112131154
-0.196179553686
0.602079691883
0.778438062584
-0.177578791930
0.535356818423
0.830809992334
-0.152144121169
0.764373565209
0.570628671664
-0.300193224248
0.714519370141
0.637402173461
-0.288410365557
0.659814511348
0.699641115989
-0.274129749265
0.600287943402
0.758004253082
-0.255115537191
0.535734161909
0.812519994539
-0.229782867591
0.466422624631
0.862371020509
-0.196891234490
0.389255039313
0.834510348714
-0.389965373153
0.383137108718
0.798061312423
-0.465085043337
0.755580913991
0.537025212401
-0.375101857710
0.707562525112
0.605846440666
-0.363738042262
0.654109414285
0.671020925560
-0.349101405905
0.595230766067
0.732063327598
-0.331336112602
0.532432658277
0.788909521778
-0.306817911550
0.465637945706
0.841452383788
-0.274115284753
0.461704828068
0.814687960988
-0.350873450065
0.455386411244
0.781579262220
-0.426329770626
0.447867878586
0.741721894885
-0.499262449999
0.696039919810
0.569468402148
-0.437303291761
0.645006093144
0.636633958260
-0.422687050899
0.588229387696
0.699825899345
-0.405252881614
0.526398985267
0.759281833129
-0.382616264932
0.518816878426
0.723102875349
-0.456016752239
0.508896133953
0.680363060995
-0.527381105161
0.631970423233
0.596140009237
-0.495207505542
0.578350166411
0.661370789675
-0.477597909937
0.565276745798
0.616253857295
-0.548355162308
0.056760176611
0.625025761966
0.778537782789
-0.014251993850
0.584807710841
0.811046744653
0.183089460795
0.734191210778
0.653790115681
0.113621553721
0.713309410470
0.691577781211
0.042998806862
0.685254696860
0.727033082494
-0.029307351043
0.647499995559
0.761501697257
0.240312060584
0.801382159639
0.547756102430
0.170233522212
0.787556676011
0.592262635987
0.099269843635
0.767883876297
0.632850575308
0.027805984668
0.740772972828
0.671179729986
-0.043848766920
0.704847812433
0.708002010553
-0.114684417868
0.658986967855
0.743359711375
-0.222847159929
0.767994013489
0.600436789809
-0.232785406304
0.814444766341
0.531498520405
0.226852345189
0.847204151545
0.480398937434
0.157105650506
0.835268366394
0.526919890192
0.085796902373
0.816840546859
0.570447554601
0.013131651880
0.791891938165
0.610520038974
-0.058519640830
0.758223683015
0.649362994135
-0.128723461999
0.714605983184
0.687581674515
-0.142242787147
0.766467423069
0.626334318777
-0.154117429737
0.814122509744
0.559868160356
-0.162808804135
0.857050416615
0.488833178781
0.143239773965
0.877781168659
0.457146133202
0.072886429669
0.861194766350
0.503022010236
0.000744594126
0.838229258095
0.545317482256
-0.072010119850
0.807373543245
0.585630006325
-0.082736692221
0.851784818658
0.517317371121
-0.091445633765
0.891352091756
0.443992279873
0.060177272765
0.900833893223
0.429973246451
-0.010376152160
0.879934722416
0.474981283582
-0.020259498878
0.916699932912
0.399062383223
-0.133927431135
-0.507174339145
0.851373967715
-0.063191895882
-0.554561187979
0.829740123823
-0.323655863677
-0.421005376615
0.847349605989
-0.266401535740
-0.478442224674
0.836733684875
-0.204153516046
-0.532506160904
0.821436869446
-0.134031182104
-0.582777108531
0.801502641290
-0.448714245596
-0.375540483277
0.810940732248
-0.393620468309
-0.439075745177
0.807635695674
-0.335481886689
-0.499192530289
0.798910959624
-0.272300580806
-0.555296915118
0.785810237750
-0.202682839269
-0.606682957150
0.768671227619
-0.126012366268
-0.651985910721
0.747686602641
-0.252238254020
-0.749829318374
0.611663188785
-0.321215750157
-0.759791808203
0.565275906119
-0.515304317465
-0.388526109047
0.763877557591
-0.460834674099
-0.453360242769
0.762952091172
-0.402126807701
-0.515287110116
0.756817827933
-0.339451919792
-0.573983306997
0.745194979478
-0.270650784508
-0.627119426150
0.730389880948
-0.194559810089
-0.673916882370
0.712728921790
-0.262962572954
-0.691858492326
0.672445173841
-0.331079960790
-0.704753650818
0.627461832482
-0.398641075376
-0.711298057344
0.578913090751
-0.525830340613
-0.464273096994
0.712708176114
-0.467733341753
-0.527073372621
0.709520387929
-0.405713066092
-0.587024609093
0.700570493471
-0.338111563331
-0.642913806718
0.687271713279
-0.404882664330
-0.652687658556
0.640366183128
-0.470864595372
-0.656858277507
0.588917427231
-0.532399105461
-0.534601550549
0.656317282002
-0.471185095230
-0.595139133278
0.650994637515
-0.535834103406
-0.598057303578
0.595994358417
0.877385495570
-0.117851422820
0.465086802975
0.883046857142
-0.030246522862
0.468309081640
0.864290469604
-0.313185834164
0.393594483486
0.887757334896
-0.234867185796
0.395884224709
0.904611874423
-0.152748535956
0.397926175836
0.913645818426
-0.064722887028
0.401325636319
0.847949326678
-0.425841676362
0.315659319613
0.880673001544
-0.348480930834
0.320898901832
0.906980324573
-0.268691346008
0.324332624659
0.926295267177
-0.185476057710
0.327987362595
0.937784878144
-0.098164855283
0.333051322639
0.940250945865
-0.007001057134
0.340410258363
0.990402162962
-0.018164695115
0.137016785293
0.996583563742
-0.054652958138
0.061921358562
0.855500795144
-0.458678042497
0.240276596526
0.890657932454
-0.381908123625
0.246727851013
0.919548960506
-0.301553436742
0.251982606585
0.941856151576
-0.217908631168
0.255778846275
0.956180905686
-0.131104256865
0.261781873769
0.961696959268
-0.040689100815
0.271078135618
0.977207768842
-0.074608930743
0.198742255115
0.986197930982
-0.109368858926
0.124306450454
0.988095628779
-0.145752359271
0.049226803210
0.894449424963
-0.413508071666
0.170209579198
0.925709061135
-0.334121393729
0.177272751391
0.950570363870
-0.251204649002
0.182516321604
0.968246271256
-0.164459736527
0.188287421937
0.973334123360
-0.199097160102
0.113934214096
0.971373385034
-0.234493814249
0.038031538582
0.925180751992
-0.366232342674
0.099571317773
0.952579193520
-0.284795589137
0.107165071181
0.947417545531
-0.318642629335
0.029442642392
0.133927431135
0.507174339145
0.851373967715
0.063191895882
0.554561187979
0.829740123823
0.323655863677
0.421005376615
0.847349605989
0.266401535740
0.478442224674
0.836733684875
0.204153516046
0.532506160904
0.821436869446
0.134031182104
0.582777108531
0.801502641290
0.448714245596
0.375540483277
0.810940732248
0.393620468309
0.439075745177
0.807635695674
0.335481886689
0.499192530289
0.798910959624
0.272300580806
0.555296915118
0.785810237750
0.202682839269
0.606682957150
0.768671227619
0.126012366268
0.651985910721
0.747686602641
0.252238254020
0.749829318374
0.611663188785
0.321215750157
0.759791808203
0.565275906119
0.515304317465
0.388526109047
0.763877557591
0.460834674099
0.453360242769
0.762952091172
0.402126807701
0.515287110116
0.756817827933
0.339451919792
0.573983306997
0.745194979478
0.270650784508
0.627119426150
0.730389880948
0.194559810089
0.673916882370
0.712728921790
0.262962572954
0.691858492326
0.672445173841
0.331079960790
0.704753650818
0.627461832482
0.398641075376
0.711298057344
0.578913090751
0.525830340613
0.464273096994
0.712708176114
0.467733341753
0.527073372621
0.709520387929
0.405713066092
0.587024609093
0.700570493471
0.338111563331
0.642913806718
0.687271713279
0.404882664330
0.652687658556
0.640366183128
0.470864595372
0.656858277507
0.588917427231
0.532399105461
0.534601550549
0.656317282002
0.471185095230
0.595139133278
0.650994637515
0.535834103406
0.598057303578
0.595994358417
-0.026011527856
-0.408326626364
0.912465213924
-0.053306733318
-0.482561075490
0.874238640535
-0.016940863615
-0.210505022691
0.977445979357
-0.051023650021
-0.282262670988
0.957979316951
-0.083175004977
-0.354927368974
0.931186598540
-0.112143177136
-0.430632987363
0.895532879361
-0.037008594430
-0.075347259029
0.996470348026
-0.073037305870
-0.150665379620
0.985883104295
-0.108069364949
-0.225062781024
0.968332461997
-0.140485029426
-0.300181377927
0.943480310792
-0.169113650525
-0.376900089559
0.910684849823
-0.192564343224
-0.455094676231
0.869372077643
-0.378738974177
-0.359863945222
0.852675043829
-0.431307657622
-0.294706764866
0.852714270561
-0.091623237554
-0.013424251337
0.995703254899
-0.127705841282
-0.089622200507
0.987754564292
-0.162731132573
-0.166185704212
0.972574362302
-0.196661172098
-0.242647194395
0.949971958766
-0.225791024738
-0.320301514600
0.920013778643
-0.248968037478
-0.399801597616
0.882141484603
-0.304762595001
-0.340985042261
0.889296891731
-0.358736098499
-0.278423880192
0.890948121145
-0.409182538029
-0.212035607345
0.887474254156
-0.181741248849
-0.026969805232
0.982976473814
-0.216188673206
-0.104386321722
0.970755351989
-0.249999870399
-0.181771727478
0.951030548347
-0.280974557977
-0.260297541786
0.923741569655
-0.332967940232
-0.196670906317
0.922200035451
-0.382455957803
-0.129477172346
0.914856875244
-0.268863469990
-0.039394045008
0.962372351911
-0.301584556004
-0.117541223341
0.946166378813
-0.351423187114
-0.049702141270
0.934896486629
0.026011527856
0.408326626364
0.912465213924
0.053306733318
0.482561075490
0.874238640535
0.016940863615
0.210505022691
0.977445979357
0.051023650021
0.282262670988
0.957979316951
0.083175004977
0.354927368974
0.931186598540
0.112143177136
0.430632987363
0.895532879361
0.037008594430
0.075347259029
0.996470348026
0.073037305870
0.150665379620
0.985883104295
0.108069364949
0.225062781024
0.968332461997
0.140485029426
0.300181377927
0.943480310792
0.169113650525
0.376900089559
0.910684849823
0.192564343224
0.455094676231
0.869372077643
0.378738974177
0.359863945222
0.852675043829
0.431307657622
0.294706764866
0.852714270561
0.091623237554
0.013424251337
0.995703254899
0.127705841282
0.089622200507
0.987754564292
0.162731132573
0.166185704212
0.972574362302
0.196661172098
0.242647194395
0.949971958766
0.225791024738
0.320301514600
0.920013778643
0.248968037478
0.399801597616
0.882141484603
0.304762595001
0.340985042261
0.889296891731
0.358736098499
0.278423880192
0.890948121145
0.409182538029
0.212035607345
0.887474254156
0.181741248849
0.026969805232
0.982976473814
0.216188673206
0.104386321722
0.970755351989
0.249999870399
0.181771727478
0.951030548347
0.280974557977
0.260297541786
0.923741569655
0.332967940232
0.196670906317
0.922200035451
0.382455957803
0.129477172346
0.914856875244
0.268863469990
0.039394045008
0.962372351911
0.301584556004
0.117541223341
0.946166378813
0.351423187114
0.049702141270
0.934896486629
-0.465086802975
0.877385495570
0.117851422820
-0.468309081640
0.883046857142
0.030246522862
-0.393594483486
0.864290469604
0.313185834164
-0.395884224709
0.887757334896
0.234867185796
-0.397926175836
0.904611874423
0.152748535956
-0.401325636319
0.913645818426
0.064722887028
-0.315659319613
0.847949326678
0.425841676362
-0.320898901832
0.880673001544
0.348480930834
-0.324332624659
0.906980324573
0.268691346008
-0.327987362595
0.926295267177
0.185476057710
-0.333051322639
0.937784878144
0.098164855283
-0.340410258363
0.940250945865
0.007001057134
-0.137016785293
0.990402162962
0.018164695115
-0.061921358562
0.996583563742
0.054652958138
-0.240276596526
0.855500795144
0.458678042497
-0.246727851013
0.890657932454
0.381908123625
-0.251982606585
0.919548960506
0.301553436742
-0.255778846275
0.941856151576
0.217908631168
-0.261781873769
0.956180905686
0.131104256865
-0.271078135618
0.961696959268
0.040689100815
-0.198742255115
0.977207768842
0.074608930743
-0.124306450454
0.986197930982
0.109368858926
-0.049226803210
0.988095628779
0.145752359271
-0.170209579198
0.894449424963
0.413508071666
-0.177272751391
0.925709061135
0.334121393729
-0.182516321604
0.950570363870
0.251204649002
-0.188287421937
0.968246271256
0.164459736527
-0.113934214096
0.973334123360
0.199097160102
-0.038031538582
0.971373385034
0.234493814249
-0.099571317773
0.925180751992
0.366232342674
-0.107165071181
0.952579193520
0.284795589137
-0.029442642392
0.947417545531
0.318642629335
-0.778537782789
0.056760176611
-0.625025761966
-0.811046744653
-0.014251993850
-0.584807710841
-0.653790115681
0.183089460795
-0.734191210778
-0.691577781211
0.113621553721
-0.713309410470
-0.727033082494
0.042998806862
-0.685254696860
-0.761501697257
-0.029307351043
-0.647499995559
-0.547756102430
0.240312060584
-0.801382159639
-0.592262635987
0.170233522212
-0.787556676011
-0.632850575308
0.099269843635
-0.767883876297
-0.671179729986
0.027805984668
-0.740772972828
-0.708002010553
-0.043848766920
-0.704847812433
-0.743359711375
-0.114684417868
-0.658986967855
-0.600436789809
-0.222847159929
-0.767994013489
-0.531498520405
-0.232785406304
-0.814444766341
-0.480398937434
0.226852345189
-0.847204151545
-0.526919890192
0.157105650506
-0.835268366394
-0.570447554601
0.085796902373
-0.816840546859
-0.610520038974
0.013131651880
-0.791891938165
-0.649362994135
-0.058519640830
-0.758223683015
-0.687581674515
-0.128723461999
-0.714605983184
-0.626334318777
-0.142242787147
-0.766467423069
-0.559868160356
-0.154117429737
-0.814122509744
-0.488833178781
-0.162808804135
-0.857050416615
-0.457146133202
0.143239773965
-0.877781168659
-0.503022010236
0.072886429669
-0.861194766350
-0.545317482256
0.000744594126
-0.838229258095
-0.585630006325
-0.072010119850
-0.807373543245
-0.517317371121
-0.082736692221
-0.851784818658
-0.443992279873
-0.091445633765
-0.891352091756
-0.429973246451
0.060177272765
-0.900833893223
-0.474981283582
-0.010376152160
-0.879934722416
-0.399062383223
-0.020259498878
-0.916699932912
-0.851373967715
-0.133927431135
0.507174339145
-0.829740123823
-0.063191895882
0.554561187979
-0.847349605989
-0.323655863677
0.421005376615
-0.836733684875
-0.266401535740
0.478442224674
-0.821436869446
-0.204153516046
0.532506160904
-0.801502641290
-0.134031182104
0.582777108531
-0.810940732248
-0.448714245596
0.375540483277
-0.807635695674
-0.393620468309
0.439075745177
-0.798910959624
-0.335481886689
0.499192530289
-0.785810237750
-0.272300580806
0.555296915118
-0.768671227619
-0.202682839269
0.606682957150
-0.747686602641
-0.126012366268
0.651985910721
-0.611663188785
-0.252238254020
0.749829318374
-0.565275906119
-0.321215750157
0.759791808203
-0.763877557591
-0.515304317465
0.388526109047
-0.762952091172
-0.460834674099
0.453360242769
-0.756817827933
-0.402126807701
0.515287110116
-0.745194979478
-0.339451919792
0.573983306997
-0.730389880948
-0.270650784508
0.627119426150
-0.712728921790
-0.194559810089
0.673916882370
-0.672445173841
-0.262962572954
0.691858492326
-0.627461832482
-0.331079960790
0.704753650818
-0.578913090751
-0.398641075376
0.711298057344
-0.712708176114
-0.525830340613
0.464273096994
-0.709520387929
-0.467733341753
0.527073372621
-0.700570493471
-0.405713066092
0.587024609093
-0.687271713279
-0.338111563331
0.642913806718
-0.640366183128
-0.404882664330
0.652687658556
-0.588917427231
-0.470864595372
0.656858277507
-0.656317282002
-0.532399105461
0.534601550549
-0.650994637515
-0.471185095230
0.595139133278
-0.595994358417
-0.535834103406
0.598057303578
-0.599014234110
0.794613791103
0.098847712781
-0.531500977523
0.843992117673
0.072000112489
-0.717250347163
0.664260145194
0.210500353923
-0.662285760449
0.723112131154
0.196179553686
-0.602079691883
0.778438062584
0.177578791930
-0.535356818423
0.830809992334
0.152144121169
-0.764373565209
0.570628671664
0.300193224248
-0.714519370141
0.637402173461
0.288410365557
-0.659814511348
0.699641115989
0.274129749265
-0.600287943402
0.758004253082
0.255115537191
-0.535734161909
0.812519994539
0.229782867591
-0.466422624631
0.862371020509
0.196891234490
-0.389255039313
0.834510348714
0.389965373153
-0.383137108718
0.798061312423
0.465085043337
-0.755580913991
0.537025212401
0.375101857710
-0.707562525112
0.605846440666
0.363738042262
-0.654109414285
0.671020925560
0.349101405905
-0.595230766067
0.732063327598
0.331336112602
-0.532432658277
0.788909521778
0.306817911550
-0.465637945706
0.841452383788
0.274115284753
-0.461704828068
0.814687960988
0.350873450065
-0.455386411244
0.781579262220
0.426329770626
-0.447867878586
0.741721894885
0.499262449999
-0.696039919810
0.569468402148
0.437303291761
-0.645006093144
0.636633958260
0.422687050899
-0.588229387696
0.699825899345
0.405252881614
-0.526398985267
0.759281833129
0.382616264932
-0.518816878426
0.723102875349
0.456016752239
-0.508896133953
0.680363060995
0.527381105161
-0.631970423233
0.596140009237
0.495207505542
-0.578350166411
0.661370789675
0.477597909937
-0.565276745798
0.616253857295
0.548355162308
-0.851373967715
0.133927431135
-0.507174339145
-0.829740123823
0.063191895882
-0.554561187979
-0.847349605989
0.323655863677
-0.421005376615
-0.836733684875
0.266401535740
-0.478442224674
-0.821436869446
0.204153516046
-0.532506160904
-0.801502641290
0.134031182104
-0.582777108531
-0.810940732248
0.448714245596
-0.375540483277
-0.807635695674
0.393620468309
-0.439075745177
-0.798910959624
0.335481886689
-0.499192530289
-0.785810237750
0.272300580806
-0.555296915118
-0.768671227619
0.202682839269
-0.606682957150
-0.747686602641
0.126012366268
-0.651985910721
-0.611663188785
0.252238254020
-0.749829318374
-0.565275906119
0.321215750157
-0.759791808203
-0.763877557591
0.515304317465
-0.388526109047
-0.762952091172
0.460834674099
-0.453360242769
-0.756817827933
0.402126807701
-0.515287110116
-0.745194979478
0.339451919792
-0.573983306997
-0.730389880948
0.270650784508
-0.627119426150
-0.712728921790
0.194559810089
-0.673916882370
-0.672445173841
0.262962572954
-0.691858492326
-0.627461832482
0.331079960790
-0.704753650818
-0.578913090751
0.398641075376
-0.711298057344
-0.712708176114
0.525830340613
-0.464273096994
-0.709520387929
0.467733341753
-0.527073372621
-0.700570493471
0.405713066092
-0.587024609093
-0.687271713279
0.338111563331
-0.642913806718
-0.640366183128
0.404882664330
-0.652687658556
-0.588917427231
0.470864595372
-0.656858277507
-0.656317282002
0.532399105461
-0.534601550549
-0.650994637515
0.471185095230
-0.595139133278
-0.595994358417
0.535834103406
-0.598057303578
-0.465086802975
-0.877385495570
-0.117851422820
-0.468309081640
-0.883046857142
-0.030246522862
-0.393594483486
-0.864290469604
-0.313185834164
-0.395884224709
-0.887757334896
-0.234867185796
-0.397926175836
-0.904611874423
-0.152748535956
-0.401325636319
-0.913645818426
-0.064722887028
-0.315659319613
-0.847949326678
-0.425841676362
-0.320898901832
-0.880673001544
-0.348480930834
-0.324332624659
-0.906980324573
-0.268691346008
-0.327987362595
-0.926295267177
-0.185476057710
-0.333051322639
-0.937784878144
-0.098164855283
-0.340410258363
-0.940250945865
-0.007001057134
-0.137016785293
-0.990402162962
-0.018164695115
-0.061921358562
-0.996583563742
-0.054652958138
-0.240276596526
-0.855500795144
-0.458678042497
-0.246727851013
-0.890657932454
-0.381908123625
-0.251982606585
-0.919548960506
-0.301553436742
-0.255778846275
-0.941856151576
-0.217908631168
-0.261781873769
-0.956180905686
-0.131104256865
-0.271078135618
-0.961696959268
-0.040689100815
-0.198742255115
-0.977207768842
-0.074608930743
-0.124306450454
-0.986197930982
-0.109368858926
-0.049226803210
-0.988095628779
-0.145752359271
-0.170209579198
-0.894449424963
-0.413508071666
-0.177272751391
-0.925709061135
-0.334121393729
-0.182516321604
-0.950570363870
-0.251204649002
-0.188287421937
-0.968246271256
-0.164459736527
-0.113934214096
-0.973334123360
-0.199097160102
-0.038031538582
-0.971373385034
-0.234493814249
-0.099571317773
-0.925180751992
-0.366232342674
-0.107165071181
-0.952579193520
-0.284795589137
-0.029442642392
-0.947417545531
-0.318642629335
0.778537782789
0.056760176611
0.625025761966
0.811046744653
-0.014251993850
0.584807710841
0.653790115681
0.183089460795
0.734191210778
0.691577781211
0.113621553721
0.713309410470
0.727033082494
0.042998806862
0.685254696860
0.761501697257
-0.029307351043
0.647499995559
0.547756102430
0.240312060584
0.801382159639
0.592262635987
0.170233522212
0.787556676011
0.632850575308
0.099269843635
0.767883876297
0.671179729986
0.027805984668
0.740772972828
0.708002010553
-0.043848766920
0.704847812433
0.743359711375
-0.114684417868
0.658986967855
0.600436789809
-0.222847159929
0.767994013489
0.531498520405
-0.232785406304
0.814444766341
0.480398937434
0.226852345189
0.847204151545
0.526919890192
0.157105650506
0.835268366394
0.570447554601
0.085796902373
0.816840546859
0.610520038974
0.013131651880
0.791891938165
0.649362994135
-0.058519640830
0.758223683015
0.687581674515
-0.128723461999
0.714605983184
0.626334318777
-0.142242787147
0.766467423069
0.559868160356
-0.154117429737
0.814122509744
0.488833178781
-0.162808804135
0.857050416615
0.457146133202
0.143239773965
0.877781168659
0.503022010236
0.072886429669
0.861194766350
0.545317482256
0.000744594126
0.838229258095
0.585630006325
-0.072010119850
0.807373543245
0.517317371121
-0.082736692221
0.851784818658
0.443992279873
-0.091445633765
0.891352091756
0.429973246451
0.060177272765
0.900833893223
0.474981283582
-0.010376152160
0.879934722416
0.399062383223
-0.020259498878
0.916699932912
0.851373967715
-0.133927431135
-0.507174339145
0.829740123823
-0.063191895882
-0.554561187979
0.847349605989
-0.323655863677
-0.421005376615
0.836733684875
-0.266401535740
-0.478442224674
0.821436869446
-0.204153516046
-0.532506160904
0.801502641290
-0.134031182104
-0.582777108531
0.810940732248
-0.448714245596
-0.375540483277
0.807635695674
-0.393620468309
-0.439075745177
0.798910959624
-0.335481886689
-0.499192530289
0.785810237750
-0.272300580806
-0.555296915118
0.768671227619
-0.202682839269
-0.606682957150
0.747686602641
-0.126012366268
-0.651985910721
0.611663188785
-0.252238254020
-0.749829318374
0.565275906119
-0.321215750157
-0.759791808203
0.763877557591
-0.515304317465
-0.388526109047
0.762952091172
-0.460834674099
-0.453360242769
0.756817827933
-0.402126807701
-0.515287110116
0.745194979478
-0.339451919792
-0.573983306997
0.730389880948
-0.270650784508
-0.627119426150
0.712728921790
-0.194559810089
-0.673916882370
0.672445173841
-0.262962572954
-0.691858492326
0.627461832482
-0.331079960790
-0.704753650818
0.578913090751
-0.398641075376
-0.711298057344
0.712708176114
-0.525830340613
-0.464273096994
0.709520387929
-0.467733341753
-0.527073372621
0.700570493471
-0.405713066092
-0.587024609093
0.687271713279
-0.338111563331
-0.642913806718
0.640366183128
-0.404882664330
-0.652687658556
0.588917427231
-0.470864595372
-0.656858277507
0.656317282002
-0.532399105461
-0.534601550549
0.650994637515
-0.471185095230
-0.595139133278
0.595994358417
-0.535834103406
-0.598057303578
0.465086802975
0.877385495570
-0.117851422820
0.468309081640
0.883046857142
-0.030246522862
0.393594483486
0.864290469604
-0.313185834164
0.395884224709
0.887757334896
-0.234867185796
0.397926175836
0.904611874423
-0.152748535956
0.401325636319
0.913645818426
-0.064722887028
0.315659319613
0.847949326678
-0.425841676362
0.320898901832
0.880673001544
-0.348480930834
0.324332624659
0.906980324573
-0.268691346008
0.327987362595
0.926295267177
-0.185476057710
0.333051322639
0.937784878144
-0.098164855283
0.340410258363
0.940250945865
-0.007001057134
0.137016785293
0.990402162962
-0.018164695115
0.061921358562
0.996583563742
-0.054652958138
0.240276596526
0.855500795144
-0.458678042497
0.246727851013
0.890657932454
-0.381908123625
0.251982606585
0.919548960506
-0.301553436742
0.255778846275
0.941856151576
-0.217908631168
0.261781873769
0.956180905686
-0.131104256865
0.271078135618
0.961696959268
-0.040689100815
0.198742255115
0.977207768842
-0.074608930743
0.124306450454
0.986197930982
-0.109368858926
0.049226803210
0.988095628779
-0.145752359271
0.170209579198
0.894449424963
-0.413508071666
0.177272751391
0.925709061135
-0.334121393729
0.182516321604
0.950570363870
-0.251204649002
0.188287421937
0.968246271256
-0.164459736527
0.113934214096
0.973334123360
-0.199097160102
0.038031538582
0.971373385034
-0.234493814249
0.099571317773
0.925180751992
-0.366232342674
0.107165071181
0.952579193520
-0.284795589137
0.029442642392
0.947417545531
-0.318642629335
0.851373967715
0.133927431135
0.507174339145
0.829740123823
0.063191895882
0.554561187979
0.847349605989
0.323655863677
0.421005376615
0.836733684875
0.266401535740
0.478442224674
0.821436869446
0.204153516046
0.532506160904
0.801502641290
0.134031182104
0.582777108531
0.810940732248
0.448714245596
0.375540483277
0.807635695674
0.393620468309
0.439075745177
0.798910959624
0.335481886689
0.499192530289
0.785810237750
0.272300580806
0.555296915118
0.768671227619
0.202682839269
0.606682957150
0.747686602641
0.126012366268
0.651985910721
0.611663188785
0.252238254020
0.749829318374
0.565275906119
0.321215750157
0.759791808203
0.763877557591
0.515304317465
0.388526109047
0.762952091172
0.460834674099
0.453360242769
0.756817827933
0.402126807701
0.515287110116
0.745194979478
0.339451919792
0.573983306997
0.730389880948
0.270650784508
0.627119426150
0.712728921790
0.194559810089
0.673916882370
0.672445173841
0.262962572954
0.691858492326
0.627461832482
0.331079960790
0.704753650818
0.578913090751
0.398641075376
0.711298057344
0.712708176114
0.525830340613
0.464273096994
0.709520387929
0.467733341753
0.527073372621
0.700570493471
0.405713066092
0.587024609093
0.687271713279
0.338111563331
0.642913806718
0.640366183128
0.404882664330
0.652687658556
0.588917427231
0.470864595372
0.656858277507
0.656317282002
0.532399105461
0.534601550549
0.650994637515
0.471185095230
0.595139133278
0.595994358417
0.535834103406
0.598057303578
0.912465213924
-0.026011527856
-0.408326626364
0.874238640535
-0.053306733318
-0.482561075490
0.977445979357
-0.016940863615
-0.210505022691
0.957979316951
-0.051023650021
-0.282262670988
0.931186598540
-0.083175004977
-0.354927368974
0.895532879361
-0.112143177136
-0.430632987363
0.996470348026
-0.037008594430
-0.075347259029
0.985883104295
-0.073037305870
-0.150665379620
0.968332461997
-0.108069364949
-0.225062781024
0.943480310792
-0.140485029426
-0.300181377927
0.910684849823
-0.169113650525
-0.376900089559
0.869372077643
-0.192564343224
-0.455094676231
0.852675043829
-0.378738974177
-0.359863945222
0.852714270561
-0.431307657622
-0.294706764866
0.995703254899
-0.091623237554
-0.013424251337
0.987754564292
-0.127705841282
-0.089622200507
0.972574362302
-0.162731132573
-0.166185704212
0.949971958766
-0.196661172098
-0.242647194395
0.920013778643
-0.225791024738
-0.320301514600
0.882141484603
-0.248968037478
-0.399801597616
0.889296891731
-0.304762595001
-0.340985042261
0.890948121145
-0.358736098499
-0.278423880192
0.887474254156
-0.409182538029
-0.212035607345
0.982976473814
-0.181741248849
-0.026969805232
0.970755351989
-0.216188673206
-0.104386321722
0.951030548347
-0.249999870399
-0.181771727478
0.923741569655
-0.280974557977
-0.260297541786
0.922200035451
-0.332967940232
-0.196670906317
0.914856875244
-0.382455957803
-0.129477172346
0.962372351911
-0.268863469990
-0.039394045008
0.946166378813
-0.301584556004
-0.117541223341
0.934896486629
-0.351423187114
-0.049702141270
-0.026011527856
0.408326626364
-0.912465213924
-0.053306733318
0.482561075490
-0.874238640535
-0.016940863615
0.210505022691
-0.977445979357
-0.051023650021
0.282262670988
-0.957979316951
-0.083175004977
0.354927368974
-0.931186598540
-0.112143177136
0.430632987363
-0.895532879361
-0.037008594430
0.075347259029
-0.996470348026
-0.073037305870
0.150665379620
-0.985883104295
-0.108069364949
0.225062781024
-0.968332461997
-0.140485029426
0.300181377927
-0.943480310792
-0.169113650525
0.376900089559
-0.910684849823
-0.192564343224
0.455094676231
-0.869372077643
-0.378738974177
0.359863945222
-0.852675043829
-0.431307657622
0.294706764866
-0.852714270561
-0.091623237554
0.013424251337
-0.995703254899
-0.127705841282
0.089622200507
-0.987754564292
-0.162731132573
0.166185704212
-0.972574362302
-0.196661172098
0.242647194395
-0.949971958766
-0.225791024738
0.320301514600
-0.920013778643
-0.248968037478
0.399801597616
-0.882141484603
-0.304762595001
0.340985042261
-0.889296891731
-0.358736098499
0.278423880192
-0.890948121145
-0.409182538029
0.212035607345
-0.887474254156
-0.181741248849
0.026969805232
-0.982976473814
-0.216188673206
0.104386321722
-0.970755351989
-0.249999870399
0.181771727478
-0.951030548347
-0.280974557977
0.260297541786
-0.923741569655
-0.332967940232
0.196670906317
-0.922200035451
-0.382455957803
0.129477172346
-0.914856875244
-0.268863469990
0.039394045008
-0.962372351911
-0.301584556004
0.117541223341
-0.946166378813
-0.351423187114
0.049702141270
-0.934896486629
0.465086802975
-0.877385495570
0.117851422820
0.468309081640
-0.883046857142
0.030246522862
0.393594483486
-0.864290469604
0.313185834164
0.395884224709
-0.887757334896
0.234867185796
0.397926175836
-0.904611874423
0.152748535956
0.401325636319
-0.913645818426
0.064722887028
0.315659319613
-0.847949326678
0.425841676362
0.320898901832
-0.880673001544
0.348480930834
0.324332624659
-0.906980324573
0.268691346008
0.327987362595
-0.926295267177
0.185476057710
0.333051322639
-0.937784878144
0.098164855283
0.340410258363
-0.940250945865
0.007001057134
0.137016785293
-0.990402162962
0.018164695115
0.061921358562
-0.996583563742
0.054652958138
0.240276596526
-0.855500795144
0.458678042497
0.246727851013
-0.890657932454
0.381908123625
0.251982606585
-0.919548960506
0.301553436742
0.255778846275
-0.941856151576
0.217908631168
0.261781873769
-0.956180905686
0.131104256865
0.271078135618
-0.961696959268
0.040689100815
0.198742255115
-0.977207768842
0.074608930743
0.124306450454
-0.986197930982
0.109368858926
0.049226803210
-0.988095628779
0.145752359271
0.170209579198
-0.894449424963
0.413508071666
0.177272751391
-0.925709061135
0.334121393729
0.182516321604
-0.950570363870
0.251204649002
0.188287421937
-0.968246271256
0.164459736527
0.113934214096
-0.973334123360
0.199097160102
0.038031538582
-0.971373385034
0.234493814249
0.099571317773
-0.925180751992
0.366232342674
0.107165071181
-0.952579193520
0.284795589137
0.029442642392
-0.947417545531
0.318642629335
-0.877385495570
0.117851422820
0.465086802975
-0.883046857142
0.030246522862
0.468309081640
-0.864290469604
0.313185834164
0.393594483486
-0.887757334896
0.234867185796
0.395884224709
-0.904611874423
0.152748535956
0.397926175836
-0.913645818426
0.064722887028
0.401325636319
-0.847949326678
0.425841676362
0.315659319613
-0.880673001544
0.348480930834
0.320898901832
-0.906980324573
0.268691346008
0.324332624659
-0.926295267177
0.185476057710
0.327987362595
-0.937784878144
0.098164855283
0.333051322639
-0.940250945865
0.007001057134
0.340410258363
-0.990402162962
0.018164695115
0.137016785293
-0.996583563742
0.054652958138
0.061921358562
-0.855500795144
0.458678042497
0.240276596526
-0.890657932454
0.381908123625
0.246727851013
-0.919548960506
0.301553436742
0.251982606585
-0.941856151576
0.217908631168
0.255778846275
-0.956180905686
0.131104256865
0.261781873769
-0.961696959268
0.040689100815
0.271078135618
-0.977207768842
0.074608930743
0.198742255115
-0.986197930982
0.109368858926
0.124306450454
-0.988095628779
0.145752359271
0.049226803210
-0.894449424963
0.413508071666
0.170209579198
-0.925709061135
0.334121393729
0.177272751391
-0.950570363870
0.251204649002
0.182516321604
-0.968246271256
0.164459736527
0.188287421937
-0.973334123360
0.199097160102
0.113934214096
-0.971373385034
0.234493814249
0.038031538582
-0.925180751992
0.366232342674
0.099571317773
-0.952579193520
0.284795589137
0.107165071181
-0.947417545531
0.318642629335
0.029442642392
-0.056760176611
-0.625025761966
0.778537782789
0.014251993850
-0.584807710841
0.811046744653
-0.183089460795
-0.734191210778
0.653790115681
-0.113621553721
-0.713309410470
0.691577781211
-0.042998806862
-0.685254696860
0.727033082494
0.029307351043
-0.647499995559
0.761501697257
-0.240312060584
-0.801382159639
0.547756102430
-0.170233522212
-0.787556676011
0.592262635987
-0.099269843635
-0.767883876297
0.632850575308
-0.027805984668
-0.740772972828
0.671179729986
0.043848766920
-0.704847812433
0.708002010553
0.114684417868
-0.658986967855
0.743359711375
0.222847159929
-0.767994013489
0.600436789809
0.232785406304
-0.814444766341
0.531498520405
-0.226852345189
-0.847204151545
0.480398937434
-0.157105650506
-0.835268366394
0.526919890192
-0.085796902373
-0.816840546859
0.570447554601
-0.013131651880
-0.791891938165
0.610520038974
0.058519640830
-0.758223683015
0.649362994135
0.128723461999
-0.714605983184
0.687581674515
0.142242787147
-0.766467423069
0.626334318777
0.154117429737
-0.814122509744
0.559868160356
0.162808804135
-0.857050416615
0.488833178781
-0.143239773965
-0.877781168659
0.457146133202
-0.072886429669
-0.861194766350
0.503022010236
-0.000744594126
-0.838229258095
0.545317482256
0.072010119850
-0.807373543245
0.585630006325
0.082736692221
-0.851784818658
0.517317371121
0.091445633765
-0.891352091756
0.443992279873
-0.060177272765
-0.900833893223
0.429973246451
0.010376152160
-0.879934722416
0.474981283582
0.020259498878
-0.916699932912
0.399062383223
-0.794613791103
0.098847712781
0.599014234110
-0.843992117673
0.072000112489
0.531500977523
-0.664260145194
0.210500353923
0.717250347163
-0.723112131154
0.196179553686
0.662285760449
-0.778438062584
0.177578791930
0.602079691883
-0.830809992334
0.152144121169
0.535356818423
-0.570628671664
0.300193224248
0.764373565209
-0.637402173461
0.288410365557
0.714519370141
-0.699641115989
0.274129749265
0.659814511348
-0.758004253082
0.255115537191
0.600287943402
-0.812519994539
0.229782867591
0.535734161909
-0.862371020509
0.196891234490
0.466422624631
-0.834510348714
0.389965373153
0.389255039313
-0.798061312423
0.465085043337
0.383137108718
-0.537025212401
0.375101857710
0.755580913991
-0.605846440666
0.363738042262
0.707562525112
-0.671020925560
0.349101405905
0.654109414285
-0.732063327598
0.331336112602
0.595230766067
-0.788909521778
0.306817911550
0.532432658277
-0.841452383788
0.274115284753
0.465637945706
-0.814687960988
0.350873450065
0.461704828068
-0.781579262220
0.426329770626
0.455386411244
-0.741721894885
0.499262449999
0.447867878586
-0.569468402148
0.437303291761
0.696039919810
-0.636633958260
0.422687050899
0.645006093144
-0.699825899345
0.405252881614
0.588229387696
-0.759281833129
0.382616264932
0.526398985267
-0.723102875349
0.456016752239
0.518816878426
-0.680363060995
0.527381105161
0.508896133953
-0.596140009237
0.495207505542
0.631970423233
-0.661370789675
0.477597909937
0.578350166411
-0.616253857295
0.548355162308
0.565276745798
-0.599014234110
-0.794613791103
-0.098847712781
-0.531500977523
-0.843992117673
-0.072000112489
-0.717250347163
-0.664260145194
-0.210500353923
-0.662285760449
-0.723112131154
-0.196179553686
-0.602079691883
-0.778438062584
-0.177578791930
-0.535356818423
-0.830809992334
-0.152144121169
-0.764373565209
-0.570628671664
-0.300193224248
-0.714519370141
-0.637402173461
-0.288410365557
-0.659814511348
-0.699641115989
-0.274129749265
-0.600287943402
-0.758004253082
-0.255115537191
-0.535734161909
-0.812519994539
-0.229782867591
-0.466422624631
-0.862371020509
-0.196891234490
-0.389255039313
-0.834510348714
-0.389965373153
-0.383137108718
-0.798061312423
-0.465085043337
-0.755580913991
-0.537025212401
-0.375101857710
-0.707562525112
-0.605846440666
-0.363738042262
-0.654109414285
-0.671020925560
-0.349101405905
-0.595230766067
-0.732063327598
-0.331336112602
-0.532432658277
-0.788909521778
-0.306817911550
-0.465637945706
-0.841452383788
-0.274115284753
-0.461704828068
-0.814687960988
-0.350873450065
-0.455386411244
-0.781579262220
-0.426329770626
-0.447867878586
-0.741721894885
-0.499262449999
-0.696039919810
-0.569468402148
-0.437303291761
-0.645006093144
-0.636633958260
-0.422687050899
-0.588229387696
-0.699825899345
-0.405252881614
-0.526398985267
-0.759281833129
-0.382616264932
-0.518816878426
-0.723102875349
-0.456016752239
-0.508896133953
-0.680363060995
-0.527381105161
-0.631970423233
-0.596140009237
-0.495207505542
-0.578350166411
-0.661370789675
-0.477597909937
-0.565276745798
-0.616253857295
-0.548355162308
0.098847712781
-0.599014234110
0.794613791103
0.072000112489
-0.531500977523
0.843992117673
0.210500353923
-0.717250347163
0.664260145194
0.196179553686
-0.662285760449
0.723112131154
0.177578791930
-0.602079691883
0.778438062584
0.152144121169
-0.535356818423
0.830809992334
0.300193224248
-0.764373565209
0.570628671664
0.288410365557
-0.714519370141
0.637402173461
0.274129749265
-0.659814511348
0.699641115989
0.255115537191
-0.600287943402
0.758004253082
0.229782867591
-0.535734161909
0.812519994539
0.196891234490
-0.466422624631
0.862371020509
0.389965373153
-0.389255039313
0.834510348714
0.465085043337
-0.383137108718
0.798061312423
0.375101857710
-0.755580913991
0.537025212401
0.363738042262
-0.707562525112
0.605846440666
0.349101405905
-0.654109414285
0.671020925560
0.331336112602
-0.595230766067
0.732063327598
0.306817911550
-0.532432658277
0.788909521778
0.274115284753
-0.465637945706
0.841452383788
0.350873450065
-0.461704828068
0.814687960988
0.426329770626
-0.455386411244
0.781579262220
0.499262449999
-0.447867878586
0.741721894885
0.437303291761
-0.696039919810
0.569468402148
0.422687050899
-0.645006093144
0.636633958260
0.405252881614
-0.588229387696
0.699825899345
0.382616264932
-0.526398985267
0.759281833129
0.456016752239
-0.518816878426
0.723102875349
0.527381105161
-0.508896133953
0.680363060995
0.495207505542
-0.631970423233
0.596140009237
0.477597909937
-0.578350166411
0.661370789675
0.548355162308
-0.565276745798
0.616253857295
-0.778537782789
-0.056760176611
0.625025761966
-0.811046744653
0.014251993850
0.584807710841
-0.653790115681
-0.183089460795
0.734191210778
-0.691577781211
-0.113621553721
0.713309410470
-0.727033082494
-0.042998806862
0.685254696860
-0.761501697257
0.029307351043
0.647499995559
-0.547756102430
-0.240312060584
0.801382159639
-0.592262635987
-0.170233522212
0.787556676011
-0.632850575308
-0.099269843635
0.767883876297
-0.671179729986
-0.027805984668
0.740772972828
-0.708002010553
0.043848766920
0.704847812433
-0.743359711375
0.114684417868
0.658986967855
-0.600436789809
0.222847159929
0.767994013489
-0.531498520405
0.232785406304
0.814444766341
-0.480398937434
-0.226852345189
0.847204151545
-0.526919890192
-0.157105650506
0.835268366394
-0.570447554601
-0.085796902373
0.816840546859
-0.610520038974
-0.013131651880
0.791891938165
-0.649362994135
0.058519640830
0.758223683015
-0.687581674515
0.128723461999
0.714605983184
-0.626334318777
0.142242787147
0.766467423069
-0.559868160356
0.154117429737
0.814122509744
-0.488833178781
0.162808804135
0.857050416615
-0.457146133202
-0.143239773965
0.877781168659
-0.503022010236
-0.072886429669
0.861194766350
-0.545317482256
-0.000744594126
0.838229258095
-0.585630006325
0.072010119850
0.807373543245
-0.517317371121
0.082736692221
0.851784818658
-0.443992279873
0.091445633765
0.891352091756
-0.429973246451
-0.060177272765
0.900833893223
-0.474981283582
0.010376152160
0.879934722416
-0.399062383223
0.020259498878
0.916699932912
0.408326626364
-0.912465213924
-0.026011527856
0.482561075490
-0.874238640535
-0.053306733318
0.210505022691
-0.977445979357
-0.016940863615
0.282262670988
-0.957979316951
-0.051023650021
0.354927368974
-0.931186598540
-0.083175004977
0.430632987363
-0.895532879361
-0.112143177136
0.075347259029
-0.996470348026
-0.037008594430
0.150665379620
-0.985883104295
-0.073037305870
0.225062781024
-0.968332461997
-0.108069364949
0.300181377927
-0.943480310792
-0.140485029426
0.376900089559
-0.910684849823
-0.169113650525
0.455094676231
-0.869372077643
-0.192564343224
0.359863945222
-0.852675043829
-0.378738974177
0.294706764866
-0.852714270561
-0.431307657622
0.013424251337
-0.995703254899
-0.091623237554
0.089622200507
-0.987754564292
-0.127705841282
0.166185704212
-0.972574362302
-0.162731132573
0.242647194395
-0.949971958766
-0.196661172098
0.320301514600
-0.920013778643
-0.225791024738
0.399801597616
-0.882141484603
-0.248968037478
0.340985042261
-0.889296891731
-0.304762595001
0.278423880192
-0.890948121145
-0.358736098499
0.212035607345
-0.887474254156
-0.409182538029
0.026969805232
-0.982976473814
-0.181741248849
0.104386321722
-0.970755351989
-0.216188673206
0.181771727478
-0.951030548347
-0.249999870399
0.260297541786
-0.923741569655
-0.280974557977
0.196670906317
-0.922200035451
-0.332967940232
0.129477172346
-0.914856875244
-0.382455957803
0.039394045008
-0.962372351911
-0.268863469990
0.117541223341
-0.946166378813
-0.301584556004
0.049702141270
-0.934896486629
-0.351423187114
0.912465213924
0.026011527856
0.408326626364
0.874238640535
0.053306733318
0.482561075490
0.977445979357
0.016940863615
0.210505022691
0.957979316951
0.051023650021
0.282262670988
0.931186598540
0.083175004977
0.354927368974
0.895532879361
0.112143177136
0.430632987363
0.996470348026
0.037008594430
0.075347259029
0.985883104295
0.073037305870
0.150665379620
0.968332461997
0.108069364949
0.225062781024
0.943480310792
0.140485029426
0.300181377927
0.910684849823
0.169113650525
0.376900089559
0.869372077643
0.192564343224
0.455094676231
0.852675043829
0.378738974177
0.359863945222
0.852714270561
0.431307657622
0.294706764866
0.995703254899
0.091623237554
0.013424251337
0.987754564292
0.127705841282
0.089622200507
0.972574362302
0.162731132573
0.166185704212
0.949971958766
0.196661172098
0.242647194395
0.920013778643
0.225791024738
0.320301514600
0.882141484603
0.248968037478
0.399801597616
0.889296891731
0.304762595001
0.340985042261
0.890948121145
0.358736098499
0.278423880192
0.887474254156
0.409182538029
0.212035607345
0.982976473814
0.181741248849
0.026969805232
0.970755351989
0.216188673206
0.104386321722
0.951030548347
0.249999870399
0.181771727478
0.923741569655
0.280974557977
0.260297541786
0.922200035451
0.332967940232
0.196670906317
0.914856875244
0.382455957803
0.129477172346
0.962372351911
0.268863469990
0.039394045008
0.946166378813
0.301584556004
0.117541223341
0.934896486629
0.351423187114
0.049702141270
0.117851422820
-0.465086802975
0.877385495570
0.030246522862
-0.468309081640
0.883046857142
0.313185834164
-0.393594483486
0.864290469604
0.234867185796
-0.395884224709
0.887757334896
0.152748535956
-0.397926175836
0.904611874423
0.064722887028
-0.401325636319
0.913645818426
0.425841676362
-0.315659319613
0.847949326678
0.348480930834
-0.320898901832
0.880673001544
0.268691346008
-0.324332624659
0.906980324573
0.185476057710
-0.327987362595
0.926295267177
0.098164855283
-0.333051322639
0.937784878144
0.007001057134
-0.340410258363
0.940250945865
0.018164695115
-0.137016785293
0.990402162962
0.054652958138
-0.061921358562
0.996583563742
0.458678042497
-0.240276596526
0.855500795144
0.381908123625
-0.246727851013
0.890657932454
0.301553436742
-0.251982606585
0.919548960506
0.217908631168
-0.255778846275
0.941856151576
0.131104256865
-0.261781873769
0.956180905686
0.040689100815
-0.271078135618
0.961696959268
0.074608930743
-0.198742255115
0.977207768842
0.109368858926
-0.124306450454
0.986197930982
0.145752359271
-0.049226803210
0.988095628779
0.413508071666
-0.170209579198
0.894449424963
0.334121393729
-0.177272751391
0.925709061135
0.251204649002
-0.182516321604
0.950570363870
0.164459736527
-0.188287421937
0.968246271256
0.199097160102
-0.113934214096
0.973334123360
0.234493814249
-0.038031538582
0.971373385034
0.366232342674
-0.099571317773
0.925180751992
0.284795589137
-0.107165071181
0.952579193520
0.318642629335
-0.029442642392
0.947417545531
0.778537782789
-0.056760176611
-0.625025761966
0.811046744653
0.014251993850
-0.584807710841
0.653790115681
-0.183089460795
-0.734191210778
0.691577781211
-0.113621553721
-0.713309410470
0.727033082494
-0.042998806862
-0.685254696860
0.761501697257
0.029307351043
-0.647499995559
0.547756102430
-0.240312060584
-0.801382159639
0.592262635987
-0.170233522212
-0.787556676011
0.632850575308
-0.099269843635
-0.767883876297
0.671179729986
-0.027805984668
-0.740772972828
0.708002010553
0.043848766920
-0.704847812433
0.743359711375
0.114684417868
-0.658986967855
0.600436789809
0.222847159929
-0.767994013489
0.531498520405
0.232785406304
-0.814444766341
0.480398937434
-0.226852345189
-0.847204151545
0.526919890192
-0.157105650506
-0.835268366394
0.570447554601
-0.085796902373
-0.816840546859
0.610520038974
-0.013131651880
-0.791891938165
0.649362994135
0.058519640830
-0.758223683015
0.687581674515
0.128723461999
-0.714605983184
0.626334318777
0.142242787147
-0.766467423069
0.559868160356
0.154117429737
-0.814122509744
0.488833178781
0.162808804135
-0.857050416615
0.457146133202
-0.143239773965
-0.877781168659
0.503022010236
-0.072886429669
-0.861194766350
0.545317482256
-0.000744594126
-0.838229258095
0.585630006325
0.072010119850
-0.807373543245
0.517317371121
0.082736692221
-0.851784818658
0.443992279873
0.091445633765
-0.891352091756
0.429973246451
-0.060177272765
-0.900833893223
0.474981283582
0.010376152160
-0.879934722416
0.399062383223
0.020259498878
-0.916699932912
-0.625025761966
-0.778537782789
0.056760176611
-0.584807710841
-0.811046744653
-0.014251993850
-0.734191210778
-0.653790115681
0.183089460795
-0.713309410470
-0.691577781211
0.113621553721
-0.685254696860
-0.727033082494
0.042998806862
-0.647499995559
-0.761501697257
-0.029307351043
-0.801382159639
-0.547756102430
0.240312060584
-0.787556676011
-0.592262635987
0.170233522212
-0.767883876297
-0.632850575308
0.099269843635
-0.740772972828
-0.671179729986
0.027805984668
-0.704847812433
-0.708002010553
-0.043848766920
-0.658986967855
-0.743359711375
-0.114684417868
-0.767994013489
-0.600436789809
-0.222847159929
-0.814444766341
-0.531498520405
-0.232785406304
-0.847204151545
-0.480398937434
0.226852345189
-0.835268366394
-0.526919890192
0.157105650506
-0.816840546859
-0.570447554601
0.085796902373
-0.791891938165
-0.610520038974
0.013131651880
-0.758223683015
-0.649362994135
-0.058519640830
-0.714605983184
-0.687581674515
-0.128723461999
-0.766467423069
-0.626334318777
-0.142242787147
-0.814122509744
-0.559868160356
-0.154117429737
-0.857050416615
-0.488833178781
-0.162808804135
-0.877781168659
-0.457146133202
0.143239773965
-0.861194766350
-0.503022010236
0.072886429669
-0.838229258095
-0.545317482256
0.000744594126
-0.807373543245
-0.585630006325
-0.072010119850
-0.851784818658
-0.517317371121
-0.082736692221
-0.891352091756
-0.443992279873
-0.091445633765
-0.900833893223
-0.429973246451
0.060177272765
-0.879934722416
-0.474981283582
-0.010376152160
-0.916699932912
-0.399062383223
-0.020259498878
0.599014234110
-0.794613791103
0.098847712781
0.531500977523
-0.843992117673
0.072000112489
0.717250347163
-0.664260145194
0.210500353923
0.662285760449
-0.723112131154
0.196179553686
0.602079691883
-0.778438062584
0.177578791930
0.535356818423
-0.830809992334
0.152144121169
0.764373565209
-0.570628671664
0.300193224248
0.714519370141
-0.637402173461
0.288410365557
0.659814511348
-0.699641115989
0.274129749265
0.600287943402
-0.758004253082
0.255115537191
0.535734161909
-0.812519994539
0.229782867591
0.466422624631
-0.862371020509
0.196891234490
0.389255039313
-0.834510348714
0.389965373153
0.383137108718
-0.798061312423
0.465085043337
0.755580913991
-0.537025212401
0.375101857710
0.707562525112
-0.605846440666
0.363738042262
0.654109414285
-0.671020925560
0.349101405905
0.595230766067
-0.732063327598
0.331336112602
0.532432658277
-0.788909521778
0.306817911550
0.465637945706
-0.841452383788
0.274115284753
0.461704828068
-0.814687960988
0.350873450065
0.455386411244
-0.781579262220
0.426329770626
0.447867878586
-0.741721894885
0.499262449999
0.696039919810
-0.569468402148
0.437303291761
0.645006093144
-0.636633958260
0.422687050899
0.588229387696
-0.699825899345
0.405252881614
0.526398985267
-0.759281833129
0.382616264932
0.518816878426
-0.723102875349
0.456016752239
0.508896133953
-0.680363060995
0.527381105161
0.631970423233
-0.596140009237
0.495207505542
0.578350166411
-0.661370789675
0.477597909937
0.565276745798
-0.616253857295
0.548355162308
-0.098847712781
-0.599014234110
-0.794613791103
-0.072000112489
-0.531500977523
-0.843992117673
-0.210500353923
-0.717250347163
-0.664260145194
-0.196179553686
-0.662285760449
-0.723112131154
-0.177578791930
-0.602079691883
-0.778438062584
-0.152144121169
-0.535356818423
-0.830809992334
-0.300193224248
-0.764373565209
-0.570628671664
-0.288410365557
-0.714519370141
-0.637402173461
-0.274129749265
-0.659814511348
-0.699641115989
-0.255115537191
-0.600287943402
-0.758004253082
-0.229782867591
-0.535734161909
-0.812519994539
-0.196891234490
-0.466422624631
-0.862371020509
-0.389965373153
-0.389255039313
-0.834510348714
-0.465085043337
-0.383137108718
-0.798061312423
-0.375101857710
-0.755580913991
-0.537025212401
-0.363738042262
-0.707562525112
-0.605846440666
-0.349101405905
-0.654109414285
-0.671020925560
-0.331336112602
-0.595230766067
-0.732063327598
-0.306817911550
-0.532432658277
-0.788909521778
-0.274115284753
-0.465637945706
-0.841452383788
-0.350873450065
-0.461704828068
-0.814687960988
-0.426329770626
-0.455386411244
-0.781579262220
-0.499262449999
-0.447867878586
-0.741721894885
-0.437303291761
-0.696039919810
-0.569468402148
-0.422687050899
-0.645006093144
-0.636633958260
-0.405252881614
-0.588229387696
-0.699825899345
-0.382616264932
-0.526398985267
-0.759281833129
-0.456016752239
-0.518816878426
-0.723102875349
-0.527381105161
-0.508896133953
-0.680363060995
-0.495207505542
-0.631970423233
-0.596140009237
-0.477597909937
-0.578350166411
-0.661370789675
-0.548355162308
-0.565276745798
-0.616253857295
0.098847712781
0.599014234110
-0.794613791103
0.072000112489
0.531500977523
-0.843992117673
0.210500353923
0.717250347163
-0.664260145194
0.196179553686
0.662285760449
-0.723112131154
0.177578791930
0.602079691883
-0.778438062584
0.152144121169
0.535356818423
-0.830809992334
0.300193224248
0.764373565209
-0.570628671664
0.288410365557
0.714519370141
-0.637402173461
0.274129749265
0.659814511348
-0.699641115989
0.255115537191
0.600287943402
-0.758004253082
0.229782867591
0.535734161909
-0.812519994539
0.196891234490
0.466422624631
-0.862371020509
0.389965373153
0.389255039313
-0.834510348714
0.465085043337
0.383137108718
-0.798061312423
0.375101857710
0.755580913991
-0.537025212401
0.363738042262
0.707562525112
-0.605846440666
0.349101405905
0.654109414285
-0.671020925560
0.331336112602
0.595230766067
-0.732063327598
0.306817911550
0.532432658277
-0.788909521778
0.274115284753
0.465637945706
-0.841452383788
0.350873450065
0.461704828068
-0.814687960988
0.426329770626
0.455386411244
-0.781579262220
0.499262449999
0.447867878586
-0.741721894885
0.437303291761
0.696039919810
-0.569468402148
0.422687050899
0.645006093144
-0.636633958260
0.405252881614
0.588229387696
-0.699825899345
0.382616264932
0.526398985267
-0.759281833129
0.456016752239
0.518816878426
-0.723102875349
0.527381105161
0.508896133953
-0.680363060995
0.495207505542
0.631970423233
-0.596140009237
0.477597909937
0.578350166411
-0.661370789675
0.548355162308
0.565276745798
-0.616253857295
-0.794613791103
-0.098847712781
-0.599014234110
-0.843992117673
-0.072000112489
-0.531500977523
-0.664260145194
-0.210500353923
-0.717250347163
-0.723112131154
-0.196179553686
-0.662285760449
-0.778438062584
-0.177578791930
-0.602079691883
-0.830809992334
-0.152144121169
-0.535356818423
-0.570628671664
-0.300193224248
-0.764373565209
-0.637402173461
-0.288410365557
-0.714519370141
-0.699641115989
-0.274129749265
-0.659814511348
-0.758004253082
-0.255115537191
-0.600287943402
-0.812519994539
-0.229782867591
-0.535734161909
-0.862371020509
-0.196891234490
-0.466422624631
-0.834510348714
-0.389965373153
-0.389255039313
-0.798061312423
-0.465085043337
-0.383137108718
-0.537025212401
-0.375101857710
-0.755580913991
-0.605846440666
-0.363738042262
-0.707562525112
-0.671020925560
-0.349101405905
-0.654109414285
-0.732063327598
-0.331336112602
-0.595230766067
-0.788909521778
-0.306817911550
-0.532432658277
-0.841452383788
-0.274115284753
-0.465637945706
-0.814687960988
-0.350873450065
-0.461704828068
-0.781579262220
-0.426329770626
-0.455386411244
-0.741721894885
-0.499262449999
-0.447867878586
-0.569468402148
-0.437303291761
-0.696039919810
-0.636633958260
-0.422687050899
-0.645006093144
-0.699825899345
-0.405252881614
-0.588229387696
-0.759281833129
-0.382616264932
-0.526398985267
-0.723102875349
-0.456016752239
-0.518816878426
-0.680363060995
-0.527381105161
-0.508896133953
-0.596140009237
-0.495207505542
-0.631970423233
-0.661370789675
-0.477597909937
-0.578350166411
-0.616253857295
-0.548355162308
-0.565276745798
-0.625025761966
0.778537782789
-0.056760176611
-0.584807710841
0.811046744653
0.014251993850
-0.734191210778
0.653790115681
-0.183089460795
-0.713309410470
0.691577781211
-0.113621553721
-0.685254696860
0.727033082494
-0.042998806862
-0.647499995559
0.761501697257
0.029307351043
-0.801382159639
0.547756102430
-0.240312060584
-0.787556676011
0.592262635987
-0.170233522212
-0.767883876297
0.632850575308
-0.099269843635
-0.740772972828
0.671179729986
-0.027805984668
-0.704847812433
0.708002010553
0.043848766920
-0.658986967855
0.743359711375
0.114684417868
-0.767994013489
0.600436789809
0.222847159929
-0.814444766341
0.531498520405
0.232785406304
-0.847204151545
0.480398937434
-0.226852345189
-0.835268366394
0.526919890192
-0.157105650506
-0.816840546859
0.570447554601
-0.085796902373
-0.791891938165
0.610520038974
-0.013131651880
-0.758223683015
0.649362994135
0.058519640830
-0.714605983184
0.687581674515
0.128723461999
-0.766467423069
0.626334318777
0.142242787147
-0.814122509744
0.559868160356
0.154117429737
-0.857050416615
0.488833178781
0.162808804135
-0.877781168659
0.457146133202
-0.143239773965
-0.861194766350
0.503022010236
-0.072886429669
-0.838229258095
0.545317482256
-0.000744594126
-0.807373543245
0.585630006325
0.072010119850
-0.851784818658
0.517317371121
0.082736692221
-0.891352091756
0.443992279873
0.091445633765
-0.900833893223
0.429973246451
-0.060177272765
-0.879934722416
0.474981283582
0.010376152160
-0.916699932912
0.399062383223
0.020259498878
-0.056760176611
0.625025761966
-0.778537782789
0.014251993850
0.584807710841
-0.811046744653
-0.183089460795
0.734191210778
-0.653790115681
-0.113621553721
0.713309410470
-0.691577781211
-0.042998806862
0.685254696860
-0.727033082494
0.029307351043
0.647499995559
-0.761501697257
-0.240312060584
0.801382159639
-0.547756102430
-0.170233522212
0.787556676011
-0.592262635987
-0.099269843635
0.767883876297
-0.632850575308
-0.027805984668
0.740772972828
-0.671179729986
0.043848766920
0.704847812433
-0.708002010553
0.114684417868
0.658986967855
-0.743359711375
0.222847159929
0.767994013489
-0.600436789809
0.232785406304
0.814444766341
-0.531498520405
-0.226852345189
0.847204151545
-0.480398937434
-0.157105650506
0.835268366394
-0.526919890192
-0.085796902373
0.816840546859
-0.570447554601
-0.013131651880
0.791891938165
-0.610520038974
0.058519640830
0.758223683015
-0.649362994135
0.128723461999
0.714605983184
-0.687581674515
0.142242787147
0.766467423069
-0.626334318777
0.154117429737
0.814122509744
-0.559868160356
0.162808804135
0.857050416615
-0.488833178781
-0.143239773965
0.877781168659
-0.457146133202
-0.072886429669
0.861194766350
-0.503022010236
-0.000744594126
0.838229258095
-0.545317482256
0.072010119850
0.807373543245
-0.585630006325
0.082736692221
0.851784818658
-0.517317371121
0.091445633765
0.891352091756
-0.443992279873
-0.060177272765
0.900833893223
-0.429973246451
0.010376152160
0.879934722416
-0.474981283582
0.020259498878
0.916699932912
-0.399062383223
0.133927431135
-0.507174339145
-0.851373967715
0.063191895882
-0.554561187979
-0.829740123823
0.323655863677
-0.421005376615
-0.847349605989
0.266401535740
-0.478442224674
-0.836733684875
0.204153516046
-0.532506160904
-0.821436869446
0.134031182104
-0.582777108531
-0.801502641290
0.448714245596
-0.375540483277
-0.810940732248
0.393620468309
-0.439075745177
-0.807635695674
0.335481886689
-0.499192530289
-0.798910959624
0.272300580806
-0.555296915118
-0.785810237750
0.202682839269
-0.606682957150
-0.768671227619
0.126012366268
-0.651985910721
-0.747686602641
0.252238254020
-0.749829318374
-0.611663188785
0.321215750157
-0.759791808203
-0.565275906119
0.515304317465
-0.388526109047
-0.763877557591
0.460834674099
-0.453360242769
-0.762952091172
0.402126807701
-0.515287110116
-0.756817827933
0.339451919792
-0.573983306997
-0.745194979478
0.270650784508
-0.627119426150
-0.730389880948
0.194559810089
-0.673916882370
-0.712728921790
0.262962572954
-0.691858492326
-0.672445173841
0.331079960790
-0.704753650818
-0.627461832482
0.398641075376
-0.711298057344
-0.578913090751
0.525830340613
-0.464273096994
-0.712708176114
0.467733341753
-0.527073372621
-0.709520387929
0.405713066092
-0.587024609093
-0.700570493471
0.338111563331
-0.642913806718
-0.687271713279
0.404882664330
-0.652687658556
-0.640366183128
0.470864595372
-0.656858277507
-0.588917427231
0.532399105461
-0.534601550549
-0.656317282002
0.471185095230
-0.595139133278
-0.650994637515
0.535834103406
-0.598057303578
-0.595994358417
-0.877385495570
-0.117851422820
-0.465086802975
-0.883046857142
-0.030246522862
-0.468309081640
-0.864290469604
-0.313185834164
-0.393594483486
-0.887757334896
-0.234867185796
-0.395884224709
-0.904611874423
-0.152748535956
-0.397926175836
-0.913645818426
-0.064722887028
-0.401325636319
-0.847949326678
-0.425841676362
-0.315659319613
-0.880673001544
-0.348480930834
-0.320898901832
-0.906980324573
-0.268691346008
-0.324332624659
-0.926295267177
-0.185476057710
-0.327987362595
-0.937784878144
-0.098164855283
-0.333051322639
-0.940250945865
-0.007001057134
-0.340410258363
-0.990402162962
-0.018164695115
-0.137016785293
-0.996583563742
-0.054652958138
-0.061921358562
-0.855500795144
-0.458678042497
-0.240276596526
-0.890657932454
-0.381908123625
-0.246727851013
-0.919548960506
-0.301553436742
-0.251982606585
-0.941856151576
-0.217908631168
-0.255778846275
-0.956180905686
-0.131104256865
-0.261781873769
-0.961696959268
-0.040689100815
-0.271078135618
-0.977207768842
-0.074608930743
-0.198742255115
-0.986197930982
-0.109368858926
-0.124306450454
-0.988095628779
-0.145752359271
-0.049226803210
-0.894449424963
-0.413508071666
-0.170209579198
-0.925709061135
-0.334121393729
-0.177272751391
-0.950570363870
-0.251204649002
-0.182516321604
-0.968246271256
-0.164459736527
-0.188287421937
-0.973334123360
-0.199097160102
-0.113934214096
-0.971373385034
-0.234493814249
-0.038031538582
-0.925180751992
-0.366232342674
-0.099571317773
-0.952579193520
-0.284795589137
-0.107165071181
-0.947417545531
-0.318642629335
-0.029442642392
-0.133927431135
0.507174339145
-0.851373967715
-0.063191895882
0.554561187979
-0.829740123823
-0.323655863677
0.421005376615
-0.847349605989
-0.266401535740
0.478442224674
-0.836733684875
-0.204153516046
0.532506160904
-0.821436869446
-0.134031182104
0.582777108531
-0.801502641290
-0.448714245596
0.375540483277
-0.810940732248
-0.393620468309
0.439075745177
-0.807635695674
-0.335481886689
0.499192530289
-0.798910959624
-0.272300580806
0.555296915118
-0.785810237750
-0.202682839269
0.606682957150
-0.768671227619
-0.126012366268
0.651985910721
-0.747686602641
-0.252238254020
0.749829318374
-0.611663188785
-0.321215750157
0.759791808203
-0.565275906119
-0.515304317465
0.388526109047
-0.763877557591
-0.460834674099
0.453360242769
-0.762952091172
-0.402126807701
0.515287110116
-0.756817827933
-0.339451919792
0.573983306997
-0.745194979478
-0.270650784508
0.627119426150
-0.730389880948
-0.194559810089
0.673916882370
-0.712728921790
-0.262962572954
0.691858492326
-0.672445173841
-0.331079960790
0.704753650818
-0.627461832482
-0.398641075376
0.711298057344
-0.578913090751
-0.525830340613
0.464273096994
-0.712708176114
-0.467733341753
0.527073372621
-0.709520387929
-0.405713066092
0.587024609093
-0.700570493471
-0.338111563331
0.642913806718
-0.687271713279
-0.404882664330
0.652687658556
-0.640366183128
-0.470864595372
0.656858277507
-0.588917427231
-0.532399105461
0.534601550549
-0.656317282002
-0.471185095230
0.595139133278
-0.650994637515
-0.535834103406
0.598057303578
-0.595994358417
0.877385495570
0.117851422820
-0.465086802975
0.883046857142
0.030246522862
-0.468309081640
0.864290469604
0.313185834164
-0.393594483486
0.887757334896
0.234867185796
-0.395884224709
0.904611874423
0.152748535956
-0.397926175836
0.913645818426
0.064722887028
-0.401325636319
0.847949326678
0.425841676362
-0.315659319613
0.880673001544
0.348480930834
-0.320898901832
0.906980324573
0.268691346008
-0.324332624659
0.926295267177
0.185476057710
-0.327987362595
0.937784878144
0.098164855283
-0.333051322639
0.940250945865
0.007001057134
-0.340410258363
0.990402162962
0.018164695115
-0.137016785293
0.996583563742
0.054652958138
-0.061921358562
0.855500795144
0.458678042497
-0.240276596526
0.890657932454
0.381908123625
-0.246727851013
0.919548960506
0.301553436742
-0.251982606585
0.941856151576
0.217908631168
-0.255778846275
0.956180905686
0.131104256865
-0.261781873769
0.961696959268
0.040689100815
-0.271078135618
0.977207768842
0.074608930743
-0.198742255115
0.986197930982
0.109368858926
-0.124306450454
0.988095628779
0.145752359271
-0.049226803210
0.894449424963
0.413508071666
-0.170209579198
0.925709061135
0.334121393729
-0.177272751391
0.950570363870
0.251204649002
-0.182516321604
0.968246271256
0.164459736527
-0.188287421937
0.973334123360
0.199097160102
-0.113934214096
0.971373385034
0.234493814249
-0.038031538582
0.925180751992
0.366232342674
-0.099571317773
0.952579193520
0.284795589137
-0.107165071181
0.947417545531
0.318642629335
-0.029442642392
0.056760176611
-0.625025761966
-0.778537782789
-0.014251993850
-0.584807710841
-0.811046744653
0.183089460795
-0.734191210778
-0.653790115681
0.113621553721
-0.713309410470
-0.691577781211
0.042998806862
-0.685254696860
-0.727033082494
-0.029307351043
-0.647499995559
-0.761501697257
0.240312060584
-0.801382159639
-0.547756102430
0.170233522212
-0.787556676011
-0.592262635987
0.099269843635
-0.767883876297
-0.632850575308
0.027805984668
-0.740772972828
-0.671179729986
-0.043848766920
-0.704847812433
-0.708002010553
-0.114684417868
-0.658986967855
-0.743359711375
-0.222847159929
-0.767994013489
-0.600436789809
-0.232785406304
-0.814444766341
-0.531498520405
0.226852345189
-0.847204151545
-0.480398937434
0.157105650506
-0.835268366394
-0.526919890192
0.085796902373
-0.816840546859
-0.570447554601
0.013131651880
-0.791891938165
-0.610520038974
-0.058519640830
-0.758223683015
-0.649362994135
-0.128723461999
-0.714605983184
-0.687581674515
-0.142242787147
-0.766467423069
-0.626334318777
-0.154117429737
-0.814122509744
-0.559868160356
-0.162808804135
-0.857050416615
-0.488833178781
0.143239773965
-0.877781168659
-0.457146133202
0.072886429669
-0.861194766350
-0.503022010236
0.000744594126
-0.838229258095
-0.545317482256
-0.072010119850
-0.807373543245
-0.585630006325
-0.082736692221
-0.851784818658
-0.517317371121
-0.091445633765
-0.891352091756
-0.443992279873
0.060177272765
-0.900833893223
-0.429973246451
-0.010376152160
-0.879934722416
-0.474981283582
-0.020259498878
-0.916699932912
-0.399062383223
0.794613791103
0.098847712781
-0.599014234110
0.843992117673
0.072000112489
-0.531500977523
0.664260145194
0.210500353923
-0.717250347163
0.723112131154
0.196179553686
-0.662285760449
0.778438062584
0.177578791930
-0.602079691883
0.830809992334
0.152144121169
-0.535356818423
0.570628671664
0.300193224248
-0.764373565209
0.637402173461
0.288410365557
-0.714519370141
0.699641115989
0.274129749265
-0.659814511348
0.758004253082
0.255115537191
-0.600287943402
0.812519994539
0.229782867591
-0.535734161909
0.862371020509
0.196891234490
-0.466422624631
0.834510348714
0.389965373153
-0.389255039313
0.798061312423
0.465085043337
-0.383137108718
0.537025212401
0.375101857710
-0.755580913991
0.605846440666
0.363738042262
-0.707562525112
0.671020925560
0.349101405905
-0.654109414285
0.732063327598
0.331336112602
-0.595230766067
0.788909521778
0.306817911550
-0.532432658277
0.841452383788
0.274115284753
-0.465637945706
0.814687960988
0.350873450065
-0.461704828068
0.781579262220
0.426329770626
-0.455386411244
0.741721894885
0.499262449999
-0.447867878586
0.569468402148
0.437303291761
-0.696039919810
0.636633958260
0.422687050899
-0.645006093144
0.699825899345
0.405252881614
-0.588229387696
0.759281833129
0.382616264932
-0.526398985267
0.723102875349
0.456016752239
-0.518816878426
0.680363060995
0.527381105161
-0.508896133953
0.596140009237
0.495207505542
-0.631970423233
0.661370789675
0.477597909937
-0.578350166411
0.616253857295
0.548355162308
-0.565276745798
-0.912465213924
0.026011527856
-0.408326626364
-0.874238640535
0.053306733318
-0.482561075490
-0.977445979357
0.016940863615
-0.210505022691
-0.957979316951
0.051023650021
-0.282262670988
-0.931186598540
0.083175004977
-0.354927368974
-0.895532879361
0.112143177136
-0.430632987363
-0.996470348026
0.037008594430
-0.075347259029
-0.985883104295
0.073037305870
-0.150665379620
-0.968332461997
0.108069364949
-0.225062781024
-0.943480310792
0.140485029426
-0.300181377927
-0.910684849823
0.169113650525
-0.376900089559
-0.869372077643
0.192564343224
-0.455094676231
-0.852675043829
0.378738974177
-0.359863945222
-0.852714270561
0.431307657622
-0.294706764866
-0.995703254899
0.091623237554
-0.013424251337
-0.987754564292
0.127705841282
-0.089622200507
-0.972574362302
0.162731132573
-0.166185704212
-0.949971958766
0.196661172098
-0.242647194395
-0.920013778643
0.225791024738
-0.320301514600
-0.882141484603
0.248968037478
-0.399801597616
-0.889296891731
0.304762595001
-0.340985042261
-0.890948121145
0.358736098499
-0.278423880192
-0.887474254156
0.409182538029
-0.212035607345
-0.982976473814
0.181741248849
-0.026969805232
-0.970755351989
0.216188673206
-0.104386321722
-0.951030548347
0.249999870399
-0.181771727478
-0.923741569655
0.280974557977
-0.260297541786
-0.922200035451
0.332967940232
-0.196670906317
-0.914856875244
0.382455957803
-0.129477172346
-0.962372351911
0.268863469990
-0.039394045008
-0.946166378813
0.301584556004
-0.117541223341
-0.934896486629
0.351423187114
-0.049702141270
0.026011527856
-0.408326626364
-0.912465213924
0.053306733318
-0.482561075490
-0.874238640535
0.016940863615
-0.210505022691
-0.977445979357
0.051023650021
-0.282262670988
-0.957979316951
0.083175004977
-0.354927368974
-0.931186598540
0.112143177136
-0.430632987363
-0.895532879361
0.037008594430
-0.075347259029
-0.996470348026
0.073037305870
-0.150665379620
-0.985883104295
0.108069364949
-0.225062781024
-0.968332461997
0.140485029426
-0.300181377927
-0.943480310792
0.169113650525
-0.376900089559
-0.910684849823
0.192564343224
-0.455094676231
-0.869372077643
0.378738974177
-0.359863945222
-0.852675043829
0.431307657622
-0.294706764866
-0.852714270561
0.091623237554
-0.013424251337
-0.995703254899
0.127705841282
-0.089622200507
-0.987754564292
0.162731132573
-0.166185704212
-0.972574362302
0.196661172098
-0.242647194395
-0.949971958766
0.225791024738
-0.320301514600
-0.920013778643
0.248968037478
-0.399801597616
-0.882141484603
0.304762595001
-0.340985042261
-0.889296891731
0.358736098499
-0.278423880192
-0.890948121145
0.409182538029
-0.212035607345
-0.887474254156
0.181741248849
-0.026969805232
-0.982976473814
0.216188673206
-0.104386321722
-0.970755351989
0.249999870399
-0.181771727478
-0.951030548347
0.280974557977
-0.260297541786
-0.923741569655
0.332967940232
-0.196670906317
-0.922200035451
0.382455957803
-0.129477172346
-0.914856875244
0.268863469990
-0.039394045008
-0.962372351911
0.301584556004
-0.117541223341
-0.946166378813
0.351423187114
-0.049702141270
-0.934896486629
0.507174339145
-0.851373967715
-0.133927431135
0.554561187979
-0.829740123823
-0.063191895882
0.421005376615
-0.847349605989
-0.323655863677
0.478442224674
-0.836733684875
-0.266401535740
0.532506160904
-0.821436869446
-0.204153516046
0.582777108531
-0.801502641290
-0.134031182104
0.375540483277
-0.810940732248
-0.448714245596
0.439075745177
-0.807635695674
-0.393620468309
0.499192530289
-0.798910959624
-0.335481886689
0.555296915118
-0.785810237750
-0.272300580806
0.606682957150
-0.768671227619
-0.202682839269
0.651985910721
-0.747686602641
-0.126012366268
0.749829318374
-0.611663188785
-0.252238254020
0.759791808203
-0.565275906119
-0.321215750157
0.388526109047
-0.763877557591
-0.515304317465
0.453360242769
-0.762952091172
-0.460834674099
0.515287110116
-0.756817827933
-0.402126807701
0.573983306997
-0.745194979478
-0.339451919792
0.627119426150
-0.730389880948
-0.270650784508
0.673916882370
-0.712728921790
-0.194559810089
0.691858492326
-0.672445173841
-0.262962572954
0.704753650818
-0.627461832482
-0.331079960790
0.711298057344
-0.578913090751
-0.398641075376
0.464273096994
-0.712708176114
-0.525830340613
0.527073372621
-0.709520387929
-0.467733341753
0.587024609093
-0.700570493471
-0.405713066092
0.642913806718
-0.687271713279
-0.338111563331
0.652687658556
-0.640366183128
-0.404882664330
0.656858277507
-0.588917427231
-0.470864595372
0.534601550549
-0.656317282002
-0.532399105461
0.595139133278
-0.650994637515
-0.471185095230
0.598057303578
-0.595994358417
-0.535834103406
-0.507174339145
-0.851373967715
0.133927431135
-0.554561187979
-0.829740123823
0.063191895882
-0.421005376615
-0.847349605989
0.323655863677
-0.478442224674
-0.836733684875
0.266401535740
-0.532506160904
-0.821436869446
0.204153516046
-0.582777108531
-0.801502641290
0.134031182104
-0.375540483277
-0.810940732248
0.448714245596
-0.439075745177
-0.807635695674
0.393620468309
-0.499192530289
-0.798910959624
0.335481886689
-0.555296915118
-0.785810237750
0.272300580806
-0.606682957150
-0.768671227619
0.202682839269
-0.651985910721
-0.747686602641
0.126012366268
-0.749829318374
-0.611663188785
0.252238254020
-0.759791808203
-0.565275906119
0.321215750157
-0.388526109047
-0.763877557591
0.515304317465
-0.453360242769
-0.762952091172
0.460834674099
-0.515287110116
-0.756817827933
0.402126807701
-0.573983306997
-0.745194979478
0.339451919792
-0.627119426150
-0.730389880948
0.270650784508
-0.673916882370
-0.712728921790
0.194559810089
-0.691858492326
-0.672445173841
0.262962572954
-0.704753650818
-0.627461832482
0.331079960790
-0.711298057344
-0.578913090751
0.398641075376
-0.464273096994
-0.712708176114
0.525830340613
-0.527073372621
-0.709520387929
0.467733341753
-0.587024609093
-0.700570493471
0.405713066092
-0.642913806718
-0.687271713279
0.338111563331
-0.652687658556
-0.640366183128
0.404882664330
-0.656858277507
-0.588917427231
0.470864595372
-0.534601550549
-0.656317282002
0.532399105461
-0.595139133278
-0.650994637515
0.471185095230
-0.598057303578
-0.595994358417
0.535834103406
-0.408326626364
-0.912465213924
0.026011527856
-0.482561075490
-0.874238640535
0.053306733318
-0.210505022691
-0.977445979357
0.016940863615
-0.282262670988
-0.957979316951
0.051023650021
-0.354927368974
-0.931186598540
0.083175004977
-0.430632987363
-0.895532879361
0.112143177136
-0.075347259029
-0.996470348026
0.037008594430
-0.150665379620
-0.985883104295
0.073037305870
-0.225062781024
-0.968332461997
0.108069364949
-0.300181377927
-0.943480310792
0.140485029426
-0.376900089559
-0.910684849823
0.169113650525
-0.455094676231
-0.869372077643
0.192564343224
-0.359863945222
-0.852675043829
0.378738974177
-0.294706764866
-0.852714270561
0.431307657622
-0.013424251337
-0.995703254899
0.091623237554
-0.089622200507
-0.987754564292
0.127705841282
-0.166185704212
-0.972574362302
0.162731132573
-0.242647194395
-0.949971958766
0.196661172098
-0.320301514600
-0.920013778643
0.225791024738
-0.399801597616
-0.882141484603
0.248968037478
-0.340985042261
-0.889296891731
0.304762595001
-0.278423880192
-0.890948121145
0.358736098499
-0.212035607345
-0.887474254156
0.409182538029
-0.026969805232
-0.982976473814
0.181741248849
-0.104386321722
-0.970755351989
0.216188673206
-0.181771727478
-0.951030548347
0.249999870399
-0.260297541786
-0.923741569655
0.280974557977
-0.196670906317
-0.922200035451
0.332967940232
-0.129477172346
-0.914856875244
0.382455957803
-0.039394045008
-0.962372351911
0.268863469990
-0.117541223341
-0.946166378813
0.301584556004
-0.049702141270
-0.934896486629
0.351423187114
0.408326626364
0.912465213924
0.026011527856
0.482561075490
0.874238640535
0.053306733318
0.210505022691
0.977445979357
0.016940863615
0.282262670988
0.957979316951
0.051023650021
0.354927368974
0.931186598540
0.083175004977
0.430632987363
0.895532879361
0.112143177136
0.075347259029
0.996470348026
0.037008594430
0.150665379620
0.985883104295
0.073037305870
0.225062781024
0.968332461997
0.108069364949
0.300181377927
0.943480310792
0.140485029426
0.376900089559
0.910684849823
0.169113650525
0.455094676231
0.869372077643
0.192564343224
0.359863945222
0.852675043829
0.378738974177
0.294706764866
0.852714270561
0.431307657622
0.013424251337
0.995703254899
0.091623237554
0.089622200507
0.987754564292
0.127705841282
0.166185704212
0.972574362302
0.162731132573
0.242647194395
0.949971958766
0.196661172098
0.320301514600
0.920013778643
0.225791024738
0.399801597616
0.882141484603
0.248968037478
0.340985042261
0.889296891731
0.304762595001
0.278423880192
0.890948121145
0.358736098499
0.212035607345
0.887474254156
0.409182538029
0.026969805232
0.982976473814
0.181741248849
0.104386321722
0.970755351989
0.216188673206
0.181771727478
0.951030548347
0.249999870399
0.260297541786
0.923741569655
0.280974557977
0.196670906317
0.922200035451
0.332967940232
0.129477172346
0.914856875244
0.382455957803
0.039394045008
0.962372351911
0.268863469990
0.117541223341
0.946166378813
0.301584556004
0.049702141270
0.934896486629
0.351423187114
-0.117851422820
-0.465086802975
-0.877385495570
-0.030246522862
-0.468309081640
-0.883046857142
-0.313185834164
-0.393594483486
-0.864290469604
-0.234867185796
-0.395884224709
-0.887757334896
-0.152748535956
-0.397926175836
-0.904611874423
-0.064722887028
-0.401325636319
-0.913645818426
-0.425841676362
-0.315659319613
-0.847949326678
-0.348480930834
-0.320898901832
-0.880673001544
-0.268691346008
-0.324332624659
-0.906980324573
-0.185476057710
-0.327987362595
-0.926295267177
-0.098164855283
-0.333051322639
-0.937784878144
-0.007001057134
-0.340410258363
-0.940250945865
-0.018164695115
-0.137016785293
-0.990402162962
-0.054652958138
-0.061921358562
-0.996583563742
-0.458678042497
-0.240276596526
-0.855500795144
-0.381908123625
-0.246727851013
-0.890657932454
-0.301553436742
-0.251982606585
-0.919548960506
-0.217908631168
-0.255778846275
-0.941856151576
-0.131104256865
-0.261781873769
-0.956180905686
-0.040689100815
-0.271078135618
-0.961696959268
-0.074608930743
-0.198742255115
-0.977207768842
-0.109368858926
-0.124306450454
-0.986197930982
-0.145752359271
-0.049226803210
-0.988095628779
-0.413508071666
-0.170209579198
-0.894449424963
-0.334121393729
-0.177272751391
-0.925709061135
-0.251204649002
-0.182516321604
-0.950570363870
-0.164459736527
-0.188287421937
-0.968246271256
-0.199097160102
-0.113934214096
-0.973334123360
-0.234493814249
-0.038031538582
-0.971373385034
-0.366232342674
-0.099571317773
-0.925180751992
-0.284795589137
-0.107165071181
-0.952579193520
-0.318642629335
-0.029442642392
-0.947417545531
0.625025761966
-0.778537782789
-0.056760176611
0.584807710841
-0.811046744653
0.014251993850
0.734191210778
-0.653790115681
-0.183089460795
0.713309410470
-0.691577781211
-0.113621553721
0.685254696860
-0.727033082494
-0.042998806862
0.647499995559
-0.761501697257
0.029307351043
0.801382159639
-0.547756102430
-0.240312060584
0.787556676011
-0.592262635987
-0.170233522212
0.767883876297
-0.632850575308
-0.099269843635
0.740772972828
-0.671179729986
-0.027805984668
0.704847812433
-0.708002010553
0.043848766920
0.658986967855
-0.743359711375
0.114684417868
0.767994013489
-0.600436789809
0.222847159929
0.814444766341
-0.531498520405
0.232785406304
0.847204151545
-0.480398937434
-0.226852345189
0.835268366394
-0.526919890192
-0.157105650506
0.816840546859
-0.570447554601
-0.085796902373
0.791891938165
-0.610520038974
-0.013131651880
0.758223683015
-0.649362994135
0.058519640830
0.714605983184
-0.687581674515
0.128723461999
0.766467423069
-0.626334318777
0.142242787147
0.814122509744
-0.559868160356
0.154117429737
0.857050416615
-0.488833178781
0.162808804135
0.877781168659
-0.457146133202
-0.143239773965
0.861194766350
-0.503022010236
-0.072886429669
0.838229258095
-0.545317482256
-0.000744594126
0.807373543245
-0.585630006325
0.072010119850
0.851784818658
-0.517317371121
0.082736692221
0.891352091756
-0.443992279873
0.091445633765
0.900833893223
-0.429973246451
-0.060177272765
0.879934722416
-0.474981283582
0.010376152160
0.916699932912
-0.399062383223
0.020259498878
