0.452263968065
0.845827321056
0.282901831285
0.521012390964
0.831862967927
0.191180781079
0.578666992486
0.811442145612
0.081891123647
0.750228683930
0.617601637263
0.236061728069
0.773426819593
0.543801560532
0.325715853924
0.411090846639
0.785395701416
0.462771982738
0.491422205698
0.785337051842
0.376496919975
0.564048557542
0.775904079434
0.282528023836
0.626163884066
0.759938152507
0.174392645073
0.665021296125
0.698569367174
0.264097548164
0.693072636146
0.628153143451
0.353657955373
0.709473490249
0.550107481424
0.440487372708
0.522254357580
0.714783178177
0.465118688277
0.598316253629
0.710450707003
0.370509721279
0.621305769775
0.636062768288
0.457606048083
0.541822005995
0.633837957401
0.551976772680
0.525731112119
0.850650808352
0.000000000000
0.000000000000
0.525731112119
-0.850650808352
-0.525731112119
0.850650808352
0.000000000000
0.000000000000
0.525731112119
0.850650808352
0.850650808352
-0.000000000000
0.525731112119
-0.850650808352
-0.000000000000
0.525731112119
-0.000000000000
-0.525731112119
0.850650808352
-0.850650808352
-0.000000000000
-0.525731112119
-0.525731112119
-0.850650808352
0.000000000000
0.850650808352
-0.000000000000
-0.525731112119
0.525731112119
-0.850650808352
0.000000000000
0.000000000000
-0.525731112119
-0.850650808352
0.264115421730
0.403080509323
-0.876224370243
0.151222099489
0.416399204417
-0.896517472884
0.027667227423
0.436706989167
-0.899178252706
0.006713009433
0.149785943263
-0.988695659293
0.044840175137
0.038084745917
-0.998267955422
0.411545594282
0.276978420542
-0.868281739058
0.301563799072
0.295244748291
-0.906581388346
0.186313240449
0.312154984415
-0.931582869174
0.062838475324
0.334111276075
-0.940436590748
0.097018562782
0.227602833588
-0.968908844329
0.133688974416
0.117186367530
-0.984070431110
0.171617585696
0.005563249305
-0.985147935356
0.336041893777
0.184326922421
-0.923633818836
0.220131876411
0.204621944610
-0.953767171154
0.256112389630
0.093788523429
-0.962086356182
0.371514287118
0.069365085099
-0.925832392735
-0.452263968065
0.845827321056
-0.282901831285
-0.521012390964
0.831862967927
-0.191180781079
-0.578666992486
0.811442145612
-0.081891123647
-0.750228683930
0.617601637263
-0.236061728069
-0.773426819593
0.543801560532
-0.325715853924
-0.411090846639
0.785395701416
-0.462771982738
-0.491422205698
0.785337051842
-0.376496919975
-0.564048557542
0.775904079434
-0.282528023836
-0.626163884066
0.759938152507
-0.174392645073
-0.665021296125
0.698569367174
-0.264097548164
-0.693072636146
0.628153143451
-0.353657955373
-0.709473490249
0.550107481424
-0.440487372708
-0.522254357580
0.714783178177
-0.465118688277
-0.598316253629
0.710450707003
-0.370509721279
-0.621305769775
0.636062768288
-0.457606048083
-0.541822005995
0.633837957401
-0.551976772680
-0.264115421730
0.403080509323
0.876224370243
-0.151222099489
0.416399204417
0.896517472884
-0.027667227423
0.436706989167
0.899178252706
-0.006713009433
0.149785943263
0.988695659293
-0.044840175137
0.038084745917
0.998267955422
-0.411545594282
0.276978420542
0.868281739058
-0.301563799072
0.295244748291
0.906581388346
-0.186313240449
0.312154984415
0.931582869174
-0.062838475324
0.334111276075
0.940436590748
-0.097018562782
0.227602833588
0.968908844329
-0.133688974416
0.117186367530
0.984070431110
-0.171617585696
0.005563249305
0.985147935356
-0.336041893777
0.184326922421
0.923633818836
-0.220131876411
0.204621944610
0.953767171154
-0.256112389630
0.093788523429
0.962086356182
-0.371514287118
0.069365085099
0.925832392735
0.716379389795
0.682595013474
0.144445898027
0.672234490453
0.738402570592
0.053501715745
0.606334219908
0.794342858691
-0.037124609303
0.756941693363
0.613452769267
-0.225199850640
0.818266994730
0.516088808236
-0.253162926490
0.822636440922
0.531046536229
0.203122776731
0.792986004770
0.598960374239
0.111443556701
0.750361797992
0.660756164282
0.018933131765
0.689002359390
0.721101838956
-0.072717856198
0.762039858907
0.638608597835
-0.107118216044
0.826761610562
0.545528813340
-0.137344650847
0.881091075946
0.444041980396
-0.162804285984
0.858296251357
0.507097866179
0.078608517499
0.818448130040
0.574401725374
-0.014328863238
0.877418159406
0.477776606556
-0.043207496721
0.913336293112
0.404229500656
0.049145971183
-0.258634611296
0.965496844759
-0.030397049187
-0.362897488672
0.929583351671
-0.064654504957
-0.473831598470
0.876233982338
-0.087736107094
-0.374985793903
0.849514497336
-0.371094022030
-0.291247672407
0.841804662160
-0.454466394890
-0.073855643811
0.993818518967
-0.082886037642
-0.183801191591
0.975457294214
-0.121244336504
-0.293221852650
0.943284188118
-0.155678789740
-0.406829132273
0.895494484029
-0.180498438241
-0.334721049631
0.902706146000
-0.270339477155
-0.254531018377
0.899186768713
-0.355917287659
-0.168367535289
0.884529353104
-0.435040453933
-0.105718404923
0.972216554455
-0.208850640659
-0.218950807848
0.944911446653
-0.243316464151
-0.136996020150
0.935382654639
-0.326023587894
-0.020219113916
0.956206273336
-0.291994435334
-0.193629356769
0.685982340608
0.701381423030
-0.158114902292
0.607579985496
0.778361252182
-0.104835394016
0.518598112814
0.848566754915
-0.375242890027
0.385847671332
0.842801487903
-0.482179147186
0.363800599841
0.796964487022
-0.337235202828
0.739750403280
0.582272924684
-0.307621014107
0.671741668266
0.673893495142
-0.270826704892
0.594683008252
0.756970947669
-0.219334751793
0.508503921148
0.832656008705
-0.330300246494
0.491700381752
0.805687583218
-0.438541617769
0.470844322903
0.765497794298
-0.541105954960
0.446050622013
0.712911767408
-0.416535952657
0.649445610698
0.636174660678
-0.379365445780
0.575131665889
0.724779570242
-0.484309749625
0.551394571512
0.679270265009
-0.521602892079
0.621341857778
0.584691986218
0.701381423030
-0.193629356769
0.685982340608
0.778361252182
-0.158114902292
0.607579985496
0.848566754915
-0.104835394016
0.518598112814
0.842801487903
-0.375242890027
0.385847671332
0.796964487022
-0.482179147186
0.363800599841
0.582272924684
-0.337235202828
0.739750403280
0.673893495142
-0.307621014107
0.671741668266
0.756970947669
-0.270826704892
0.594683008252
0.832656008705
-0.219334751793
0.508503921148
0.805687583218
-0.330300246494
0.491700381752
0.765497794298
-0.438541617769
0.470844322903
0.712911767408
-0.541105954960
0.446050622013
0.636174660678
-0.416535952657
0.649445610698
0.724779570242
-0.379365445780
0.575131665889
0.679270265009
-0.484309749625
0.551394571512
0.584691986218
-0.521602892079
0.621341857778
-0.965496844759
-0.030397049187
0.258634611296
-0.929583351671
-0.064654504957
0.362897488672
-0.876233982338
-0.087736107094
0.473831598470
-0.849514497336
-0.371094022030
0.374985793903
-0.841804662160
-0.454466394890
0.291247672407
-0.993818518967
-0.082886037642
0.073855643811
-0.975457294214
-0.121244336504
0.183801191591
-0.943284188118
-0.155678789740
0.293221852650
-0.895494484029
-0.180498438241
0.406829132273
-0.902706146000
-0.270339477155
0.334721049631
-0.899186768713
-0.355917287659
0.254531018377
-0.884529353104
-0.435040453933
0.168367535289
-0.972216554455
-0.208850640659
0.105718404923
-0.944911446653
-0.243316464151
0.218950807848
-0.935382654639
-0.326023587894
0.136996020150
-0.956206273336
-0.291994435334
0.020219113916
0.685982340608
0.701381423030
-0.193629356769
0.607579985496
0.778361252182
-0.158114902292
0.518598112814
0.848566754915
-0.104835394016
0.385847671332
0.842801487903
-0.375242890027
0.363800599841
0.796964487022
-0.482179147186
0.739750403280
0.582272924684
-0.337235202828
0.671741668266
0.673893495142
-0.307621014107
0.594683008252
0.756970947669
-0.270826704892
0.508503921148
0.832656008705
-0.219334751793
0.491700381752
0.805687583218
-0.330300246494
0.470844322903
0.765497794298
-0.438541617769
0.446050622013
0.712911767408
-0.541105954960
0.649445610698
0.636174660678
-0.416535952657
0.575131665889
0.724779570242
-0.379365445780
0.551394571512
0.679270265009
-0.484309749625
0.621341857778
0.584691986218
-0.521602892079
0.144445898027
0.716379389795
0.682595013474
0.053501715745
0.672234490453
0.738402570592
-0.037124609303
0.606334219908
0.794342858691
-0.225199850640
0.756941693363
0.613452769267
-0.253162926490
0.818266994730
0.516088808236
0.203122776731
0.822636440922
0.531046536229
0.111443556701
0.792986004770
0.598960374239
0.018933131765
0.750361797992
0.660756164282
-0.072717856198
0.689002359390
0.721101838956
-0.107118216044
0.762039858907
0.638608597835
-0.137344650847
0.826761610562
0.545528813340
-0.162804285984
0.881091075946
0.444041980396
0.078608517499
0.858296251357
0.507097866179
-0.014328863238
0.818448130040
0.574401725374
-0.043207496721
0.877418159406
0.477776606556
0.049145971183
0.913336293112
0.404229500656
-0.282901831285
-0.452263968065
0.845827321056
-0.191180781079
-0.521012390964
0.831862967927
-0.081891123647
-0.578666992486
0.811442145612
-0.236061728069
-0.750228683930
0.617601637263
-0.325715853924
-0.773426819593
0.543801560532
-0.462771982738
-0.411090846639
0.785395701416
-0.376496919975
-0.491422205698
0.785337051842
-0.282528023836
-0.564048557542
0.775904079434
-0.174392645073
-0.626163884066
0.759938152507
-0.264097548164
-0.665021296125
0.698569367174
-0.353657955373
-0.693072636146
0.628153143451
-0.440487372708
-0.709473490249
0.550107481424
-0.465118688277
-0.522254357580
0.714783178177
-0.370509721279
-0.598316253629
0.710450707003
-0.457606048083
-0.621305769775
0.636062768288
-0.551976772680
-0.541822005995
0.633837957401
0.876224370243
-0.264115421730
0.403080509323
0.896517472884
-0.151222099489
0.416399204417
0.899178252706
-0.027667227423
0.436706989167
0.988695659293
-0.006713009433
0.149785943263
0.998267955422
-0.044840175137
0.038084745917
0.868281739058
-0.411545594282
0.276978420542
0.906581388346
-0.301563799072
0.295244748291
0.931582869174
-0.186313240449
0.312154984415
0.940436590748
-0.062838475324
0.334111276075
0.968908844329
-0.097018562782
0.227602833588
0.984070431110
-0.133688974416
0.117186367530
0.985147935356
-0.171617585696
0.005563249305
0.923633818836
-0.336041893777
0.184326922421
0.953767171154
-0.220131876411
0.204621944610
0.962086356182
-0.256112389630
0.093788523429
0.925832392735
-0.371514287118
0.069365085099
0.282901831285
0.452263968065
0.845827321056
0.191180781079
0.521012390964
0.831862967927
0.081891123647
0.578666992486
0.811442145612
0.236061728069
0.750228683930
0.617601637263
0.325715853924
0.773426819593
0.543801560532
0.462771982738
0.411090846639
0.785395701416
0.376496919975
0.491422205698
0.785337051842
0.282528023836
0.564048557542
0.775904079434
0.174392645073
0.626163884066
0.759938152507
0.264097548164
0.665021296125
0.698569367174
0.353657955373
0.693072636146
0.628153143451
0.440487372708
0.709473490249
0.550107481424
0.465118688277
0.522254357580
0.714783178177
0.370509721279
0.598316253629
0.710450707003
0.457606048083
0.621305769775
0.636062768288
0.551976772680
0.541822005995
0.633837957401
-0.030397049187
-0.258634611296
0.965496844759
-0.064654504957
-0.362897488672
0.929583351671
-0.087736107094
-0.473831598470
0.876233982338
-0.371094022030
-0.374985793903
0.849514497336
-0.454466394890
-0.291247672407
0.841804662160
-0.082886037642
-0.073855643811
0.993818518967
-0.121244336504
-0.183801191591
0.975457294214
-0.155678789740
-0.293221852650
0.943284188118
-0.180498438241
-0.406829132273
0.895494484029
-0.270339477155
-0.334721049631
0.902706146000
-0.355917287659
-0.254531018377
0.899186768713
-0.435040453933
-0.168367535289
0.884529353104
-0.208850640659
-0.105718404923
0.972216554455
-0.243316464151
-0.218950807848
0.944911446653
-0.326023587894
-0.136996020150
0.935382654639
-0.291994435334
-0.020219113916
0.956206273336
0.030397049187
0.258634611296
0.965496844759
0.064654504957
0.362897488672
0.929583351671
0.087736107094
0.473831598470
0.876233982338
0.371094022030
0.374985793903
0.849514497336
0.454466394890
0.291247672407
0.841804662160
0.082886037642
0.073855643811
0.993818518967
0.121244336504
0.183801191591
0.975457294214
0.155678789740
0.293221852650
0.943284188118
0.180498438241
0.406829132273
0.895494484029
0.270339477155
0.334721049631
0.902706146000
0.355917287659
0.254531018377
0.899186768713
0.435040453933
0.168367535289
0.884529353104
0.208850640659
0.105718404923
0.972216554455
0.243316464151
0.218950807848
0.944911446653
0.326023587894
0.136996020150
0.935382654639
0.291994435334
0.020219113916
0.956206273336
-0.403080509323
0.876224370243
0.264115421730
-0.416399204417
0.896517472884
0.151222099489
-0.436706989167
0.899178252706
0.027667227423
-0.149785943263
0.988695659293
0.006713009433
-0.038084745917
0.998267955422
0.044840175137
-0.276978420542
0.868281739058
0.411545594282
-0.295244748291
0.906581388346
0.301563799072
-0.312154984415
0.931582869174
0.186313240449
-0.334111276075
0.940436590748
0.062838475324
-0.227602833588
0.968908844329
0.097018562782
-0.117186367530
0.984070431110
0.133688974416
-0.005563249305
0.985147935356
0.171617585696
-0.184326922421
0.923633818836
0.336041893777
-0.204621944610
0.953767171154
0.220131876411
-0.093788523429
0.962086356182
0.256112389630
-0.069365085099
0.925832392735
0.371514287118
-0.682595013474
0.144445898027
-0.716379389795
-0.738402570592
0.053501715745
-0.672234490453
-0.794342858691
-0.037124609303
-0.606334219908
-0.613452769267
-0.225199850640
-0.756941693363
-0.516088808236
-0.253162926490
-0.818266994730
-0.531046536229
0.203122776731
-0.822636440922
-0.598960374239
0.111443556701
-0.792986004770
-0.660756164282
0.018933131765
-0.750361797992
-0.721101838956
-0.072717856198
-0.689002359390
-0.638608597835
-0.107118216044
-0.762039858907
-0.545528813340
-0.137344650847
-0.826761610562
-0.444041980396
-0.162804285984
-0.881091075946
-0.507097866179
0.078608517499
-0.858296251357
-0.574401725374
-0.014328863238
-0.818448130040
-0.477776606556
-0.043207496721
-0.877418159406
-0.404229500656
0.049145971183
-0.913336293112
-0.845827321056
-0.282901831285
0.452263968065
-0.831862967927
-0.191180781079
0.521012390964
-0.811442145612
-0.081891123647
0.578666992486
-0.617601637263
-0.236061728069
0.750228683930
-0.543801560532
-0.325715853924
0.773426819593
-0.785395701416
-0.462771982738
0.411090846639
-0.785337051842
-0.376496919975
0.491422205698
-0.775904079434
-0.282528023836
0.564048557542
-0.759938152507
-0.174392645073
0.626163884066
-0.698569367174
-0.264097548164
0.665021296125
-0.628153143451
-0.353657955373
0.693072636146
-0.550107481424
-0.440487372708
0.709473490249
-0.714783178177
-0.465118688277
0.522254357580
-0.710450707003
-0.370509721279
0.598316253629
-0.636062768288
-0.457606048083
0.621305769775
-0.633837957401
-0.551976772680
0.541822005995
-0.685982340608
0.701381423030
0.193629356769
-0.607579985496
0.778361252182
0.158114902292
-0.518598112814
0.848566754915
0.104835394016
-0.385847671332
0.842801487903
0.375242890027
-0.363800599841
0.796964487022
0.482179147186
-0.739750403280
0.582272924684
0.337235202828
-0.671741668266
0.673893495142
0.307621014107
-0.594683008252
0.756970947669
0.270826704892
-0.508503921148
0.832656008705
0.219334751793
-0.491700381752
0.805687583218
0.330300246494
-0.470844322903
0.765497794298
0.438541617769
-0.446050622013
0.712911767408
0.541105954960
-0.649445610698
0.636174660678
0.416535952657
-0.575131665889
0.724779570242
0.379365445780
-0.551394571512
0.679270265009
0.484309749625
-0.621341857778
0.584691986218
0.521602892079
-0.845827321056
0.282901831285
-0.452263968065
-0.831862967927
0.191180781079
-0.521012390964
-0.811442145612
0.081891123647
-0.578666992486
-0.617601637263
0.236061728069
-0.750228683930
-0.543801560532
0.325715853924
-0.773426819593
-0.785395701416
0.462771982738
-0.411090846639
-0.785337051842
0.376496919975
-0.491422205698
-0.775904079434
0.282528023836
-0.564048557542
-0.759938152507
0.174392645073
-0.626163884066
-0.698569367174
0.264097548164
-0.665021296125
-0.628153143451
0.353657955373
-0.693072636146
-0.550107481424
0.440487372708
-0.709473490249
-0.714783178177
0.465118688277
-0.522254357580
-0.710450707003
0.370509721279
-0.598316253629
-0.636062768288
0.457606048083
-0.621305769775
-0.633837957401
0.551976772680
-0.541822005995
-0.403080509323
-0.876224370243
-0.264115421730
-0.416399204417
-0.896517472884
-0.151222099489
-0.436706989167
-0.899178252706
-0.027667227423
-0.149785943263
-0.988695659293
-0.006713009433
-0.038084745917
-0.998267955422
-0.044840175137
-0.276978420542
-0.868281739058
-0.411545594282
-0.295244748291
-0.906581388346
-0.301563799072
-0.312154984415
-0.931582869174
-0.186313240449
-0.334111276075
-0.940436590748
-0.062838475324
-0.227602833588
-0.968908844329
-0.097018562782
-0.117186367530
-0.984070431110
-0.133688974416
-0.005563249305
-0.985147935356
-0.171617585696
-0.184326922421
-0.923633818836
-0.336041893777
-0.204621944610
-0.953767171154
-0.220131876411
-0.093788523429
-0.962086356182
-0.256112389630
-0.069365085099
-0.925832392735
-0.371514287118
0.682595013474
0.144445898027
0.716379389795
0.738402570592
0.053501715745
0.672234490453
0.794342858691
-0.037124609303
0.606334219908
0.613452769267
-0.225199850640
0.756941693363
0.516088808236
-0.253162926490
0.818266994730
0.531046536229
0.203122776731
0.822636440922
0.598960374239
0.111443556701
0.792986004770
0.660756164282
0.018933131765
0.750361797992
0.721101838956
-0.072717856198
0.689002359390
0.638608597835
-0.107118216044
0.762039858907
0.545528813340
-0.137344650847
0.826761610562
0.444041980396
-0.162804285984
0.881091075946
0.507097866179
0.078608517499
0.858296251357
0.574401725374
-0.014328863238
0.818448130040
0.477776606556
-0.043207496721
0.877418159406
0.404229500656
0.049145971183
0.913336293112
0.845827321056
-0.282901831285
-0.452263968065
0.831862967927
-0.191180781079
-0.521012390964
0.811442145612
-0.081891123647
-0.578666992486
0.617601637263
-0.236061728069
-0.750228683930
0.543801560532
-0.325715853924
-0.773426819593
0.785395701416
-0.462771982738
-0.411090846639
0.785337051842
-0.376496919975
-0.491422205698
0.775904079434
-0.282528023836
-0.564048557542
0.759938152507
-0.174392645073
-0.626163884066
0.698569367174
-0.264097548164
-0.665021296125
0.628153143451
-0.353657955373
-0.693072636146
0.550107481424
-0.440487372708
-0.709473490249
0.714783178177
-0.465118688277
-0.522254357580
0.710450707003
-0.370509721279
-0.598316253629
0.636062768288
-0.457606048083
-0.621305769775
0.633837957401
-0.551976772680
-0.541822005995
0.403080509323
0.876224370243
-0.264115421730
0.416399204417
0.896517472884
-0.151222099489
0.436706989167
0.899178252706
-0.027667227423
0.149785943263
0.988695659293
-0.006713009433
0.038084745917
0.998267955422
-0.044840175137
0.276978420542
0.868281739058
-0.411545594282
0.295244748291
0.906581388346
-0.301563799072
0.312154984415
0.931582869174
-0.186313240449
0.334111276075
0.940436590748
-0.062838475324
0.227602833588
0.968908844329
-0.097018562782
0.117186367530
0.984070431110
-0.133688974416
0.005563249305
0.985147935356
-0.171617585696
0.184326922421
0.923633818836
-0.336041893777
0.204621944610
0.953767171154
-0.220131876411
0.093788523429
0.962086356182
-0.256112389630
0.069365085099
0.925832392735
-0.371514287118
0.845827321056
0.282901831285
0.452263968065
0.831862967927
0.191180781079
0.521012390964
0.811442145612
0.081891123647
0.578666992486
0.617601637263
0.236061728069
0.750228683930
0.543801560532
0.325715853924
0.773426819593
0.785395701416
0.462771982738
0.411090846639
0.785337051842
0.376496919975
0.491422205698
0.775904079434
0.282528023836
0.564048557542
0.759938152507
0.174392645073
0.626163884066
0.698569367174
0.264097548164
0.665021296125
0.628153143451
0.353657955373
0.693072636146
0.550107481424
0.440487372708
0.709473490249
0.714783178177
0.465118688277
0.522254357580
0.710450707003
0.370509721279
0.598316253629
0.636062768288
0.457606048083
0.621305769775
0.633837957401
0.551976772680
0.541822005995
0.965496844759
-0.030397049187
-0.258634611296
0.929583351671
-0.064654504957
-0.362897488672
0.876233982338
-0.087736107094
-0.473831598470
0.849514497336
-0.371094022030
-0.374985793903
0.841804662160
-0.454466394890
-0.291247672407
0.993818518967
-0.082886037642
-0.073855643811
0.975457294214
-0.121244336504
-0.183801191591
0.943284188118
-0.155678789740
-0.293221852650
0.895494484029
-0.180498438241
-0.406829132273
0.902706146000
-0.270339477155
-0.334721049631
0.899186768713
-0.355917287659
-0.254531018377
0.884529353104
-0.435040453933
-0.168367535289
0.972216554455
-0.208850640659
-0.105718404923
0.944911446653
-0.243316464151
-0.218950807848
0.935382654639
-0.326023587894
-0.136996020150
0.956206273336
-0.291994435334
-0.020219113916
-0.030397049187
0.258634611296
-0.965496844759
-0.064654504957
0.362897488672
-0.929583351671
-0.087736107094
0.473831598470
-0.876233982338
-0.371094022030
0.374985793903
-0.849514497336
-0.454466394890
0.291247672407
-0.841804662160
-0.082886037642
0.073855643811
-0.993818518967
-0.121244336504
0.183801191591
-0.975457294214
-0.155678789740
0.293221852650
-0.943284188118
-0.180498438241
0.406829132273
-0.895494484029
-0.270339477155
0.334721049631
-0.902706146000
-0.355917287659
0.254531018377
-0.899186768713
-0.435040453933
0.168367535289
-0.884529353104
-0.208850640659
0.105718404923
-0.972216554455
-0.243316464151
0.218950807848
-0.944911446653
-0.326023587894
0.136996020150
-0.935382654639
-0.291994435334
0.020219113916
-0.956206273336
0.403080509323
-0.876224370243
0.264115421730
0.416399204417
-0.896517472884
0.151222099489
0.436706989167
-0.899178252706
0.027667227423
0.149785943263
-0.988695659293
0.006713009433
0.038084745917
-0.998267955422
0.044840175137
0.276978420542
-0.868281739058
0.411545594282
0.295244748291
-0.906581388346
0.301563799072
0.312154984415
-0.931582869174
0.186313240449
0.334111276075
-0.940436590748
0.062838475324
0.227602833588
-0.968908844329
0.097018562782
0.117186367530
-0.984070431110
0.133688974416
0.005563249305
-0.985147935356
0.171617585696
0.184326922421
-0.923633818836
0.336041893777
0.204621944610
-0.953767171154
0.220131876411
0.093788523429
-0.962086356182
0.256112389630
0.069365085099
-0.925832392735
0.371514287118
-0.876224370243
0.264115421730
0.403080509323
-0.896517472884
0.151222099489
0.416399204417
-0.899178252706
0.027667227423
0.436706989167
-0.988695659293
0.006713009433
0.149785943263
-0.998267955422
0.044840175137
0.038084745917
-0.868281739058
0.411545594282
0.276978420542
-0.906581388346
0.301563799072
0.295244748291
-0.931582869174
0.186313240449
0.312154984415
-0.940436590748
0.062838475324
0.334111276075
-0.968908844329
0.097018562782
0.227602833588
-0.984070431110
0.133688974416
0.117186367530
-0.985147935356
0.171617585696
0.005563249305
-0.923633818836
0.336041893777
0.184326922421
-0.953767171154
0.220131876411
0.204621944610
-0.962086356182
0.256112389630
0.093788523429
-0.925832392735
0.371514287118
0.069365085099
-0.144445898027
-0.716379389795
0.682595013474
-0.053501715745
-0.672234490453
0.738402570592
0.037124609303
-0.606334219908
0.794342858691
0.225199850640
-0.756941693363
0.613452769267
0.253162926490
-0.818266994730
0.516088808236
-0.203122776731
-0.822636440922
0.531046536229
-0.111443556701
-0.792986004770
0.598960374239
-0.018933131765
-0.750361797992
0.660756164282
0.072717856198
-0.689002359390
0.721101838956
0.107118216044
-0.762039858907
0.638608597835
0.137344650847
-0.826761610562
0.545528813340
0.162804285984
-0.881091075946
0.444041980396
-0.078608517499
-0.858296251357
0.507097866179
0.014328863238
-0.818448130040
0.574401725374
0.043207496721
-0.877418159406
0.477776606556
-0.049145971183
-0.913336293112
0.404229500656
-0.701381423030
0.193629356769
0.685982340608
-0.778361252182
0.158114902292
0.607579985496
-0.848566754915
0.104835394016
0.518598112814
-0.842801487903
0.375242890027
0.385847671332
-0.796964487022
0.482179147186
0.363800599841
-0.582272924684
0.337235202828
0.739750403280
-0.673893495142
0.307621014107
0.671741668266
-0.756970947669
0.270826704892
0.594683008252
-0.832656008705
0.219334751793
0.508503921148
-0.805687583218
0.330300246494
0.491700381752
-0.765497794298
0.438541617769
0.470844322903
-0.712911767408
0.541105954960
0.446050622013
-0.636174660678
0.416535952657
0.649445610698
-0.724779570242
0.379365445780
0.575131665889
-0.679270265009
0.484309749625
0.551394571512
-0.584691986218
0.521602892079
0.621341857778
-0.685982340608
-0.701381423030
-0.193629356769
-0.607579985496
-0.778361252182
-0.158114902292
-0.518598112814
-0.848566754915
-0.104835394016
-0.385847671332
-0.842801487903
-0.375242890027
-0.363800599841
-0.796964487022
-0.482179147186
-0.739750403280
-0.582272924684
-0.337235202828
-0.671741668266
-0.673893495142
-0.307621014107
-0.594683008252
-0.756970947669
-0.270826704892
-0.508503921148
-0.832656008705
-0.219334751793
-0.491700381752
-0.805687583218
-0.330300246494
-0.470844322903
-0.765497794298
-0.438541617769
-0.446050622013
-0.712911767408
-0.541105954960
-0.649445610698
-0.636174660678
-0.416535952657
-0.575131665889
-0.724779570242
-0.379365445780
-0.551394571512
-0.679270265009
-0.484309749625
-0.621341857778
-0.584691986218
-0.521602892079
0.193629356769
-0.685982340608
0.701381423030
0.158114902292
-0.607579985496
0.778361252182
0.104835394016
-0.518598112814
0.848566754915
0.375242890027
-0.385847671332
0.842801487903
0.482179147186
-0.363800599841
0.796964487022
0.337235202828
-0.739750403280
0.582272924684
0.307621014107
-0.671741668266
0.673893495142
0.270826704892
-0.594683008252
0.756970947669
0.219334751793
-0.508503921148
0.832656008705
0.330300246494
-0.491700381752
0.805687583218
0.438541617769
-0.470844322903
0.765497794298
0.541105954960
-0.446050622013
0.712911767408
0.416535952657
-0.649445610698
0.636174660678
0.379365445780
-0.575131665889
0.724779570242
0.484309749625
-0.551394571512
0.679270265009
0.521602892079
-0.621341857778
0.584691986218
-0.682595013474
-0.144445898027
0.716379389795
-0.738402570592
-0.053501715745
0.672234490453
-0.794342858691
0.037124609303
0.606334219908
-0.613452769267
0.225199850640
0.756941693363
-0.516088808236
0.253162926490
0.818266994730
-0.531046536229
-0.203122776731
0.822636440922
-0.598960374239
-0.111443556701
0.792986004770
-0.660756164282
-0.018933131765
0.750361797992
-0.721101838956
0.072717856198
0.689002359390
-0.638608597835
0.107118216044
0.762039858907
-0.545528813340
0.137344650847
0.826761610562
-0.444041980396
0.162804285984
0.881091075946
-0.507097866179
-0.078608517499
0.858296251357
-0.574401725374
0.014328863238
0.818448130040
-0.477776606556
0.043207496721
0.877418159406
-0.404229500656
-0.049145971183
0.913336293112
0.258634611296
-0.965496844759
-0.030397049187
0.362897488672
-0.929583351671
-0.064654504957
0.473831598470
-0.876233982338
-0.087736107094
0.374985793903
-0.849514497336
-0.371094022030
0.291247672407
-0.841804662160
-0.454466394890
0.073855643811
-0.993818518967
-0.082886037642
0.183801191591
-0.975457294214
-0.121244336504
0.293221852650
-0.943284188118
-0.155678789740
0.406829132273
-0.895494484029
-0.180498438241
0.334721049631
-0.902706146000
-0.270339477155
0.254531018377
-0.899186768713
-0.355917287659
0.168367535289
-0.884529353104
-0.435040453933
0.105718404923
-0.972216554455
-0.208850640659
0.218950807848
-0.944911446653
-0.243316464151
0.136996020150
-0.935382654639
-0.326023587894
0.020219113916
-0.956206273336
-0.291994435334
0.965496844759
0.030397049187
0.258634611296
0.929583351671
0.064654504957
0.362897488672
0.876233982338
0.087736107094
0.473831598470
0.849514497336
0.371094022030
0.374985793903
0.841804662160
0.454466394890
0.291247672407
0.993818518967
0.082886037642
0.073855643811
0.975457294214
0.121244336504
0.183801191591
0.943284188118
0.155678789740
0.293221852650
0.895494484029
0.180498438241
0.406829132273
0.902706146000
0.270339477155
0.334721049631
0.899186768713
0.355917287659
0.254531018377
0.884529353104
0.435040453933
0.168367535289
0.972216554455
0.208850640659
0.105718404923
0.944911446653
0.243316464151
0.218950807848
0.935382654639
0.326023587894
0.136996020150
0.956206273336
0.291994435334
0.020219113916
0.264115421730
-0.403080509323
0.876224370243
0.151222099489
-0.416399204417
0.896517472884
0.027667227423
-0.436706989167
0.899178252706
0.006713009433
-0.149785943263
0.988695659293
0.044840175137
-0.038084745917
0.998267955422
0.411545594282
-0.276978420542
0.868281739058
0.301563799072
-0.295244748291
0.906581388346
0.186313240449
-0.312154984415
0.931582869174
0.062838475324
-0.334111276075
0.940436590748
0.097018562782
-0.227602833588
0.968908844329
0.133688974416
-0.117186367530
0.984070431110
0.171617585696
-0.005563249305
0.985147935356
0.336041893777
-0.184326922421
0.923633818836
0.220131876411
-0.204621944610
0.953767171154
0.256112389630
-0.093788523429
0.962086356182
0.371514287118
-0.069365085099
0.925832392735
0.682595013474
-0.144445898027
-0.716379389795
0.738402570592
-0.053501715745
-0.672234490453
0.794342858691
0.037124609303
-0.606334219908
0.613452769267
0.225199850640
-0.756941693363
0.516088808236
0.253162926490
-0.818266994730
0.531046536229
-0.203122776731
-0.822636440922
0.598960374239
-0.111443556701
-0.792986004770
0.660756164282
-0.018933131765
-0.750361797992
0.721101838956
0.072717856198
-0.689002359390
0.638608597835
0.107118216044
-0.762039858907
0.545528813340
0.137344650847
-0.826761610562
0.444041980396
0.162804285984
-0.881091075946
0.507097866179
-0.078608517499
-0.858296251357
0.574401725374
0.014328863238
-0.818448130040
0.477776606556
0.043207496721
-0.877418159406
0.404229500656
-0.049145971183
-0.913336293112
-0.716379389795
-0.682595013474
0.144445898027
-0.672234490453
-0.738402570592
0.053501715745
-0.606334219908
-0.794342858691
-0.037124609303
-0.756941693363
-0.613452769267
-0.225199850640
-0.818266994730
-0.516088808236
-0.253162926490
-0.822636440922
-0.531046536229
0.203122776731
-0.792986004770
-0.598960374239
0.111443556701
-0.750361797992
-0.660756164282
0.018933131765
-0.689002359390
-0.721101838956
-0.072717856198
-0.762039858907
-0.638608597835
-0.107118216044
-0.826761610562
-0.545528813340
-0.137344650847
-0.881091075946
-0.444041980396
-0.162804285984
-0.858296251357
-0.507097866179
0.078608517499
-0.818448130040
-0.574401725374
-0.014328863238
-0.877418159406
-0.477776606556
-0.043207496721
-0.913336293112
-0.404229500656
0.049145971183
0.685982340608
-0.701381423030
0.193629356769
0.607579985496
-0.778361252182
0.158114902292
0.518598112814
-0.848566754915
0.104835394016
0.385847671332
-0.842801487903
0.375242890027
0.363800599841
-0.796964487022
0.482179147186
0.739750403280
-0.582272924684
0.337235202828
0.671741668266
-0.673893495142
0.307621014107
0.594683008252
-0.756970947669
0.270826704892
0.508503921148
-0.832656008705
0.219334751793
0.491700381752
-0.805687583218
0.330300246494
0.470844322903
-0.765497794298
0.438541617769
0.446050622013
-0.712911767408
0.541105954960
0.649445610698
-0.636174660678
0.416535952657
0.575131665889
-0.724779570242
0.379365445780
0.551394571512
-0.679270265009
0.484309749625
0.621341857778
-0.584691986218
0.521602892079
-0.193629356769
-0.685982340608
-0.701381423030
-0.158114902292
-0.607579985496
-0.778361252182
-0.104835394016
-0.518598112814
-0.848566754915
-0.375242890027
-0.385847671332
-0.842801487903
-0.482179147186
-0.363800599841
-0.796964487022
-0.337235202828
-0.739750403280
-0.582272924684
-0.307621014107
-0.671741668266
-0.673893495142
-0.270826704892
-0.594683008252
-0.756970947669
-0.219334751793
-0.508503921148
-0.832656008705
-0.330300246494
-0.491700381752
-0.805687583218
-0.438541617769
-0.470844322903
-0.765497794298
-0.541105954960
-0.446050622013
-0.712911767408
-0.416535952657
-0.649445610698
-0.636174660678
-0.379365445780
-0.575131665889
-0.724779570242
-0.484309749625
-0.551394571512
-0.679270265009
-0.521602892079
-0.621341857778
-0.584691986218
0.193629356769
0.685982340608
-0.701381423030
0.158114902292
0.607579985496
-0.778361252182
0.104835394016
0.518598112814
-0.848566754915
0.375242890027
0.385847671332
-0.842801487903
0.482179147186
0.363800599841
-0.796964487022
0.337235202828
0.739750403280
-0.582272924684
0.307621014107
0.671741668266
-0.673893495142
0.270826704892
0.594683008252
-0.756970947669
0.219334751793
0.508503921148
-0.832656008705
0.330300246494
0.491700381752
-0.805687583218
0.438541617769
0.470844322903
-0.765497794298
0.541105954960
0.446050622013
-0.712911767408
0.416535952657
0.649445610698
-0.636174660678
0.379365445780
0.575131665889
-0.724779570242
0.484309749625
0.551394571512
-0.679270265009
0.521602892079
0.621341857778
-0.584691986218
-0.701381423030
-0.193629356769
-0.685982340608
-0.778361252182
-0.158114902292
-0.607579985496
-0.848566754915
-0.104835394016
-0.518598112814
-0.842801487903
-0.375242890027
-0.385847671332
-0.796964487022
-0.482179147186
-0.363800599841
-0.582272924684
-0.337235202828
-0.739750403280
-0.673893495142
-0.307621014107
-0.671741668266
-0.756970947669
-0.270826704892
-0.594683008252
-0.832656008705
-0.219334751793
-0.508503921148
-0.805687583218
-0.330300246494
-0.491700381752
-0.765497794298
-0.438541617769
-0.470844322903
-0.712911767408
-0.541105954960
-0.446050622013
-0.636174660678
-0.416535952657
-0.649445610698
-0.724779570242
-0.379365445780
-0.575131665889
-0.679270265009
-0.484309749625
-0.551394571512
-0.584691986218
-0.521602892079
-0.621341857778
-0.716379389795
0.682595013474
-0.144445898027
-0.672234490453
0.738402570592
-0.053501715745
-0.606334219908
0.794342858691
0.037124609303
-0.756941693363
0.613452769267
0.225199850640
-0.818266994730
0.516088808236
0.253162926490
-0.822636440922
0.531046536229
-0.203122776731
-0.792986004770
0.598960374239
-0.111443556701
-0.750361797992
0.660756164282
-0.018933131765
-0.689002359390
0.721101838956
0.072717856198
-0.762039858907
0.638608597835
0.107118216044
-0.826761610562
0.545528813340
0.137344650847
-0.881091075946
0.444041980396
0.162804285984
-0.858296251357
0.507097866179
-0.078608517499
-0.818448130040
0.574401725374
0.014328863238
-0.877418159406
0.477776606556
0.043207496721
-0.913336293112
0.404229500656
-0.049145971183
-0.144445898027
0.716379389795
-0.682595013474
-0.053501715745
0.672234490453
-0.738402570592
0.037124609303
0.606334219908
-0.794342858691
0.225199850640
0.756941693363
-0.613452769267
0.253162926490
0.818266994730
-0.516088808236
-0.203122776731
0.822636440922
-0.531046536229
-0.111443556701
0.792986004770
-0.598960374239
-0.018933131765
0.750361797992
-0.660756164282
0.072717856198
0.689002359390
-0.721101838956
0.107118216044
0.762039858907
-0.638608597835
0.137344650847
0.826761610562
-0.545528813340
0.162804285984
0.881091075946
-0.444041980396
-0.078608517499
0.858296251357
-0.507097866179
0.014328863238
0.818448130040
-0.574401725374
0.043207496721
0.877418159406
-0.477776606556
-0.049145971183
0.913336293112
-0.404229500656
0.282901831285
-0.452263968065
-0.845827321056
0.191180781079
-0.521012390964
-0.831862967927
0.081891123647
-0.578666992486
-0.811442145612
0.236061728069
-0.750228683930
-0.617601637263
0.325715853924
-0.773426819593
-0.543801560532
0.462771982738
-0.411090846639
-0.785395701416
0.376496919975
-0.491422205698
-0.785337051842
0.282528023836
-0.564048557542
-0.775904079434
0.174392645073
-0.626163884066
-0.759938152507
0.264097548164
-0.665021296125
-0.698569367174
0.353657955373
-0.693072636146
-0.628153143451
0.440487372708
-0.709473490249
-0.550107481424
0.465118688277
-0.522254357580
-0.714783178177
0.370509721279
-0.598316253629
-0.710450707003
0.457606048083
-0.621305769775
-0.636062768288
0.551976772680
-0.541822005995
-0.633837957401
-0.876224370243
-0.264115421730
-0.403080509323
-0.896517472884
-0.151222099489
-0.416399204417
-0.899178252706
-0.027667227423
-0.436706989167
-0.988695659293
-0.006713009433
-0.149785943263
-0.998267955422
-0.044840175137
-0.038084745917
-0.868281739058
-0.411545594282
-0.276978420542
-0.906581388346
-0.301563799072
-0.295244748291
-0.931582869174
-0.186313240449
-0.312154984415
-0.940436590748
-0.062838475324
-0.334111276075
-0.968908844329
-0.097018562782
-0.227602833588
-0.984070431110
-0.133688974416
-0.117186367530
-0.985147935356
-0.171617585696
-0.005563249305
-0.923633818836
-0.336041893777
-0.184326922421
-0.953767171154
-0.220131876411
-0.204621944610
-0.962086356182
-0.256112389630
-0.093788523429
-0.925832392735
-0.371514287118
-0.069365085099
-0.282901831285
0.452263968065
-0.845827321056
-0.191180781079
0.521012390964
-0.831862967927
-0.081891123647
0.578666992486
-0.811442145612
-0.236061728069
0.750228683930
-0.617601637263
-0.325715853924
0.773426819593
-0.543801560532
-0.462771982738
0.411090846639
-0.785395701416
-0.376496919975
0.491422205698
-0.785337051842
-0.282528023836
0.564048557542
-0.775904079434
-0.174392645073
0.626163884066
-0.759938152507
-0.264097548164
0.665021296125
-0.698569367174
-0.353657955373
0.693072636146
-0.628153143451
-0.440487372708
0.709473490249
-0.550107481424
-0.465118688277
0.522254357580
-0.714783178177
-0.370509721279
0.598316253629
-0.710450707003
-0.457606048083
0.621305769775
-0.636062768288
-0.551976772680
0.541822005995
-0.633837957401
0.876224370243
0.264115421730
-0.403080509323
0.896517472884
0.151222099489
-0.416399204417
0.899178252706
0.027667227423
-0.436706989167
0.988695659293
0.006713009433
-0.149785943263
0.998267955422
0.044840175137
-0.038084745917
0.868281739058
0.411545594282
-0.276978420542
0.906581388346
0.301563799072
-0.295244748291
0.931582869174
0.186313240449
-0.312154984415
0.940436590748
0.062838475324
-0.334111276075
0.968908844329
0.097018562782
-0.227602833588
0.984070431110
0.133688974416
-0.117186367530
0.985147935356
0.171617585696
-0.005563249305
0.923633818836
0.336041893777
-0.184326922421
0.953767171154
0.220131876411
-0.204621944610
0.962086356182
0.256112389630
-0.093788523429
0.925832392735
0.371514287118
-0.069365085099
0.144445898027
-0.716379389795
-0.682595013474
0.053501715745
-0.672234490453
-0.738402570592
-0.037124609303
-0.606334219908
-0.794342858691
-0.225199850640
-0.756941693363
-0.613452769267
-0.253162926490
-0.818266994730
-0.516088808236
0.203122776731
-0.822636440922
-0.531046536229
0.111443556701
-0.792986004770
-0.598960374239
0.018933131765
-0.750361797992
-0.660756164282
-0.072717856198
-0.689002359390
-0.721101838956
-0.107118216044
-0.762039858907
-0.638608597835
-0.137344650847
-0.826761610562
-0.545528813340
-0.162804285984
-0.881091075946
-0.444041980396
0.078608517499
-0.858296251357
-0.507097866179
-0.014328863238
-0.818448130040
-0.574401725374
-0.043207496721
-0.877418159406
-0.477776606556
0.049145971183
-0.913336293112
-0.404229500656
0.701381423030
0.193629356769
-0.685982340608
0.778361252182
0.158114902292
-0.607579985496
0.848566754915
0.104835394016
-0.518598112814
0.842801487903
0.375242890027
-0.385847671332
0.796964487022
0.482179147186
-0.363800599841
0.582272924684
0.337235202828
-0.739750403280
0.673893495142
0.307621014107
-0.671741668266
0.756970947669
0.270826704892
-0.594683008252
0.832656008705
0.219334751793
-0.508503921148
0.805687583218
0.330300246494
-0.491700381752
0.765497794298
0.438541617769
-0.470844322903
0.712911767408
0.541105954960
-0.446050622013
0.636174660678
0.416535952657
-0.649445610698
0.724779570242
0.379365445780
-0.575131665889
0.679270265009
0.484309749625
-0.551394571512
0.584691986218
0.521602892079
-0.621341857778
-0.965496844759
0.030397049187
-0.258634611296
-0.929583351671
0.064654504957
-0.362897488672
-0.876233982338
0.087736107094
-0.473831598470
-0.849514497336
0.371094022030
-0.374985793903
-0.841804662160
0.454466394890
-0.291247672407
-0.993818518967
0.082886037642
-0.073855643811
-0.975457294214
0.121244336504
-0.183801191591
-0.943284188118
0.155678789740
-0.293221852650
-0.895494484029
0.180498438241
-0.406829132273
-0.902706146000
0.270339477155
-0.334721049631
-0.899186768713
0.355917287659
-0.254531018377
-0.884529353104
0.435040453933
-0.168367535289
-0.972216554455
0.208850640659
-0.105718404923
-0.944911446653
0.243316464151
-0.218950807848
-0.935382654639
0.326023587894
-0.136996020150
-0.956206273336
0.291994435334
-0.020219113916
0.030397049187
-0.258634611296
-0.965496844759
0.064654504957
-0.362897488672
-0.929583351671
0.087736107094
-0.473831598470
-0.876233982338
0.371094022030
-0.374985793903
-0.849514497336
0.454466394890
-0.291247672407
-0.841804662160
0.082886037642
-0.073855643811
-0.993818518967
0.121244336504
-0.183801191591
-0.975457294214
0.155678789740
-0.293221852650
-0.943284188118
0.180498438241
-0.406829132273
-0.895494484029
0.270339477155
-0.334721049631
-0.902706146000
0.355917287659
-0.254531018377
-0.899186768713
0.435040453933
-0.168367535289
-0.884529353104
0.208850640659
-0.105718404923
-0.972216554455
0.243316464151
-0.218950807848
-0.944911446653
0.326023587894
-0.136996020150
-0.935382654639
0.291994435334
-0.020219113916
-0.956206273336
0.452263968065
-0.845827321056
-0.282901831285
0.521012390964
-0.831862967927
-0.191180781079
0.578666992486
-0.811442145612
-0.081891123647
0.750228683930
-0.617601637263
-0.236061728069
0.773426819593
-0.543801560532
-0.325715853924
0.411090846639
-0.785395701416
-0.462771982738
0.491422205698
-0.785337051842
-0.376496919975
0.564048557542
-0.775904079434
-0.282528023836
0.626163884066
-0.759938152507
-0.174392645073
0.665021296125
-0.698569367174
-0.264097548164
0.693072636146
-0.628153143451
-0.353657955373
0.709473490249
-0.550107481424
-0.440487372708
0.522254357580
-0.714783178177
-0.465118688277
0.598316253629
-0.710450707003
-0.370509721279
0.621305769775
-0.636062768288
-0.457606048083
0.541822005995
-0.633837957401
-0.551976772680
-0.452263968065
-0.845827321056
0.282901831285
-0.521012390964
-0.831862967927
0.191180781079
-0.578666992486
-0.811442145612
0.081891123647
-0.750228683930
-0.617601637263
0.236061728069
-0.773426819593
-0.543801560532
0.325715853924
-0.411090846639
-0.785395701416
0.462771982738
-0.491422205698
-0.785337051842
0.376496919975
-0.564048557542
-0.775904079434
0.282528023836
-0.626163884066
-0.759938152507
0.174392645073
-0.665021296125
-0.698569367174
0.264097548164
-0.693072636146
-0.628153143451
0.353657955373
-0.709473490249
-0.550107481424
0.440487372708
-0.522254357580
-0.714783178177
0.465118688277
-0.598316253629
-0.710450707003
0.370509721279
-0.621305769775
-0.636062768288
0.457606048083
-0.541822005995
-0.633837957401
0.551976772680
-0.258634611296
-0.965496844759
0.030397049187
-0.362897488672
-0.929583351671
0.064654504957
-0.473831598470
-0.876233982338
0.087736107094
-0.374985793903
-0.849514497336
0.371094022030
-0.291247672407
-0.841804662160
0.454466394890
-0.073855643811
-0.993818518967
0.082886037642
-0.183801191591
-0.975457294214
0.121244336504
-0.293221852650
-0.943284188118
0.155678789740
-0.406829132273
-0.895494484029
0.180498438241
-0.334721049631
-0.902706146000
0.270339477155
-0.254531018377
-0.899186768713
0.355917287659
-0.168367535289
-0.884529353104
0.435040453933
-0.105718404923
-0.972216554455
0.208850640659
-0.218950807848
-0.944911446653
0.243316464151
-0.136996020150
-0.935382654639
0.326023587894
-0.020219113916
-0.956206273336
0.291994435334
0.258634611296
0.965496844759
0.030397049187
0.362897488672
0.929583351671
0.064654504957
0.473831598470
0.876233982338
0.087736107094
0.374985793903
0.849514497336
0.371094022030
0.291247672407
0.841804662160
0.454466394890
0.073855643811
0.993818518967
0.082886037642
0.183801191591
0.975457294214
0.121244336504
0.293221852650
0.943284188118
0.155678789740
0.406829132273
0.895494484029
0.180498438241
0.334721049631
0.902706146000
0.270339477155
0.254531018377
0.899186768713
0.355917287659
0.168367535289
0.884529353104
0.435040453933
0.105718404923
0.972216554455
0.208850640659
0.218950807848
0.944911446653
0.243316464151
0.136996020150
0.935382654639
0.326023587894
0.020219113916
0.956206273336
0.291994435334
-0.264115421730
-0.403080509323
-0.876224370243
-0.151222099489
-0.416399204417
-0.896517472884
-0.027667227423
-0.436706989167
-0.899178252706
-0.006713009433
-0.149785943263
-0.988695659293
-0.044840175137
-0.038084745917
-0.998267955422
-0.411545594282
-0.276978420542
-0.868281739058
-0.301563799072
-0.295244748291
-0.906581388346
-0.186313240449
-0.312154984415
-0.931582869174
-0.062838475324
-0.334111276075
-0.940436590748
-0.097018562782
-0.227602833588
-0.968908844329
-0.133688974416
-0.117186367530
-0.984070431110
-0.171617585696
-0.005563249305
-0.985147935356
-0.336041893777
-0.184326922421
-0.923633818836
-0.220131876411
-0.204621944610
-0.953767171154
-0.256112389630
-0.093788523429
-0.962086356182
-0.371514287118
-0.069365085099
-0.925832392735
0.716379389795
-0.682595013474
-0.144445898027
0.672234490453
-0.738402570592
-0.053501715745
0.606334219908
-0.794342858691
0.037124609303
0.756941693363
-0.613452769267
0.225199850640
0.818266994730
-0.516088808236
0.253162926490
0.822636440922
-0.531046536229
-0.203122776731
0.792986004770
-0.598960374239
-0.111443556701
0.750361797992
-0.660756164282
-0.018933131765
0.689002359390
-0.721101838956
0.072717856198
0.762039858907
-0.638608597835
0.107118216044
0.826761610562
-0.545528813340
0.137344650847
0.881091075946
-0.444041980396
0.162804285984
0.858296251357
-0.507097866179
-0.078608517499
0.818448130040
-0.574401725374
0.014328863238
0.877418159406
-0.477776606556
0.043207496721
0.913336293112
-0.404229500656
-0.049145971183
