0.662813208997
0.737792872358
0.127829290369
0.552714550868
0.826010720339
0.110512058820
0.362781871576
0.838400395587
0.406785066510
0.471894295886
0.818408614956
0.327907170517
0.574238844216
0.784549096134
0.233949707308
0.769167682622
0.521802268922
0.368922035338
0.480723652989
0.756159609649
0.443990331192
0.585695671383
0.730035140179
0.352149506072
0.680236706510
0.689645924140
0.248327450020
0.685189362615
0.629792851862
0.365891378831
0.678685561288
0.555880234111
0.479982368659
0.587054573465
0.661129661370
0.467198564457
0.525731112119
0.850650808352
0.000000000000
0.000000000000
0.525731112119
-0.850650808352
-0.525731112119
0.850650808352
0.000000000000
0.000000000000
0.525731112119
0.850650808352
0.850650808352
-0.000000000000
0.525731112119
-0.850650808352
-0.000000000000
0.525731112119
-0.000000000000
-0.525731112119
0.850650808352
-0.850650808352
-0.000000000000
-0.525731112119
-0.525731112119
-0.850650808352
0.000000000000
0.850650808352
-0.000000000000
-0.525731112119
0.525731112119
-0.850650808352
0.000000000000
0.000000000000
-0.525731112119
-0.850650808352
0.577350269190
0.577350269190
0.577350269190
0.356822089773
0.000000000000
-0.934172358963
-0.577350269190
0.577350269190
-0.577350269190
-0.356822089773
0.000000000000
0.934172358963
0.934172358963
0.356822089773
-0.000000000000
0.000000000000
0.934172358963
-0.356822089773
-0.577350269190
0.577350269190
0.577350269190
0.577350269190
-0.577350269190
0.577350269190
-0.934172358963
-0.356822089773
-0.000000000000
0.577350269190
0.577350269190
-0.577350269190
-0.000000000000
0.934172358963
0.356822089773
-0.577350269190
-0.577350269190
0.577350269190
0.934172358963
-0.356822089773
0.000000000000
0.356822089773
-0.000000000000
0.934172358963
-0.356822089773
-0.000000000000
-0.934172358963
-0.000000000000
-0.934172358963
-0.356822089773
0.577350269190
-0.577350269190
-0.577350269190
0.000000000000
-0.934172358963
0.356822089773
-0.934172358963
0.356822089773
0.000000000000
-0.577350269190
-0.577350269190
-0.577350269190
-0.000000000324
0.328151781205
-0.944625009457
0.068300208356
0.442202491623
-0.894310929118
0.406785066403
0.362781871298
-0.838400395759
0.282237495946
0.352329535606
-0.892303700665
0.144588870560
0.340289136346
-0.929137967255
0.075126123677
0.000000000138
-0.997174039745
0.352500066620
0.241199030699
-0.904193967367
0.217640364087
0.233546165871
-0.947675503707
0.073895084642
0.223566845211
-0.971883420060
0.148034356423
0.114832273263
-0.982292918806
0.220747551779
-0.000000000371
-0.975330978891
0.288744592509
0.119856009479
-0.949874253409
-0.662813208997
0.737792872358
-0.127829290369
-0.552714550868
0.826010720339
-0.110512058820
-0.362781871576
0.838400395587
-0.406785066510
-0.471894295886
0.818408614956
-0.327907170517
-0.574238844216
0.784549096134
-0.233949707308
-0.769167682622
0.521802268922
-0.368922035338
-0.480723652989
0.756159609649
-0.443990331192
-0.585695671383
0.730035140179
-0.352149506072
-0.680236706510
0.689645924140
-0.248327450020
-0.685189362615
0.629792851862
-0.365891378831
-0.678685561288
0.555880234111
-0.479982368659
-0.587054573465
0.661129661370
-0.467198564457
0.000000000324
0.328151781205
0.944625009457
-0.068300208356
0.442202491623
0.894310929118
-0.406785066403
0.362781871298
0.838400395759
-0.282237495946
0.352329535606
0.892303700665
-0.144588870560
0.340289136346
0.929137967255
-0.075126123677
0.000000000138
0.997174039745
-0.352500066620
0.241199030699
0.904193967367
-0.217640364087
0.233546165871
0.947675503707
-0.073895084642
0.223566845211
0.971883420060
-0.148034356423
0.114832273263
0.982292918806
-0.220747551779
-0.000000000371
0.975330978891
-0.288744592509
0.119856009479
0.949874253409
0.662813208674
0.737792872558
-0.127829290893
0.621014759223
0.783798870136
-0.000000000262
0.769566937979
0.586993398434
0.251406997047
0.754131791833
0.643976249561
0.128762690824
0.718827714776
0.695188259732
-0.000000000347
0.844293806299
0.475371771047
-0.247365413785
0.833223719609
0.538302587442
0.126366757635
0.803336035471
0.595525997849
0.000000000346
0.754131791152
0.643976250230
-0.128762691468
0.833223719038
0.538302588089
-0.126366758636
0.899433113067
0.419450744178
-0.122805326947
0.875799165974
0.482675689132
0.000000000291
-0.455981072098
0.865622162927
-0.206832137099
-0.442202491885
0.894310928957
-0.068300208780
-0.111374874251
0.993778464944
-0.000000000172
-0.223566844782
0.971883420078
-0.073895085710
-0.340289136693
0.929137967041
-0.144588871121
-0.247365413923
0.844293806385
-0.475371770823
-0.114832273063
0.982292918634
-0.148034357718
-0.233546165525
0.947675503921
-0.217640363528
-0.352329536679
0.892303700250
-0.282237495921
-0.241199031899
0.904193966920
-0.352500066944
-0.122805326576
0.899433112837
-0.419450744779
-0.119856009188
0.949874253588
-0.288744592038
-0.206832136899
0.455981071575
0.865622163251
-0.110512058982
0.552714550444
0.826010720601
-0.251406997325
0.769566937807
0.586993398540
-0.248327451104
0.680236706123
0.689645924131
-0.233949707523
0.574238843655
0.784549096480
-0.521802268698
0.368922035477
0.769167682707
-0.365891379925
0.685189361891
0.629792852014
-0.352149505858
0.585695671942
0.730035139834
-0.327907169831
0.471894295231
0.818408615608
-0.443990330716
0.480723652094
0.756159610497
-0.555880234712
0.479982368288
0.678685561059
-0.467198564277
0.587054573936
0.661129661079
0.865622163251
-0.206832136899
0.455981071575
0.826010720601
-0.110512058982
0.552714550444
0.586993398540
-0.251406997325
0.769566937807
0.689645924131
-0.248327451104
0.680236706123
0.784549096480
-0.233949707523
0.574238843655
0.769167682707
-0.521802268698
0.368922035477
0.629792852014
-0.365891379925
0.685189361891
0.730035139834
-0.352149505858
0.585695671942
0.818408615608
-0.327907169831
0.471894295231
0.756159610497
-0.443990330716
0.480723652094
0.678685561059
-0.555880234712
0.479982368288
0.661129661079
-0.467198564277
0.587054573936
-0.865622162927
-0.206832137099
0.455981072098
-0.894310928957
-0.068300208780
0.442202491885
-0.993778464944
-0.000000000172
0.111374874251
-0.971883420078
-0.073895085710
0.223566844782
-0.929137967041
-0.144588871121
0.340289136693
-0.844293806385
-0.475371770823
0.247365413923
-0.982292918634
-0.148034357718
0.114832273063
-0.947675503921
-0.217640363528
0.233546165525
-0.892303700250
-0.282237495921
0.352329536679
-0.904193966920
-0.352500066944
0.241199031899
-0.899433112837
-0.419450744779
0.122805326576
-0.949874253588
-0.288744592038
0.119856009188
0.455981071575
0.865622163251
-0.206832136899
0.552714550444
0.826010720601
-0.110512058982
0.769566937807
0.586993398540
-0.251406997325
0.680236706123
0.689645924131
-0.248327451104
0.574238843655
0.784549096480
-0.233949707523
0.368922035477
0.769167682707
-0.521802268698
0.685189361891
0.629792852014
-0.365891379925
0.585695671942
0.730035139834
-0.352149505858
0.471894295231
0.818408615608
-0.327907169831
0.480723652094
0.756159610497
-0.443990330716
0.479982368288
0.678685561059
-0.555880234712
0.587054573936
0.661129661079
-0.467198564277
-0.127829290893
0.662813208674
0.737792872558
-0.000000000262
0.621014759223
0.783798870136
0.251406997047
0.769566937979
0.586993398434
0.128762690824
0.754131791833
0.643976249561
-0.000000000347
0.718827714776
0.695188259732
-0.247365413785
0.844293806299
0.475371771047
0.126366757635
0.833223719609
0.538302587442
0.000000000346
0.803336035471
0.595525997849
-0.128762691468
0.754131791152
0.643976250230
-0.126366758636
0.833223719038
0.538302588089
-0.122805326947
0.899433113067
0.419450744178
0.000000000291
0.875799165974
0.482675689132
-0.127829290369
-0.662813208997
0.737792872358
-0.110512058820
-0.552714550868
0.826010720339
-0.406785066510
-0.362781871576
0.838400395587
-0.327907170517
-0.471894295886
0.818408614956
-0.233949707308
-0.574238844216
0.784549096134
-0.368922035338
-0.769167682622
0.521802268922
-0.443990331192
-0.480723652989
0.756159609649
-0.352149506072
-0.585695671383
0.730035140179
-0.248327450020
-0.680236706510
0.689645924140
-0.365891378831
-0.685189362615
0.629792851862
-0.479982368659
-0.678685561288
0.555880234111
-0.467198564457
-0.587054573465
0.661129661370
0.944625009457
0.000000000324
0.328151781205
0.894310929118
-0.068300208356
0.442202491623
0.838400395759
-0.406785066403
0.362781871298
0.892303700665
-0.282237495946
0.352329535606
0.929137967255
-0.144588870560
0.340289136346
0.997174039745
-0.075126123677
0.000000000138
0.904193967367
-0.352500066620
0.241199030699
0.947675503707
-0.217640364087
0.233546165871
0.971883420060
-0.073895084642
0.223566845211
0.982292918806
-0.148034356423
0.114832273263
0.975330978891
-0.220747551779
-0.000000000371
0.949874253409
-0.288744592509
0.119856009479
0.127829290369
0.662813208997
0.737792872358
0.110512058820
0.552714550868
0.826010720339
0.406785066510
0.362781871576
0.838400395587
0.327907170517
0.471894295886
0.818408614956
0.233949707308
0.574238844216
0.784549096134
0.368922035338
0.769167682622
0.521802268922
0.443990331192
0.480723652989
0.756159609649
0.352149506072
0.585695671383
0.730035140179
0.248327450020
0.680236706510
0.689645924140
0.365891378831
0.685189362615
0.629792851862
0.479982368659
0.678685561288
0.555880234111
0.467198564457
0.587054573465
0.661129661370
-0.206832137099
-0.455981072098
0.865622162927
-0.068300208780
-0.442202491885
0.894310928957
-0.000000000172
-0.111374874251
0.993778464944
-0.073895085710
-0.223566844782
0.971883420078
-0.144588871121
-0.340289136693
0.929137967041
-0.475371770823
-0.247365413923
0.844293806385
-0.148034357718
-0.114832273063
0.982292918634
-0.217640363528
-0.233546165525
0.947675503921
-0.282237495921
-0.352329536679
0.892303700250
-0.352500066944
-0.241199031899
0.904193966920
-0.419450744779
-0.122805326576
0.899433112837
-0.288744592038
-0.119856009188
0.949874253588
0.206832137099
0.455981072098
0.865622162927
0.068300208780
0.442202491885
0.894310928957
0.000000000172
0.111374874251
0.993778464944
0.073895085710
0.223566844782
0.971883420078
0.144588871121
0.340289136693
0.929137967041
0.475371770823
0.247365413923
0.844293806385
0.148034357718
0.114832273063
0.982292918634
0.217640363528
0.233546165525
0.947675503921
0.282237495921
0.352329536679
0.892303700250
0.352500066944
0.241199031899
0.904193966920
0.419450744779
0.122805326576
0.899433112837
0.288744592038
0.119856009188
0.949874253588
-0.328151781205
0.944625009457
-0.000000000324
-0.442202491623
0.894310929118
0.068300208356
-0.362781871298
0.838400395759
0.406785066403
-0.352329535606
0.892303700665
0.282237495946
-0.340289136346
0.929137967255
0.144588870560
-0.000000000138
0.997174039745
0.075126123677
-0.241199030699
0.904193967367
0.352500066620
-0.233546165871
0.947675503707
0.217640364087
-0.223566845211
0.971883420060
0.073895084642
-0.114832273263
0.982292918806
0.148034356423
0.000000000371
0.975330978891
0.220747551779
-0.119856009479
0.949874253409
0.288744592509
-0.737792872558
-0.127829290893
-0.662813208674
-0.783798870136
-0.000000000262
-0.621014759223
-0.586993398434
0.251406997047
-0.769566937979
-0.643976249561
0.128762690824
-0.754131791833
-0.695188259732
-0.000000000347
-0.718827714776
-0.475371771047
-0.247365413785
-0.844293806299
-0.538302587442
0.126366757635
-0.833223719609
-0.595525997849
0.000000000346
-0.803336035471
-0.643976250230
-0.128762691468
-0.754131791152
-0.538302588089
-0.126366758636
-0.833223719038
-0.419450744178
-0.122805326947
-0.899433113067
-0.482675689132
0.000000000291
-0.875799165974
-0.737792872358
-0.127829290369
0.662813208997
-0.826010720339
-0.110512058820
0.552714550868
-0.838400395587
-0.406785066510
0.362781871576
-0.818408614956
-0.327907170517
0.471894295886
-0.784549096134
-0.233949707308
0.574238844216
-0.521802268922
-0.368922035338
0.769167682622
-0.756159609649
-0.443990331192
0.480723652989
-0.730035140179
-0.352149506072
0.585695671383
-0.689645924140
-0.248327450020
0.680236706510
-0.629792851862
-0.365891378831
0.685189362615
-0.555880234111
-0.479982368659
0.678685561288
-0.661129661370
-0.467198564457
0.587054573465
-0.455981071575
0.865622163251
0.206832136899
-0.552714550444
0.826010720601
0.110512058982
-0.769566937807
0.586993398540
0.251406997325
-0.680236706123
0.689645924131
0.248327451104
-0.574238843655
0.784549096480
0.233949707523
-0.368922035477
0.769167682707
0.521802268698
-0.685189361891
0.629792852014
0.365891379925
-0.585695671942
0.730035139834
0.352149505858
-0.471894295231
0.818408615608
0.327907169831
-0.480723652094
0.756159610497
0.443990330716
-0.479982368288
0.678685561059
0.555880234712
-0.587054573936
0.661129661079
0.467198564277
-0.737792872358
0.127829290369
-0.662813208997
-0.826010720339
0.110512058820
-0.552714550868
-0.838400395587
0.406785066510
-0.362781871576
-0.818408614956
0.327907170517
-0.471894295886
-0.784549096134
0.233949707308
-0.574238844216
-0.521802268922
0.368922035338
-0.769167682622
-0.756159609649
0.443990331192
-0.480723652989
-0.730035140179
0.352149506072
-0.585695671383
-0.689645924140
0.248327450020
-0.680236706510
-0.629792851862
0.365891378831
-0.685189362615
-0.555880234111
0.479982368659
-0.678685561288
-0.661129661370
0.467198564457
-0.587054573465
-0.328151781205
-0.944625009457
0.000000000324
-0.442202491623
-0.894310929118
-0.068300208356
-0.362781871298
-0.838400395759
-0.406785066403
-0.352329535606
-0.892303700665
-0.282237495946
-0.340289136346
-0.929137967255
-0.144588870560
-0.000000000138
-0.997174039745
-0.075126123677
-0.241199030699
-0.904193967367
-0.352500066620
-0.233546165871
-0.947675503707
-0.217640364087
-0.223566845211
-0.971883420060
-0.073895084642
-0.114832273263
-0.982292918806
-0.148034356423
0.000000000371
-0.975330978891
-0.220747551779
-0.119856009479
-0.949874253409
-0.288744592509
0.737792872558
-0.127829290893
0.662813208674
0.783798870136
-0.000000000262
0.621014759223
0.586993398434
0.251406997047
0.769566937979
0.643976249561
0.128762690824
0.754131791833
0.695188259732
-0.000000000347
0.718827714776
0.475371771047
-0.247365413785
0.844293806299
0.538302587442
0.126366757635
0.833223719609
0.595525997849
0.000000000346
0.803336035471
0.643976250230
-0.128762691468
0.754131791152
0.538302588089
-0.126366758636
0.833223719038
0.419450744178
-0.122805326947
0.899433113067
0.482675689132
0.000000000291
0.875799165974
0.737792872358
-0.127829290369
-0.662813208997
0.826010720339
-0.110512058820
-0.552714550868
0.838400395587
-0.406785066510
-0.362781871576
0.818408614956
-0.327907170517
-0.471894295886
0.784549096134
-0.233949707308
-0.574238844216
0.521802268922
-0.368922035338
-0.769167682622
0.756159609649
-0.443990331192
-0.480723652989
0.730035140179
-0.352149506072
-0.585695671383
0.689645924140
-0.248327450020
-0.680236706510
0.629792851862
-0.365891378831
-0.685189362615
0.555880234111
-0.479982368659
-0.678685561288
0.661129661370
-0.467198564457
-0.587054573465
0.328151781205
0.944625009457
0.000000000324
0.442202491623
0.894310929118
-0.068300208356
0.362781871298
0.838400395759
-0.406785066403
0.352329535606
0.892303700665
-0.282237495946
0.340289136346
0.929137967255
-0.144588870560
0.000000000138
0.997174039745
-0.075126123677
0.241199030699
0.904193967367
-0.352500066620
0.233546165871
0.947675503707
-0.217640364087
0.223566845211
0.971883420060
-0.073895084642
0.114832273263
0.982292918806
-0.148034356423
-0.000000000371
0.975330978891
-0.220747551779
0.119856009479
0.949874253409
-0.288744592509
0.737792872358
0.127829290369
0.662813208997
0.826010720339
0.110512058820
0.552714550868
0.838400395587
0.406785066510
0.362781871576
0.818408614956
0.327907170517
0.471894295886
0.784549096134
0.233949707308
0.574238844216
0.521802268922
0.368922035338
0.769167682622
0.756159609649
0.443990331192
0.480723652989
0.730035140179
0.352149506072
0.585695671383
0.689645924140
0.248327450020
0.680236706510
0.629792851862
0.365891378831
0.685189362615
0.555880234111
0.479982368659
0.678685561288
0.661129661370
0.467198564457
0.587054573465
0.865622162927
-0.206832137099
-0.455981072098
0.894310928957
-0.068300208780
-0.442202491885
0.993778464944
-0.000000000172
-0.111374874251
0.971883420078
-0.073895085710
-0.223566844782
0.929137967041
-0.144588871121
-0.340289136693
0.844293806385
-0.475371770823
-0.247365413923
0.982292918634
-0.148034357718
-0.114832273063
0.947675503921
-0.217640363528
-0.233546165525
0.892303700250
-0.282237495921
-0.352329536679
0.904193966920
-0.352500066944
-0.241199031899
0.899433112837
-0.419450744779
-0.122805326576
0.949874253588
-0.288744592038
-0.119856009188
-0.206832137099
0.455981072098
-0.865622162927
-0.068300208780
0.442202491885
-0.894310928957
-0.000000000172
0.111374874251
-0.993778464944
-0.073895085710
0.223566844782
-0.971883420078
-0.144588871121
0.340289136693
-0.929137967041
-0.475371770823
0.247365413923
-0.844293806385
-0.148034357718
0.114832273063
-0.982292918634
-0.217640363528
0.233546165525
-0.947675503921
-0.282237495921
0.352329536679
-0.892303700250
-0.352500066944
0.241199031899
-0.904193966920
-0.419450744779
0.122805326576
-0.899433112837
-0.288744592038
0.119856009188
-0.949874253588
0.328151781205
-0.944625009457
-0.000000000324
0.442202491623
-0.894310929118
0.068300208356
0.362781871298
-0.838400395759
0.406785066403
0.352329535606
-0.892303700665
0.282237495946
0.340289136346
-0.929137967255
0.144588870560
0.000000000138
-0.997174039745
0.075126123677
0.241199030699
-0.904193967367
0.352500066620
0.233546165871
-0.947675503707
0.217640364087
0.223566845211
-0.971883420060
0.073895084642
0.114832273263
-0.982292918806
0.148034356423
-0.000000000371
-0.975330978891
0.220747551779
0.119856009479
-0.949874253409
0.288744592509
-0.944625009457
-0.000000000324
0.328151781205
-0.894310929118
0.068300208356
0.442202491623
-0.838400395759
0.406785066403
0.362781871298
-0.892303700665
0.282237495946
0.352329535606
-0.929137967255
0.144588870560
0.340289136346
-0.997174039745
0.075126123677
0.000000000138
-0.904193967367
0.352500066620
0.241199030699
-0.947675503707
0.217640364087
0.233546165871
-0.971883420060
0.073895084642
0.223566845211
-0.982292918806
0.148034356423
0.114832273263
-0.975330978891
0.220747551779
-0.000000000371
-0.949874253409
0.288744592509
0.119856009479
0.127829290893
-0.662813208674
0.737792872558
0.000000000262
-0.621014759223
0.783798870136
-0.251406997047
-0.769566937979
0.586993398434
-0.128762690824
-0.754131791833
0.643976249561
0.000000000347
-0.718827714776
0.695188259732
0.247365413785
-0.844293806299
0.475371771047
-0.126366757635
-0.833223719609
0.538302587442
-0.000000000346
-0.803336035471
0.595525997849
0.128762691468
-0.754131791152
0.643976250230
0.126366758636
-0.833223719038
0.538302588089
0.122805326947
-0.899433113067
0.419450744178
-0.000000000291
-0.875799165974
0.482675689132
-0.865622163251
0.206832136899
0.455981071575
-0.826010720601
0.110512058982
0.552714550444
-0.586993398540
0.251406997325
0.769566937807
-0.689645924131
0.248327451104
0.680236706123
-0.784549096480
0.233949707523
0.574238843655
-0.769167682707
0.521802268698
0.368922035477
-0.629792852014
0.365891379925
0.685189361891
-0.730035139834
0.352149505858
0.585695671942
-0.818408615608
0.327907169831
0.471894295231
-0.756159610497
0.443990330716
0.480723652094
-0.678685561059
0.555880234712
0.479982368288
-0.661129661079
0.467198564277
0.587054573936
-0.455981071575
-0.865622163251
-0.206832136899
-0.552714550444
-0.826010720601
-0.110512058982
-0.769566937807
-0.586993398540
-0.251406997325
-0.680236706123
-0.689645924131
-0.248327451104
-0.574238843655
-0.784549096480
-0.233949707523
-0.368922035477
-0.769167682707
-0.521802268698
-0.685189361891
-0.629792852014
-0.365891379925
-0.585695671942
-0.730035139834
-0.352149505858
-0.471894295231
-0.818408615608
-0.327907169831
-0.480723652094
-0.756159610497
-0.443990330716
-0.479982368288
-0.678685561059
-0.555880234712
-0.587054573936
-0.661129661079
-0.467198564277
0.206832136899
-0.455981071575
0.865622163251
0.110512058982
-0.552714550444
0.826010720601
0.251406997325
-0.769566937807
0.586993398540
0.248327451104
-0.680236706123
0.689645924131
0.233949707523
-0.574238843655
0.784549096480
0.521802268698
-0.368922035477
0.769167682707
0.365891379925
-0.685189361891
0.629792852014
0.352149505858
-0.585695671942
0.730035139834
0.327907169831
-0.471894295231
0.818408615608
0.443990330716
-0.480723652094
0.756159610497
0.555880234712
-0.479982368288
0.678685561059
0.467198564277
-0.587054573936
0.661129661079
-0.737792872558
0.127829290893
0.662813208674
-0.783798870136
0.000000000262
0.621014759223
-0.586993398434
-0.251406997047
0.769566937979
-0.643976249561
-0.128762690824
0.754131791833
-0.695188259732
0.000000000347
0.718827714776
-0.475371771047
0.247365413785
0.844293806299
-0.538302587442
-0.126366757635
0.833223719609
-0.595525997849
-0.000000000346
0.803336035471
-0.643976250230
0.128762691468
0.754131791152
-0.538302588089
0.126366758636
0.833223719038
-0.419450744178
0.122805326947
0.899433113067
-0.482675689132
-0.000000000291
0.875799165974
0.455981072098
-0.865622162927
-0.206832137099
0.442202491885
-0.894310928957
-0.068300208780
0.111374874251
-0.993778464944
-0.000000000172
0.223566844782
-0.971883420078
-0.073895085710
0.340289136693
-0.929137967041
-0.144588871121
0.247365413923
-0.844293806385
-0.475371770823
0.114832273063
-0.982292918634
-0.148034357718
0.233546165525
-0.947675503921
-0.217640363528
0.352329536679
-0.892303700250
-0.282237495921
0.241199031899
-0.904193966920
-0.352500066944
0.122805326576
-0.899433112837
-0.419450744779
0.119856009188
-0.949874253588
-0.288744592038
0.865622162927
0.206832137099
0.455981072098
0.894310928957
0.068300208780
0.442202491885
0.993778464944
0.000000000172
0.111374874251
0.971883420078
0.073895085710
0.223566844782
0.929137967041
0.144588871121
0.340289136693
0.844293806385
0.475371770823
0.247365413923
0.982292918634
0.148034357718
0.114832273063
0.947675503921
0.217640363528
0.233546165525
0.892303700250
0.282237495921
0.352329536679
0.904193966920
0.352500066944
0.241199031899
0.899433112837
0.419450744779
0.122805326576
0.949874253588
0.288744592038
0.119856009188
-0.000000000324
-0.328151781205
0.944625009457
0.068300208356
-0.442202491623
0.894310929118
0.406785066403
-0.362781871298
0.838400395759
0.282237495946
-0.352329535606
0.892303700665
0.144588870560
-0.340289136346
0.929137967255
0.075126123677
-0.000000000138
0.997174039745
0.352500066620
-0.241199030699
0.904193967367
0.217640364087
-0.233546165871
0.947675503707
0.073895084642
-0.223566845211
0.971883420060
0.148034356423
-0.114832273263
0.982292918806
0.220747551779
0.000000000371
0.975330978891
0.288744592509
-0.119856009479
0.949874253409
0.737792872558
0.127829290893
-0.662813208674
0.783798870136
0.000000000262
-0.621014759223
0.586993398434
-0.251406997047
-0.769566937979
0.643976249561
-0.128762690824
-0.754131791833
0.695188259732
0.000000000347
-0.718827714776
0.475371771047
0.247365413785
-0.844293806299
0.538302587442
-0.126366757635
-0.833223719609
0.595525997849
-0.000000000346
-0.803336035471
0.643976250230
0.128762691468
-0.754131791152
0.538302588089
0.126366758636
-0.833223719038
0.419450744178
0.122805326947
-0.899433113067
0.482675689132
-0.000000000291
-0.875799165974
-0.662813208674
-0.737792872558
-0.127829290893
-0.621014759223
-0.783798870136
-0.000000000262
-0.769566937979
-0.586993398434
0.251406997047
-0.754131791833
-0.643976249561
0.128762690824
-0.718827714776
-0.695188259732
-0.000000000347
-0.844293806299
-0.475371771047
-0.247365413785
-0.833223719609
-0.538302587442
0.126366757635
-0.803336035471
-0.595525997849
0.000000000346
-0.754131791152
-0.643976250230
-0.128762691468
-0.833223719038
-0.538302588089
-0.126366758636
-0.899433113067
-0.419450744178
-0.122805326947
-0.875799165974
-0.482675689132
0.000000000291
0.455981071575
-0.865622163251
0.206832136899
0.552714550444
-0.826010720601
0.110512058982
0.769566937807
-0.586993398540
0.251406997325
0.680236706123
-0.689645924131
0.248327451104
0.574238843655
-0.784549096480
0.233949707523
0.368922035477
-0.769167682707
0.521802268698
0.685189361891
-0.629792852014
0.365891379925
0.585695671942
-0.730035139834
0.352149505858
0.471894295231
-0.818408615608
0.327907169831
0.480723652094
-0.756159610497
0.443990330716
0.479982368288
-0.678685561059
0.555880234712
0.587054573936
-0.661129661079
0.467198564277
-0.206832136899
-0.455981071575
-0.865622163251
-0.110512058982
-0.552714550444
-0.826010720601
-0.251406997325
-0.769566937807
-0.586993398540
-0.248327451104
-0.680236706123
-0.689645924131
-0.233949707523
-0.574238843655
-0.784549096480
-0.521802268698
-0.368922035477
-0.769167682707
-0.365891379925
-0.685189361891
-0.629792852014
-0.352149505858
-0.585695671942
-0.730035139834
-0.327907169831
-0.471894295231
-0.818408615608
-0.443990330716
-0.480723652094
-0.756159610497
-0.555880234712
-0.479982368288
-0.678685561059
-0.467198564277
-0.587054573936
-0.661129661079
0.206832136899
0.455981071575
-0.865622163251
0.110512058982
0.552714550444
-0.826010720601
0.251406997325
0.769566937807
-0.586993398540
0.248327451104
0.680236706123
-0.689645924131
0.233949707523
0.574238843655
-0.784549096480
0.521802268698
0.368922035477
-0.769167682707
0.365891379925
0.685189361891
-0.629792852014
0.352149505858
0.585695671942
-0.730035139834
0.327907169831
0.471894295231
-0.818408615608
0.443990330716
0.480723652094
-0.756159610497
0.555880234712
0.479982368288
-0.678685561059
0.467198564277
0.587054573936
-0.661129661079
-0.865622163251
-0.206832136899
-0.455981071575
-0.826010720601
-0.110512058982
-0.552714550444
-0.586993398540
-0.251406997325
-0.769566937807
-0.689645924131
-0.248327451104
-0.680236706123
-0.784549096480
-0.233949707523
-0.574238843655
-0.769167682707
-0.521802268698
-0.368922035477
-0.629792852014
-0.365891379925
-0.685189361891
-0.730035139834
-0.352149505858
-0.585695671942
-0.818408615608
-0.327907169831
-0.471894295231
-0.756159610497
-0.443990330716
-0.480723652094
-0.678685561059
-0.555880234712
-0.479982368288
-0.661129661079
-0.467198564277
-0.587054573936
-0.662813208674
0.737792872558
0.127829290893
-0.621014759223
0.783798870136
0.000000000262
-0.769566937979
0.586993398434
-0.251406997047
-0.754131791833
0.643976249561
-0.128762690824
-0.718827714776
0.695188259732
0.000000000347
-0.844293806299
0.475371771047
0.247365413785
-0.833223719609
0.538302587442
-0.126366757635
-0.803336035471
0.595525997849
-0.000000000346
-0.754131791152
0.643976250230
0.128762691468
-0.833223719038
0.538302588089
0.126366758636
-0.899433113067
0.419450744178
0.122805326947
-0.875799165974
0.482675689132
-0.000000000291
0.127829290893
0.662813208674
-0.737792872558
0.000000000262
0.621014759223
-0.783798870136
-0.251406997047
0.769566937979
-0.586993398434
-0.128762690824
0.754131791833
-0.643976249561
0.000000000347
0.718827714776
-0.695188259732
0.247365413785
0.844293806299
-0.475371771047
-0.126366757635
0.833223719609
-0.538302587442
-0.000000000346
0.803336035471
-0.595525997849
0.128762691468
0.754131791152
-0.643976250230
0.126366758636
0.833223719038
-0.538302588089
0.122805326947
0.899433113067
-0.419450744178
-0.000000000291
0.875799165974
-0.482675689132
0.127829290369
-0.662813208997
-0.737792872358
0.110512058820
-0.552714550868
-0.826010720339
0.406785066510
-0.362781871576
-0.838400395587
0.327907170517
-0.471894295886
-0.818408614956
0.233949707308
-0.574238844216
-0.784549096134
0.368922035338
-0.769167682622
-0.521802268922
0.443990331192
-0.480723652989
-0.756159609649
0.352149506072
-0.585695671383
-0.730035140179
0.248327450020
-0.680236706510
-0.689645924140
0.365891378831
-0.685189362615
-0.629792851862
0.479982368659
-0.678685561288
-0.555880234111
0.467198564457
-0.587054573465
-0.661129661370
-0.944625009457
0.000000000324
-0.328151781205
-0.894310929118
-0.068300208356
-0.442202491623
-0.838400395759
-0.406785066403
-0.362781871298
-0.892303700665
-0.282237495946
-0.352329535606
-0.929137967255
-0.144588870560
-0.340289136346
-0.997174039745
-0.075126123677
-0.000000000138
-0.904193967367
-0.352500066620
-0.241199030699
-0.947675503707
-0.217640364087
-0.233546165871
-0.971883420060
-0.073895084642
-0.223566845211
-0.982292918806
-0.148034356423
-0.114832273263
-0.975330978891
-0.220747551779
0.000000000371
-0.949874253409
-0.288744592509
-0.119856009479
-0.127829290369
0.662813208997
-0.737792872358
-0.110512058820
0.552714550868
-0.826010720339
-0.406785066510
0.362781871576
-0.838400395587
-0.327907170517
0.471894295886
-0.818408614956
-0.233949707308
0.574238844216
-0.784549096134
-0.368922035338
0.769167682622
-0.521802268922
-0.443990331192
0.480723652989
-0.756159609649
-0.352149506072
0.585695671383
-0.730035140179
-0.248327450020
0.680236706510
-0.689645924140
-0.365891378831
0.685189362615
-0.629792851862
-0.479982368659
0.678685561288
-0.555880234111
-0.467198564457
0.587054573465
-0.661129661370
0.944625009457
-0.000000000324
-0.328151781205
0.894310929118
0.068300208356
-0.442202491623
0.838400395759
0.406785066403
-0.362781871298
0.892303700665
0.282237495946
-0.352329535606
0.929137967255
0.144588870560
-0.340289136346
0.997174039745
0.075126123677
-0.000000000138
0.904193967367
0.352500066620
-0.241199030699
0.947675503707
0.217640364087
-0.233546165871
0.971883420060
0.073895084642
-0.223566845211
0.982292918806
0.148034356423
-0.114832273263
0.975330978891
0.220747551779
0.000000000371
0.949874253409
0.288744592509
-0.119856009479
-0.127829290893
-0.662813208674
-0.737792872558
-0.000000000262
-0.621014759223
-0.783798870136
0.251406997047
-0.769566937979
-0.586993398434
0.128762690824
-0.754131791833
-0.643976249561
-0.000000000347
-0.718827714776
-0.695188259732
-0.247365413785
-0.844293806299
-0.475371771047
0.126366757635
-0.833223719609
-0.538302587442
0.000000000346
-0.803336035471
-0.595525997849
-0.128762691468
-0.754131791152
-0.643976250230
-0.126366758636
-0.833223719038
-0.538302588089
-0.122805326947
-0.899433113067
-0.419450744178
0.000000000291
-0.875799165974
-0.482675689132
0.865622163251
0.206832136899
-0.455981071575
0.826010720601
0.110512058982
-0.552714550444
0.586993398540
0.251406997325
-0.769566937807
0.689645924131
0.248327451104
-0.680236706123
0.784549096480
0.233949707523
-0.574238843655
0.769167682707
0.521802268698
-0.368922035477
0.629792852014
0.365891379925
-0.685189361891
0.730035139834
0.352149505858
-0.585695671942
0.818408615608
0.327907169831
-0.471894295231
0.756159610497
0.443990330716
-0.480723652094
0.678685561059
0.555880234712
-0.479982368288
0.661129661079
0.467198564277
-0.587054573936
-0.865622162927
0.206832137099
-0.455981072098
-0.894310928957
0.068300208780
-0.442202491885
-0.993778464944
0.000000000172
-0.111374874251
-0.971883420078
0.073895085710
-0.223566844782
-0.929137967041
0.144588871121
-0.340289136693
-0.844293806385
0.475371770823
-0.247365413923
-0.982292918634
0.148034357718
-0.114832273063
-0.947675503921
0.217640363528
-0.233546165525
-0.892303700250
0.282237495921
-0.352329536679
-0.904193966920
0.352500066944
-0.241199031899
-0.899433112837
0.419450744779
-0.122805326576
-0.949874253588
0.288744592038
-0.119856009188
0.206832137099
-0.455981072098
-0.865622162927
0.068300208780
-0.442202491885
-0.894310928957
0.000000000172
-0.111374874251
-0.993778464944
0.073895085710
-0.223566844782
-0.971883420078
0.144588871121
-0.340289136693
-0.929137967041
0.475371770823
-0.247365413923
-0.844293806385
0.148034357718
-0.114832273063
-0.982292918634
0.217640363528
-0.233546165525
-0.947675503921
0.282237495921
-0.352329536679
-0.892303700250
0.352500066944
-0.241199031899
-0.904193966920
0.419450744779
-0.122805326576
-0.899433112837
0.288744592038
-0.119856009188
-0.949874253588
0.662813208997
-0.737792872358
-0.127829290369
0.552714550868
-0.826010720339
-0.110512058820
0.362781871576
-0.838400395587
-0.406785066510
0.471894295886
-0.818408614956
-0.327907170517
0.574238844216
-0.784549096134
-0.233949707308
0.769167682622
-0.521802268922
-0.368922035338
0.480723652989
-0.756159609649
-0.443990331192
0.585695671383
-0.730035140179
-0.352149506072
0.680236706510
-0.689645924140
-0.248327450020
0.685189362615
-0.629792851862
-0.365891378831
0.678685561288
-0.555880234111
-0.479982368659
0.587054573465
-0.661129661370
-0.467198564457
-0.662813208997
-0.737792872358
0.127829290369
-0.552714550868
-0.826010720339
0.110512058820
-0.362781871576
-0.838400395587
0.406785066510
-0.471894295886
-0.818408614956
0.327907170517
-0.574238844216
-0.784549096134
0.233949707308
-0.769167682622
-0.521802268922
0.368922035338
-0.480723652989
-0.756159609649
0.443990331192
-0.585695671383
-0.730035140179
0.352149506072
-0.680236706510
-0.689645924140
0.248327450020
-0.685189362615
-0.629792851862
0.365891378831
-0.678685561288
-0.555880234111
0.479982368659
-0.587054573465
-0.661129661370
0.467198564457
-0.455981072098
-0.865622162927
0.206832137099
-0.442202491885
-0.894310928957
0.068300208780
-0.111374874251
-0.993778464944
0.000000000172
-0.223566844782
-0.971883420078
0.073895085710
-0.340289136693
-0.929137967041
0.144588871121
-0.247365413923
-0.844293806385
0.475371770823
-0.114832273063
-0.982292918634
0.148034357718
-0.233546165525
-0.947675503921
0.217640363528
-0.352329536679
-0.892303700250
0.282237495921
-0.241199031899
-0.904193966920
0.352500066944
-0.122805326576
-0.899433112837
0.419450744779
-0.119856009188
-0.949874253588
0.288744592038
0.455981072098
0.865622162927
0.206832137099
0.442202491885
0.894310928957
0.068300208780
0.111374874251
0.993778464944
0.000000000172
0.223566844782
0.971883420078
0.073895085710
0.340289136693
0.929137967041
0.144588871121
0.247365413923
0.844293806385
0.475371770823
0.114832273063
0.982292918634
0.148034357718
0.233546165525
0.947675503921
0.217640363528
0.352329536679
0.892303700250
0.282237495921
0.241199031899
0.904193966920
0.352500066944
0.122805326576
0.899433112837
0.419450744779
0.119856009188
0.949874253588
0.288744592038
0.000000000324
-0.328151781205
-0.944625009457
-0.068300208356
-0.442202491623
-0.894310929118
-0.406785066403
-0.362781871298
-0.838400395759
-0.282237495946
-0.352329535606
-0.892303700665
-0.144588870560
-0.340289136346
-0.929137967255
-0.075126123677
-0.000000000138
-0.997174039745
-0.352500066620
-0.241199030699
-0.904193967367
-0.217640364087
-0.233546165871
-0.947675503707
-0.073895084642
-0.223566845211
-0.971883420060
-0.148034356423
-0.114832273263
-0.982292918806
-0.220747551779
0.000000000371
-0.975330978891
-0.288744592509
-0.119856009479
-0.949874253409
0.662813208674
-0.737792872558
0.127829290893
0.621014759223
-0.783798870136
0.000000000262
0.769566937979
-0.586993398434
-0.251406997047
0.754131791833
-0.643976249561
-0.128762690824
0.718827714776
-0.695188259732
0.000000000347
0.844293806299
-0.475371771047
0.247365413785
0.833223719609
-0.538302587442
-0.126366757635
0.803336035471
-0.595525997849
-0.000000000346
0.754131791152
-0.643976250230
0.128762691468
0.833223719038
-0.538302588089
0.126366758636
0.899433113067
-0.419450744178
0.122805326947
0.875799165974
-0.482675689132
-0.000000000291
