0.438807727769
0.860866067931
0.257599284035
0.484674532898
0.852617173921
0.195280700262
0.527085790876
0.839672277216
0.130885583360
0.562804824673
0.824821635149
0.054037019853
0.364990360104
0.818605178967
0.443472206570
0.418543175329
0.822862374131
0.384342456185
0.469312935602
0.821584095247
0.323643234000
0.516643431038
0.815576658119
0.260603683585
0.560428022407
0.805463816505
0.192739388819
0.599010455422
0.792259801179
0.116236318466
0.719941749703
0.659796009772
0.215297706732
0.741747363470
0.611738383304
0.274930898912
0.758598693646
0.559816019144
0.333367734953
0.390086536296
0.770235519391
0.504549045059
0.444630940445
0.776479095221
0.446523842011
0.496532604564
0.777459991630
0.386019862208
0.545569435693
0.773807948921
0.321831087722
0.590831882786
0.766247553751
0.252551722731
0.630874259397
0.755521892104
0.176590881364
0.659090799280
0.713913741522
0.236487817808
0.683148416225
0.667635582387
0.295923926947
0.702255539130
0.617369769607
0.354530288320
0.716118895914
0.563607588876
0.411728323869
0.467004924547
0.724530453794
0.506914215597
0.519705885090
0.728591276333
0.446162016598
0.570262387395
0.727669687476
0.381179269441
0.617378947791
0.722273263149
0.311712316351
0.639092946891
0.674158751033
0.370229906463
0.655830825679
0.622062633280
0.427696163610
0.667665271088
0.565823344979
0.483804741666
0.538404131774
0.674774762709
0.504777188966
0.590257349890
0.677054369822
0.439537986078
0.605529752094
0.621772372164
0.496722091861
0.552277359646
0.616061597597
0.561656323733
0.525731112119
0.850650808352
0.000000000000
0.000000000000
0.525731112119
-0.850650808352
-0.525731112119
0.850650808352
0.000000000000
0.000000000000
0.525731112119
0.850650808352
0.850650808352
-0.000000000000
0.525731112119
-0.850650808352
-0.000000000000
0.525731112119
-0.000000000000
-0.525731112119
0.850650808352
-0.850650808352
-0.000000000000
-0.525731112119
-0.525731112119
-0.850650808352
0.000000000000
0.850650808352
-0.000000000000
-0.525731112119
0.525731112119
-0.850650808352
0.000000000000
0.000000000000
-0.525731112119
-0.850650808352
1.000000000000
0.000000000000
0.000000000000
-0.500000000000
-0.309016994375
-0.809016994375
-1.000000000000
0.000000000000
0.000000000000
0.500000000000
-0.309016994375
0.809016994375
0.500000000000
0.309016994375
-0.809016994375
-0.500000000000
0.309016994375
-0.809016994375
-0.500000000000
-0.309016994375
0.809016994375
0.809016994375
-0.500000000000
-0.309016994375
-0.309016994375
-0.809016994375
0.500000000000
-0.309016994375
0.809016994375
-0.500000000000
-0.809016994375
0.500000000000
0.309016994375
0.000000000000
-1.000000000000
0.000000000000
0.809016994375
0.500000000000
-0.309016994375
-0.000000000000
1.000000000000
0.000000000000
-0.809016994375
-0.500000000000
0.309016994375
0.809016994375
0.500000000000
0.309016994375
0.309016994375
0.809016994375
-0.500000000000
-0.309016994375
-0.809016994375
-0.500000000000
0.000000000000
-0.000000000000
1.000000000000
0.309016994375
0.809016994375
0.500000000000
0.000000000000
0.000000000000
-1.000000000000
0.309016994375
-0.809016994375
0.500000000000
-0.309016994375
0.809016994375
0.500000000000
0.309016994375
-0.809016994375
-0.500000000000
-0.809016994375
0.500000000000
-0.309016994375
-0.809016994375
-0.500000000000
-0.309016994375
0.809016994375
-0.500000000000
0.309016994375
0.500000000000
0.309016994375
0.809016994375
0.500000000000
-0.309016994375
-0.809016994375
-0.500000000000
0.309016994375
0.809016994375
0.255020579510
0.432056591676
-0.865038499499
0.179121335174
0.442368765861
-0.878763575870
0.101818769184
0.450987883419
-0.886703370497
0.017198357640
0.466359954897
-0.884427842711
0.429244283580
0.327741174128
-0.841626441953
0.355946448687
0.344201462555
-0.868808079407
0.281059856359
0.357828205582
-0.890485447626
0.204538140872
0.369861934618
-0.906292611825
0.124617437491
0.382082438449
-0.915687449134
0.039353671816
0.397729073347
-0.916658536604
0.018096808585
0.203663095742
-0.978873765586
0.040587644316
0.128228757903
-0.990913734275
0.063393479769
0.051796917487
-0.996643540119
0.451161348963
0.250315733336
-0.856618626254
0.378875142558
0.267524345982
-0.885936990230
0.304278676271
0.282531401500
-0.909720008757
0.226701908037
0.296518009958
-0.927730194972
0.145686210262
0.311054338918
-0.939159585150
0.060896998659
0.327983742185
-0.942718526611
0.082388742578
0.255654182691
-0.963251282880
0.104144018837
0.181062098434
-0.977941992069
0.126471009328
0.105188595280
-0.986377434465
0.149200086239
0.028811046795
-0.988387200367
0.400491975999
0.188387884121
-0.896725254622
0.326246797467
0.205763765638
-0.922618176654
0.248111612905
0.221886739781
-0.942977678554
0.166685800284
0.237694599458
-0.956931095415
0.188302323685
0.162800351686
-0.968523763459
0.210325977199
0.086748289514
-0.973774983033
0.232422651836
0.009538415749
-0.972568110488
0.347688127412
0.127139629364
-0.928950203564
0.269686331857
0.145579946092
-0.951880119398
0.291229967381
0.067544385786
-0.954265613992
0.368624334314
0.046913050432
-0.928393917392
-0.438807727769
0.860866067931
-0.257599284035
-0.484674532898
0.852617173921
-0.195280700262
-0.527085790876
0.839672277216
-0.130885583360
-0.562804824673
0.824821635149
-0.054037019853
-0.364990360104
0.818605178967
-0.443472206570
-0.418543175329
0.822862374131
-0.384342456185
-0.469312935602
0.821584095247
-0.323643234000
-0.516643431038
0.815576658119
-0.260603683585
-0.560428022407
0.805463816505
-0.192739388819
-0.599010455422
0.792259801179
-0.116236318466
-0.719941749703
0.659796009772
-0.215297706732
-0.741747363470
0.611738383304
-0.274930898912
-0.758598693646
0.559816019144
-0.333367734953
-0.390086536296
0.770235519391
-0.504549045059
-0.444630940445
0.776479095221
-0.446523842011
-0.496532604564
0.777459991630
-0.386019862208
-0.545569435693
0.773807948921
-0.321831087722
-0.590831882786
0.766247553751
-0.252551722731
-0.630874259397
0.755521892104
-0.176590881364
-0.659090799280
0.713913741522
-0.236487817808
-0.683148416225
0.667635582387
-0.295923926947
-0.702255539130
0.617369769607
-0.354530288320
-0.716118895914
0.563607588876
-0.411728323869
-0.467004924547
0.724530453794
-0.506914215597
-0.519705885090
0.728591276333
-0.446162016598
-0.570262387395
0.727669687476
-0.381179269441
-0.617378947791
0.722273263149
-0.311712316351
-0.639092946891
0.674158751033
-0.370229906463
-0.655830825679
0.622062633280
-0.427696163610
-0.667665271088
0.565823344979
-0.483804741666
-0.538404131774
0.674774762709
-0.504777188966
-0.590257349890
0.677054369822
-0.439537986078
-0.605529752094
0.621772372164
-0.496722091861
-0.552277359646
0.616061597597
-0.561656323733
-0.255020579510
0.432056591676
0.865038499499
-0.179121335174
0.442368765861
0.878763575870
-0.101818769184
0.450987883419
0.886703370497
-0.017198357640
0.466359954897
0.884427842711
-0.429244283580
0.327741174128
0.841626441953
-0.355946448687
0.344201462555
0.868808079407
-0.281059856359
0.357828205582
0.890485447626
-0.204538140872
0.369861934618
0.906292611825
-0.124617437491
0.382082438449
0.915687449134
-0.039353671816
0.397729073347
0.916658536604
-0.018096808585
0.203663095742
0.978873765586
-0.040587644316
0.128228757903
0.990913734275
-0.063393479769
0.051796917487
0.996643540119
-0.451161348963
0.250315733336
0.856618626254
-0.378875142558
0.267524345982
0.885936990230
-0.304278676271
0.282531401500
0.909720008757
-0.226701908037
0.296518009958
0.927730194972
-0.145686210262
0.311054338918
0.939159585150
-0.060896998659
0.327983742185
0.942718526611
-0.082388742578
0.255654182691
0.963251282880
-0.104144018837
0.181062098434
0.977941992069
-0.126471009328
0.105188595280
0.986377434465
-0.149200086239
0.028811046795
0.988387200367
-0.400491975999
0.188387884121
0.896725254622
-0.326246797467
0.205763765638
0.922618176654
-0.248111612905
0.221886739781
0.942977678554
-0.166685800284
0.237694599458
0.956931095415
-0.188302323685
0.162800351686
0.968523763459
-0.210325977199
0.086748289514
0.973774983033
-0.232422651836
0.009538415749
0.972568110488
-0.347688127412
0.127139629364
0.928950203564
-0.269686331857
0.145579946092
0.951880119398
-0.291229967381
0.067544385786
0.954265613992
-0.368624334314
0.046913050432
0.928393917392
0.693828307279
0.703254681963
0.155032681443
0.663795868072
0.741914100674
0.094543708160
0.628904560060
0.776744817168
0.033860645872
0.580003182312
0.814192465577
-0.026209492642
0.794234643684
0.553317622238
0.251059633740
0.774489624015
0.602875370667
0.191590995966
0.750372791961
0.647879551144
0.131121166462
0.721181571910
0.689165135064
0.070345980342
0.685045459898
0.728446004545
0.008895860632
0.638364127238
0.767937894415
-0.052560739886
0.738038558288
0.648611566978
-0.186016455354
0.782335007787
0.586653839594
-0.209258710886
0.821992173415
0.520636693982
-0.230794930022
0.841247885259
0.491402471321
0.225445351974
0.823506083003
0.542321379627
0.166509016141
0.800811280835
0.589405427643
0.106313378050
0.772271343731
0.633698464439
0.044980304797
0.736518093048
0.676208524117
-0.016826482834
0.691771258056
0.717885477120
-0.078057467721
0.741479541857
0.662994698318
-0.103180032027
0.787292435062
0.603271039021
-0.127415364744
0.828726548459
0.539206387250
-0.149895896636
0.865318982154
0.471396864456
-0.170317513209
0.867496900546
0.477012800405
0.141095413791
0.845952682557
0.526959666777
0.081716390425
0.818374000300
0.574328277697
0.020273753243
0.784064748075
0.619255773131
-0.042009026049
0.827395270576
0.557781514835
-0.065550346580
0.866156802878
0.492074030654
-0.087381583785
0.900087922924
0.422178246390
-0.107736991241
0.886092259185
0.459891682484
0.057794018671
0.859943681747
0.510379050433
-0.003176334833
0.896759719475
0.441782353780
-0.025502106096
0.920901693960
0.388239229910
0.034790378268
-0.277023910233
0.960853965998
-0.004172431568
-0.347825057701
0.937194800935
-0.026146401949
-0.417127237547
0.907630400527
-0.047031093281
-0.492569447539
0.868229485431
-0.059606207562
-0.076681540388
0.996789828808
-0.023021262986
-0.152610466589
0.987217826852
-0.045945705276
-0.226707039120
0.971522785144
-0.068901352379
-0.299515954276
0.949768818649
-0.090715953707
-0.373186577818
0.921185393364
-0.110223632629
-0.450289813233
0.884174212881
-0.124398735425
-0.389679551096
0.863909273710
-0.319077755814
-0.337487468789
0.861584738506
-0.379175350971
-0.282591847509
0.854004428935
-0.436827520975
-0.024870381362
0.995951516380
-0.086383106864
-0.101015329842
0.988845221638
-0.109457895010
-0.176218023450
0.975425289851
-0.132260017127
-0.251537705161
0.955529552161
-0.153922246051
-0.327880821752
0.928760246848
-0.172912031400
-0.406041209906
0.894476358484
-0.187196634507
-0.358834214718
0.899482516127
-0.249337541358
-0.308477463177
0.899194965968
-0.310306409681
-0.255084491915
0.893736675571
-0.369007664859
-0.199128560003
0.883125188324
-0.424779611491
-0.047292470330
0.983927016002
-0.172194800828
-0.124047375213
0.973121683375
-0.194026900321
-0.201612986538
0.955507547138
-0.215307991078
-0.279703625507
0.930968089482
-0.234657832266
-0.228350698267
0.928011421299
-0.294365012426
-0.174129873299
0.919770194263
-0.351712349754
-0.117275406990
0.905982988056
-0.406744765509
-0.069345610693
0.964668871449
-0.254175440856
-0.148756280925
0.949917036512
-0.274825749576
-0.093046491882
0.938504445640
-0.332493241828
-0.012122672164
0.949895553643
-0.312332319795
-0.161783817536
0.689655875711
0.705833386488
-0.136849475197
0.637649466123
0.758073465761
-0.109958553330
0.581873466779
0.805811631344
-0.070235377134
0.520396974751
0.851031127791
-0.288308819715
0.771213380698
0.567545545227
-0.265932708739
0.728543918740
0.631271378165
-0.242605896482
0.681471439582
0.690462928785
-0.217127476761
0.630465618203
0.745230677777
-0.187241444589
0.574821827268
0.796567955873
-0.148720642189
0.513965391813
0.844820541065
-0.330262198607
0.418960802474
0.845812465126
-0.404259894682
0.403159656816
0.820997094190
-0.476006846138
0.385164652440
0.790610949166
-0.365216154933
0.754864778395
0.544790167416
-0.343615610603
0.714048187994
0.609970079080
-0.320314581114
0.668551263708
0.671146613580
-0.294031730533
0.618349097679
0.728827644124
-0.262951061034
0.563606061649
0.783074036585
-0.224833049491
0.504574623549
0.833579359825
-0.300256584562
0.492142000499
0.817093773549
-0.374670953047
0.476986025380
0.795050947131
-0.447171047215
0.459718883600
0.767265666242
-0.516990335911
0.440539370663
0.733925102085
-0.419712454217
0.695302099718
0.583435040002
-0.395658509877
0.651925782236
0.646874885907
-0.368649400857
0.603066009222
0.707395934233
-0.337675322284
0.549406915809
0.764282289198
-0.410742248624
0.533030258150
0.739709097613
-0.481700952380
0.514444453124
0.709444217065
-0.550389864099
0.493343157415
0.673560336220
-0.469058521081
0.631916818330
0.616980744038
-0.441501068965
0.585117932171
0.680230704655
-0.512483260212
0.564266477647
0.647274478259
-0.540154687482
0.608569374165
0.581271219329
0.705833386488
-0.161783817536
0.689655875711
0.758073465761
-0.136849475197
0.637649466123
0.805811631344
-0.109958553330
0.581873466779
0.851031127791
-0.070235377134
0.520396974751
0.567545545227
-0.288308819715
0.771213380698
0.631271378165
-0.265932708739
0.728543918740
0.690462928785
-0.242605896482
0.681471439582
0.745230677777
-0.217127476761
0.630465618203
0.796567955873
-0.187241444589
0.574821827268
0.844820541065
-0.148720642189
0.513965391813
0.845812465126
-0.330262198607
0.418960802474
0.820997094190
-0.404259894682
0.403159656816
0.790610949166
-0.476006846138
0.385164652440
0.544790167416
-0.365216154933
0.754864778395
0.609970079080
-0.343615610603
0.714048187994
0.671146613580
-0.320314581114
0.668551263708
0.728827644124
-0.294031730533
0.618349097679
0.783074036585
-0.262951061034
0.563606061649
0.833579359825
-0.224833049491
0.504574623549
0.817093773549
-0.300256584562
0.492142000499
0.795050947131
-0.374670953047
0.476986025380
0.767265666242
-0.447171047215
0.459718883600
0.733925102085
-0.516990335911
0.440539370663
0.583435040002
-0.419712454217
0.695302099718
0.646874885907
-0.395658509877
0.651925782236
0.707395934233
-0.368649400857
0.603066009222
0.764282289198
-0.337675322284
0.549406915809
0.739709097613
-0.410742248624
0.533030258150
0.709444217065
-0.481700952380
0.514444453124
0.673560336220
-0.550389864099
0.493343157415
0.616980744038
-0.469058521081
0.631916818330
0.680230704655
-0.441501068965
0.585117932171
0.647274478259
-0.512483260212
0.564266477647
0.581271219329
-0.540154687482
0.608569374165
-0.960853965998
-0.004172431568
0.277023910233
-0.937194800935
-0.026146401949
0.347825057701
-0.907630400527
-0.047031093281
0.417127237547
-0.868229485431
-0.059606207562
0.492569447539
-0.996789828808
-0.023021262986
0.076681540388
-0.987217826852
-0.045945705276
0.152610466589
-0.971522785144
-0.068901352379
0.226707039120
-0.949768818649
-0.090715953707
0.299515954276
-0.921185393364
-0.110223632629
0.373186577818
-0.884174212881
-0.124398735425
0.450289813233
-0.863909273710
-0.319077755814
0.389679551096
-0.861584738506
-0.379175350971
0.337487468789
-0.854004428935
-0.436827520975
0.282591847509
-0.995951516380
-0.086383106864
0.024870381362
-0.988845221638
-0.109457895010
0.101015329842
-0.975425289851
-0.132260017127
0.176218023450
-0.955529552161
-0.153922246051
0.251537705161
-0.928760246848
-0.172912031400
0.327880821752
-0.894476358484
-0.187196634507
0.406041209906
-0.899482516127
-0.249337541358
0.358834214718
-0.899194965968
-0.310306409681
0.308477463177
-0.893736675571
-0.369007664859
0.255084491915
-0.883125188324
-0.424779611491
0.199128560003
-0.983927016002
-0.172194800828
0.047292470330
-0.973121683375
-0.194026900321
0.124047375213
-0.955507547138
-0.215307991078
0.201612986538
-0.930968089482
-0.234657832266
0.279703625507
-0.928011421299
-0.294365012426
0.228350698267
-0.919770194263
-0.351712349754
0.174129873299
-0.905982988056
-0.406744765509
0.117275406990
-0.964668871449
-0.254175440856
0.069345610693
-0.949917036512
-0.274825749576
0.148756280925
-0.938504445640
-0.332493241828
0.093046491882
-0.949895553643
-0.312332319795
0.012122672164
0.689655875711
0.705833386488
-0.161783817536
0.637649466123
0.758073465761
-0.136849475197
0.581873466779
0.805811631344
-0.109958553330
0.520396974751
0.851031127791
-0.070235377134
0.771213380698
0.567545545227
-0.288308819715
0.728543918740
0.631271378165
-0.265932708739
0.681471439582
0.690462928785
-0.242605896482
0.630465618203
0.745230677777
-0.217127476761
0.574821827268
0.796567955873
-0.187241444589
0.513965391813
0.844820541065
-0.148720642189
0.418960802474
0.845812465126
-0.330262198607
0.403159656816
0.820997094190
-0.404259894682
0.385164652440
0.790610949166
-0.476006846138
0.754864778395
0.544790167416
-0.365216154933
0.714048187994
0.609970079080
-0.343615610603
0.668551263708
0.671146613580
-0.320314581114
0.618349097679
0.728827644124
-0.294031730533
0.563606061649
0.783074036585
-0.262951061034
0.504574623549
0.833579359825
-0.224833049491
0.492142000499
0.817093773549
-0.300256584562
0.476986025380
0.795050947131
-0.374670953047
0.459718883600
0.767265666242
-0.447171047215
0.440539370663
0.733925102085
-0.516990335911
0.695302099718
0.583435040002
-0.419712454217
0.651925782236
0.646874885907
-0.395658509877
0.603066009222
0.707395934233
-0.368649400857
0.549406915809
0.764282289198
-0.337675322284
0.533030258150
0.739709097613
-0.410742248624
0.514444453124
0.709444217065
-0.481700952380
0.493343157415
0.673560336220
-0.550389864099
0.631916818330
0.616980744038
-0.469058521081
0.585117932171
0.680230704655
-0.441501068965
0.564266477647
0.647274478259
-0.512483260212
0.608569374165
0.581271219329
-0.540154687482
0.155032681443
0.693828307279
0.703254681963
0.094543708160
0.663795868072
0.741914100674
0.033860645872
0.628904560060
0.776744817168
-0.026209492642
0.580003182312
0.814192465577
0.251059633740
0.794234643684
0.553317622238
0.191590995966
0.774489624015
0.602875370667
0.131121166462
0.750372791961
0.647879551144
0.070345980342
0.721181571910
0.689165135064
0.008895860632
0.685045459898
0.728446004545
-0.052560739886
0.638364127238
0.767937894415
-0.186016455354
0.738038558288
0.648611566978
-0.209258710886
0.782335007787
0.586653839594
-0.230794930022
0.821992173415
0.520636693982
0.225445351974
0.841247885259
0.491402471321
0.166509016141
0.823506083003
0.542321379627
0.106313378050
0.800811280835
0.589405427643
0.044980304797
0.772271343731
0.633698464439
-0.016826482834
0.736518093048
0.676208524117
-0.078057467721
0.691771258056
0.717885477120
-0.103180032027
0.741479541857
0.662994698318
-0.127415364744
0.787292435062
0.603271039021
-0.149895896636
0.828726548459
0.539206387250
-0.170317513209
0.865318982154
0.471396864456
0.141095413791
0.867496900546
0.477012800405
0.081716390425
0.845952682557
0.526959666777
0.020273753243
0.818374000300
0.574328277697
-0.042009026049
0.784064748075
0.619255773131
-0.065550346580
0.827395270576
0.557781514835
-0.087381583785
0.866156802878
0.492074030654
-0.107736991241
0.900087922924
0.422178246390
0.057794018671
0.886092259185
0.459891682484
-0.003176334833
0.859943681747
0.510379050433
-0.025502106096
0.896759719475
0.441782353780
0.034790378268
0.920901693960
0.388239229910
-0.257599284035
-0.438807727769
0.860866067931
-0.195280700262
-0.484674532898
0.852617173921
-0.130885583360
-0.527085790876
0.839672277216
-0.054037019853
-0.562804824673
0.824821635149
-0.443472206570
-0.364990360104
0.818605178967
-0.384342456185
-0.418543175329
0.822862374131
-0.323643234000
-0.469312935602
0.821584095247
-0.260603683585
-0.516643431038
0.815576658119
-0.192739388819
-0.560428022407
0.805463816505
-0.116236318466
-0.599010455422
0.792259801179
-0.215297706732
-0.719941749703
0.659796009772
-0.274930898912
-0.741747363470
0.611738383304
-0.333367734953
-0.758598693646
0.559816019144
-0.504549045059
-0.390086536296
0.770235519391
-0.446523842011
-0.444630940445
0.776479095221
-0.386019862208
-0.496532604564
0.777459991630
-0.321831087722
-0.545569435693
0.773807948921
-0.252551722731
-0.590831882786
0.766247553751
-0.176590881364
-0.630874259397
0.755521892104
-0.236487817808
-0.659090799280
0.713913741522
-0.295923926947
-0.683148416225
0.667635582387
-0.354530288320
-0.702255539130
0.617369769607
-0.411728323869
-0.716118895914
0.563607588876
-0.506914215597
-0.467004924547
0.724530453794
-0.446162016598
-0.519705885090
0.728591276333
-0.381179269441
-0.570262387395
0.727669687476
-0.311712316351
-0.617378947791
0.722273263149
-0.370229906463
-0.639092946891
0.674158751033
-0.427696163610
-0.655830825679
0.622062633280
-0.483804741666
-0.667665271088
0.565823344979
-0.504777188966
-0.538404131774
0.674774762709
-0.439537986078
-0.590257349890
0.677054369822
-0.496722091861
-0.605529752094
0.621772372164
-0.561656323733
-0.552277359646
0.616061597597
0.865038499499
-0.255020579510
0.432056591676
0.878763575870
-0.179121335174
0.442368765861
0.886703370497
-0.101818769184
0.450987883419
0.884427842711
-0.017198357640
0.466359954897
0.841626441953
-0.429244283580
0.327741174128
0.868808079407
-0.355946448687
0.344201462555
0.890485447626
-0.281059856359
0.357828205582
0.906292611825
-0.204538140872
0.369861934618
0.915687449134
-0.124617437491
0.382082438449
0.916658536604
-0.039353671816
0.397729073347
0.978873765586
-0.018096808585
0.203663095742
0.990913734275
-0.040587644316
0.128228757903
0.996643540119
-0.063393479769
0.051796917487
0.856618626254
-0.451161348963
0.250315733336
0.885936990230
-0.378875142558
0.267524345982
0.909720008757
-0.304278676271
0.282531401500
0.927730194972
-0.226701908037
0.296518009958
0.939159585150
-0.145686210262
0.311054338918
0.942718526611
-0.060896998659
0.327983742185
0.963251282880
-0.082388742578
0.255654182691
0.977941992069
-0.104144018837
0.181062098434
0.986377434465
-0.126471009328
0.105188595280
0.988387200367
-0.149200086239
0.028811046795
0.896725254622
-0.400491975999
0.188387884121
0.922618176654
-0.326246797467
0.205763765638
0.942977678554
-0.248111612905
0.221886739781
0.956931095415
-0.166685800284
0.237694599458
0.968523763459
-0.188302323685
0.162800351686
0.973774983033
-0.210325977199
0.086748289514
0.972568110488
-0.232422651836
0.009538415749
0.928950203564
-0.347688127412
0.127139629364
0.951880119398
-0.269686331857
0.145579946092
0.954265613992
-0.291229967381
0.067544385786
0.928393917392
-0.368624334314
0.046913050432
0.257599284035
0.438807727769
0.860866067931
0.195280700262
0.484674532898
0.852617173921
0.130885583360
0.527085790876
0.839672277216
0.054037019853
0.562804824673
0.824821635149
0.443472206570
0.364990360104
0.818605178967
0.384342456185
0.418543175329
0.822862374131
0.323643234000
0.469312935602
0.821584095247
0.260603683585
0.516643431038
0.815576658119
0.192739388819
0.560428022407
0.805463816505
0.116236318466
0.599010455422
0.792259801179
0.215297706732
0.719941749703
0.659796009772
0.274930898912
0.741747363470
0.611738383304
0.333367734953
0.758598693646
0.559816019144
0.504549045059
0.390086536296
0.770235519391
0.446523842011
0.444630940445
0.776479095221
0.386019862208
0.496532604564
0.777459991630
0.321831087722
0.545569435693
0.773807948921
0.252551722731
0.590831882786
0.766247553751
0.176590881364
0.630874259397
0.755521892104
0.236487817808
0.659090799280
0.713913741522
0.295923926947
0.683148416225
0.667635582387
0.354530288320
0.702255539130
0.617369769607
0.411728323869
0.716118895914
0.563607588876
0.506914215597
0.467004924547
0.724530453794
0.446162016598
0.519705885090
0.728591276333
0.381179269441
0.570262387395
0.727669687476
0.311712316351
0.617378947791
0.722273263149
0.370229906463
0.639092946891
0.674158751033
0.427696163610
0.655830825679
0.622062633280
0.483804741666
0.667665271088
0.565823344979
0.504777188966
0.538404131774
0.674774762709
0.439537986078
0.590257349890
0.677054369822
0.496722091861
0.605529752094
0.621772372164
0.561656323733
0.552277359646
0.616061597597
-0.004172431568
-0.277023910233
0.960853965998
-0.026146401949
-0.347825057701
0.937194800935
-0.047031093281
-0.417127237547
0.907630400527
-0.059606207562
-0.492569447539
0.868229485431
-0.023021262986
-0.076681540388
0.996789828808
-0.045945705276
-0.152610466589
0.987217826852
-0.068901352379
-0.226707039120
0.971522785144
-0.090715953707
-0.299515954276
0.949768818649
-0.110223632629
-0.373186577818
0.921185393364
-0.124398735425
-0.450289813233
0.884174212881
-0.319077755814
-0.389679551096
0.863909273710
-0.379175350971
-0.337487468789
0.861584738506
-0.436827520975
-0.282591847509
0.854004428935
-0.086383106864
-0.024870381362
0.995951516380
-0.109457895010
-0.101015329842
0.988845221638
-0.132260017127
-0.176218023450
0.975425289851
-0.153922246051
-0.251537705161
0.955529552161
-0.172912031400
-0.327880821752
0.928760246848
-0.187196634507
-0.406041209906
0.894476358484
-0.249337541358
-0.358834214718
0.899482516127
-0.310306409681
-0.308477463177
0.899194965968
-0.369007664859
-0.255084491915
0.893736675571
-0.424779611491
-0.199128560003
0.883125188324
-0.172194800828
-0.047292470330
0.983927016002
-0.194026900321
-0.124047375213
0.973121683375
-0.215307991078
-0.201612986538
0.955507547138
-0.234657832266
-0.279703625507
0.930968089482
-0.294365012426
-0.228350698267
0.928011421299
-0.351712349754
-0.174129873299
0.919770194263
-0.406744765509
-0.117275406990
0.905982988056
-0.254175440856
-0.069345610693
0.964668871449
-0.274825749576
-0.148756280925
0.949917036512
-0.332493241828
-0.093046491882
0.938504445640
-0.312332319795
-0.012122672164
0.949895553643
0.004172431568
0.277023910233
0.960853965998
0.026146401949
0.347825057701
0.937194800935
0.047031093281
0.417127237547
0.907630400527
0.059606207562
0.492569447539
0.868229485431
0.023021262986
0.076681540388
0.996789828808
0.045945705276
0.152610466589
0.987217826852
0.068901352379
0.226707039120
0.971522785144
0.090715953707
0.299515954276
0.949768818649
0.110223632629
0.373186577818
0.921185393364
0.124398735425
0.450289813233
0.884174212881
0.319077755814
0.389679551096
0.863909273710
0.379175350971
0.337487468789
0.861584738506
0.436827520975
0.282591847509
0.854004428935
0.086383106864
0.024870381362
0.995951516380
0.109457895010
0.101015329842
0.988845221638
0.132260017127
0.176218023450
0.975425289851
0.153922246051
0.251537705161
0.955529552161
0.172912031400
0.327880821752
0.928760246848
0.187196634507
0.406041209906
0.894476358484
0.249337541358
0.358834214718
0.899482516127
0.310306409681
0.308477463177
0.899194965968
0.369007664859
0.255084491915
0.893736675571
0.424779611491
0.199128560003
0.883125188324
0.172194800828
0.047292470330
0.983927016002
0.194026900321
0.124047375213
0.973121683375
0.215307991078
0.201612986538
0.955507547138
0.234657832266
0.279703625507
0.930968089482
0.294365012426
0.228350698267
0.928011421299
0.351712349754
0.174129873299
0.919770194263
0.406744765509
0.117275406990
0.905982988056
0.254175440856
0.069345610693
0.964668871449
0.274825749576
0.148756280925
0.949917036512
0.332493241828
0.093046491882
0.938504445640
0.312332319795
0.012122672164
0.949895553643
-0.432056591676
0.865038499499
0.255020579510
-0.442368765861
0.878763575870
0.179121335174
-0.450987883419
0.886703370497
0.101818769184
-0.466359954897
0.884427842711
0.017198357640
-0.327741174128
0.841626441953
0.429244283580
-0.344201462555
0.868808079407
0.355946448687
-0.357828205582
0.890485447626
0.281059856359
-0.369861934618
0.906292611825
0.204538140872
-0.382082438449
0.915687449134
0.124617437491
-0.397729073347
0.916658536604
0.039353671816
-0.203663095742
0.978873765586
0.018096808585
-0.128228757903
0.990913734275
0.040587644316
-0.051796917487
0.996643540119
0.063393479769
-0.250315733336
0.856618626254
0.451161348963
-0.267524345982
0.885936990230
0.378875142558
-0.282531401500
0.909720008757
0.304278676271
-0.296518009958
0.927730194972
0.226701908037
-0.311054338918
0.939159585150
0.145686210262
-0.327983742185
0.942718526611
0.060896998659
-0.255654182691
0.963251282880
0.082388742578
-0.181062098434
0.977941992069
0.104144018837
-0.105188595280
0.986377434465
0.126471009328
-0.028811046795
0.988387200367
0.149200086239
-0.188387884121
0.896725254622
0.400491975999
-0.205763765638
0.922618176654
0.326246797467
-0.221886739781
0.942977678554
0.248111612905
-0.237694599458
0.956931095415
0.166685800284
-0.162800351686
0.968523763459
0.188302323685
-0.086748289514
0.973774983033
0.210325977199
-0.009538415749
0.972568110488
0.232422651836
-0.127139629364
0.928950203564
0.347688127412
-0.145579946092
0.951880119398
0.269686331857
-0.067544385786
0.954265613992
0.291229967381
-0.046913050432
0.928393917392
0.368624334314
-0.703254681963
0.155032681443
-0.693828307279
-0.741914100674
0.094543708160
-0.663795868072
-0.776744817168
0.033860645872
-0.628904560060
-0.814192465577
-0.026209492642
-0.580003182312
-0.553317622238
0.251059633740
-0.794234643684
-0.602875370667
0.191590995966
-0.774489624015
-0.647879551144
0.131121166462
-0.750372791961
-0.689165135064
0.070345980342
-0.721181571910
-0.728446004545
0.008895860632
-0.685045459898
-0.767937894415
-0.052560739886
-0.638364127238
-0.648611566978
-0.186016455354
-0.738038558288
-0.586653839594
-0.209258710886
-0.782335007787
-0.520636693982
-0.230794930022
-0.821992173415
-0.491402471321
0.225445351974
-0.841247885259
-0.542321379627
0.166509016141
-0.823506083003
-0.589405427643
0.106313378050
-0.800811280835
-0.633698464439
0.044980304797
-0.772271343731
-0.676208524117
-0.016826482834
-0.736518093048
-0.717885477120
-0.078057467721
-0.691771258056
-0.662994698318
-0.103180032027
-0.741479541857
-0.603271039021
-0.127415364744
-0.787292435062
-0.539206387250
-0.149895896636
-0.828726548459
-0.471396864456
-0.170317513209
-0.865318982154
-0.477012800405
0.141095413791
-0.867496900546
-0.526959666777
0.081716390425
-0.845952682557
-0.574328277697
0.020273753243
-0.818374000300
-0.619255773131
-0.042009026049
-0.784064748075
-0.557781514835
-0.065550346580
-0.827395270576
-0.492074030654
-0.087381583785
-0.866156802878
-0.422178246390
-0.107736991241
-0.900087922924
-0.459891682484
0.057794018671
-0.886092259185
-0.510379050433
-0.003176334833
-0.859943681747
-0.441782353780
-0.025502106096
-0.896759719475
-0.388239229910
0.034790378268
-0.920901693960
-0.860866067931
-0.257599284035
0.438807727769
-0.852617173921
-0.195280700262
0.484674532898
-0.839672277216
-0.130885583360
0.527085790876
-0.824821635149
-0.054037019853
0.562804824673
-0.818605178967
-0.443472206570
0.364990360104
-0.822862374131
-0.384342456185
0.418543175329
-0.821584095247
-0.323643234000
0.469312935602
-0.815576658119
-0.260603683585
0.516643431038
-0.805463816505
-0.192739388819
0.560428022407
-0.792259801179
-0.116236318466
0.599010455422
-0.659796009772
-0.215297706732
0.719941749703
-0.611738383304
-0.274930898912
0.741747363470
-0.559816019144
-0.333367734953
0.758598693646
-0.770235519391
-0.504549045059
0.390086536296
-0.776479095221
-0.446523842011
0.444630940445
-0.777459991630
-0.386019862208
0.496532604564
-0.773807948921
-0.321831087722
0.545569435693
-0.766247553751
-0.252551722731
0.590831882786
-0.755521892104
-0.176590881364
0.630874259397
-0.713913741522
-0.236487817808
0.659090799280
-0.667635582387
-0.295923926947
0.683148416225
-0.617369769607
-0.354530288320
0.702255539130
-0.563607588876
-0.411728323869
0.716118895914
-0.724530453794
-0.506914215597
0.467004924547
-0.728591276333
-0.446162016598
0.519705885090
-0.727669687476
-0.381179269441
0.570262387395
-0.722273263149
-0.311712316351
0.617378947791
-0.674158751033
-0.370229906463
0.639092946891
-0.622062633280
-0.427696163610
0.655830825679
-0.565823344979
-0.483804741666
0.667665271088
-0.674774762709
-0.504777188966
0.538404131774
-0.677054369822
-0.439537986078
0.590257349890
-0.621772372164
-0.496722091861
0.605529752094
-0.616061597597
-0.561656323733
0.552277359646
-0.689655875711
0.705833386488
0.161783817536
-0.637649466123
0.758073465761
0.136849475197
-0.581873466779
0.805811631344
0.109958553330
-0.520396974751
0.851031127791
0.070235377134
-0.771213380698
0.567545545227
0.288308819715
-0.728543918740
0.631271378165
0.265932708739
-0.681471439582
0.690462928785
0.242605896482
-0.630465618203
0.745230677777
0.217127476761
-0.574821827268
0.796567955873
0.187241444589
-0.513965391813
0.844820541065
0.148720642189
-0.418960802474
0.845812465126
0.330262198607
-0.403159656816
0.820997094190
0.404259894682
-0.385164652440
0.790610949166
0.476006846138
-0.754864778395
0.544790167416
0.365216154933
-0.714048187994
0.609970079080
0.343615610603
-0.668551263708
0.671146613580
0.320314581114
-0.618349097679
0.728827644124
0.294031730533
-0.563606061649
0.783074036585
0.262951061034
-0.504574623549
0.833579359825
0.224833049491
-0.492142000499
0.817093773549
0.300256584562
-0.476986025380
0.795050947131
0.374670953047
-0.459718883600
0.767265666242
0.447171047215
-0.440539370663
0.733925102085
0.516990335911
-0.695302099718
0.583435040002
0.419712454217
-0.651925782236
0.646874885907
0.395658509877
-0.603066009222
0.707395934233
0.368649400857
-0.549406915809
0.764282289198
0.337675322284
-0.533030258150
0.739709097613
0.410742248624
-0.514444453124
0.709444217065
0.481700952380
-0.493343157415
0.673560336220
0.550389864099
-0.631916818330
0.616980744038
0.469058521081
-0.585117932171
0.680230704655
0.441501068965
-0.564266477647
0.647274478259
0.512483260212
-0.608569374165
0.581271219329
0.540154687482
-0.860866067931
0.257599284035
-0.438807727769
-0.852617173921
0.195280700262
-0.484674532898
-0.839672277216
0.130885583360
-0.527085790876
-0.824821635149
0.054037019853
-0.562804824673
-0.818605178967
0.443472206570
-0.364990360104
-0.822862374131
0.384342456185
-0.418543175329
-0.821584095247
0.323643234000
-0.469312935602
-0.815576658119
0.260603683585
-0.516643431038
-0.805463816505
0.192739388819
-0.560428022407
-0.792259801179
0.116236318466
-0.599010455422
-0.659796009772
0.215297706732
-0.719941749703
-0.611738383304
0.274930898912
-0.741747363470
-0.559816019144
0.333367734953
-0.758598693646
-0.770235519391
0.504549045059
-0.390086536296
-0.776479095221
0.446523842011
-0.444630940445
-0.777459991630
0.386019862208
-0.496532604564
-0.773807948921
0.321831087722
-0.545569435693
-0.766247553751
0.252551722731
-0.590831882786
-0.755521892104
0.176590881364
-0.630874259397
-0.713913741522
0.236487817808
-0.659090799280
-0.667635582387
0.295923926947
-0.683148416225
-0.617369769607
0.354530288320
-0.702255539130
-0.563607588876
0.411728323869
-0.716118895914
-0.724530453794
0.506914215597
-0.467004924547
-0.728591276333
0.446162016598
-0.519705885090
-0.727669687476
0.381179269441
-0.570262387395
-0.722273263149
0.311712316351
-0.617378947791
-0.674158751033
0.370229906463
-0.639092946891
-0.622062633280
0.427696163610
-0.655830825679
-0.565823344979
0.483804741666
-0.667665271088
-0.674774762709
0.504777188966
-0.538404131774
-0.677054369822
0.439537986078
-0.590257349890
-0.621772372164
0.496722091861
-0.605529752094
-0.616061597597
0.561656323733
-0.552277359646
-0.432056591676
-0.865038499499
-0.255020579510
-0.442368765861
-0.878763575870
-0.179121335174
-0.450987883419
-0.886703370497
-0.101818769184
-0.466359954897
-0.884427842711
-0.017198357640
-0.327741174128
-0.841626441953
-0.429244283580
-0.344201462555
-0.868808079407
-0.355946448687
-0.357828205582
-0.890485447626
-0.281059856359
-0.369861934618
-0.906292611825
-0.204538140872
-0.382082438449
-0.915687449134
-0.124617437491
-0.397729073347
-0.916658536604
-0.039353671816
-0.203663095742
-0.978873765586
-0.018096808585
-0.128228757903
-0.990913734275
-0.040587644316
-0.051796917487
-0.996643540119
-0.063393479769
-0.250315733336
-0.856618626254
-0.451161348963
-0.267524345982
-0.885936990230
-0.378875142558
-0.282531401500
-0.909720008757
-0.304278676271
-0.296518009958
-0.927730194972
-0.226701908037
-0.311054338918
-0.939159585150
-0.145686210262
-0.327983742185
-0.942718526611
-0.060896998659
-0.255654182691
-0.963251282880
-0.082388742578
-0.181062098434
-0.977941992069
-0.104144018837
-0.105188595280
-0.986377434465
-0.126471009328
-0.028811046795
-0.988387200367
-0.149200086239
-0.188387884121
-0.896725254622
-0.400491975999
-0.205763765638
-0.922618176654
-0.326246797467
-0.221886739781
-0.942977678554
-0.248111612905
-0.237694599458
-0.956931095415
-0.166685800284
-0.162800351686
-0.968523763459
-0.188302323685
-0.086748289514
-0.973774983033
-0.210325977199
-0.009538415749
-0.972568110488
-0.232422651836
-0.127139629364
-0.928950203564
-0.347688127412
-0.145579946092
-0.951880119398
-0.269686331857
-0.067544385786
-0.954265613992
-0.291229967381
-0.046913050432
-0.928393917392
-0.368624334314
0.703254681963
0.155032681443
0.693828307279
0.741914100674
0.094543708160
0.663795868072
0.776744817168
0.033860645872
0.628904560060
0.814192465577
-0.026209492642
0.580003182312
0.553317622238
0.251059633740
0.794234643684
0.602875370667
0.191590995966
0.774489624015
0.647879551144
0.131121166462
0.750372791961
0.689165135064
0.070345980342
0.721181571910
0.728446004545
0.008895860632
0.685045459898
0.767937894415
-0.052560739886
0.638364127238
0.648611566978
-0.186016455354
0.738038558288
0.586653839594
-0.209258710886
0.782335007787
0.520636693982
-0.230794930022
0.821992173415
0.491402471321
0.225445351974
0.841247885259
0.542321379627
0.166509016141
0.823506083003
0.589405427643
0.106313378050
0.800811280835
0.633698464439
0.044980304797
0.772271343731
0.676208524117
-0.016826482834
0.736518093048
0.717885477120
-0.078057467721
0.691771258056
0.662994698318
-0.103180032027
0.741479541857
0.603271039021
-0.127415364744
0.787292435062
0.539206387250
-0.149895896636
0.828726548459
0.471396864456
-0.170317513209
0.865318982154
0.477012800405
0.141095413791
0.867496900546
0.526959666777
0.081716390425
0.845952682557
0.574328277697
0.020273753243
0.818374000300
0.619255773131
-0.042009026049
0.784064748075
0.557781514835
-0.065550346580
0.827395270576
0.492074030654
-0.087381583785
0.866156802878
0.422178246390
-0.107736991241
0.900087922924
0.459891682484
0.057794018671
0.886092259185
0.510379050433
-0.003176334833
0.859943681747
0.441782353780
-0.025502106096
0.896759719475
0.388239229910
0.034790378268
0.920901693960
0.860866067931
-0.257599284035
-0.438807727769
0.852617173921
-0.195280700262
-0.484674532898
0.839672277216
-0.130885583360
-0.527085790876
0.824821635149
-0.054037019853
-0.562804824673
0.818605178967
-0.443472206570
-0.364990360104
0.822862374131
-0.384342456185
-0.418543175329
0.821584095247
-0.323643234000
-0.469312935602
0.815576658119
-0.260603683585
-0.516643431038
0.805463816505
-0.192739388819
-0.560428022407
0.792259801179
-0.116236318466
-0.599010455422
0.659796009772
-0.215297706732
-0.719941749703
0.611738383304
-0.274930898912
-0.741747363470
0.559816019144
-0.333367734953
-0.758598693646
0.770235519391
-0.504549045059
-0.390086536296
0.776479095221
-0.446523842011
-0.444630940445
0.777459991630
-0.386019862208
-0.496532604564
0.773807948921
-0.321831087722
-0.545569435693
0.766247553751
-0.252551722731
-0.590831882786
0.755521892104
-0.176590881364
-0.630874259397
0.713913741522
-0.236487817808
-0.659090799280
0.667635582387
-0.295923926947
-0.683148416225
0.617369769607
-0.354530288320
-0.702255539130
0.563607588876
-0.411728323869
-0.716118895914
0.724530453794
-0.506914215597
-0.467004924547
0.728591276333
-0.446162016598
-0.519705885090
0.727669687476
-0.381179269441
-0.570262387395
0.722273263149
-0.311712316351
-0.617378947791
0.674158751033
-0.370229906463
-0.639092946891
0.622062633280
-0.427696163610
-0.655830825679
0.565823344979
-0.483804741666
-0.667665271088
0.674774762709
-0.504777188966
-0.538404131774
0.677054369822
-0.439537986078
-0.590257349890
0.621772372164
-0.496722091861
-0.605529752094
0.616061597597
-0.561656323733
-0.552277359646
0.432056591676
0.865038499499
-0.255020579510
0.442368765861
0.878763575870
-0.179121335174
0.450987883419
0.886703370497
-0.101818769184
0.466359954897
0.884427842711
-0.017198357640
0.327741174128
0.841626441953
-0.429244283580
0.344201462555
0.868808079407
-0.355946448687
0.357828205582
0.890485447626
-0.281059856359
0.369861934618
0.906292611825
-0.204538140872
0.382082438449
0.915687449134
-0.124617437491
0.397729073347
0.916658536604
-0.039353671816
0.203663095742
0.978873765586
-0.018096808585
0.128228757903
0.990913734275
-0.040587644316
0.051796917487
0.996643540119
-0.063393479769
0.250315733336
0.856618626254
-0.451161348963
0.267524345982
0.885936990230
-0.378875142558
0.282531401500
0.909720008757
-0.304278676271
0.296518009958
0.927730194972
-0.226701908037
0.311054338918
0.939159585150
-0.145686210262
0.327983742185
0.942718526611
-0.060896998659
0.255654182691
0.963251282880
-0.082388742578
0.181062098434
0.977941992069
-0.104144018837
0.105188595280
0.986377434465
-0.126471009328
0.028811046795
0.988387200367
-0.149200086239
0.188387884121
0.896725254622
-0.400491975999
0.205763765638
0.922618176654
-0.326246797467
0.221886739781
0.942977678554
-0.248111612905
0.237694599458
0.956931095415
-0.166685800284
0.162800351686
0.968523763459
-0.188302323685
0.086748289514
0.973774983033
-0.210325977199
0.009538415749
0.972568110488
-0.232422651836
0.127139629364
0.928950203564
-0.347688127412
0.145579946092
0.951880119398
-0.269686331857
0.067544385786
0.954265613992
-0.291229967381
0.046913050432
0.928393917392
-0.368624334314
0.860866067931
0.257599284035
0.438807727769
0.852617173921
0.195280700262
0.484674532898
0.839672277216
0.130885583360
0.527085790876
0.824821635149
0.054037019853
0.562804824673
0.818605178967
0.443472206570
0.364990360104
0.822862374131
0.384342456185
0.418543175329
0.821584095247
0.323643234000
0.469312935602
0.815576658119
0.260603683585
0.516643431038
0.805463816505
0.192739388819
0.560428022407
0.792259801179
0.116236318466
0.599010455422
0.659796009772
0.215297706732
0.719941749703
0.611738383304
0.274930898912
0.741747363470
0.559816019144
0.333367734953
0.758598693646
0.770235519391
0.504549045059
0.390086536296
0.776479095221
0.446523842011
0.444630940445
0.777459991630
0.386019862208
0.496532604564
0.773807948921
0.321831087722
0.545569435693
0.766247553751
0.252551722731
0.590831882786
0.755521892104
0.176590881364
0.630874259397
0.713913741522
0.236487817808
0.659090799280
0.667635582387
0.295923926947
0.683148416225
0.617369769607
0.354530288320
0.702255539130
0.563607588876
0.411728323869
0.716118895914
0.724530453794
0.506914215597
0.467004924547
0.728591276333
0.446162016598
0.519705885090
0.727669687476
0.381179269441
0.570262387395
0.722273263149
0.311712316351
0.617378947791
0.674158751033
0.370229906463
0.639092946891
0.622062633280
0.427696163610
0.655830825679
0.565823344979
0.483804741666
0.667665271088
0.674774762709
0.504777188966
0.538404131774
0.677054369822
0.439537986078
0.590257349890
0.621772372164
0.496722091861
0.605529752094
0.616061597597
0.561656323733
0.552277359646
0.960853965998
-0.004172431568
-0.277023910233
0.937194800935
-0.026146401949
-0.347825057701
0.907630400527
-0.047031093281
-0.417127237547
0.868229485431
-0.059606207562
-0.492569447539
0.996789828808
-0.023021262986
-0.076681540388
0.987217826852
-0.045945705276
-0.152610466589
0.971522785144
-0.068901352379
-0.226707039120
0.949768818649
-0.090715953707
-0.299515954276
0.921185393364
-0.110223632629
-0.373186577818
0.884174212881
-0.124398735425
-0.450289813233
0.863909273710
-0.319077755814
-0.389679551096
0.861584738506
-0.379175350971
-0.337487468789
0.854004428935
-0.436827520975
-0.282591847509
0.995951516380
-0.086383106864
-0.024870381362
0.988845221638
-0.109457895010
-0.101015329842
0.975425289851
-0.132260017127
-0.176218023450
0.955529552161
-0.153922246051
-0.251537705161
0.928760246848
-0.172912031400
-0.327880821752
0.894476358484
-0.187196634507
-0.406041209906
0.899482516127
-0.249337541358
-0.358834214718
0.899194965968
-0.310306409681
-0.308477463177
0.893736675571
-0.369007664859
-0.255084491915
0.883125188324
-0.424779611491
-0.199128560003
0.983927016002
-0.172194800828
-0.047292470330
0.973121683375
-0.194026900321
-0.124047375213
0.955507547138
-0.215307991078
-0.201612986538
0.930968089482
-0.234657832266
-0.279703625507
0.928011421299
-0.294365012426
-0.228350698267
0.919770194263
-0.351712349754
-0.174129873299
0.905982988056
-0.406744765509
-0.117275406990
0.964668871449
-0.254175440856
-0.069345610693
0.949917036512
-0.274825749576
-0.148756280925
0.938504445640
-0.332493241828
-0.093046491882
0.949895553643
-0.312332319795
-0.012122672164
-0.004172431568
0.277023910233
-0.960853965998
-0.026146401949
0.347825057701
-0.937194800935
-0.047031093281
0.417127237547
-0.907630400527
-0.059606207562
0.492569447539
-0.868229485431
-0.023021262986
0.076681540388
-0.996789828808
-0.045945705276
0.152610466589
-0.987217826852
-0.068901352379
0.226707039120
-0.971522785144
-0.090715953707
0.299515954276
-0.949768818649
-0.110223632629
0.373186577818
-0.921185393364
-0.124398735425
0.450289813233
-0.884174212881
-0.319077755814
0.389679551096
-0.863909273710
-0.379175350971
0.337487468789
-0.861584738506
-0.436827520975
0.282591847509
-0.854004428935
-0.086383106864
0.024870381362
-0.995951516380
-0.109457895010
0.101015329842
-0.988845221638
-0.132260017127
0.176218023450
-0.975425289851
-0.153922246051
0.251537705161
-0.955529552161
-0.172912031400
0.327880821752
-0.928760246848
-0.187196634507
0.406041209906
-0.894476358484
-0.249337541358
0.358834214718
-0.899482516127
-0.310306409681
0.308477463177
-0.899194965968
-0.369007664859
0.255084491915
-0.893736675571
-0.424779611491
0.199128560003
-0.883125188324
-0.172194800828
0.047292470330
-0.983927016002
-0.194026900321
0.124047375213
-0.973121683375
-0.215307991078
0.201612986538
-0.955507547138
-0.234657832266
0.279703625507
-0.930968089482
-0.294365012426
0.228350698267
-0.928011421299
-0.351712349754
0.174129873299
-0.919770194263
-0.406744765509
0.117275406990
-0.905982988056
-0.254175440856
0.069345610693
-0.964668871449
-0.274825749576
0.148756280925
-0.949917036512
-0.332493241828
0.093046491882
-0.938504445640
-0.312332319795
0.012122672164
-0.949895553643
0.432056591676
-0.865038499499
0.255020579510
0.442368765861
-0.878763575870
0.179121335174
0.450987883419
-0.886703370497
0.101818769184
0.466359954897
-0.884427842711
0.017198357640
0.327741174128
-0.841626441953
0.429244283580
0.344201462555
-0.868808079407
0.355946448687
0.357828205582
-0.890485447626
0.281059856359
0.369861934618
-0.906292611825
0.204538140872
0.382082438449
-0.915687449134
0.124617437491
0.397729073347
-0.916658536604
0.039353671816
0.203663095742
-0.978873765586
0.018096808585
0.128228757903
-0.990913734275
0.040587644316
0.051796917487
-0.996643540119
0.063393479769
0.250315733336
-0.856618626254
0.451161348963
0.267524345982
-0.885936990230
0.378875142558
0.282531401500
-0.909720008757
0.304278676271
0.296518009958
-0.927730194972
0.226701908037
0.311054338918
-0.939159585150
0.145686210262
0.327983742185
-0.942718526611
0.060896998659
0.255654182691
-0.963251282880
0.082388742578
0.181062098434
-0.977941992069
0.104144018837
0.105188595280
-0.986377434465
0.126471009328
0.028811046795
-0.988387200367
0.149200086239
0.188387884121
-0.896725254622
0.400491975999
0.205763765638
-0.922618176654
0.326246797467
0.221886739781
-0.942977678554
0.248111612905
0.237694599458
-0.956931095415
0.166685800284
0.162800351686
-0.968523763459
0.188302323685
0.086748289514
-0.973774983033
0.210325977199
0.009538415749
-0.972568110488
0.232422651836
0.127139629364
-0.928950203564
0.347688127412
0.145579946092
-0.951880119398
0.269686331857
0.067544385786
-0.954265613992
0.291229967381
0.046913050432
-0.928393917392
0.368624334314
-0.865038499499
0.255020579510
0.432056591676
-0.878763575870
0.179121335174
0.442368765861
-0.886703370497
0.101818769184
0.450987883419
-0.884427842711
0.017198357640
0.466359954897
-0.841626441953
0.429244283580
0.327741174128
-0.868808079407
0.355946448687
0.344201462555
-0.890485447626
0.281059856359
0.357828205582
-0.906292611825
0.204538140872
0.369861934618
-0.915687449134
0.124617437491
0.382082438449
-0.916658536604
0.039353671816
0.397729073347
-0.978873765586
0.018096808585
0.203663095742
-0.990913734275
0.040587644316
0.128228757903
-0.996643540119
0.063393479769
0.051796917487
-0.856618626254
0.451161348963
0.250315733336
-0.885936990230
0.378875142558
0.267524345982
-0.909720008757
0.304278676271
0.282531401500
-0.927730194972
0.226701908037
0.296518009958
-0.939159585150
0.145686210262
0.311054338918
-0.942718526611
0.060896998659
0.327983742185
-0.963251282880
0.082388742578
0.255654182691
-0.977941992069
0.104144018837
0.181062098434
-0.986377434465
0.126471009328
0.105188595280
-0.988387200367
0.149200086239
0.028811046795
-0.896725254622
0.400491975999
0.188387884121
-0.922618176654
0.326246797467
0.205763765638
-0.942977678554
0.248111612905
0.221886739781
-0.956931095415
0.166685800284
0.237694599458
-0.968523763459
0.188302323685
0.162800351686
-0.973774983033
0.210325977199
0.086748289514
-0.972568110488
0.232422651836
0.009538415749
-0.928950203564
0.347688127412
0.127139629364
-0.951880119398
0.269686331857
0.145579946092
-0.954265613992
0.291229967381
0.067544385786
-0.928393917392
0.368624334314
0.046913050432
-0.155032681443
-0.693828307279
0.703254681963
-0.094543708160
-0.663795868072
0.741914100674
-0.033860645872
-0.628904560060
0.776744817168
0.026209492642
-0.580003182312
0.814192465577
-0.251059633740
-0.794234643684
0.553317622238
-0.191590995966
-0.774489624015
0.602875370667
-0.131121166462
-0.750372791961
0.647879551144
-0.070345980342
-0.721181571910
0.689165135064
-0.008895860632
-0.685045459898
0.728446004545
0.052560739886
-0.638364127238
0.767937894415
0.186016455354
-0.738038558288
0.648611566978
0.209258710886
-0.782335007787
0.586653839594
0.230794930022
-0.821992173415
0.520636693982
-0.225445351974
-0.841247885259
0.491402471321
-0.166509016141
-0.823506083003
0.542321379627
-0.106313378050
-0.800811280835
0.589405427643
-0.044980304797
-0.772271343731
0.633698464439
0.016826482834
-0.736518093048
0.676208524117
0.078057467721
-0.691771258056
0.717885477120
0.103180032027
-0.741479541857
0.662994698318
0.127415364744
-0.787292435062
0.603271039021
0.149895896636
-0.828726548459
0.539206387250
0.170317513209
-0.865318982154
0.471396864456
-0.141095413791
-0.867496900546
0.477012800405
-0.081716390425
-0.845952682557
0.526959666777
-0.020273753243
-0.818374000300
0.574328277697
0.042009026049
-0.784064748075
0.619255773131
0.065550346580
-0.827395270576
0.557781514835
0.087381583785
-0.866156802878
0.492074030654
0.107736991241
-0.900087922924
0.422178246390
-0.057794018671
-0.886092259185
0.459891682484
0.003176334833
-0.859943681747
0.510379050433
0.025502106096
-0.896759719475
0.441782353780
-0.034790378268
-0.920901693960
0.388239229910
-0.705833386488
0.161783817536
0.689655875711
-0.758073465761
0.136849475197
0.637649466123
-0.805811631344
0.109958553330
0.581873466779
-0.851031127791
0.070235377134
0.520396974751
-0.567545545227
0.288308819715
0.771213380698
-0.631271378165
0.265932708739
0.728543918740
-0.690462928785
0.242605896482
0.681471439582
-0.745230677777
0.217127476761
0.630465618203
-0.796567955873
0.187241444589
0.574821827268
-0.844820541065
0.148720642189
0.513965391813
-0.845812465126
0.330262198607
0.418960802474
-0.820997094190
0.404259894682
0.403159656816
-0.790610949166
0.476006846138
0.385164652440
-0.544790167416
0.365216154933
0.754864778395
-0.609970079080
0.343615610603
0.714048187994
-0.671146613580
0.320314581114
0.668551263708
-0.728827644124
0.294031730533
0.618349097679
-0.783074036585
0.262951061034
0.563606061649
-0.833579359825
0.224833049491
0.504574623549
-0.817093773549
0.300256584562
0.492142000499
-0.795050947131
0.374670953047
0.476986025380
-0.767265666242
0.447171047215
0.459718883600
-0.733925102085
0.516990335911
0.440539370663
-0.583435040002
0.419712454217
0.695302099718
-0.646874885907
0.395658509877
0.651925782236
-0.707395934233
0.368649400857
0.603066009222
-0.764282289198
0.337675322284
0.549406915809
-0.739709097613
0.410742248624
0.533030258150
-0.709444217065
0.481700952380
0.514444453124
-0.673560336220
0.550389864099
0.493343157415
-0.616980744038
0.469058521081
0.631916818330
-0.680230704655
0.441501068965
0.585117932171
-0.647274478259
0.512483260212
0.564266477647
-0.581271219329
0.540154687482
0.608569374165
-0.689655875711
-0.705833386488
-0.161783817536
-0.637649466123
-0.758073465761
-0.136849475197
-0.581873466779
-0.805811631344
-0.109958553330
-0.520396974751
-0.851031127791
-0.070235377134
-0.771213380698
-0.567545545227
-0.288308819715
-0.728543918740
-0.631271378165
-0.265932708739
-0.681471439582
-0.690462928785
-0.242605896482
-0.630465618203
-0.745230677777
-0.217127476761
-0.574821827268
-0.796567955873
-0.187241444589
-0.513965391813
-0.844820541065
-0.148720642189
-0.418960802474
-0.845812465126
-0.330262198607
-0.403159656816
-0.820997094190
-0.404259894682
-0.385164652440
-0.790610949166
-0.476006846138
-0.754864778395
-0.544790167416
-0.365216154933
-0.714048187994
-0.609970079080
-0.343615610603
-0.668551263708
-0.671146613580
-0.320314581114
-0.618349097679
-0.728827644124
-0.294031730533
-0.563606061649
-0.783074036585
-0.262951061034
-0.504574623549
-0.833579359825
-0.224833049491
-0.492142000499
-0.817093773549
-0.300256584562
-0.476986025380
-0.795050947131
-0.374670953047
-0.459718883600
-0.767265666242
-0.447171047215
-0.440539370663
-0.733925102085
-0.516990335911
-0.695302099718
-0.583435040002
-0.419712454217
-0.651925782236
-0.646874885907
-0.395658509877
-0.603066009222
-0.707395934233
-0.368649400857
-0.549406915809
-0.764282289198
-0.337675322284
-0.533030258150
-0.739709097613
-0.410742248624
-0.514444453124
-0.709444217065
-0.481700952380
-0.493343157415
-0.673560336220
-0.550389864099
-0.631916818330
-0.616980744038
-0.469058521081
-0.585117932171
-0.680230704655
-0.441501068965
-0.564266477647
-0.647274478259
-0.512483260212
-0.608569374165
-0.581271219329
-0.540154687482
0.161783817536
-0.689655875711
0.705833386488
0.136849475197
-0.637649466123
0.758073465761
0.109958553330
-0.581873466779
0.805811631344
0.070235377134
-0.520396974751
0.851031127791
0.288308819715
-0.771213380698
0.567545545227
0.265932708739
-0.728543918740
0.631271378165
0.242605896482
-0.681471439582
0.690462928785
0.217127476761
-0.630465618203
0.745230677777
0.187241444589
-0.574821827268
0.796567955873
0.148720642189
-0.513965391813
0.844820541065
0.330262198607
-0.418960802474
0.845812465126
0.404259894682
-0.403159656816
0.820997094190
0.476006846138
-0.385164652440
0.790610949166
0.365216154933
-0.754864778395
0.544790167416
0.343615610603
-0.714048187994
0.609970079080
0.320314581114
-0.668551263708
0.671146613580
0.294031730533
-0.618349097679
0.728827644124
0.262951061034
-0.563606061649
0.783074036585
0.224833049491
-0.504574623549
0.833579359825
0.300256584562
-0.492142000499
0.817093773549
0.374670953047
-0.476986025380
0.795050947131
0.447171047215
-0.459718883600
0.767265666242
0.516990335911
-0.440539370663
0.733925102085
0.419712454217
-0.695302099718
0.583435040002
0.395658509877
-0.651925782236
0.646874885907
0.368649400857
-0.603066009222
0.707395934233
0.337675322284
-0.549406915809
0.764282289198
0.410742248624
-0.533030258150
0.739709097613
0.481700952380
-0.514444453124
0.709444217065
0.550389864099
-0.493343157415
0.673560336220
0.469058521081
-0.631916818330
0.616980744038
0.441501068965
-0.585117932171
0.680230704655
0.512483260212
-0.564266477647
0.647274478259
0.540154687482
-0.608569374165
0.581271219329
-0.703254681963
-0.155032681443
0.693828307279
-0.741914100674
-0.094543708160
0.663795868072
-0.776744817168
-0.033860645872
0.628904560060
-0.814192465577
0.026209492642
0.580003182312
-0.553317622238
-0.251059633740
0.794234643684
-0.602875370667
-0.191590995966
0.774489624015
-0.647879551144
-0.131121166462
0.750372791961
-0.689165135064
-0.070345980342
0.721181571910
-0.728446004545
-0.008895860632
0.685045459898
-0.767937894415
0.052560739886
0.638364127238
-0.648611566978
0.186016455354
0.738038558288
-0.586653839594
0.209258710886
0.782335007787
-0.520636693982
0.230794930022
0.821992173415
-0.491402471321
-0.225445351974
0.841247885259
-0.542321379627
-0.166509016141
0.823506083003
-0.589405427643
-0.106313378050
0.800811280835
-0.633698464439
-0.044980304797
0.772271343731
-0.676208524117
0.016826482834
0.736518093048
-0.717885477120
0.078057467721
0.691771258056
-0.662994698318
0.103180032027
0.741479541857
-0.603271039021
0.127415364744
0.787292435062
-0.539206387250
0.149895896636
0.828726548459
-0.471396864456
0.170317513209
0.865318982154
-0.477012800405
-0.141095413791
0.867496900546
-0.526959666777
-0.081716390425
0.845952682557
-0.574328277697
-0.020273753243
0.818374000300
-0.619255773131
0.042009026049
0.784064748075
-0.557781514835
0.065550346580
0.827395270576
-0.492074030654
0.087381583785
0.866156802878
-0.422178246390
0.107736991241
0.900087922924
-0.459891682484
-0.057794018671
0.886092259185
-0.510379050433
0.003176334833
0.859943681747
-0.441782353780
0.025502106096
0.896759719475
-0.388239229910
-0.034790378268
0.920901693960
0.277023910233
-0.960853965998
-0.004172431568
0.347825057701
-0.937194800935
-0.026146401949
0.417127237547
-0.907630400527
-0.047031093281
0.492569447539
-0.868229485431
-0.059606207562
0.076681540388
-0.996789828808
-0.023021262986
0.152610466589
-0.987217826852
-0.045945705276
0.226707039120
-0.971522785144
-0.068901352379
0.299515954276
-0.949768818649
-0.090715953707
0.373186577818
-0.921185393364
-0.110223632629
0.450289813233
-0.884174212881
-0.124398735425
0.389679551096
-0.863909273710
-0.319077755814
0.337487468789
-0.861584738506
-0.379175350971
0.282591847509
-0.854004428935
-0.436827520975
0.024870381362
-0.995951516380
-0.086383106864
0.101015329842
-0.988845221638
-0.109457895010
0.176218023450
-0.975425289851
-0.132260017127
0.251537705161
-0.955529552161
-0.153922246051
0.327880821752
-0.928760246848
-0.172912031400
0.406041209906
-0.894476358484
-0.187196634507
0.358834214718
-0.899482516127
-0.249337541358
0.308477463177
-0.899194965968
-0.310306409681
0.255084491915
-0.893736675571
-0.369007664859
0.199128560003
-0.883125188324
-0.424779611491
0.047292470330
-0.983927016002
-0.172194800828
0.124047375213
-0.973121683375
-0.194026900321
0.201612986538
-0.955507547138
-0.215307991078
0.279703625507
-0.930968089482
-0.234657832266
0.228350698267
-0.928011421299
-0.294365012426
0.174129873299
-0.919770194263
-0.351712349754
0.117275406990
-0.905982988056
-0.406744765509
0.069345610693
-0.964668871449
-0.254175440856
0.148756280925
-0.949917036512
-0.274825749576
0.093046491882
-0.938504445640
-0.332493241828
0.012122672164
-0.949895553643
-0.312332319795
0.960853965998
0.004172431568
0.277023910233
0.937194800935
0.026146401949
0.347825057701
0.907630400527
0.047031093281
0.417127237547
0.868229485431
0.059606207562
0.492569447539
0.996789828808
0.023021262986
0.076681540388
0.987217826852
0.045945705276
0.152610466589
0.971522785144
0.068901352379
0.226707039120
0.949768818649
0.090715953707
0.299515954276
0.921185393364
0.110223632629
0.373186577818
0.884174212881
0.124398735425
0.450289813233
0.863909273710
0.319077755814
0.389679551096
0.861584738506
0.379175350971
0.337487468789
0.854004428935
0.436827520975
0.282591847509
0.995951516380
0.086383106864
0.024870381362
0.988845221638
0.109457895010
0.101015329842
0.975425289851
0.132260017127
0.176218023450
0.955529552161
0.153922246051
0.251537705161
0.928760246848
0.172912031400
0.327880821752
0.894476358484
0.187196634507
0.406041209906
0.899482516127
0.249337541358
0.358834214718
0.899194965968
0.310306409681
0.308477463177
0.893736675571
0.369007664859
0.255084491915
0.883125188324
0.424779611491
0.199128560003
0.983927016002
0.172194800828
0.047292470330
0.973121683375
0.194026900321
0.124047375213
0.955507547138
0.215307991078
0.201612986538
0.930968089482
0.234657832266
0.279703625507
0.928011421299
0.294365012426
0.228350698267
0.919770194263
0.351712349754
0.174129873299
0.905982988056
0.406744765509
0.117275406990
0.964668871449
0.254175440856
0.069345610693
0.949917036512
0.274825749576
0.148756280925
0.938504445640
0.332493241828
0.093046491882
0.949895553643
0.312332319795
0.012122672164
0.255020579510
-0.432056591676
0.865038499499
0.179121335174
-0.442368765861
0.878763575870
0.101818769184
-0.450987883419
0.886703370497
0.017198357640
-0.466359954897
0.884427842711
0.429244283580
-0.327741174128
0.841626441953
0.355946448687
-0.344201462555
0.868808079407
0.281059856359
-0.357828205582
0.890485447626
0.204538140872
-0.369861934618
0.906292611825
0.124617437491
-0.382082438449
0.915687449134
0.039353671816
-0.397729073347
0.916658536604
0.018096808585
-0.203663095742
0.978873765586
0.040587644316
-0.128228757903
0.990913734275
0.063393479769
-0.051796917487
0.996643540119
0.451161348963
-0.250315733336
0.856618626254
0.378875142558
-0.267524345982
0.885936990230
0.304278676271
-0.282531401500
0.909720008757
0.226701908037
-0.296518009958
0.927730194972
0.145686210262
-0.311054338918
0.939159585150
0.060896998659
-0.327983742185
0.942718526611
0.082388742578
-0.255654182691
0.963251282880
0.104144018837
-0.181062098434
0.977941992069
0.126471009328
-0.105188595280
0.986377434465
0.149200086239
-0.028811046795
0.988387200367
0.400491975999
-0.188387884121
0.896725254622
0.326246797467
-0.205763765638
0.922618176654
0.248111612905
-0.221886739781
0.942977678554
0.166685800284
-0.237694599458
0.956931095415
0.188302323685
-0.162800351686
0.968523763459
0.210325977199
-0.086748289514
0.973774983033
0.232422651836
-0.009538415749
0.972568110488
0.347688127412
-0.127139629364
0.928950203564
0.269686331857
-0.145579946092
0.951880119398
0.291229967381
-0.067544385786
0.954265613992
0.368624334314
-0.046913050432
0.928393917392
0.703254681963
-0.155032681443
-0.693828307279
0.741914100674
-0.094543708160
-0.663795868072
0.776744817168
-0.033860645872
-0.628904560060
0.814192465577
0.026209492642
-0.580003182312
0.553317622238
-0.251059633740
-0.794234643684
0.602875370667
-0.191590995966
-0.774489624015
0.647879551144
-0.131121166462
-0.750372791961
0.689165135064
-0.070345980342
-0.721181571910
0.728446004545
-0.008895860632
-0.685045459898
0.767937894415
0.052560739886
-0.638364127238
0.648611566978
0.186016455354
-0.738038558288
0.586653839594
0.209258710886
-0.782335007787
0.520636693982
0.230794930022
-0.821992173415
0.491402471321
-0.225445351974
-0.841247885259
0.542321379627
-0.166509016141
-0.823506083003
0.589405427643
-0.106313378050
-0.800811280835
0.633698464439
-0.044980304797
-0.772271343731
0.676208524117
0.016826482834
-0.736518093048
0.717885477120
0.078057467721
-0.691771258056
0.662994698318
0.103180032027
-0.741479541857
0.603271039021
0.127415364744
-0.787292435062
0.539206387250
0.149895896636
-0.828726548459
0.471396864456
0.170317513209
-0.865318982154
0.477012800405
-0.141095413791
-0.867496900546
0.526959666777
-0.081716390425
-0.845952682557
0.574328277697
-0.020273753243
-0.818374000300
0.619255773131
0.042009026049
-0.784064748075
0.557781514835
0.065550346580
-0.827395270576
0.492074030654
0.087381583785
-0.866156802878
0.422178246390
0.107736991241
-0.900087922924
0.459891682484
-0.057794018671
-0.886092259185
0.510379050433
0.003176334833
-0.859943681747
0.441782353780
0.025502106096
-0.896759719475
0.388239229910
-0.034790378268
-0.920901693960
-0.693828307279
-0.703254681963
0.155032681443
-0.663795868072
-0.741914100674
0.094543708160
-0.628904560060
-0.776744817168
0.033860645872
-0.580003182312
-0.814192465577
-0.026209492642
-0.794234643684
-0.553317622238
0.251059633740
-0.774489624015
-0.602875370667
0.191590995966
-0.750372791961
-0.647879551144
0.131121166462
-0.721181571910
-0.689165135064
0.070345980342
-0.685045459898
-0.728446004545
0.008895860632
-0.638364127238
-0.767937894415
-0.052560739886
-0.738038558288
-0.648611566978
-0.186016455354
-0.782335007787
-0.586653839594
-0.209258710886
-0.821992173415
-0.520636693982
-0.230794930022
-0.841247885259
-0.491402471321
0.225445351974
-0.823506083003
-0.542321379627
0.166509016141
-0.800811280835
-0.589405427643
0.106313378050
-0.772271343731
-0.633698464439
0.044980304797
-0.736518093048
-0.676208524117
-0.016826482834
-0.691771258056
-0.717885477120
-0.078057467721
-0.741479541857
-0.662994698318
-0.103180032027
-0.787292435062
-0.603271039021
-0.127415364744
-0.828726548459
-0.539206387250
-0.149895896636
-0.865318982154
-0.471396864456
-0.170317513209
-0.867496900546
-0.477012800405
0.141095413791
-0.845952682557
-0.526959666777
0.081716390425
-0.818374000300
-0.574328277697
0.020273753243
-0.784064748075
-0.619255773131
-0.042009026049
-0.827395270576
-0.557781514835
-0.065550346580
-0.866156802878
-0.492074030654
-0.087381583785
-0.900087922924
-0.422178246390
-0.107736991241
-0.886092259185
-0.459891682484
0.057794018671
-0.859943681747
-0.510379050433
-0.003176334833
-0.896759719475
-0.441782353780
-0.025502106096
-0.920901693960
-0.388239229910
0.034790378268
0.689655875711
-0.705833386488
0.161783817536
0.637649466123
-0.758073465761
0.136849475197
0.581873466779
-0.805811631344
0.109958553330
0.520396974751
-0.851031127791
0.070235377134
0.771213380698
-0.567545545227
0.288308819715
0.728543918740
-0.631271378165
0.265932708739
0.681471439582
-0.690462928785
0.242605896482
0.630465618203
-0.745230677777
0.217127476761
0.574821827268
-0.796567955873
0.187241444589
0.513965391813
-0.844820541065
0.148720642189
0.418960802474
-0.845812465126
0.330262198607
0.403159656816
-0.820997094190
0.404259894682
0.385164652440
-0.790610949166
0.476006846138
0.754864778395
-0.544790167416
0.365216154933
0.714048187994
-0.609970079080
0.343615610603
0.668551263708
-0.671146613580
0.320314581114
0.618349097679
-0.728827644124
0.294031730533
0.563606061649
-0.783074036585
0.262951061034
0.504574623549
-0.833579359825
0.224833049491
0.492142000499
-0.817093773549
0.300256584562
0.476986025380
-0.795050947131
0.374670953047
0.459718883600
-0.767265666242
0.447171047215
0.440539370663
-0.733925102085
0.516990335911
0.695302099718
-0.583435040002
0.419712454217
0.651925782236
-0.646874885907
0.395658509877
0.603066009222
-0.707395934233
0.368649400857
0.549406915809
-0.764282289198
0.337675322284
0.533030258150
-0.739709097613
0.410742248624
0.514444453124
-0.709444217065
0.481700952380
0.493343157415
-0.673560336220
0.550389864099
0.631916818330
-0.616980744038
0.469058521081
0.585117932171
-0.680230704655
0.441501068965
0.564266477647
-0.647274478259
0.512483260212
0.608569374165
-0.581271219329
0.540154687482
-0.161783817536
-0.689655875711
-0.705833386488
-0.136849475197
-0.637649466123
-0.758073465761
-0.109958553330
-0.581873466779
-0.805811631344
-0.070235377134
-0.520396974751
-0.851031127791
-0.288308819715
-0.771213380698
-0.567545545227
-0.265932708739
-0.728543918740
-0.631271378165
-0.242605896482
-0.681471439582
-0.690462928785
-0.217127476761
-0.630465618203
-0.745230677777
-0.187241444589
-0.574821827268
-0.796567955873
-0.148720642189
-0.513965391813
-0.844820541065
-0.330262198607
-0.418960802474
-0.845812465126
-0.404259894682
-0.403159656816
-0.820997094190
-0.476006846138
-0.385164652440
-0.790610949166
-0.365216154933
-0.754864778395
-0.544790167416
-0.343615610603
-0.714048187994
-0.609970079080
-0.320314581114
-0.668551263708
-0.671146613580
-0.294031730533
-0.618349097679
-0.728827644124
-0.262951061034
-0.563606061649
-0.783074036585
-0.224833049491
-0.504574623549
-0.833579359825
-0.300256584562
-0.492142000499
-0.817093773549
-0.374670953047
-0.476986025380
-0.795050947131
-0.447171047215
-0.459718883600
-0.767265666242
-0.516990335911
-0.440539370663
-0.733925102085
-0.419712454217
-0.695302099718
-0.583435040002
-0.395658509877
-0.651925782236
-0.646874885907
-0.368649400857
-0.603066009222
-0.707395934233
-0.337675322284
-0.549406915809
-0.764282289198
-0.410742248624
-0.533030258150
-0.739709097613
-0.481700952380
-0.514444453124
-0.709444217065
-0.550389864099
-0.493343157415
-0.673560336220
-0.469058521081
-0.631916818330
-0.616980744038
-0.441501068965
-0.585117932171
-0.680230704655
-0.512483260212
-0.564266477647
-0.647274478259
-0.540154687482
-0.608569374165
-0.581271219329
0.161783817536
0.689655875711
-0.705833386488
0.136849475197
0.637649466123
-0.758073465761
0.109958553330
0.581873466779
-0.805811631344
0.070235377134
0.520396974751
-0.851031127791
0.288308819715
0.771213380698
-0.567545545227
0.265932708739
0.728543918740
-0.631271378165
0.242605896482
0.681471439582
-0.690462928785
0.217127476761
0.630465618203
-0.745230677777
0.187241444589
0.574821827268
-0.796567955873
0.148720642189
0.513965391813
-0.844820541065
0.330262198607
0.418960802474
-0.845812465126
0.404259894682
0.403159656816
-0.820997094190
0.476006846138
0.385164652440
-0.790610949166
0.365216154933
0.754864778395
-0.544790167416
0.343615610603
0.714048187994
-0.609970079080
0.320314581114
0.668551263708
-0.671146613580
0.294031730533
0.618349097679
-0.728827644124
0.262951061034
0.563606061649
-0.783074036585
0.224833049491
0.504574623549
-0.833579359825
0.300256584562
0.492142000499
-0.817093773549
0.374670953047
0.476986025380
-0.795050947131
0.447171047215
0.459718883600
-0.767265666242
0.516990335911
0.440539370663
-0.733925102085
0.419712454217
0.695302099718
-0.583435040002
0.395658509877
0.651925782236
-0.646874885907
0.368649400857
0.603066009222
-0.707395934233
0.337675322284
0.549406915809
-0.764282289198
0.410742248624
0.533030258150
-0.739709097613
0.481700952380
0.514444453124
-0.709444217065
0.550389864099
0.493343157415
-0.673560336220
0.469058521081
0.631916818330
-0.616980744038
0.441501068965
0.585117932171
-0.680230704655
0.512483260212
0.564266477647
-0.647274478259
0.540154687482
0.608569374165
-0.581271219329
-0.705833386488
-0.161783817536
-0.689655875711
-0.758073465761
-0.136849475197
-0.637649466123
-0.805811631344
-0.109958553330
-0.581873466779
-0.851031127791
-0.070235377134
-0.520396974751
-0.567545545227
-0.288308819715
-0.771213380698
-0.631271378165
-0.265932708739
-0.728543918740
-0.690462928785
-0.242605896482
-0.681471439582
-0.745230677777
-0.217127476761
-0.630465618203
-0.796567955873
-0.187241444589
-0.574821827268
-0.844820541065
-0.148720642189
-0.513965391813
-0.845812465126
-0.330262198607
-0.418960802474
-0.820997094190
-0.404259894682
-0.403159656816
-0.790610949166
-0.476006846138
-0.385164652440
-0.544790167416
-0.365216154933
-0.754864778395
-0.609970079080
-0.343615610603
-0.714048187994
-0.671146613580
-0.320314581114
-0.668551263708
-0.728827644124
-0.294031730533
-0.618349097679
-0.783074036585
-0.262951061034
-0.563606061649
-0.833579359825
-0.224833049491
-0.504574623549
-0.817093773549
-0.300256584562
-0.492142000499
-0.795050947131
-0.374670953047
-0.476986025380
-0.767265666242
-0.447171047215
-0.459718883600
-0.733925102085
-0.516990335911
-0.440539370663
-0.583435040002
-0.419712454217
-0.695302099718
-0.646874885907
-0.395658509877
-0.651925782236
-0.707395934233
-0.368649400857
-0.603066009222
-0.764282289198
-0.337675322284
-0.549406915809
-0.739709097613
-0.410742248624
-0.533030258150
-0.709444217065
-0.481700952380
-0.514444453124
-0.673560336220
-0.550389864099
-0.493343157415
-0.616980744038
-0.469058521081
-0.631916818330
-0.680230704655
-0.441501068965
-0.585117932171
-0.647274478259
-0.512483260212
-0.564266477647
-0.581271219329
-0.540154687482
-0.608569374165
-0.693828307279
0.703254681963
-0.155032681443
-0.663795868072
0.741914100674
-0.094543708160
-0.628904560060
0.776744817168
-0.033860645872
-0.580003182312
0.814192465577
0.026209492642
-0.794234643684
0.553317622238
-0.251059633740
-0.774489624015
0.602875370667
-0.191590995966
-0.750372791961
0.647879551144
-0.131121166462
-0.721181571910
0.689165135064
-0.070345980342
-0.685045459898
0.728446004545
-0.008895860632
-0.638364127238
0.767937894415
0.052560739886
-0.738038558288
0.648611566978
0.186016455354
-0.782335007787
0.586653839594
0.209258710886
-0.821992173415
0.520636693982
0.230794930022
-0.841247885259
0.491402471321
-0.225445351974
-0.823506083003
0.542321379627
-0.166509016141
-0.800811280835
0.589405427643
-0.106313378050
-0.772271343731
0.633698464439
-0.044980304797
-0.736518093048
0.676208524117
0.016826482834
-0.691771258056
0.717885477120
0.078057467721
-0.741479541857
0.662994698318
0.103180032027
-0.787292435062
0.603271039021
0.127415364744
-0.828726548459
0.539206387250
0.149895896636
-0.865318982154
0.471396864456
0.170317513209
-0.867496900546
0.477012800405
-0.141095413791
-0.845952682557
0.526959666777
-0.081716390425
-0.818374000300
0.574328277697
-0.020273753243
-0.784064748075
0.619255773131
0.042009026049
-0.827395270576
0.557781514835
0.065550346580
-0.866156802878
0.492074030654
0.087381583785
-0.900087922924
0.422178246390
0.107736991241
-0.886092259185
0.459891682484
-0.057794018671
-0.859943681747
0.510379050433
0.003176334833
-0.896759719475
0.441782353780
0.025502106096
-0.920901693960
0.388239229910
-0.034790378268
-0.155032681443
0.693828307279
-0.703254681963
-0.094543708160
0.663795868072
-0.741914100674
-0.033860645872
0.628904560060
-0.776744817168
0.026209492642
0.580003182312
-0.814192465577
-0.251059633740
0.794234643684
-0.553317622238
-0.191590995966
0.774489624015
-0.602875370667
-0.131121166462
0.750372791961
-0.647879551144
-0.070345980342
0.721181571910
-0.689165135064
-0.008895860632
0.685045459898
-0.728446004545
0.052560739886
0.638364127238
-0.767937894415
0.186016455354
0.738038558288
-0.648611566978
0.209258710886
0.782335007787
-0.586653839594
0.230794930022
0.821992173415
-0.520636693982
-0.225445351974
0.841247885259
-0.491402471321
-0.166509016141
0.823506083003
-0.542321379627
-0.106313378050
0.800811280835
-0.589405427643
-0.044980304797
0.772271343731
-0.633698464439
0.016826482834
0.736518093048
-0.676208524117
0.078057467721
0.691771258056
-0.717885477120
0.103180032027
0.741479541857
-0.662994698318
0.127415364744
0.787292435062
-0.603271039021
0.149895896636
0.828726548459
-0.539206387250
0.170317513209
0.865318982154
-0.471396864456
-0.141095413791
0.867496900546
-0.477012800405
-0.081716390425
0.845952682557
-0.526959666777
-0.020273753243
0.818374000300
-0.574328277697
0.042009026049
0.784064748075
-0.619255773131
0.065550346580
0.827395270576
-0.557781514835
0.087381583785
0.866156802878
-0.492074030654
0.107736991241
0.900087922924
-0.422178246390
-0.057794018671
0.886092259185
-0.459891682484
0.003176334833
0.859943681747
-0.510379050433
0.025502106096
0.896759719475
-0.441782353780
-0.034790378268
0.920901693960
-0.388239229910
0.257599284035
-0.438807727769
-0.860866067931
0.195280700262
-0.484674532898
-0.852617173921
0.130885583360
-0.527085790876
-0.839672277216
0.054037019853
-0.562804824673
-0.824821635149
0.443472206570
-0.364990360104
-0.818605178967
0.384342456185
-0.418543175329
-0.822862374131
0.323643234000
-0.469312935602
-0.821584095247
0.260603683585
-0.516643431038
-0.815576658119
0.192739388819
-0.560428022407
-0.805463816505
0.116236318466
-0.599010455422
-0.792259801179
0.215297706732
-0.719941749703
-0.659796009772
0.274930898912
-0.741747363470
-0.611738383304
0.333367734953
-0.758598693646
-0.559816019144
0.504549045059
-0.390086536296
-0.770235519391
0.446523842011
-0.444630940445
-0.776479095221
0.386019862208
-0.496532604564
-0.777459991630
0.321831087722
-0.545569435693
-0.773807948921
0.252551722731
-0.590831882786
-0.766247553751
0.176590881364
-0.630874259397
-0.755521892104
0.236487817808
-0.659090799280
-0.713913741522
0.295923926947
-0.683148416225
-0.667635582387
0.354530288320
-0.702255539130
-0.617369769607
0.411728323869
-0.716118895914
-0.563607588876
0.506914215597
-0.467004924547
-0.724530453794
0.446162016598
-0.519705885090
-0.728591276333
0.381179269441
-0.570262387395
-0.727669687476
0.311712316351
-0.617378947791
-0.722273263149
0.370229906463
-0.639092946891
-0.674158751033
0.427696163610
-0.655830825679
-0.622062633280
0.483804741666
-0.667665271088
-0.565823344979
0.504777188966
-0.538404131774
-0.674774762709
0.439537986078
-0.590257349890
-0.677054369822
0.496722091861
-0.605529752094
-0.621772372164
0.561656323733
-0.552277359646
-0.616061597597
-0.865038499499
-0.255020579510
-0.432056591676
-0.878763575870
-0.179121335174
-0.442368765861
-0.886703370497
-0.101818769184
-0.450987883419
-0.884427842711
-0.017198357640
-0.466359954897
-0.841626441953
-0.429244283580
-0.327741174128
-0.868808079407
-0.355946448687
-0.344201462555
-0.890485447626
-0.281059856359
-0.357828205582
-0.906292611825
-0.204538140872
-0.369861934618
-0.915687449134
-0.124617437491
-0.382082438449
-0.916658536604
-0.039353671816
-0.397729073347
-0.978873765586
-0.018096808585
-0.203663095742
-0.990913734275
-0.040587644316
-0.128228757903
-0.996643540119
-0.063393479769
-0.051796917487
-0.856618626254
-0.451161348963
-0.250315733336
-0.885936990230
-0.378875142558
-0.267524345982
-0.909720008757
-0.304278676271
-0.282531401500
-0.927730194972
-0.226701908037
-0.296518009958
-0.939159585150
-0.145686210262
-0.311054338918
-0.942718526611
-0.060896998659
-0.327983742185
-0.963251282880
-0.082388742578
-0.255654182691
-0.977941992069
-0.104144018837
-0.181062098434
-0.986377434465
-0.126471009328
-0.105188595280
-0.988387200367
-0.149200086239
-0.028811046795
-0.896725254622
-0.400491975999
-0.188387884121
-0.922618176654
-0.326246797467
-0.205763765638
-0.942977678554
-0.248111612905
-0.221886739781
-0.956931095415
-0.166685800284
-0.237694599458
-0.968523763459
-0.188302323685
-0.162800351686
-0.973774983033
-0.210325977199
-0.086748289514
-0.972568110488
-0.232422651836
-0.009538415749
-0.928950203564
-0.347688127412
-0.127139629364
-0.951880119398
-0.269686331857
-0.145579946092
-0.954265613992
-0.291229967381
-0.067544385786
-0.928393917392
-0.368624334314
-0.046913050432
-0.257599284035
0.438807727769
-0.860866067931
-0.195280700262
0.484674532898
-0.852617173921
-0.130885583360
0.527085790876
-0.839672277216
-0.054037019853
0.562804824673
-0.824821635149
-0.443472206570
0.364990360104
-0.818605178967
-0.384342456185
0.418543175329
-0.822862374131
-0.323643234000
0.469312935602
-0.821584095247
-0.260603683585
0.516643431038
-0.815576658119
-0.192739388819
0.560428022407
-0.805463816505
-0.116236318466
0.599010455422
-0.792259801179
-0.215297706732
0.719941749703
-0.659796009772
-0.274930898912
0.741747363470
-0.611738383304
-0.333367734953
0.758598693646
-0.559816019144
-0.504549045059
0.390086536296
-0.770235519391
-0.446523842011
0.444630940445
-0.776479095221
-0.386019862208
0.496532604564
-0.777459991630
-0.321831087722
0.545569435693
-0.773807948921
-0.252551722731
0.590831882786
-0.766247553751
-0.176590881364
0.630874259397
-0.755521892104
-0.236487817808
0.659090799280
-0.713913741522
-0.295923926947
0.683148416225
-0.667635582387
-0.354530288320
0.702255539130
-0.617369769607
-0.411728323869
0.716118895914
-0.563607588876
-0.506914215597
0.467004924547
-0.724530453794
-0.446162016598
0.519705885090
-0.728591276333
-0.381179269441
0.570262387395
-0.727669687476
-0.311712316351
0.617378947791
-0.722273263149
-0.370229906463
0.639092946891
-0.674158751033
-0.427696163610
0.655830825679
-0.622062633280
-0.483804741666
0.667665271088
-0.565823344979
-0.504777188966
0.538404131774
-0.674774762709
-0.439537986078
0.590257349890
-0.677054369822
-0.496722091861
0.605529752094
-0.621772372164
-0.561656323733
0.552277359646
-0.616061597597
0.865038499499
0.255020579510
-0.432056591676
0.878763575870
0.179121335174
-0.442368765861
0.886703370497
0.101818769184
-0.450987883419
0.884427842711
0.017198357640
-0.466359954897
0.841626441953
0.429244283580
-0.327741174128
0.868808079407
0.355946448687
-0.344201462555
0.890485447626
0.281059856359
-0.357828205582
0.906292611825
0.204538140872
-0.369861934618
0.915687449134
0.124617437491
-0.382082438449
0.916658536604
0.039353671816
-0.397729073347
0.978873765586
0.018096808585
-0.203663095742
0.990913734275
0.040587644316
-0.128228757903
0.996643540119
0.063393479769
-0.051796917487
0.856618626254
0.451161348963
-0.250315733336
0.885936990230
0.378875142558
-0.267524345982
0.909720008757
0.304278676271
-0.282531401500
0.927730194972
0.226701908037
-0.296518009958
0.939159585150
0.145686210262
-0.311054338918
0.942718526611
0.060896998659
-0.327983742185
0.963251282880
0.082388742578
-0.255654182691
0.977941992069
0.104144018837
-0.181062098434
0.986377434465
0.126471009328
-0.105188595280
0.988387200367
0.149200086239
-0.028811046795
0.896725254622
0.400491975999
-0.188387884121
0.922618176654
0.326246797467
-0.205763765638
0.942977678554
0.248111612905
-0.221886739781
0.956931095415
0.166685800284
-0.237694599458
0.968523763459
0.188302323685
-0.162800351686
0.973774983033
0.210325977199
-0.086748289514
0.972568110488
0.232422651836
-0.009538415749
0.928950203564
0.347688127412
-0.127139629364
0.951880119398
0.269686331857
-0.145579946092
0.954265613992
0.291229967381
-0.067544385786
0.928393917392
0.368624334314
-0.046913050432
0.155032681443
-0.693828307279
-0.703254681963
0.094543708160
-0.663795868072
-0.741914100674
0.033860645872
-0.628904560060
-0.776744817168
-0.026209492642
-0.580003182312
-0.814192465577
0.251059633740
-0.794234643684
-0.553317622238
0.191590995966
-0.774489624015
-0.602875370667
0.131121166462
-0.750372791961
-0.647879551144
0.070345980342
-0.721181571910
-0.689165135064
0.008895860632
-0.685045459898
-0.728446004545
-0.052560739886
-0.638364127238
-0.767937894415
-0.186016455354
-0.738038558288
-0.648611566978
-0.209258710886
-0.782335007787
-0.586653839594
-0.230794930022
-0.821992173415
-0.520636693982
0.225445351974
-0.841247885259
-0.491402471321
0.166509016141
-0.823506083003
-0.542321379627
0.106313378050
-0.800811280835
-0.589405427643
0.044980304797
-0.772271343731
-0.633698464439
-0.016826482834
-0.736518093048
-0.676208524117
-0.078057467721
-0.691771258056
-0.717885477120
-0.103180032027
-0.741479541857
-0.662994698318
-0.127415364744
-0.787292435062
-0.603271039021
-0.149895896636
-0.828726548459
-0.539206387250
-0.170317513209
-0.865318982154
-0.471396864456
0.141095413791
-0.867496900546
-0.477012800405
0.081716390425
-0.845952682557
-0.526959666777
0.020273753243
-0.818374000300
-0.574328277697
-0.042009026049
-0.784064748075
-0.619255773131
-0.065550346580
-0.827395270576
-0.557781514835
-0.087381583785
-0.866156802878
-0.492074030654
-0.107736991241
-0.900087922924
-0.422178246390
0.057794018671
-0.886092259185
-0.459891682484
-0.003176334833
-0.859943681747
-0.510379050433
-0.025502106096
-0.896759719475
-0.441782353780
0.034790378268
-0.920901693960
-0.388239229910
0.705833386488
0.161783817536
-0.689655875711
0.758073465761
0.136849475197
-0.637649466123
0.805811631344
0.109958553330
-0.581873466779
0.851031127791
0.070235377134
-0.520396974751
0.567545545227
0.288308819715
-0.771213380698
0.631271378165
0.265932708739
-0.728543918740
0.690462928785
0.242605896482
-0.681471439582
0.745230677777
0.217127476761
-0.630465618203
0.796567955873
0.187241444589
-0.574821827268
0.844820541065
0.148720642189
-0.513965391813
0.845812465126
0.330262198607
-0.418960802474
0.820997094190
0.404259894682
-0.403159656816
0.790610949166
0.476006846138
-0.385164652440
0.544790167416
0.365216154933
-0.754864778395
0.609970079080
0.343615610603
-0.714048187994
0.671146613580
0.320314581114
-0.668551263708
0.728827644124
0.294031730533
-0.618349097679
0.783074036585
0.262951061034
-0.563606061649
0.833579359825
0.224833049491
-0.504574623549
0.817093773549
0.300256584562
-0.492142000499
0.795050947131
0.374670953047
-0.476986025380
0.767265666242
0.447171047215
-0.459718883600
0.733925102085
0.516990335911
-0.440539370663
0.583435040002
0.419712454217
-0.695302099718
0.646874885907
0.395658509877
-0.651925782236
0.707395934233
0.368649400857
-0.603066009222
0.764282289198
0.337675322284
-0.549406915809
0.739709097613
0.410742248624
-0.533030258150
0.709444217065
0.481700952380
-0.514444453124
0.673560336220
0.550389864099
-0.493343157415
0.616980744038
0.469058521081
-0.631916818330
0.680230704655
0.441501068965
-0.585117932171
0.647274478259
0.512483260212
-0.564266477647
0.581271219329
0.540154687482
-0.608569374165
-0.960853965998
0.004172431568
-0.277023910233
-0.937194800935
0.026146401949
-0.347825057701
-0.907630400527
0.047031093281
-0.417127237547
-0.868229485431
0.059606207562
-0.492569447539
-0.996789828808
0.023021262986
-0.076681540388
-0.987217826852
0.045945705276
-0.152610466589
-0.971522785144
0.068901352379
-0.226707039120
-0.949768818649
0.090715953707
-0.299515954276
-0.921185393364
0.110223632629
-0.373186577818
-0.884174212881
0.124398735425
-0.450289813233
-0.863909273710
0.319077755814
-0.389679551096
-0.861584738506
0.379175350971
-0.337487468789
-0.854004428935
0.436827520975
-0.282591847509
-0.995951516380
0.086383106864
-0.024870381362
-0.988845221638
0.109457895010
-0.101015329842
-0.975425289851
0.132260017127
-0.176218023450
-0.955529552161
0.153922246051
-0.251537705161
-0.928760246848
0.172912031400
-0.327880821752
-0.894476358484
0.187196634507
-0.406041209906
-0.899482516127
0.249337541358
-0.358834214718
-0.899194965968
0.310306409681
-0.308477463177
-0.893736675571
0.369007664859
-0.255084491915
-0.883125188324
0.424779611491
-0.199128560003
-0.983927016002
0.172194800828
-0.047292470330
-0.973121683375
0.194026900321
-0.124047375213
-0.955507547138
0.215307991078
-0.201612986538
-0.930968089482
0.234657832266
-0.279703625507
-0.928011421299
0.294365012426
-0.228350698267
-0.919770194263
0.351712349754
-0.174129873299
-0.905982988056
0.406744765509
-0.117275406990
-0.964668871449
0.254175440856
-0.069345610693
-0.949917036512
0.274825749576
-0.148756280925
-0.938504445640
0.332493241828
-0.093046491882
-0.949895553643
0.312332319795
-0.012122672164
0.004172431568
-0.277023910233
-0.960853965998
0.026146401949
-0.347825057701
-0.937194800935
0.047031093281
-0.417127237547
-0.907630400527
0.059606207562
-0.492569447539
-0.868229485431
0.023021262986
-0.076681540388
-0.996789828808
0.045945705276
-0.152610466589
-0.987217826852
0.068901352379
-0.226707039120
-0.971522785144
0.090715953707
-0.299515954276
-0.949768818649
0.110223632629
-0.373186577818
-0.921185393364
0.124398735425
-0.450289813233
-0.884174212881
0.319077755814
-0.389679551096
-0.863909273710
0.379175350971
-0.337487468789
-0.861584738506
0.436827520975
-0.282591847509
-0.854004428935
0.086383106864
-0.024870381362
-0.995951516380
0.109457895010
-0.101015329842
-0.988845221638
0.132260017127
-0.176218023450
-0.975425289851
0.153922246051
-0.251537705161
-0.955529552161
0.172912031400
-0.327880821752
-0.928760246848
0.187196634507
-0.406041209906
-0.894476358484
0.249337541358
-0.358834214718
-0.899482516127
0.310306409681
-0.308477463177
-0.899194965968
0.369007664859
-0.255084491915
-0.893736675571
0.424779611491
-0.199128560003
-0.883125188324
0.172194800828
-0.047292470330
-0.983927016002
0.194026900321
-0.124047375213
-0.973121683375
0.215307991078
-0.201612986538
-0.955507547138
0.234657832266
-0.279703625507
-0.930968089482
0.294365012426
-0.228350698267
-0.928011421299
0.351712349754
-0.174129873299
-0.919770194263
0.406744765509
-0.117275406990
-0.905982988056
0.254175440856
-0.069345610693
-0.964668871449
0.274825749576
-0.148756280925
-0.949917036512
0.332493241828
-0.093046491882
-0.938504445640
0.312332319795
-0.012122672164
-0.949895553643
0.438807727769
-0.860866067931
-0.257599284035
0.484674532898
-0.852617173921
-0.195280700262
0.527085790876
-0.839672277216
-0.130885583360
0.562804824673
-0.824821635149
-0.054037019853
0.364990360104
-0.818605178967
-0.443472206570
0.418543175329
-0.822862374131
-0.384342456185
0.469312935602
-0.821584095247
-0.323643234000
0.516643431038
-0.815576658119
-0.260603683585
0.560428022407
-0.805463816505
-0.192739388819
0.599010455422
-0.792259801179
-0.116236318466
0.719941749703
-0.659796009772
-0.215297706732
0.741747363470
-0.611738383304
-0.274930898912
0.758598693646
-0.559816019144
-0.333367734953
0.390086536296
-0.770235519391
-0.504549045059
0.444630940445
-0.776479095221
-0.446523842011
0.496532604564
-0.777459991630
-0.386019862208
0.545569435693
-0.773807948921
-0.321831087722
0.590831882786
-0.766247553751
-0.252551722731
0.630874259397
-0.755521892104
-0.176590881364
0.659090799280
-0.713913741522
-0.236487817808
0.683148416225
-0.667635582387
-0.295923926947
0.702255539130
-0.617369769607
-0.354530288320
0.716118895914
-0.563607588876
-0.411728323869
0.467004924547
-0.724530453794
-0.506914215597
0.519705885090
-0.728591276333
-0.446162016598
0.570262387395
-0.727669687476
-0.381179269441
0.617378947791
-0.722273263149
-0.311712316351
0.639092946891
-0.674158751033
-0.370229906463
0.655830825679
-0.622062633280
-0.427696163610
0.667665271088
-0.565823344979
-0.483804741666
0.538404131774
-0.674774762709
-0.504777188966
0.590257349890
-0.677054369822
-0.439537986078
0.605529752094
-0.621772372164
-0.496722091861
0.552277359646
-0.616061597597
-0.561656323733
-0.438807727769
-0.860866067931
0.257599284035
-0.484674532898
-0.852617173921
0.195280700262
-0.527085790876
-0.839672277216
0.130885583360
-0.562804824673
-0.824821635149
0.054037019853
-0.364990360104
-0.818605178967
0.443472206570
-0.418543175329
-0.822862374131
0.384342456185
-0.469312935602
-0.821584095247
0.323643234000
-0.516643431038
-0.815576658119
0.260603683585
-0.560428022407
-0.805463816505
0.192739388819
-0.599010455422
-0.792259801179
0.116236318466
-0.719941749703
-0.659796009772
0.215297706732
-0.741747363470
-0.611738383304
0.274930898912
-0.758598693646
-0.559816019144
0.333367734953
-0.390086536296
-0.770235519391
0.504549045059
-0.444630940445
-0.776479095221
0.446523842011
-0.496532604564
-0.777459991630
0.386019862208
-0.545569435693
-0.773807948921
0.321831087722
-0.590831882786
-0.766247553751
0.252551722731
-0.630874259397
-0.755521892104
0.176590881364
-0.659090799280
-0.713913741522
0.236487817808
-0.683148416225
-0.667635582387
0.295923926947
-0.702255539130
-0.617369769607
0.354530288320
-0.716118895914
-0.563607588876
0.411728323869
-0.467004924547
-0.724530453794
0.506914215597
-0.519705885090
-0.728591276333
0.446162016598
-0.570262387395
-0.727669687476
0.381179269441
-0.617378947791
-0.722273263149
0.311712316351
-0.639092946891
-0.674158751033
0.370229906463
-0.655830825679
-0.622062633280
0.427696163610
-0.667665271088
-0.565823344979
0.483804741666
-0.538404131774
-0.674774762709
0.504777188966
-0.590257349890
-0.677054369822
0.439537986078
-0.605529752094
-0.621772372164
0.496722091861
-0.552277359646
-0.616061597597
0.561656323733
-0.277023910233
-0.960853965998
0.004172431568
-0.347825057701
-0.937194800935
0.026146401949
-0.417127237547
-0.907630400527
0.047031093281
-0.492569447539
-0.868229485431
0.059606207562
-0.076681540388
-0.996789828808
0.023021262986
-0.152610466589
-0.987217826852
0.045945705276
-0.226707039120
-0.971522785144
0.068901352379
-0.299515954276
-0.949768818649
0.090715953707
-0.373186577818
-0.921185393364
0.110223632629
-0.450289813233
-0.884174212881
0.124398735425
-0.389679551096
-0.863909273710
0.319077755814
-0.337487468789
-0.861584738506
0.379175350971
-0.282591847509
-0.854004428935
0.436827520975
-0.024870381362
-0.995951516380
0.086383106864
-0.101015329842
-0.988845221638
0.109457895010
-0.176218023450
-0.975425289851
0.132260017127
-0.251537705161
-0.955529552161
0.153922246051
-0.327880821752
-0.928760246848
0.172912031400
-0.406041209906
-0.894476358484
0.187196634507
-0.358834214718
-0.899482516127
0.249337541358
-0.308477463177
-0.899194965968
0.310306409681
-0.255084491915
-0.893736675571
0.369007664859
-0.199128560003
-0.883125188324
0.424779611491
-0.047292470330
-0.983927016002
0.172194800828
-0.124047375213
-0.973121683375
0.194026900321
-0.201612986538
-0.955507547138
0.215307991078
-0.279703625507
-0.930968089482
0.234657832266
-0.228350698267
-0.928011421299
0.294365012426
-0.174129873299
-0.919770194263
0.351712349754
-0.117275406990
-0.905982988056
0.406744765509
-0.069345610693
-0.964668871449
0.254175440856
-0.148756280925
-0.949917036512
0.274825749576
-0.093046491882
-0.938504445640
0.332493241828
-0.012122672164
-0.949895553643
0.312332319795
0.277023910233
0.960853965998
0.004172431568
0.347825057701
0.937194800935
0.026146401949
0.417127237547
0.907630400527
0.047031093281
0.492569447539
0.868229485431
0.059606207562
0.076681540388
0.996789828808
0.023021262986
0.152610466589
0.987217826852
0.045945705276
0.226707039120
0.971522785144
0.068901352379
0.299515954276
0.949768818649
0.090715953707
0.373186577818
0.921185393364
0.110223632629
0.450289813233
0.884174212881
0.124398735425
0.389679551096
0.863909273710
0.319077755814
0.337487468789
0.861584738506
0.379175350971
0.282591847509
0.854004428935
0.436827520975
0.024870381362
0.995951516380
0.086383106864
0.101015329842
0.988845221638
0.109457895010
0.176218023450
0.975425289851
0.132260017127
0.251537705161
0.955529552161
0.153922246051
0.327880821752
0.928760246848
0.172912031400
0.406041209906
0.894476358484
0.187196634507
0.358834214718
0.899482516127
0.249337541358
0.308477463177
0.899194965968
0.310306409681
0.255084491915
0.893736675571
0.369007664859
0.199128560003
0.883125188324
0.424779611491
0.047292470330
0.983927016002
0.172194800828
0.124047375213
0.973121683375
0.194026900321
0.201612986538
0.955507547138
0.215307991078
0.279703625507
0.930968089482
0.234657832266
0.228350698267
0.928011421299
0.294365012426
0.174129873299
0.919770194263
0.351712349754
0.117275406990
0.905982988056
0.406744765509
0.069345610693
0.964668871449
0.254175440856
0.148756280925
0.949917036512
0.274825749576
0.093046491882
0.938504445640
0.332493241828
0.012122672164
0.949895553643
0.312332319795
-0.255020579510
-0.432056591676
-0.865038499499
-0.179121335174
-0.442368765861
-0.878763575870
-0.101818769184
-0.450987883419
-0.886703370497
-0.017198357640
-0.466359954897
-0.884427842711
-0.429244283580
-0.327741174128
-0.841626441953
-0.355946448687
-0.344201462555
-0.868808079407
-0.281059856359
-0.357828205582
-0.890485447626
-0.204538140872
-0.369861934618
-0.906292611825
-0.124617437491
-0.382082438449
-0.915687449134
-0.039353671816
-0.397729073347
-0.916658536604
-0.018096808585
-0.203663095742
-0.978873765586
-0.040587644316
-0.128228757903
-0.990913734275
-0.063393479769
-0.051796917487
-0.996643540119
-0.451161348963
-0.250315733336
-0.856618626254
-0.378875142558
-0.267524345982
-0.885936990230
-0.304278676271
-0.282531401500
-0.909720008757
-0.226701908037
-0.296518009958
-0.927730194972
-0.145686210262
-0.311054338918
-0.939159585150
-0.060896998659
-0.327983742185
-0.942718526611
-0.082388742578
-0.255654182691
-0.963251282880
-0.104144018837
-0.181062098434
-0.977941992069
-0.126471009328
-0.105188595280
-0.986377434465
-0.149200086239
-0.028811046795
-0.988387200367
-0.400491975999
-0.188387884121
-0.896725254622
-0.326246797467
-0.205763765638
-0.922618176654
-0.248111612905
-0.221886739781
-0.942977678554
-0.166685800284
-0.237694599458
-0.956931095415
-0.188302323685
-0.162800351686
-0.968523763459
-0.210325977199
-0.086748289514
-0.973774983033
-0.232422651836
-0.009538415749
-0.972568110488
-0.347688127412
-0.127139629364
-0.928950203564
-0.269686331857
-0.145579946092
-0.951880119398
-0.291229967381
-0.067544385786
-0.954265613992
-0.368624334314
-0.046913050432
-0.928393917392
0.693828307279
-0.703254681963
-0.155032681443
0.663795868072
-0.741914100674
-0.094543708160
0.628904560060
-0.776744817168
-0.033860645872
0.580003182312
-0.814192465577
0.026209492642
0.794234643684
-0.553317622238
-0.251059633740
0.774489624015
-0.602875370667
-0.191590995966
0.750372791961
-0.647879551144
-0.131121166462
0.721181571910
-0.689165135064
-0.070345980342
0.685045459898
-0.728446004545
-0.008895860632
0.638364127238
-0.767937894415
0.052560739886
0.738038558288
-0.648611566978
0.186016455354
0.782335007787
-0.586653839594
0.209258710886
0.821992173415
-0.520636693982
0.230794930022
0.841247885259
-0.491402471321
-0.225445351974
0.823506083003
-0.542321379627
-0.166509016141
0.800811280835
-0.589405427643
-0.106313378050
0.772271343731
-0.633698464439
-0.044980304797
0.736518093048
-0.676208524117
0.016826482834
0.691771258056
-0.717885477120
0.078057467721
0.741479541857
-0.662994698318
0.103180032027
0.787292435062
-0.603271039021
0.127415364744
0.828726548459
-0.539206387250
0.149895896636
0.865318982154
-0.471396864456
0.170317513209
0.867496900546
-0.477012800405
-0.141095413791
0.845952682557
-0.526959666777
-0.081716390425
0.818374000300
-0.574328277697
-0.020273753243
0.784064748075
-0.619255773131
0.042009026049
0.827395270576
-0.557781514835
0.065550346580
0.866156802878
-0.492074030654
0.087381583785
0.900087922924
-0.422178246390
0.107736991241
0.886092259185
-0.459891682484
-0.057794018671
0.859943681747
-0.510379050433
0.003176334833
0.896759719475
-0.441782353780
0.025502106096
0.920901693960
-0.388239229910
-0.034790378268
