0.334499172401
0.823936318513
0.457426766487
0.751566348132
0.618978582788
0.228064768005
0.703583513852
0.689625796396
0.171424910617
0.465229808819
0.866013762541
0.183252252581
0.500014806166
0.861799305305
0.085364811196
0.563151605893
0.809952895157
0.163818730330
0.621509861201
0.750644373242
0.224184114848
0.673261575866
0.683794813696
0.281324551406
0.717754759360
0.609562591650
0.336543536972
0.389554222114
0.754075439181
0.528788937154
0.439619845711
0.781459421851
0.442781620280
0.485814631451
0.799643396400
0.352922912918
0.527319002431
0.808857525233
0.260161821851
0.583899868187
0.743990505114
0.324867776536
0.633339506574
0.672136183362
0.383554455622
0.674688453786
0.593521063682
0.438780397573
0.491068627220
0.707004357129
0.508916930708
0.539834151510
0.729925670661
0.419270323507
0.586564721074
0.652899505105
0.479232787093
0.624535345938
0.569109744858
0.534854840103
0.525731112119
0.850650808352
0.000000000000
0.000000000000
0.525731112119
-0.850650808352
-0.525731112119
0.850650808352
0.000000000000
0.000000000000
0.525731112119
0.850650808352
0.850650808352
-0.000000000000
0.525731112119
-0.850650808352
-0.000000000000
0.525731112119
-0.000000000000
-0.525731112119
0.850650808352
-0.850650808352
-0.000000000000
-0.525731112119
-0.525731112119
-0.850650808352
0.000000000000
0.850650808352
-0.000000000000
-0.525731112119
0.525731112119
-0.850650808352
0.000000000000
0.000000000000
-0.525731112119
-0.850650808352
0.457426766273
0.334499171840
-0.823936318859
0.000000000304
0.154485034654
-0.987995128565
-0.000000000132
0.254787270993
-0.966997128507
0.183252252174
0.465229807753
-0.866013763200
0.085364810976
0.500014805590
-0.861799305661
0.101245543134
0.399332875030
-0.911198438824
0.102575696244
0.303134887978
-0.947410927861
0.102269773187
0.204490080640
-0.973511530703
0.101757261032
0.103076308858
-0.989454766212
0.466044251286
0.225286501897
-0.855598473530
0.379892174515
0.274973139162
-0.883216682633
0.289716717456
0.320338663434
-0.901913168956
0.196766555275
0.361348039808
-0.911433221280
0.200779327783
0.259032091740
-0.944769832808
0.201333822773
0.156279696323
-0.966975360764
0.201044666739
0.052288230123
-0.978185556511
0.384664493508
0.165771523446
-0.908049023703
0.294839178064
0.214069183481
-0.931259493247
0.296182151180
0.107331934590
-0.949081655676
0.296303565024
-0.000000000280
-0.955093815996
-0.334499172401
0.823936318513
-0.457426766487
-0.751566348132
0.618978582788
-0.228064768005
-0.703583513852
0.689625796396
-0.171424910617
-0.465229808819
0.866013762541
-0.183252252581
-0.500014806166
0.861799305305
-0.085364811196
-0.563151605893
0.809952895157
-0.163818730330
-0.621509861201
0.750644373242
-0.224184114848
-0.673261575866
0.683794813696
-0.281324551406
-0.717754759360
0.609562591650
-0.336543536972
-0.389554222114
0.754075439181
-0.528788937154
-0.439619845711
0.781459421851
-0.442781620280
-0.485814631451
0.799643396400
-0.352922912918
-0.527319002431
0.808857525233
-0.260161821851
-0.583899868187
0.743990505114
-0.324867776536
-0.633339506574
0.672136183362
-0.383554455622
-0.674688453786
0.593521063682
-0.438780397573
-0.491068627220
0.707004357129
-0.508916930708
-0.539834151510
0.729925670661
-0.419270323507
-0.586564721074
0.652899505105
-0.479232787093
-0.624535345938
0.569109744858
-0.534854840103
-0.457426766273
0.334499171840
0.823936318859
-0.000000000304
0.154485034654
0.987995128565
0.000000000132
0.254787270993
0.966997128507
-0.183252252174
0.465229807753
0.866013763200
-0.085364810976
0.500014805590
0.861799305661
-0.101245543134
0.399332875030
0.911198438824
-0.102575696244
0.303134887978
0.947410927861
-0.102269773187
0.204490080640
0.973511530703
-0.101757261032
0.103076308858
0.989454766212
-0.466044251286
0.225286501897
0.855598473530
-0.379892174515
0.274973139162
0.883216682633
-0.289716717456
0.320338663434
0.901913168956
-0.196766555275
0.361348039808
0.911433221280
-0.200779327783
0.259032091740
0.944769832808
-0.201333822773
0.156279696323
0.966975360764
-0.201044666739
0.052288230123
0.978185556511
-0.384664493508
0.165771523446
0.908049023703
-0.294839178064
0.214069183481
0.931259493247
-0.296182151180
0.107331934590
0.949081655676
-0.296303565024
-0.000000000280
0.955093815996
0.791925938673
0.541231029593
0.282705288706
0.751566348436
0.618978582600
-0.228064767513
0.703583513721
0.689625796478
-0.171424910830
0.648482060993
0.752757642183
0.113256119952
0.585379617142
0.809040950679
0.052758354406
0.664397149027
0.747379708291
-0.000000000329
0.724085557445
0.687249106543
-0.058213151905
0.775531349053
0.620588617845
-0.115848582368
0.819512020392
0.546673145730
-0.171896830020
0.855598473400
0.466044251625
0.225286501688
0.819512020225
0.546673145941
0.171896830144
0.775531348907
0.620588617903
0.115848583036
0.724085557706
0.687249106224
0.058213152433
0.784679195970
0.619902056306
0.000000000055
0.834673329347
0.547705037804
-0.057789487291
0.875733120525
0.469268626380
-0.113483293532
0.875733120727
0.469268625876
0.113483294053
0.834673329574
0.547705037403
0.057789487815
0.882746872254
0.469848868815
0.000000000376
0.920838910962
0.385984070686
-0.055425600907
-0.051793883134
0.998657796079
-0.000000000346
-0.382549802167
0.847043350606
-0.369016545777
-0.426212181823
0.861050707095
-0.277371332110
-0.351973687801
0.936009894764
-0.000000000658
-0.447256451184
0.894405761875
-0.000000000356
-0.399332875359
0.911198438621
-0.101245543667
-0.361348039883
0.911433221391
-0.196766554619
-0.320338663008
0.901913169251
-0.289716717007
-0.274973138878
0.883216682701
-0.379892174562
-0.000000000210
0.994833188779
-0.101523034349
-0.103076309018
0.989454766221
-0.101757260783
-0.204490080398
0.973511530820
-0.102269772556
-0.303134887375
0.947410928075
-0.102575696046
-0.259032091685
0.944769832842
-0.200779327694
-0.214069183614
0.931259493426
-0.294839177402
-0.165771523655
0.908049023953
-0.384664492829
-0.052288229392
0.978185556584
-0.201044666574
-0.156279695666
0.966975360909
-0.201333822586
-0.107331934213
0.949081655908
-0.296182150571
-0.055425600627
0.920838910789
-0.385984071138
-0.282705289267
0.791925938327
0.541231029807
-0.369016545965
0.382549802659
0.847043350301
-0.277371332029
0.426212181610
0.861050707227
-0.113256121017
0.648482060334
0.752757642590
-0.052758354982
0.585379616786
0.809040950899
-0.163818730534
0.563151605360
0.809952895487
-0.260161821318
0.527319002826
0.808857525147
-0.352922912858
0.485814632046
0.799643396064
-0.442781620482
0.439619845830
0.781459421669
-0.389554221905
0.754075439052
0.528788937494
-0.336543536693
0.717754759443
0.609562591706
-0.281324551053
0.673261576352
0.683794813364
-0.224184115056
0.621509861659
0.750644372800
-0.324867776502
0.583899868276
0.743990505059
-0.419270322960
0.539834151945
0.729925670653
-0.508916930131
0.491068627696
0.707004357214
-0.438780397827
0.674688454153
0.593521063076
-0.383554455844
0.633339506988
0.672136182846
-0.479232786861
0.586564721683
0.652899504729
-0.569109745311
0.534854839823
0.624535345765
0.541231029807
-0.282705289267
0.791925938327
0.847043350301
-0.369016545965
0.382549802659
0.861050707227
-0.277371332029
0.426212181610
0.752757642590
-0.113256121017
0.648482060334
0.809040950899
-0.052758354982
0.585379616786
0.809952895487
-0.163818730534
0.563151605360
0.808857525147
-0.260161821318
0.527319002826
0.799643396064
-0.352922912858
0.485814632046
0.781459421669
-0.442781620482
0.439619845830
0.528788937494
-0.389554221905
0.754075439052
0.609562591706
-0.336543536693
0.717754759443
0.683794813364
-0.281324551053
0.673261576352
0.750644372800
-0.224184115056
0.621509861659
0.743990505059
-0.324867776502
0.583899868276
0.729925670653
-0.419270322960
0.539834151945
0.707004357214
-0.508916930131
0.491068627696
0.593521063076
-0.438780397827
0.674688454153
0.672136182846
-0.383554455844
0.633339506988
0.652899504729
-0.479232786861
0.586564721683
0.624535345765
-0.569109745311
0.534854839823
-0.998657796079
-0.000000000346
0.051793883134
-0.847043350606
-0.369016545777
0.382549802167
-0.861050707095
-0.277371332110
0.426212181823
-0.936009894764
-0.000000000658
0.351973687801
-0.894405761875
-0.000000000356
0.447256451184
-0.911198438621
-0.101245543667
0.399332875359
-0.911433221391
-0.196766554619
0.361348039883
-0.901913169251
-0.289716717007
0.320338663008
-0.883216682701
-0.379892174562
0.274973138878
-0.994833188779
-0.101523034349
0.000000000210
-0.989454766221
-0.101757260783
0.103076309018
-0.973511530820
-0.102269772556
0.204490080398
-0.947410928075
-0.102575696046
0.303134887375
-0.944769832842
-0.200779327694
0.259032091685
-0.931259493426
-0.294839177402
0.214069183614
-0.908049023953
-0.384664492829
0.165771523655
-0.978185556584
-0.201044666574
0.052288229392
-0.966975360909
-0.201333822586
0.156279695666
-0.949081655908
-0.296182150571
0.107331934213
-0.920838910789
-0.385984071138
0.055425600627
0.791925938327
0.541231029807
-0.282705289267
0.382549802659
0.847043350301
-0.369016545965
0.426212181610
0.861050707227
-0.277371332029
0.648482060334
0.752757642590
-0.113256121017
0.585379616786
0.809040950899
-0.052758354982
0.563151605360
0.809952895487
-0.163818730534
0.527319002826
0.808857525147
-0.260161821318
0.485814632046
0.799643396064
-0.352922912858
0.439619845830
0.781459421669
-0.442781620482
0.754075439052
0.528788937494
-0.389554221905
0.717754759443
0.609562591706
-0.336543536693
0.673261576352
0.683794813364
-0.281324551053
0.621509861659
0.750644372800
-0.224184115056
0.583899868276
0.743990505059
-0.324867776502
0.539834151945
0.729925670653
-0.419270322960
0.491068627696
0.707004357214
-0.508916930131
0.674688454153
0.593521063076
-0.438780397827
0.633339506988
0.672136182846
-0.383554455844
0.586564721683
0.652899504729
-0.479232786861
0.534854839823
0.624535345765
-0.569109745311
0.282705288706
0.791925938673
0.541231029593
-0.228064767513
0.751566348436
0.618978582600
-0.171424910830
0.703583513721
0.689625796478
0.113256119952
0.648482060993
0.752757642183
0.052758354406
0.585379617142
0.809040950679
-0.000000000329
0.664397149027
0.747379708291
-0.058213151905
0.724085557445
0.687249106543
-0.115848582368
0.775531349053
0.620588617845
-0.171896830020
0.819512020392
0.546673145730
0.225286501688
0.855598473400
0.466044251625
0.171896830144
0.819512020225
0.546673145941
0.115848583036
0.775531348907
0.620588617903
0.058213152433
0.724085557706
0.687249106224
0.000000000055
0.784679195970
0.619902056306
-0.057789487291
0.834673329347
0.547705037804
-0.113483293532
0.875733120525
0.469268626380
0.113483294053
0.875733120727
0.469268625876
0.057789487815
0.834673329574
0.547705037403
0.000000000376
0.882746872254
0.469848868815
-0.055425600907
0.920838910962
0.385984070686
-0.457426766487
-0.334499172401
0.823936318513
-0.228064768005
-0.751566348132
0.618978582788
-0.171424910617
-0.703583513852
0.689625796396
-0.183252252581
-0.465229808819
0.866013762541
-0.085364811196
-0.500014806166
0.861799305305
-0.163818730330
-0.563151605893
0.809952895157
-0.224184114848
-0.621509861201
0.750644373242
-0.281324551406
-0.673261575866
0.683794813696
-0.336543536972
-0.717754759360
0.609562591650
-0.528788937154
-0.389554222114
0.754075439181
-0.442781620280
-0.439619845711
0.781459421851
-0.352922912918
-0.485814631451
0.799643396400
-0.260161821851
-0.527319002431
0.808857525233
-0.324867776536
-0.583899868187
0.743990505114
-0.383554455622
-0.633339506574
0.672136183362
-0.438780397573
-0.674688453786
0.593521063682
-0.508916930708
-0.491068627220
0.707004357129
-0.419270323507
-0.539834151510
0.729925670661
-0.479232787093
-0.586564721074
0.652899505105
-0.534854840103
-0.624535345938
0.569109744858
0.823936318859
-0.457426766273
0.334499171840
0.987995128565
-0.000000000304
0.154485034654
0.966997128507
0.000000000132
0.254787270993
0.866013763200
-0.183252252174
0.465229807753
0.861799305661
-0.085364810976
0.500014805590
0.911198438824
-0.101245543134
0.399332875030
0.947410927861
-0.102575696244
0.303134887978
0.973511530703
-0.102269773187
0.204490080640
0.989454766212
-0.101757261032
0.103076308858
0.855598473530
-0.466044251286
0.225286501897
0.883216682633
-0.379892174515
0.274973139162
0.901913168956
-0.289716717456
0.320338663434
0.911433221280
-0.196766555275
0.361348039808
0.944769832808
-0.200779327783
0.259032091740
0.966975360764
-0.201333822773
0.156279696323
0.978185556511
-0.201044666739
0.052288230123
0.908049023703
-0.384664493508
0.165771523446
0.931259493247
-0.294839178064
0.214069183481
0.949081655676
-0.296182151180
0.107331934590
0.955093815996
-0.296303565024
-0.000000000280
0.457426766487
0.334499172401
0.823936318513
0.228064768005
0.751566348132
0.618978582788
0.171424910617
0.703583513852
0.689625796396
0.183252252581
0.465229808819
0.866013762541
0.085364811196
0.500014806166
0.861799305305
0.163818730330
0.563151605893
0.809952895157
0.224184114848
0.621509861201
0.750644373242
0.281324551406
0.673261575866
0.683794813696
0.336543536972
0.717754759360
0.609562591650
0.528788937154
0.389554222114
0.754075439181
0.442781620280
0.439619845711
0.781459421851
0.352922912918
0.485814631451
0.799643396400
0.260161821851
0.527319002431
0.808857525233
0.324867776536
0.583899868187
0.743990505114
0.383554455622
0.633339506574
0.672136183362
0.438780397573
0.674688453786
0.593521063682
0.508916930708
0.491068627220
0.707004357129
0.419270323507
0.539834151510
0.729925670661
0.479232787093
0.586564721074
0.652899505105
0.534854840103
0.624535345938
0.569109744858
-0.000000000346
-0.051793883134
0.998657796079
-0.369016545777
-0.382549802167
0.847043350606
-0.277371332110
-0.426212181823
0.861050707095
-0.000000000658
-0.351973687801
0.936009894764
-0.000000000356
-0.447256451184
0.894405761875
-0.101245543667
-0.399332875359
0.911198438621
-0.196766554619
-0.361348039883
0.911433221391
-0.289716717007
-0.320338663008
0.901913169251
-0.379892174562
-0.274973138878
0.883216682701
-0.101523034349
-0.000000000210
0.994833188779
-0.101757260783
-0.103076309018
0.989454766221
-0.102269772556
-0.204490080398
0.973511530820
-0.102575696046
-0.303134887375
0.947410928075
-0.200779327694
-0.259032091685
0.944769832842
-0.294839177402
-0.214069183614
0.931259493426
-0.384664492829
-0.165771523655
0.908049023953
-0.201044666574
-0.052288229392
0.978185556584
-0.201333822586
-0.156279695666
0.966975360909
-0.296182150571
-0.107331934213
0.949081655908
-0.385984071138
-0.055425600627
0.920838910789
0.000000000346
0.051793883134
0.998657796079
0.369016545777
0.382549802167
0.847043350606
0.277371332110
0.426212181823
0.861050707095
0.000000000658
0.351973687801
0.936009894764
0.000000000356
0.447256451184
0.894405761875
0.101245543667
0.399332875359
0.911198438621
0.196766554619
0.361348039883
0.911433221391
0.289716717007
0.320338663008
0.901913169251
0.379892174562
0.274973138878
0.883216682701
0.101523034349
0.000000000210
0.994833188779
0.101757260783
0.103076309018
0.989454766221
0.102269772556
0.204490080398
0.973511530820
0.102575696046
0.303134887375
0.947410928075
0.200779327694
0.259032091685
0.944769832842
0.294839177402
0.214069183614
0.931259493426
0.384664492829
0.165771523655
0.908049023953
0.201044666574
0.052288229392
0.978185556584
0.201333822586
0.156279695666
0.966975360909
0.296182150571
0.107331934213
0.949081655908
0.385984071138
0.055425600627
0.920838910789
-0.334499171840
0.823936318859
0.457426766273
-0.154485034654
0.987995128565
0.000000000304
-0.254787270993
0.966997128507
-0.000000000132
-0.465229807753
0.866013763200
0.183252252174
-0.500014805590
0.861799305661
0.085364810976
-0.399332875030
0.911198438824
0.101245543134
-0.303134887978
0.947410927861
0.102575696244
-0.204490080640
0.973511530703
0.102269773187
-0.103076308858
0.989454766212
0.101757261032
-0.225286501897
0.855598473530
0.466044251286
-0.274973139162
0.883216682633
0.379892174515
-0.320338663434
0.901913168956
0.289716717456
-0.361348039808
0.911433221280
0.196766555275
-0.259032091740
0.944769832808
0.200779327783
-0.156279696323
0.966975360764
0.201333822773
-0.052288230123
0.978185556511
0.201044666739
-0.165771523446
0.908049023703
0.384664493508
-0.214069183481
0.931259493247
0.294839178064
-0.107331934590
0.949081655676
0.296182151180
0.000000000280
0.955093815996
0.296303565024
-0.541231029593
0.282705288706
-0.791925938673
-0.618978582600
-0.228064767513
-0.751566348436
-0.689625796478
-0.171424910830
-0.703583513721
-0.752757642183
0.113256119952
-0.648482060993
-0.809040950679
0.052758354406
-0.585379617142
-0.747379708291
-0.000000000329
-0.664397149027
-0.687249106543
-0.058213151905
-0.724085557445
-0.620588617845
-0.115848582368
-0.775531349053
-0.546673145730
-0.171896830020
-0.819512020392
-0.466044251625
0.225286501688
-0.855598473400
-0.546673145941
0.171896830144
-0.819512020225
-0.620588617903
0.115848583036
-0.775531348907
-0.687249106224
0.058213152433
-0.724085557706
-0.619902056306
0.000000000055
-0.784679195970
-0.547705037804
-0.057789487291
-0.834673329347
-0.469268626380
-0.113483293532
-0.875733120525
-0.469268625876
0.113483294053
-0.875733120727
-0.547705037403
0.057789487815
-0.834673329574
-0.469848868815
0.000000000376
-0.882746872254
-0.385984070686
-0.055425600907
-0.920838910962
-0.823936318513
-0.457426766487
0.334499172401
-0.618978582788
-0.228064768005
0.751566348132
-0.689625796396
-0.171424910617
0.703583513852
-0.866013762541
-0.183252252581
0.465229808819
-0.861799305305
-0.085364811196
0.500014806166
-0.809952895157
-0.163818730330
0.563151605893
-0.750644373242
-0.224184114848
0.621509861201
-0.683794813696
-0.281324551406
0.673261575866
-0.609562591650
-0.336543536972
0.717754759360
-0.754075439181
-0.528788937154
0.389554222114
-0.781459421851
-0.442781620280
0.439619845711
-0.799643396400
-0.352922912918
0.485814631451
-0.808857525233
-0.260161821851
0.527319002431
-0.743990505114
-0.324867776536
0.583899868187
-0.672136183362
-0.383554455622
0.633339506574
-0.593521063682
-0.438780397573
0.674688453786
-0.707004357129
-0.508916930708
0.491068627220
-0.729925670661
-0.419270323507
0.539834151510
-0.652899505105
-0.479232787093
0.586564721074
-0.569109744858
-0.534854840103
0.624535345938
-0.791925938327
0.541231029807
0.282705289267
-0.382549802659
0.847043350301
0.369016545965
-0.426212181610
0.861050707227
0.277371332029
-0.648482060334
0.752757642590
0.113256121017
-0.585379616786
0.809040950899
0.052758354982
-0.563151605360
0.809952895487
0.163818730534
-0.527319002826
0.808857525147
0.260161821318
-0.485814632046
0.799643396064
0.352922912858
-0.439619845830
0.781459421669
0.442781620482
-0.754075439052
0.528788937494
0.389554221905
-0.717754759443
0.609562591706
0.336543536693
-0.673261576352
0.683794813364
0.281324551053
-0.621509861659
0.750644372800
0.224184115056
-0.583899868276
0.743990505059
0.324867776502
-0.539834151945
0.729925670653
0.419270322960
-0.491068627696
0.707004357214
0.508916930131
-0.674688454153
0.593521063076
0.438780397827
-0.633339506988
0.672136182846
0.383554455844
-0.586564721683
0.652899504729
0.479232786861
-0.534854839823
0.624535345765
0.569109745311
-0.823936318513
0.457426766487
-0.334499172401
-0.618978582788
0.228064768005
-0.751566348132
-0.689625796396
0.171424910617
-0.703583513852
-0.866013762541
0.183252252581
-0.465229808819
-0.861799305305
0.085364811196
-0.500014806166
-0.809952895157
0.163818730330
-0.563151605893
-0.750644373242
0.224184114848
-0.621509861201
-0.683794813696
0.281324551406
-0.673261575866
-0.609562591650
0.336543536972
-0.717754759360
-0.754075439181
0.528788937154
-0.389554222114
-0.781459421851
0.442781620280
-0.439619845711
-0.799643396400
0.352922912918
-0.485814631451
-0.808857525233
0.260161821851
-0.527319002431
-0.743990505114
0.324867776536
-0.583899868187
-0.672136183362
0.383554455622
-0.633339506574
-0.593521063682
0.438780397573
-0.674688453786
-0.707004357129
0.508916930708
-0.491068627220
-0.729925670661
0.419270323507
-0.539834151510
-0.652899505105
0.479232787093
-0.586564721074
-0.569109744858
0.534854840103
-0.624535345938
-0.334499171840
-0.823936318859
-0.457426766273
-0.154485034654
-0.987995128565
-0.000000000304
-0.254787270993
-0.966997128507
0.000000000132
-0.465229807753
-0.866013763200
-0.183252252174
-0.500014805590
-0.861799305661
-0.085364810976
-0.399332875030
-0.911198438824
-0.101245543134
-0.303134887978
-0.947410927861
-0.102575696244
-0.204490080640
-0.973511530703
-0.102269773187
-0.103076308858
-0.989454766212
-0.101757261032
-0.225286501897
-0.855598473530
-0.466044251286
-0.274973139162
-0.883216682633
-0.379892174515
-0.320338663434
-0.901913168956
-0.289716717456
-0.361348039808
-0.911433221280
-0.196766555275
-0.259032091740
-0.944769832808
-0.200779327783
-0.156279696323
-0.966975360764
-0.201333822773
-0.052288230123
-0.978185556511
-0.201044666739
-0.165771523446
-0.908049023703
-0.384664493508
-0.214069183481
-0.931259493247
-0.294839178064
-0.107331934590
-0.949081655676
-0.296182151180
0.000000000280
-0.955093815996
-0.296303565024
0.541231029593
0.282705288706
0.791925938673
0.618978582600
-0.228064767513
0.751566348436
0.689625796478
-0.171424910830
0.703583513721
0.752757642183
0.113256119952
0.648482060993
0.809040950679
0.052758354406
0.585379617142
0.747379708291
-0.000000000329
0.664397149027
0.687249106543
-0.058213151905
0.724085557445
0.620588617845
-0.115848582368
0.775531349053
0.546673145730
-0.171896830020
0.819512020392
0.466044251625
0.225286501688
0.855598473400
0.546673145941
0.171896830144
0.819512020225
0.620588617903
0.115848583036
0.775531348907
0.687249106224
0.058213152433
0.724085557706
0.619902056306
0.000000000055
0.784679195970
0.547705037804
-0.057789487291
0.834673329347
0.469268626380
-0.113483293532
0.875733120525
0.469268625876
0.113483294053
0.875733120727
0.547705037403
0.057789487815
0.834673329574
0.469848868815
0.000000000376
0.882746872254
0.385984070686
-0.055425600907
0.920838910962
0.823936318513
-0.457426766487
-0.334499172401
0.618978582788
-0.228064768005
-0.751566348132
0.689625796396
-0.171424910617
-0.703583513852
0.866013762541
-0.183252252581
-0.465229808819
0.861799305305
-0.085364811196
-0.500014806166
0.809952895157
-0.163818730330
-0.563151605893
0.750644373242
-0.224184114848
-0.621509861201
0.683794813696
-0.281324551406
-0.673261575866
0.609562591650
-0.336543536972
-0.717754759360
0.754075439181
-0.528788937154
-0.389554222114
0.781459421851
-0.442781620280
-0.439619845711
0.799643396400
-0.352922912918
-0.485814631451
0.808857525233
-0.260161821851
-0.527319002431
0.743990505114
-0.324867776536
-0.583899868187
0.672136183362
-0.383554455622
-0.633339506574
0.593521063682
-0.438780397573
-0.674688453786
0.707004357129
-0.508916930708
-0.491068627220
0.729925670661
-0.419270323507
-0.539834151510
0.652899505105
-0.479232787093
-0.586564721074
0.569109744858
-0.534854840103
-0.624535345938
0.334499171840
0.823936318859
-0.457426766273
0.154485034654
0.987995128565
-0.000000000304
0.254787270993
0.966997128507
0.000000000132
0.465229807753
0.866013763200
-0.183252252174
0.500014805590
0.861799305661
-0.085364810976
0.399332875030
0.911198438824
-0.101245543134
0.303134887978
0.947410927861
-0.102575696244
0.204490080640
0.973511530703
-0.102269773187
0.103076308858
0.989454766212
-0.101757261032
0.225286501897
0.855598473530
-0.466044251286
0.274973139162
0.883216682633
-0.379892174515
0.320338663434
0.901913168956
-0.289716717456
0.361348039808
0.911433221280
-0.196766555275
0.259032091740
0.944769832808
-0.200779327783
0.156279696323
0.966975360764
-0.201333822773
0.052288230123
0.978185556511
-0.201044666739
0.165771523446
0.908049023703
-0.384664493508
0.214069183481
0.931259493247
-0.294839178064
0.107331934590
0.949081655676
-0.296182151180
-0.000000000280
0.955093815996
-0.296303565024
0.823936318513
0.457426766487
0.334499172401
0.618978582788
0.228064768005
0.751566348132
0.689625796396
0.171424910617
0.703583513852
0.866013762541
0.183252252581
0.465229808819
0.861799305305
0.085364811196
0.500014806166
0.809952895157
0.163818730330
0.563151605893
0.750644373242
0.224184114848
0.621509861201
0.683794813696
0.281324551406
0.673261575866
0.609562591650
0.336543536972
0.717754759360
0.754075439181
0.528788937154
0.389554222114
0.781459421851
0.442781620280
0.439619845711
0.799643396400
0.352922912918
0.485814631451
0.808857525233
0.260161821851
0.527319002431
0.743990505114
0.324867776536
0.583899868187
0.672136183362
0.383554455622
0.633339506574
0.593521063682
0.438780397573
0.674688453786
0.707004357129
0.508916930708
0.491068627220
0.729925670661
0.419270323507
0.539834151510
0.652899505105
0.479232787093
0.586564721074
0.569109744858
0.534854840103
0.624535345938
0.998657796079
-0.000000000346
-0.051793883134
0.847043350606
-0.369016545777
-0.382549802167
0.861050707095
-0.277371332110
-0.426212181823
0.936009894764
-0.000000000658
-0.351973687801
0.894405761875
-0.000000000356
-0.447256451184
0.911198438621
-0.101245543667
-0.399332875359
0.911433221391
-0.196766554619
-0.361348039883
0.901913169251
-0.289716717007
-0.320338663008
0.883216682701
-0.379892174562
-0.274973138878
0.994833188779
-0.101523034349
-0.000000000210
0.989454766221
-0.101757260783
-0.103076309018
0.973511530820
-0.102269772556
-0.204490080398
0.947410928075
-0.102575696046
-0.303134887375
0.944769832842
-0.200779327694
-0.259032091685
0.931259493426
-0.294839177402
-0.214069183614
0.908049023953
-0.384664492829
-0.165771523655
0.978185556584
-0.201044666574
-0.052288229392
0.966975360909
-0.201333822586
-0.156279695666
0.949081655908
-0.296182150571
-0.107331934213
0.920838910789
-0.385984071138
-0.055425600627
-0.000000000346
0.051793883134
-0.998657796079
-0.369016545777
0.382549802167
-0.847043350606
-0.277371332110
0.426212181823
-0.861050707095
-0.000000000658
0.351973687801
-0.936009894764
-0.000000000356
0.447256451184
-0.894405761875
-0.101245543667
0.399332875359
-0.911198438621
-0.196766554619
0.361348039883
-0.911433221391
-0.289716717007
0.320338663008
-0.901913169251
-0.379892174562
0.274973138878
-0.883216682701
-0.101523034349
0.000000000210
-0.994833188779
-0.101757260783
0.103076309018
-0.989454766221
-0.102269772556
0.204490080398
-0.973511530820
-0.102575696046
0.303134887375
-0.947410928075
-0.200779327694
0.259032091685
-0.944769832842
-0.294839177402
0.214069183614
-0.931259493426
-0.384664492829
0.165771523655
-0.908049023953
-0.201044666574
0.052288229392
-0.978185556584
-0.201333822586
0.156279695666
-0.966975360909
-0.296182150571
0.107331934213
-0.949081655908
-0.385984071138
0.055425600627
-0.920838910789
0.334499171840
-0.823936318859
0.457426766273
0.154485034654
-0.987995128565
0.000000000304
0.254787270993
-0.966997128507
-0.000000000132
0.465229807753
-0.866013763200
0.183252252174
0.500014805590
-0.861799305661
0.085364810976
0.399332875030
-0.911198438824
0.101245543134
0.303134887978
-0.947410927861
0.102575696244
0.204490080640
-0.973511530703
0.102269773187
0.103076308858
-0.989454766212
0.101757261032
0.225286501897
-0.855598473530
0.466044251286
0.274973139162
-0.883216682633
0.379892174515
0.320338663434
-0.901913168956
0.289716717456
0.361348039808
-0.911433221280
0.196766555275
0.259032091740
-0.944769832808
0.200779327783
0.156279696323
-0.966975360764
0.201333822773
0.052288230123
-0.978185556511
0.201044666739
0.165771523446
-0.908049023703
0.384664493508
0.214069183481
-0.931259493247
0.294839178064
0.107331934590
-0.949081655676
0.296182151180
-0.000000000280
-0.955093815996
0.296303565024
-0.823936318859
0.457426766273
0.334499171840
-0.987995128565
0.000000000304
0.154485034654
-0.966997128507
-0.000000000132
0.254787270993
-0.866013763200
0.183252252174
0.465229807753
-0.861799305661
0.085364810976
0.500014805590
-0.911198438824
0.101245543134
0.399332875030
-0.947410927861
0.102575696244
0.303134887978
-0.973511530703
0.102269773187
0.204490080640
-0.989454766212
0.101757261032
0.103076308858
-0.855598473530
0.466044251286
0.225286501897
-0.883216682633
0.379892174515
0.274973139162
-0.901913168956
0.289716717456
0.320338663434
-0.911433221280
0.196766555275
0.361348039808
-0.944769832808
0.200779327783
0.259032091740
-0.966975360764
0.201333822773
0.156279696323
-0.978185556511
0.201044666739
0.052288230123
-0.908049023703
0.384664493508
0.165771523446
-0.931259493247
0.294839178064
0.214069183481
-0.949081655676
0.296182151180
0.107331934590
-0.955093815996
0.296303565024
-0.000000000280
-0.282705288706
-0.791925938673
0.541231029593
0.228064767513
-0.751566348436
0.618978582600
0.171424910830
-0.703583513721
0.689625796478
-0.113256119952
-0.648482060993
0.752757642183
-0.052758354406
-0.585379617142
0.809040950679
0.000000000329
-0.664397149027
0.747379708291
0.058213151905
-0.724085557445
0.687249106543
0.115848582368
-0.775531349053
0.620588617845
0.171896830020
-0.819512020392
0.546673145730
-0.225286501688
-0.855598473400
0.466044251625
-0.171896830144
-0.819512020225
0.546673145941
-0.115848583036
-0.775531348907
0.620588617903
-0.058213152433
-0.724085557706
0.687249106224
-0.000000000055
-0.784679195970
0.619902056306
0.057789487291
-0.834673329347
0.547705037804
0.113483293532
-0.875733120525
0.469268626380
-0.113483294053
-0.875733120727
0.469268625876
-0.057789487815
-0.834673329574
0.547705037403
-0.000000000376
-0.882746872254
0.469848868815
0.055425600907
-0.920838910962
0.385984070686
-0.541231029807
0.282705289267
0.791925938327
-0.847043350301
0.369016545965
0.382549802659
-0.861050707227
0.277371332029
0.426212181610
-0.752757642590
0.113256121017
0.648482060334
-0.809040950899
0.052758354982
0.585379616786
-0.809952895487
0.163818730534
0.563151605360
-0.808857525147
0.260161821318
0.527319002826
-0.799643396064
0.352922912858
0.485814632046
-0.781459421669
0.442781620482
0.439619845830
-0.528788937494
0.389554221905
0.754075439052
-0.609562591706
0.336543536693
0.717754759443
-0.683794813364
0.281324551053
0.673261576352
-0.750644372800
0.224184115056
0.621509861659
-0.743990505059
0.324867776502
0.583899868276
-0.729925670653
0.419270322960
0.539834151945
-0.707004357214
0.508916930131
0.491068627696
-0.593521063076
0.438780397827
0.674688454153
-0.672136182846
0.383554455844
0.633339506988
-0.652899504729
0.479232786861
0.586564721683
-0.624535345765
0.569109745311
0.534854839823
-0.791925938327
-0.541231029807
-0.282705289267
-0.382549802659
-0.847043350301
-0.369016545965
-0.426212181610
-0.861050707227
-0.277371332029
-0.648482060334
-0.752757642590
-0.113256121017
-0.585379616786
-0.809040950899
-0.052758354982
-0.563151605360
-0.809952895487
-0.163818730534
-0.527319002826
-0.808857525147
-0.260161821318
-0.485814632046
-0.799643396064
-0.352922912858
-0.439619845830
-0.781459421669
-0.442781620482
-0.754075439052
-0.528788937494
-0.389554221905
-0.717754759443
-0.609562591706
-0.336543536693
-0.673261576352
-0.683794813364
-0.281324551053
-0.621509861659
-0.750644372800
-0.224184115056
-0.583899868276
-0.743990505059
-0.324867776502
-0.539834151945
-0.729925670653
-0.419270322960
-0.491068627696
-0.707004357214
-0.508916930131
-0.674688454153
-0.593521063076
-0.438780397827
-0.633339506988
-0.672136182846
-0.383554455844
-0.586564721683
-0.652899504729
-0.479232786861
-0.534854839823
-0.624535345765
-0.569109745311
0.282705289267
-0.791925938327
0.541231029807
0.369016545965
-0.382549802659
0.847043350301
0.277371332029
-0.426212181610
0.861050707227
0.113256121017
-0.648482060334
0.752757642590
0.052758354982
-0.585379616786
0.809040950899
0.163818730534
-0.563151605360
0.809952895487
0.260161821318
-0.527319002826
0.808857525147
0.352922912858
-0.485814632046
0.799643396064
0.442781620482
-0.439619845830
0.781459421669
0.389554221905
-0.754075439052
0.528788937494
0.336543536693
-0.717754759443
0.609562591706
0.281324551053
-0.673261576352
0.683794813364
0.224184115056
-0.621509861659
0.750644372800
0.324867776502
-0.583899868276
0.743990505059
0.419270322960
-0.539834151945
0.729925670653
0.508916930131
-0.491068627696
0.707004357214
0.438780397827
-0.674688454153
0.593521063076
0.383554455844
-0.633339506988
0.672136182846
0.479232786861
-0.586564721683
0.652899504729
0.569109745311
-0.534854839823
0.624535345765
-0.541231029593
-0.282705288706
0.791925938673
-0.618978582600
0.228064767513
0.751566348436
-0.689625796478
0.171424910830
0.703583513721
-0.752757642183
-0.113256119952
0.648482060993
-0.809040950679
-0.052758354406
0.585379617142
-0.747379708291
0.000000000329
0.664397149027
-0.687249106543
0.058213151905
0.724085557445
-0.620588617845
0.115848582368
0.775531349053
-0.546673145730
0.171896830020
0.819512020392
-0.466044251625
-0.225286501688
0.855598473400
-0.546673145941
-0.171896830144
0.819512020225
-0.620588617903
-0.115848583036
0.775531348907
-0.687249106224
-0.058213152433
0.724085557706
-0.619902056306
-0.000000000055
0.784679195970
-0.547705037804
0.057789487291
0.834673329347
-0.469268626380
0.113483293532
0.875733120525
-0.469268625876
-0.113483294053
0.875733120727
-0.547705037403
-0.057789487815
0.834673329574
-0.469848868815
-0.000000000376
0.882746872254
-0.385984070686
0.055425600907
0.920838910962
0.051793883134
-0.998657796079
-0.000000000346
0.382549802167
-0.847043350606
-0.369016545777
0.426212181823
-0.861050707095
-0.277371332110
0.351973687801
-0.936009894764
-0.000000000658
0.447256451184
-0.894405761875
-0.000000000356
0.399332875359
-0.911198438621
-0.101245543667
0.361348039883
-0.911433221391
-0.196766554619
0.320338663008
-0.901913169251
-0.289716717007
0.274973138878
-0.883216682701
-0.379892174562
0.000000000210
-0.994833188779
-0.101523034349
0.103076309018
-0.989454766221
-0.101757260783
0.204490080398
-0.973511530820
-0.102269772556
0.303134887375
-0.947410928075
-0.102575696046
0.259032091685
-0.944769832842
-0.200779327694
0.214069183614
-0.931259493426
-0.294839177402
0.165771523655
-0.908049023953
-0.384664492829
0.052288229392
-0.978185556584
-0.201044666574
0.156279695666
-0.966975360909
-0.201333822586
0.107331934213
-0.949081655908
-0.296182150571
0.055425600627
-0.920838910789
-0.385984071138
0.998657796079
0.000000000346
0.051793883134
0.847043350606
0.369016545777
0.382549802167
0.861050707095
0.277371332110
0.426212181823
0.936009894764
0.000000000658
0.351973687801
0.894405761875
0.000000000356
0.447256451184
0.911198438621
0.101245543667
0.399332875359
0.911433221391
0.196766554619
0.361348039883
0.901913169251
0.289716717007
0.320338663008
0.883216682701
0.379892174562
0.274973138878
0.994833188779
0.101523034349
0.000000000210
0.989454766221
0.101757260783
0.103076309018
0.973511530820
0.102269772556
0.204490080398
0.947410928075
0.102575696046
0.303134887375
0.944769832842
0.200779327694
0.259032091685
0.931259493426
0.294839177402
0.214069183614
0.908049023953
0.384664492829
0.165771523655
0.978185556584
0.201044666574
0.052288229392
0.966975360909
0.201333822586
0.156279695666
0.949081655908
0.296182150571
0.107331934213
0.920838910789
0.385984071138
0.055425600627
0.457426766273
-0.334499171840
0.823936318859
0.000000000304
-0.154485034654
0.987995128565
-0.000000000132
-0.254787270993
0.966997128507
0.183252252174
-0.465229807753
0.866013763200
0.085364810976
-0.500014805590
0.861799305661
0.101245543134
-0.399332875030
0.911198438824
0.102575696244
-0.303134887978
0.947410927861
0.102269773187
-0.204490080640
0.973511530703
0.101757261032
-0.103076308858
0.989454766212
0.466044251286
-0.225286501897
0.855598473530
0.379892174515
-0.274973139162
0.883216682633
0.289716717456
-0.320338663434
0.901913168956
0.196766555275
-0.361348039808
0.911433221280
0.200779327783
-0.259032091740
0.944769832808
0.201333822773
-0.156279696323
0.966975360764
0.201044666739
-0.052288230123
0.978185556511
0.384664493508
-0.165771523446
0.908049023703
0.294839178064
-0.214069183481
0.931259493247
0.296182151180
-0.107331934590
0.949081655676
0.296303565024
0.000000000280
0.955093815996
0.541231029593
-0.282705288706
-0.791925938673
0.618978582600
0.228064767513
-0.751566348436
0.689625796478
0.171424910830
-0.703583513721
0.752757642183
-0.113256119952
-0.648482060993
0.809040950679
-0.052758354406
-0.585379617142
0.747379708291
0.000000000329
-0.664397149027
0.687249106543
0.058213151905
-0.724085557445
0.620588617845
0.115848582368
-0.775531349053
0.546673145730
0.171896830020
-0.819512020392
0.466044251625
-0.225286501688
-0.855598473400
0.546673145941
-0.171896830144
-0.819512020225
0.620588617903
-0.115848583036
-0.775531348907
0.687249106224
-0.058213152433
-0.724085557706
0.619902056306
-0.000000000055
-0.784679195970
0.547705037804
0.057789487291
-0.834673329347
0.469268626380
0.113483293532
-0.875733120525
0.469268625876
-0.113483294053
-0.875733120727
0.547705037403
-0.057789487815
-0.834673329574
0.469848868815
-0.000000000376
-0.882746872254
0.385984070686
0.055425600907
-0.920838910962
-0.791925938673
-0.541231029593
0.282705288706
-0.751566348436
-0.618978582600
-0.228064767513
-0.703583513721
-0.689625796478
-0.171424910830
-0.648482060993
-0.752757642183
0.113256119952
-0.585379617142
-0.809040950679
0.052758354406
-0.664397149027
-0.747379708291
-0.000000000329
-0.724085557445
-0.687249106543
-0.058213151905
-0.775531349053
-0.620588617845
-0.115848582368
-0.819512020392
-0.546673145730
-0.171896830020
-0.855598473400
-0.466044251625
0.225286501688
-0.819512020225
-0.546673145941
0.171896830144
-0.775531348907
-0.620588617903
0.115848583036
-0.724085557706
-0.687249106224
0.058213152433
-0.784679195970
-0.619902056306
0.000000000055
-0.834673329347
-0.547705037804
-0.057789487291
-0.875733120525
-0.469268626380
-0.113483293532
-0.875733120727
-0.469268625876
0.113483294053
-0.834673329574
-0.547705037403
0.057789487815
-0.882746872254
-0.469848868815
0.000000000376
-0.920838910962
-0.385984070686
-0.055425600907
0.791925938327
-0.541231029807
0.282705289267
0.382549802659
-0.847043350301
0.369016545965
0.426212181610
-0.861050707227
0.277371332029
0.648482060334
-0.752757642590
0.113256121017
0.585379616786
-0.809040950899
0.052758354982
0.563151605360
-0.809952895487
0.163818730534
0.527319002826
-0.808857525147
0.260161821318
0.485814632046
-0.799643396064
0.352922912858
0.439619845830
-0.781459421669
0.442781620482
0.754075439052
-0.528788937494
0.389554221905
0.717754759443
-0.609562591706
0.336543536693
0.673261576352
-0.683794813364
0.281324551053
0.621509861659
-0.750644372800
0.224184115056
0.583899868276
-0.743990505059
0.324867776502
0.539834151945
-0.729925670653
0.419270322960
0.491068627696
-0.707004357214
0.508916930131
0.674688454153
-0.593521063076
0.438780397827
0.633339506988
-0.672136182846
0.383554455844
0.586564721683
-0.652899504729
0.479232786861
0.534854839823
-0.624535345765
0.569109745311
-0.282705289267
-0.791925938327
-0.541231029807
-0.369016545965
-0.382549802659
-0.847043350301
-0.277371332029
-0.426212181610
-0.861050707227
-0.113256121017
-0.648482060334
-0.752757642590
-0.052758354982
-0.585379616786
-0.809040950899
-0.163818730534
-0.563151605360
-0.809952895487
-0.260161821318
-0.527319002826
-0.808857525147
-0.352922912858
-0.485814632046
-0.799643396064
-0.442781620482
-0.439619845830
-0.781459421669
-0.389554221905
-0.754075439052
-0.528788937494
-0.336543536693
-0.717754759443
-0.609562591706
-0.281324551053
-0.673261576352
-0.683794813364
-0.224184115056
-0.621509861659
-0.750644372800
-0.324867776502
-0.583899868276
-0.743990505059
-0.419270322960
-0.539834151945
-0.729925670653
-0.508916930131
-0.491068627696
-0.707004357214
-0.438780397827
-0.674688454153
-0.593521063076
-0.383554455844
-0.633339506988
-0.672136182846
-0.479232786861
-0.586564721683
-0.652899504729
-0.569109745311
-0.534854839823
-0.624535345765
0.282705289267
0.791925938327
-0.541231029807
0.369016545965
0.382549802659
-0.847043350301
0.277371332029
0.426212181610
-0.861050707227
0.113256121017
0.648482060334
-0.752757642590
0.052758354982
0.585379616786
-0.809040950899
0.163818730534
0.563151605360
-0.809952895487
0.260161821318
0.527319002826
-0.808857525147
0.352922912858
0.485814632046
-0.799643396064
0.442781620482
0.439619845830
-0.781459421669
0.389554221905
0.754075439052
-0.528788937494
0.336543536693
0.717754759443
-0.609562591706
0.281324551053
0.673261576352
-0.683794813364
0.224184115056
0.621509861659
-0.750644372800
0.324867776502
0.583899868276
-0.743990505059
0.419270322960
0.539834151945
-0.729925670653
0.508916930131
0.491068627696
-0.707004357214
0.438780397827
0.674688454153
-0.593521063076
0.383554455844
0.633339506988
-0.672136182846
0.479232786861
0.586564721683
-0.652899504729
0.569109745311
0.534854839823
-0.624535345765
-0.541231029807
-0.282705289267
-0.791925938327
-0.847043350301
-0.369016545965
-0.382549802659
-0.861050707227
-0.277371332029
-0.426212181610
-0.752757642590
-0.113256121017
-0.648482060334
-0.809040950899
-0.052758354982
-0.585379616786
-0.809952895487
-0.163818730534
-0.563151605360
-0.808857525147
-0.260161821318
-0.527319002826
-0.799643396064
-0.352922912858
-0.485814632046
-0.781459421669
-0.442781620482
-0.439619845830
-0.528788937494
-0.389554221905
-0.754075439052
-0.609562591706
-0.336543536693
-0.717754759443
-0.683794813364
-0.281324551053
-0.673261576352
-0.750644372800
-0.224184115056
-0.621509861659
-0.743990505059
-0.324867776502
-0.583899868276
-0.729925670653
-0.419270322960
-0.539834151945
-0.707004357214
-0.508916930131
-0.491068627696
-0.593521063076
-0.438780397827
-0.674688454153
-0.672136182846
-0.383554455844
-0.633339506988
-0.652899504729
-0.479232786861
-0.586564721683
-0.624535345765
-0.569109745311
-0.534854839823
-0.791925938673
0.541231029593
-0.282705288706
-0.751566348436
0.618978582600
0.228064767513
-0.703583513721
0.689625796478
0.171424910830
-0.648482060993
0.752757642183
-0.113256119952
-0.585379617142
0.809040950679
-0.052758354406
-0.664397149027
0.747379708291
0.000000000329
-0.724085557445
0.687249106543
0.058213151905
-0.775531349053
0.620588617845
0.115848582368
-0.819512020392
0.546673145730
0.171896830020
-0.855598473400
0.466044251625
-0.225286501688
-0.819512020225
0.546673145941
-0.171896830144
-0.775531348907
0.620588617903
-0.115848583036
-0.724085557706
0.687249106224
-0.058213152433
-0.784679195970
0.619902056306
-0.000000000055
-0.834673329347
0.547705037804
0.057789487291
-0.875733120525
0.469268626380
0.113483293532
-0.875733120727
0.469268625876
-0.113483294053
-0.834673329574
0.547705037403
-0.057789487815
-0.882746872254
0.469848868815
-0.000000000376
-0.920838910962
0.385984070686
0.055425600907
-0.282705288706
0.791925938673
-0.541231029593
0.228064767513
0.751566348436
-0.618978582600
0.171424910830
0.703583513721
-0.689625796478
-0.113256119952
0.648482060993
-0.752757642183
-0.052758354406
0.585379617142
-0.809040950679
0.000000000329
0.664397149027
-0.747379708291
0.058213151905
0.724085557445
-0.687249106543
0.115848582368
0.775531349053
-0.620588617845
0.171896830020
0.819512020392
-0.546673145730
-0.225286501688
0.855598473400
-0.466044251625
-0.171896830144
0.819512020225
-0.546673145941
-0.115848583036
0.775531348907
-0.620588617903
-0.058213152433
0.724085557706
-0.687249106224
-0.000000000055
0.784679195970
-0.619902056306
0.057789487291
0.834673329347
-0.547705037804
0.113483293532
0.875733120525
-0.469268626380
-0.113483294053
0.875733120727
-0.469268625876
-0.057789487815
0.834673329574
-0.547705037403
-0.000000000376
0.882746872254
-0.469848868815
0.055425600907
0.920838910962
-0.385984070686
0.457426766487
-0.334499172401
-0.823936318513
0.228064768005
-0.751566348132
-0.618978582788
0.171424910617
-0.703583513852
-0.689625796396
0.183252252581
-0.465229808819
-0.866013762541
0.085364811196
-0.500014806166
-0.861799305305
0.163818730330
-0.563151605893
-0.809952895157
0.224184114848
-0.621509861201
-0.750644373242
0.281324551406
-0.673261575866
-0.683794813696
0.336543536972
-0.717754759360
-0.609562591650
0.528788937154
-0.389554222114
-0.754075439181
0.442781620280
-0.439619845711
-0.781459421851
0.352922912918
-0.485814631451
-0.799643396400
0.260161821851
-0.527319002431
-0.808857525233
0.324867776536
-0.583899868187
-0.743990505114
0.383554455622
-0.633339506574
-0.672136183362
0.438780397573
-0.674688453786
-0.593521063682
0.508916930708
-0.491068627220
-0.707004357129
0.419270323507
-0.539834151510
-0.729925670661
0.479232787093
-0.586564721074
-0.652899505105
0.534854840103
-0.624535345938
-0.569109744858
-0.823936318859
-0.457426766273
-0.334499171840
-0.987995128565
-0.000000000304
-0.154485034654
-0.966997128507
0.000000000132
-0.254787270993
-0.866013763200
-0.183252252174
-0.465229807753
-0.861799305661
-0.085364810976
-0.500014805590
-0.911198438824
-0.101245543134
-0.399332875030
-0.947410927861
-0.102575696244
-0.303134887978
-0.973511530703
-0.102269773187
-0.204490080640
-0.989454766212
-0.101757261032
-0.103076308858
-0.855598473530
-0.466044251286
-0.225286501897
-0.883216682633
-0.379892174515
-0.274973139162
-0.901913168956
-0.289716717456
-0.320338663434
-0.911433221280
-0.196766555275
-0.361348039808
-0.944769832808
-0.200779327783
-0.259032091740
-0.966975360764
-0.201333822773
-0.156279696323
-0.978185556511
-0.201044666739
-0.052288230123
-0.908049023703
-0.384664493508
-0.165771523446
-0.931259493247
-0.294839178064
-0.214069183481
-0.949081655676
-0.296182151180
-0.107331934590
-0.955093815996
-0.296303565024
0.000000000280
-0.457426766487
0.334499172401
-0.823936318513
-0.228064768005
0.751566348132
-0.618978582788
-0.171424910617
0.703583513852
-0.689625796396
-0.183252252581
0.465229808819
-0.866013762541
-0.085364811196
0.500014806166
-0.861799305305
-0.163818730330
0.563151605893
-0.809952895157
-0.224184114848
0.621509861201
-0.750644373242
-0.281324551406
0.673261575866
-0.683794813696
-0.336543536972
0.717754759360
-0.609562591650
-0.528788937154
0.389554222114
-0.754075439181
-0.442781620280
0.439619845711
-0.781459421851
-0.352922912918
0.485814631451
-0.799643396400
-0.260161821851
0.527319002431
-0.808857525233
-0.324867776536
0.583899868187
-0.743990505114
-0.383554455622
0.633339506574
-0.672136183362
-0.438780397573
0.674688453786
-0.593521063682
-0.508916930708
0.491068627220
-0.707004357129
-0.419270323507
0.539834151510
-0.729925670661
-0.479232787093
0.586564721074
-0.652899505105
-0.534854840103
0.624535345938
-0.569109744858
0.823936318859
0.457426766273
-0.334499171840
0.987995128565
0.000000000304
-0.154485034654
0.966997128507
-0.000000000132
-0.254787270993
0.866013763200
0.183252252174
-0.465229807753
0.861799305661
0.085364810976
-0.500014805590
0.911198438824
0.101245543134
-0.399332875030
0.947410927861
0.102575696244
-0.303134887978
0.973511530703
0.102269773187
-0.204490080640
0.989454766212
0.101757261032
-0.103076308858
0.855598473530
0.466044251286
-0.225286501897
0.883216682633
0.379892174515
-0.274973139162
0.901913168956
0.289716717456
-0.320338663434
0.911433221280
0.196766555275
-0.361348039808
0.944769832808
0.200779327783
-0.259032091740
0.966975360764
0.201333822773
-0.156279696323
0.978185556511
0.201044666739
-0.052288230123
0.908049023703
0.384664493508
-0.165771523446
0.931259493247
0.294839178064
-0.214069183481
0.949081655676
0.296182151180
-0.107331934590
0.955093815996
0.296303565024
0.000000000280
0.282705288706
-0.791925938673
-0.541231029593
-0.228064767513
-0.751566348436
-0.618978582600
-0.171424910830
-0.703583513721
-0.689625796478
0.113256119952
-0.648482060993
-0.752757642183
0.052758354406
-0.585379617142
-0.809040950679
-0.000000000329
-0.664397149027
-0.747379708291
-0.058213151905
-0.724085557445
-0.687249106543
-0.115848582368
-0.775531349053
-0.620588617845
-0.171896830020
-0.819512020392
-0.546673145730
0.225286501688
-0.855598473400
-0.466044251625
0.171896830144
-0.819512020225
-0.546673145941
0.115848583036
-0.775531348907
-0.620588617903
0.058213152433
-0.724085557706
-0.687249106224
0.000000000055
-0.784679195970
-0.619902056306
-0.057789487291
-0.834673329347
-0.547705037804
-0.113483293532
-0.875733120525
-0.469268626380
0.113483294053
-0.875733120727
-0.469268625876
0.057789487815
-0.834673329574
-0.547705037403
0.000000000376
-0.882746872254
-0.469848868815
-0.055425600907
-0.920838910962
-0.385984070686
0.541231029807
0.282705289267
-0.791925938327
0.847043350301
0.369016545965
-0.382549802659
0.861050707227
0.277371332029
-0.426212181610
0.752757642590
0.113256121017
-0.648482060334
0.809040950899
0.052758354982
-0.585379616786
0.809952895487
0.163818730534
-0.563151605360
0.808857525147
0.260161821318
-0.527319002826
0.799643396064
0.352922912858
-0.485814632046
0.781459421669
0.442781620482
-0.439619845830
0.528788937494
0.389554221905
-0.754075439052
0.609562591706
0.336543536693
-0.717754759443
0.683794813364
0.281324551053
-0.673261576352
0.750644372800
0.224184115056
-0.621509861659
0.743990505059
0.324867776502
-0.583899868276
0.729925670653
0.419270322960
-0.539834151945
0.707004357214
0.508916930131
-0.491068627696
0.593521063076
0.438780397827
-0.674688454153
0.672136182846
0.383554455844
-0.633339506988
0.652899504729
0.479232786861
-0.586564721683
0.624535345765
0.569109745311
-0.534854839823
-0.998657796079
0.000000000346
-0.051793883134
-0.847043350606
0.369016545777
-0.382549802167
-0.861050707095
0.277371332110
-0.426212181823
-0.936009894764
0.000000000658
-0.351973687801
-0.894405761875
0.000000000356
-0.447256451184
-0.911198438621
0.101245543667
-0.399332875359
-0.911433221391
0.196766554619
-0.361348039883
-0.901913169251
0.289716717007
-0.320338663008
-0.883216682701
0.379892174562
-0.274973138878
-0.994833188779
0.101523034349
-0.000000000210
-0.989454766221
0.101757260783
-0.103076309018
-0.973511530820
0.102269772556
-0.204490080398
-0.947410928075
0.102575696046
-0.303134887375
-0.944769832842
0.200779327694
-0.259032091685
-0.931259493426
0.294839177402
-0.214069183614
-0.908049023953
0.384664492829
-0.165771523655
-0.978185556584
0.201044666574
-0.052288229392
-0.966975360909
0.201333822586
-0.156279695666
-0.949081655908
0.296182150571
-0.107331934213
-0.920838910789
0.385984071138
-0.055425600627
0.000000000346
-0.051793883134
-0.998657796079
0.369016545777
-0.382549802167
-0.847043350606
0.277371332110
-0.426212181823
-0.861050707095
0.000000000658
-0.351973687801
-0.936009894764
0.000000000356
-0.447256451184
-0.894405761875
0.101245543667
-0.399332875359
-0.911198438621
0.196766554619
-0.361348039883
-0.911433221391
0.289716717007
-0.320338663008
-0.901913169251
0.379892174562
-0.274973138878
-0.883216682701
0.101523034349
-0.000000000210
-0.994833188779
0.101757260783
-0.103076309018
-0.989454766221
0.102269772556
-0.204490080398
-0.973511530820
0.102575696046
-0.303134887375
-0.947410928075
0.200779327694
-0.259032091685
-0.944769832842
0.294839177402
-0.214069183614
-0.931259493426
0.384664492829
-0.165771523655
-0.908049023953
0.201044666574
-0.052288229392
-0.978185556584
0.201333822586
-0.156279695666
-0.966975360909
0.296182150571
-0.107331934213
-0.949081655908
0.385984071138
-0.055425600627
-0.920838910789
0.334499172401
-0.823936318513
-0.457426766487
0.751566348132
-0.618978582788
-0.228064768005
0.703583513852
-0.689625796396
-0.171424910617
0.465229808819
-0.866013762541
-0.183252252581
0.500014806166
-0.861799305305
-0.085364811196
0.563151605893
-0.809952895157
-0.163818730330
0.621509861201
-0.750644373242
-0.224184114848
0.673261575866
-0.683794813696
-0.281324551406
0.717754759360
-0.609562591650
-0.336543536972
0.389554222114
-0.754075439181
-0.528788937154
0.439619845711
-0.781459421851
-0.442781620280
0.485814631451
-0.799643396400
-0.352922912918
0.527319002431
-0.808857525233
-0.260161821851
0.583899868187
-0.743990505114
-0.324867776536
0.633339506574
-0.672136183362
-0.383554455622
0.674688453786
-0.593521063682
-0.438780397573
0.491068627220
-0.707004357129
-0.508916930708
0.539834151510
-0.729925670661
-0.419270323507
0.586564721074
-0.652899505105
-0.479232787093
0.624535345938
-0.569109744858
-0.534854840103
-0.334499172401
-0.823936318513
0.457426766487
-0.751566348132
-0.618978582788
0.228064768005
-0.703583513852
-0.689625796396
0.171424910617
-0.465229808819
-0.866013762541
0.183252252581
-0.500014806166
-0.861799305305
0.085364811196
-0.563151605893
-0.809952895157
0.163818730330
-0.621509861201
-0.750644373242
0.224184114848
-0.673261575866
-0.683794813696
0.281324551406
-0.717754759360
-0.609562591650
0.336543536972
-0.389554222114
-0.754075439181
0.528788937154
-0.439619845711
-0.781459421851
0.442781620280
-0.485814631451
-0.799643396400
0.352922912918
-0.527319002431
-0.808857525233
0.260161821851
-0.583899868187
-0.743990505114
0.324867776536
-0.633339506574
-0.672136183362
0.383554455622
-0.674688453786
-0.593521063682
0.438780397573
-0.491068627220
-0.707004357129
0.508916930708
-0.539834151510
-0.729925670661
0.419270323507
-0.586564721074
-0.652899505105
0.479232787093
-0.624535345938
-0.569109744858
0.534854840103
-0.051793883134
-0.998657796079
0.000000000346
-0.382549802167
-0.847043350606
0.369016545777
-0.426212181823
-0.861050707095
0.277371332110
-0.351973687801
-0.936009894764
0.000000000658
-0.447256451184
-0.894405761875
0.000000000356
-0.399332875359
-0.911198438621
0.101245543667
-0.361348039883
-0.911433221391
0.196766554619
-0.320338663008
-0.901913169251
0.289716717007
-0.274973138878
-0.883216682701
0.379892174562
-0.000000000210
-0.994833188779
0.101523034349
-0.103076309018
-0.989454766221
0.101757260783
-0.204490080398
-0.973511530820
0.102269772556
-0.303134887375
-0.947410928075
0.102575696046
-0.259032091685
-0.944769832842
0.200779327694
-0.214069183614
-0.931259493426
0.294839177402
-0.165771523655
-0.908049023953
0.384664492829
-0.052288229392
-0.978185556584
0.201044666574
-0.156279695666
-0.966975360909
0.201333822586
-0.107331934213
-0.949081655908
0.296182150571
-0.055425600627
-0.920838910789
0.385984071138
0.051793883134
0.998657796079
0.000000000346
0.382549802167
0.847043350606
0.369016545777
0.426212181823
0.861050707095
0.277371332110
0.351973687801
0.936009894764
0.000000000658
0.447256451184
0.894405761875
0.000000000356
0.399332875359
0.911198438621
0.101245543667
0.361348039883
0.911433221391
0.196766554619
0.320338663008
0.901913169251
0.289716717007
0.274973138878
0.883216682701
0.379892174562
0.000000000210
0.994833188779
0.101523034349
0.103076309018
0.989454766221
0.101757260783
0.204490080398
0.973511530820
0.102269772556
0.303134887375
0.947410928075
0.102575696046
0.259032091685
0.944769832842
0.200779327694
0.214069183614
0.931259493426
0.294839177402
0.165771523655
0.908049023953
0.384664492829
0.052288229392
0.978185556584
0.201044666574
0.156279695666
0.966975360909
0.201333822586
0.107331934213
0.949081655908
0.296182150571
0.055425600627
0.920838910789
0.385984071138
-0.457426766273
-0.334499171840
-0.823936318859
-0.000000000304
-0.154485034654
-0.987995128565
0.000000000132
-0.254787270993
-0.966997128507
-0.183252252174
-0.465229807753
-0.866013763200
-0.085364810976
-0.500014805590
-0.861799305661
-0.101245543134
-0.399332875030
-0.911198438824
-0.102575696244
-0.303134887978
-0.947410927861
-0.102269773187
-0.204490080640
-0.973511530703
-0.101757261032
-0.103076308858
-0.989454766212
-0.466044251286
-0.225286501897
-0.855598473530
-0.379892174515
-0.274973139162
-0.883216682633
-0.289716717456
-0.320338663434
-0.901913168956
-0.196766555275
-0.361348039808
-0.911433221280
-0.200779327783
-0.259032091740
-0.944769832808
-0.201333822773
-0.156279696323
-0.966975360764
-0.201044666739
-0.052288230123
-0.978185556511
-0.384664493508
-0.165771523446
-0.908049023703
-0.294839178064
-0.214069183481
-0.931259493247
-0.296182151180
-0.107331934590
-0.949081655676
-0.296303565024
0.000000000280
-0.955093815996
0.791925938673
-0.541231029593
-0.282705288706
0.751566348436
-0.618978582600
0.228064767513
0.703583513721
-0.689625796478
0.171424910830
0.648482060993
-0.752757642183
-0.113256119952
0.585379617142
-0.809040950679
-0.052758354406
0.664397149027
-0.747379708291
0.000000000329
0.724085557445
-0.687249106543
0.058213151905
0.775531349053
-0.620588617845
0.115848582368
0.819512020392
-0.546673145730
0.171896830020
0.855598473400
-0.466044251625
-0.225286501688
0.819512020225
-0.546673145941
-0.171896830144
0.775531348907
-0.620588617903
-0.115848583036
0.724085557706
-0.687249106224
-0.058213152433
0.784679195970
-0.619902056306
-0.000000000055
0.834673329347
-0.547705037804
0.057789487291
0.875733120525
-0.469268626380
0.113483293532
0.875733120727
-0.469268625876
-0.113483294053
0.834673329574
-0.547705037403
-0.057789487815
0.882746872254
-0.469848868815
-0.000000000376
0.920838910962
-0.385984070686
0.055425600907
