0.678607271519
0.648599307984
0.344689873255
0.525731112119
0.850650808352
0.000000000000
0.000000000000
0.525731112119
-0.850650808352
-0.525731112119
0.850650808352
0.000000000000
0.000000000000
0.525731112119
0.850650808352
0.850650808352
-0.000000000000
0.525731112119
-0.850650808352
-0.000000000000
0.525731112119
-0.000000000000
-0.525731112119
0.850650808352
-0.850650808352
-0.000000000000
-0.525731112119
-0.525731112119
-0.850650808352
0.000000000000
0.850650808352
-0.000000000000
-0.525731112119
0.525731112119
-0.850650808352
0.000000000000
0.000000000000
-0.525731112119
-0.850650808352
0.139984538200
0.142681746666
-0.979819497782
-0.678607271519
0.648599307984
-0.344689873255
-0.139984538200
0.142681746666
0.979819497782
0.818591809719
0.562084105477
-0.118190132548
-0.260871879214
0.906773978732
-0.331220189798
-0.417735392305
0.487371619921
0.766789440532
0.766789440532
-0.417735392305
0.487371619921
-0.906773978732
-0.331220189798
0.260871879214
0.487371619921
0.766789440532
-0.417735392305
-0.118190132548
0.818591809719
0.562084105477
-0.344689873255
-0.678607271519
0.648599307984
0.979819497782
-0.139984538200
0.142681746666
0.344689873255
0.678607271519
0.648599307984
-0.331220189798
-0.260871879214
0.906773978732
0.331220189798
0.260871879214
0.906773978732
-0.142681746666
0.979819497782
0.139984538200
-0.562084105477
-0.118190132548
-0.818591809719
-0.648599307984
-0.344689873255
0.678607271519
-0.487371619921
0.766789440532
0.417735392305
-0.648599307984
0.344689873255
-0.678607271519
-0.142681746666
-0.979819497782
-0.139984538200
0.562084105477
-0.118190132548
0.818591809719
0.648599307984
-0.344689873255
-0.678607271519
0.142681746666
0.979819497782
-0.139984538200
0.648599307984
0.344689873255
0.678607271519
0.906773978732
-0.331220189798
-0.260871879214
-0.331220189798
0.260871879214
-0.906773978732
0.142681746666
-0.979819497782
0.139984538200
-0.979819497782
0.139984538200
0.142681746666
0.118190132548
-0.818591809719
0.562084105477
-0.766789440532
0.417735392305
0.487371619921
-0.487371619921
-0.766789440532
-0.417735392305
0.417735392305
-0.487371619921
0.766789440532
-0.562084105477
0.118190132548
0.818591809719
0.260871879214
-0.906773978732
-0.331220189798
0.906773978732
0.331220189798
0.260871879214
0.139984538200
-0.142681746666
0.979819497782
0.562084105477
0.118190132548
-0.818591809719
-0.818591809719
-0.562084105477
-0.118190132548
0.487371619921
-0.766789440532
0.417735392305
-0.417735392305
-0.487371619921
-0.766789440532
0.417735392305
0.487371619921
-0.766789440532
-0.766789440532
-0.417735392305
-0.487371619921
-0.818591809719
0.562084105477
0.118190132548
0.118190132548
0.818591809719
-0.562084105477
0.344689873255
-0.678607271519
-0.648599307984
-0.979819497782
-0.139984538200
-0.142681746666
-0.344689873255
0.678607271519
-0.648599307984
0.979819497782
0.139984538200
-0.142681746666
-0.118190132548
-0.818591809719
-0.562084105477
0.766789440532
0.417735392305
-0.487371619921
-0.906773978732
0.331220189798
-0.260871879214
0.331220189798
-0.260871879214
-0.906773978732
0.678607271519
-0.648599307984
-0.344689873255
-0.678607271519
-0.648599307984
0.344689873255
-0.260871879214
-0.906773978732
0.331220189798
0.260871879214
0.906773978732
0.331220189798
-0.139984538200
-0.142681746666
-0.979819497782
0.818591809719
-0.562084105477
0.118190132548
