0.570469555445
0.820211873390
0.042625920058
0.616568873171
0.781762631144
0.093220240201
0.657971472479
0.739510483108
0.142118917727
0.695530977100
0.692859573755
0.190216379288
0.729163981974
0.641818149481
0.237464419205
0.758584214840
0.586598482449
0.283640986785
0.783412037883
0.527643840294
0.328416742417
0.371442451142
0.803309062961
0.465537382875
0.412399262656
0.818036513403
0.400927812580
0.450986841228
0.827500302810
0.334445986504
0.486932916101
0.831776570529
0.266540938576
0.520045708865
0.831021921244
0.197370279181
0.549856316764
0.825703730807
0.125981664724
0.592882094905
0.785686596297
0.176599529844
0.632379644085
0.741248168517
0.225049191106
0.668140723836
0.692343656439
0.272485292338
0.699845777359
0.639148042072
0.318913261294
0.727135796566
0.581961675081
0.364134785607
0.407938528806
0.749604029581
0.521229273498
0.450028519146
0.766914109699
0.457511836239
0.490037620999
0.778932195622
0.391315428559
0.527570081409
0.785765062086
0.322866963944
0.562154110987
0.787754587363
0.251844129550
0.600595148280
0.740311617963
0.302033402410
0.635025750380
0.688667603303
0.349970325193
0.665143205319
0.632879890967
0.396292265920
0.690531153698
0.573215711396
0.441124102699
0.484370602295
0.710781415459
0.510073425176
0.525724963751
0.725691972300
0.443829273289
0.564689334948
0.735388637055
0.374605802794
0.597759867087
0.680782335810
0.423342122342
0.626307708211
0.622039994225
0.469898819130
0.514596912544
0.649832031224
0.559382113403
0.557366837282
0.667981396429
0.493095389071
0.584306593984
0.605947067495
0.539827709200
0.525731112119
0.850650808352
0.000000000000
0.000000000000
0.525731112119
-0.850650808352
-0.525731112119
0.850650808352
0.000000000000
0.000000000000
0.525731112119
0.850650808352
0.850650808352
-0.000000000000
0.525731112119
-0.850650808352
-0.000000000000
0.525731112119
-0.000000000000
-0.525731112119
0.850650808352
-0.850650808352
-0.000000000000
-0.525731112119
-0.525731112119
-0.850650808352
0.000000000000
0.850650808352
-0.000000000000
-0.525731112119
0.525731112119
-0.850650808352
0.000000000000
0.000000000000
-0.525731112119
-0.850650808352
0.002709723871
0.465967597125
-0.884797635522
0.008710260548
0.395318874050
-0.918502650612
0.014512190223
0.323892722679
-0.945982505404
0.020228177909
0.250496088201
-0.967906261275
0.025863475197
0.175185518510
-0.984195668937
0.031447171142
0.098332233733
-0.994656647912
0.037039620539
0.020576829263
-0.999101927036
0.439142580882
0.302339962399
-0.846016749712
0.370944967228
0.333903154444
-0.866549776262
0.300790722587
0.362876216393
-0.881955663728
0.229202786770
0.389180365597
-0.892190969227
0.156452951972
0.412922755503
-0.897227547397
0.082149634498
0.435102571835
-0.896625445509
0.089221483898
0.364123400749
-0.927067244507
0.094937079254
0.291741712907
-0.951773987842
0.100320826088
0.217408299539
-0.970911614486
0.105590966360
0.141360758665
-0.984310765832
0.110859379192
0.064052174055
-0.991769891176
0.449354460015
0.219767824172
-0.865899920732
0.382110084195
0.252624169484
-0.888916707318
0.312265307279
0.283081716673
-0.906837978668
0.240234577819
0.311235685963
-0.919467071408
0.166098680138
0.337669610046
-0.926493638892
0.172821452362
0.262313871303
-0.949380944893
0.178429058314
0.185924883218
-0.966227203586
0.183606216916
0.108323900094
-0.977013147188
0.188744715127
0.029793338975
-0.981574138547
0.390116304862
0.170318784119
-0.904876113320
0.320454094939
0.202724553462
-0.925317204239
0.247965379498
0.233140402409
-0.940297146297
0.253984349101
0.154375460485
-0.954808969172
0.259223205604
0.074751791398
-0.962920297511
0.396060320958
0.087014908819
-0.914092242504
0.326656734388
0.121624782281
-0.937284796747
0.331824435333
0.039746953229
-0.942503434384
-0.570469555445
0.820211873390
-0.042625920058
-0.616568873171
0.781762631144
-0.093220240201
-0.657971472479
0.739510483108
-0.142118917727
-0.695530977100
0.692859573755
-0.190216379288
-0.729163981974
0.641818149481
-0.237464419205
-0.758584214840
0.586598482449
-0.283640986785
-0.783412037883
0.527643840294
-0.328416742417
-0.371442451142
0.803309062961
-0.465537382875
-0.412399262656
0.818036513403
-0.400927812580
-0.450986841228
0.827500302810
-0.334445986504
-0.486932916101
0.831776570529
-0.266540938576
-0.520045708865
0.831021921244
-0.197370279181
-0.549856316764
0.825703730807
-0.125981664724
-0.592882094905
0.785686596297
-0.176599529844
-0.632379644085
0.741248168517
-0.225049191106
-0.668140723836
0.692343656439
-0.272485292338
-0.699845777359
0.639148042072
-0.318913261294
-0.727135796566
0.581961675081
-0.364134785607
-0.407938528806
0.749604029581
-0.521229273498
-0.450028519146
0.766914109699
-0.457511836239
-0.490037620999
0.778932195622
-0.391315428559
-0.527570081409
0.785765062086
-0.322866963944
-0.562154110987
0.787754587363
-0.251844129550
-0.600595148280
0.740311617963
-0.302033402410
-0.635025750380
0.688667603303
-0.349970325193
-0.665143205319
0.632879890967
-0.396292265920
-0.690531153698
0.573215711396
-0.441124102699
-0.484370602295
0.710781415459
-0.510073425176
-0.525724963751
0.725691972300
-0.443829273289
-0.564689334948
0.735388637055
-0.374605802794
-0.597759867087
0.680782335810
-0.423342122342
-0.626307708211
0.622039994225
-0.469898819130
-0.514596912544
0.649832031224
-0.559382113403
-0.557366837282
0.667981396429
-0.493095389071
-0.584306593984
0.605947067495
-0.539827709200
-0.002709723871
0.465967597125
0.884797635522
-0.008710260548
0.395318874050
0.918502650612
-0.014512190223
0.323892722679
0.945982505404
-0.020228177909
0.250496088201
0.967906261275
-0.025863475197
0.175185518510
0.984195668937
-0.031447171142
0.098332233733
0.994656647912
-0.037039620539
0.020576829263
0.999101927036
-0.439142580882
0.302339962399
0.846016749712
-0.370944967228
0.333903154444
0.866549776262
-0.300790722587
0.362876216393
0.881955663728
-0.229202786770
0.389180365597
0.892190969227
-0.156452951972
0.412922755503
0.897227547397
-0.082149634498
0.435102571835
0.896625445509
-0.089221483898
0.364123400749
0.927067244507
-0.094937079254
0.291741712907
0.951773987842
-0.100320826088
0.217408299539
0.970911614486
-0.105590966360
0.141360758665
0.984310765832
-0.110859379192
0.064052174055
0.991769891176
-0.449354460015
0.219767824172
0.865899920732
-0.382110084195
0.252624169484
0.888916707318
-0.312265307279
0.283081716673
0.906837978668
-0.240234577819
0.311235685963
0.919467071408
-0.166098680138
0.337669610046
0.926493638892
-0.172821452362
0.262313871303
0.949380944893
-0.178429058314
0.185924883218
0.966227203586
-0.183606216916
0.108323900094
0.977013147188
-0.188744715127
0.029793338975
0.981574138547
-0.390116304862
0.170318784119
0.904876113320
-0.320454094939
0.202724553462
0.925317204239
-0.247965379498
0.233140402409
0.940297146297
-0.253984349101
0.154375460485
0.954808969172
-0.259223205604
0.074751791398
0.962920297511
-0.396060320958
0.087014908819
0.914092242504
-0.326656734388
0.121624782281
0.937284796747
-0.331824435333
0.039746953229
0.942503434384
0.573179279316
0.818537171937
-0.038241494735
0.625279133719
0.776379394075
-0.079126742584
0.672483662702
0.730541456300
-0.118637700696
0.715759155009
0.680357872277
-0.157486499902
0.755027457171
0.625833642742
-0.195616437269
0.790031385982
0.567163061833
-0.232758395028
0.820451658422
0.504752095871
-0.268485377454
0.810585032024
0.531904022069
0.245010238900
0.783344229884
0.588779915700
0.199273752350
0.751777563815
0.641601412751
0.152243626142
0.716135702871
0.690121457989
0.104316960735
0.676498660837
0.734328679285
0.055775914750
0.632005951262
0.774932464524
0.006939236056
0.682103578803
0.730544686721
-0.032236136370
0.727316723339
0.682573826745
-0.071437770081
0.768461549924
0.630341976137
-0.110162785948
0.805436743719
0.573889235956
-0.148063488818
0.837995175757
0.513446810769
-0.184760542103
0.857292988821
0.471887700295
0.205841515803
0.832138603341
0.530757090223
0.160755267433
0.802302928278
0.585941622217
0.113940452126
0.767804659228
0.637291927721
0.065840748240
0.728252791125
0.685099957552
0.016909180400
0.773416600642
0.633502086418
-0.022402418503
0.813454808694
0.578392380684
-0.061266044260
0.848749422235
0.519405008367
-0.099211166404
0.879275868825
0.456565062251
-0.135728738426
0.874486907157
0.469676279489
0.121148015656
0.846179058689
0.527640449794
0.074676344156
0.812654714446
0.582137604491
0.026610609267
0.851744216188
0.523811375455
-0.012386812885
0.885530913815
0.461831242489
-0.050466861791
0.910657233502
0.405053291277
0.081456947502
0.884023571670
0.466096431923
0.035446309824
0.916131029317
0.400868288162
-0.002924494534
-0.504209091860
0.861163091995
-0.064585762132
-0.474445616634
0.869599634276
-0.136740019467
-0.442530423375
0.872660374027
-0.206472022295
-0.407982588103
0.870574251566
-0.275046687519
-0.370801955779
0.863298061947
-0.342377519456
-0.331090628761
0.850804048618
-0.408058165464
-0.289062206717
0.833168838287
-0.471458086742
-0.057329723499
0.997441404944
-0.042707686750
-0.134629402093
0.989707728281
-0.048513262859
-0.210632590251
0.976047399255
-0.054455360918
-0.284863404863
0.956662396564
-0.060414398698
-0.357146840753
0.931698958466
-0.066205626153
-0.428163335778
0.900914129248
-0.070921714703
-0.396359537119
0.907144216565
-0.141380648211
-0.363179482988
0.907623017852
-0.210525819325
-0.327571085487
0.902827268475
-0.278567958047
-0.289424247483
0.892802497250
-0.345162723760
-0.248812716158
0.877581596377
-0.409808216095
-0.013926308370
0.993116973793
-0.116295891151
-0.091868902051
0.988268926462
-0.122002597619
-0.169141264547
0.977257050776
-0.127905783046
-0.245394937722
0.960158891665
-0.133702009322
-0.320760429646
0.936944087101
-0.138739051529
-0.284716289806
0.935535488828
-0.209069326930
-0.247190927478
0.928362705877
-0.277559600283
-0.207535066498
0.915697274287
-0.344133256221
-0.165522077401
0.897689164949
-0.408358427151
-0.049170768463
0.979749704665
-0.194094697861
-0.128048209306
0.971469723083
-0.199625231939
-0.206529793142
0.956743407286
-0.204908509242
-0.166762273370
0.947153497797
-0.274026633362
-0.125218653189
0.931730061619
-0.340880303286
-0.005557961317
0.964435404680
-0.264260211280
-0.086178472458
0.959191820994
-0.269303400318
-0.042671447763
0.940695997362
-0.336556366888
-0.066260463585
0.508593517183
0.858453368125
-0.142123256537
0.488539114251
0.860889373728
-0.215441049104
0.466011640407
0.858148183804
-0.287548388997
0.440712467490
0.850346073657
-0.358362026196
0.412649937715
0.837434586750
-0.427493586079
0.381973220518
0.819356877477
-0.494349831166
0.348993571680
0.796129217748
-0.314112727643
0.767877345273
0.558298824062
-0.277769860562
0.734830967024
0.618762761053
-0.240354250977
0.697322202897
0.675256676668
-0.202069511239
0.655721304173
0.727459609794
-0.162898868112
0.610293034683
0.775246006494
-0.121692980986
0.561084236559
0.818764494750
-0.196522557786
0.540722930592
0.817922732667
-0.269200161097
0.516790904014
0.812685938598
-0.340569638349
0.489893591877
0.802506442387
-0.410421529876
0.460274019959
0.787211530889
-0.478323080407
0.428186959662
0.766722217185
-0.394012220436
0.740997097671
0.543762513778
-0.358159617095
0.710136005723
0.606158842267
-0.320896356452
0.674397145232
0.664991743497
-0.282175143687
0.634102649907
0.719924313846
-0.241393681340
0.589513739596
0.770845406963
-0.315878858475
0.564347273712
0.762714036466
-0.387834822902
0.535895208411
0.749933647563
-0.457608138821
0.504616166014
0.732091057371
-0.525009076296
0.470917441674
0.708944449822
-0.435199833831
0.680392209295
0.589633399803
-0.397676754445
0.646553826751
0.651015628144
-0.358159541806
0.607746205204
0.708778027787
-0.430997593717
0.577717582826
0.693169148696
-0.501089055022
0.544650610529
0.672506856015
-0.509038951227
0.646397022222
0.568375083722
-0.471188364824
0.614720171352
0.632535086606
-0.541635146222
0.579574662429
0.608871562029
0.858453368125
-0.066260463585
0.508593517183
0.860889373728
-0.142123256537
0.488539114251
0.858148183804
-0.215441049104
0.466011640407
0.850346073657
-0.287548388997
0.440712467490
0.837434586750
-0.358362026196
0.412649937715
0.819356877477
-0.427493586079
0.381973220518
0.796129217748
-0.494349831166
0.348993571680
0.558298824062
-0.314112727643
0.767877345273
0.618762761053
-0.277769860562
0.734830967024
0.675256676668
-0.240354250977
0.697322202897
0.727459609794
-0.202069511239
0.655721304173
0.775246006494
-0.162898868112
0.610293034683
0.818764494750
-0.121692980986
0.561084236559
0.817922732667
-0.196522557786
0.540722930592
0.812685938598
-0.269200161097
0.516790904014
0.802506442387
-0.340569638349
0.489893591877
0.787211530889
-0.410421529876
0.460274019959
0.766722217185
-0.478323080407
0.428186959662
0.543762513778
-0.394012220436
0.740997097671
0.606158842267
-0.358159617095
0.710136005723
0.664991743497
-0.320896356452
0.674397145232
0.719924313846
-0.282175143687
0.634102649907
0.770845406963
-0.241393681340
0.589513739596
0.762714036466
-0.315878858475
0.564347273712
0.749933647563
-0.387834822902
0.535895208411
0.732091057371
-0.457608138821
0.504616166014
0.708944449822
-0.525009076296
0.470917441674
0.589633399803
-0.435199833831
0.680392209295
0.651015628144
-0.397676754445
0.646553826751
0.708778027787
-0.358159541806
0.607746205204
0.693169148696
-0.430997593717
0.577717582826
0.672506856015
-0.501089055022
0.544650610529
0.568375083722
-0.509038951227
0.646397022222
0.632535086606
-0.471188364824
0.614720171352
0.608871562029
-0.541635146222
0.579574662429
-0.861163091995
-0.064585762132
0.504209091860
-0.869599634276
-0.136740019467
0.474445616634
-0.872660374027
-0.206472022295
0.442530423375
-0.870574251566
-0.275046687519
0.407982588103
-0.863298061947
-0.342377519456
0.370801955779
-0.850804048618
-0.408058165464
0.331090628761
-0.833168838287
-0.471458086742
0.289062206717
-0.997441404944
-0.042707686750
0.057329723499
-0.989707728281
-0.048513262859
0.134629402093
-0.976047399255
-0.054455360918
0.210632590251
-0.956662396564
-0.060414398698
0.284863404863
-0.931698958466
-0.066205626153
0.357146840753
-0.900914129248
-0.070921714703
0.428163335778
-0.907144216565
-0.141380648211
0.396359537119
-0.907623017852
-0.210525819325
0.363179482988
-0.902827268475
-0.278567958047
0.327571085487
-0.892802497250
-0.345162723760
0.289424247483
-0.877581596377
-0.409808216095
0.248812716158
-0.993116973793
-0.116295891151
0.013926308370
-0.988268926462
-0.122002597619
0.091868902051
-0.977257050776
-0.127905783046
0.169141264547
-0.960158891665
-0.133702009322
0.245394937722
-0.936944087101
-0.138739051529
0.320760429646
-0.935535488828
-0.209069326930
0.284716289806
-0.928362705877
-0.277559600283
0.247190927478
-0.915697274287
-0.344133256221
0.207535066498
-0.897689164949
-0.408358427151
0.165522077401
-0.979749704665
-0.194094697861
0.049170768463
-0.971469723083
-0.199625231939
0.128048209306
-0.956743407286
-0.204908509242
0.206529793142
-0.947153497797
-0.274026633362
0.166762273370
-0.931730061619
-0.340880303286
0.125218653189
-0.964435404680
-0.264260211280
0.005557961317
-0.959191820994
-0.269303400318
0.086178472458
-0.940695997362
-0.336556366888
0.042671447763
0.508593517183
0.858453368125
-0.066260463585
0.488539114251
0.860889373728
-0.142123256537
0.466011640407
0.858148183804
-0.215441049104
0.440712467490
0.850346073657
-0.287548388997
0.412649937715
0.837434586750
-0.358362026196
0.381973220518
0.819356877477
-0.427493586079
0.348993571680
0.796129217748
-0.494349831166
0.767877345273
0.558298824062
-0.314112727643
0.734830967024
0.618762761053
-0.277769860562
0.697322202897
0.675256676668
-0.240354250977
0.655721304173
0.727459609794
-0.202069511239
0.610293034683
0.775246006494
-0.162898868112
0.561084236559
0.818764494750
-0.121692980986
0.540722930592
0.817922732667
-0.196522557786
0.516790904014
0.812685938598
-0.269200161097
0.489893591877
0.802506442387
-0.340569638349
0.460274019959
0.787211530889
-0.410421529876
0.428186959662
0.766722217185
-0.478323080407
0.740997097671
0.543762513778
-0.394012220436
0.710136005723
0.606158842267
-0.358159617095
0.674397145232
0.664991743497
-0.320896356452
0.634102649907
0.719924313846
-0.282175143687
0.589513739596
0.770845406963
-0.241393681340
0.564347273712
0.762714036466
-0.315878858475
0.535895208411
0.749933647563
-0.387834822902
0.504616166014
0.732091057371
-0.457608138821
0.470917441674
0.708944449822
-0.525009076296
0.680392209295
0.589633399803
-0.435199833831
0.646553826751
0.651015628144
-0.397676754445
0.607746205204
0.708778027787
-0.358159541806
0.577717582826
0.693169148696
-0.430997593717
0.544650610529
0.672506856015
-0.501089055022
0.646397022222
0.568375083722
-0.509038951227
0.614720171352
0.632535086606
-0.471188364824
0.579574662429
0.608871562029
-0.541635146222
-0.038241494735
0.573179279316
0.818537171937
-0.079126742584
0.625279133719
0.776379394075
-0.118637700696
0.672483662702
0.730541456300
-0.157486499902
0.715759155009
0.680357872277
-0.195616437269
0.755027457171
0.625833642742
-0.232758395028
0.790031385982
0.567163061833
-0.268485377454
0.820451658422
0.504752095871
0.245010238900
0.810585032024
0.531904022069
0.199273752350
0.783344229884
0.588779915700
0.152243626142
0.751777563815
0.641601412751
0.104316960735
0.716135702871
0.690121457989
0.055775914750
0.676498660837
0.734328679285
0.006939236056
0.632005951262
0.774932464524
-0.032236136370
0.682103578803
0.730544686721
-0.071437770081
0.727316723339
0.682573826745
-0.110162785948
0.768461549924
0.630341976137
-0.148063488818
0.805436743719
0.573889235956
-0.184760542103
0.837995175757
0.513446810769
0.205841515803
0.857292988821
0.471887700295
0.160755267433
0.832138603341
0.530757090223
0.113940452126
0.802302928278
0.585941622217
0.065840748240
0.767804659228
0.637291927721
0.016909180400
0.728252791125
0.685099957552
-0.022402418503
0.773416600642
0.633502086418
-0.061266044260
0.813454808694
0.578392380684
-0.099211166404
0.848749422235
0.519405008367
-0.135728738426
0.879275868825
0.456565062251
0.121148015656
0.874486907157
0.469676279489
0.074676344156
0.846179058689
0.527640449794
0.026610609267
0.812654714446
0.582137604491
-0.012386812885
0.851744216188
0.523811375455
-0.050466861791
0.885530913815
0.461831242489
0.081456947502
0.910657233502
0.405053291277
0.035446309824
0.884023571670
0.466096431923
-0.002924494534
0.916131029317
0.400868288162
-0.042625920058
-0.570469555445
0.820211873390
-0.093220240201
-0.616568873171
0.781762631144
-0.142118917727
-0.657971472479
0.739510483108
-0.190216379288
-0.695530977100
0.692859573755
-0.237464419205
-0.729163981974
0.641818149481
-0.283640986785
-0.758584214840
0.586598482449
-0.328416742417
-0.783412037883
0.527643840294
-0.465537382875
-0.371442451142
0.803309062961
-0.400927812580
-0.412399262656
0.818036513403
-0.334445986504
-0.450986841228
0.827500302810
-0.266540938576
-0.486932916101
0.831776570529
-0.197370279181
-0.520045708865
0.831021921244
-0.125981664724
-0.549856316764
0.825703730807
-0.176599529844
-0.592882094905
0.785686596297
-0.225049191106
-0.632379644085
0.741248168517
-0.272485292338
-0.668140723836
0.692343656439
-0.318913261294
-0.699845777359
0.639148042072
-0.364134785607
-0.727135796566
0.581961675081
-0.521229273498
-0.407938528806
0.749604029581
-0.457511836239
-0.450028519146
0.766914109699
-0.391315428559
-0.490037620999
0.778932195622
-0.322866963944
-0.527570081409
0.785765062086
-0.251844129550
-0.562154110987
0.787754587363
-0.302033402410
-0.600595148280
0.740311617963
-0.349970325193
-0.635025750380
0.688667603303
-0.396292265920
-0.665143205319
0.632879890967
-0.441124102699
-0.690531153698
0.573215711396
-0.510073425176
-0.484370602295
0.710781415459
-0.443829273289
-0.525724963751
0.725691972300
-0.374605802794
-0.564689334948
0.735388637055
-0.423342122342
-0.597759867087
0.680782335810
-0.469898819130
-0.626307708211
0.622039994225
-0.559382113403
-0.514596912544
0.649832031224
-0.493095389071
-0.557366837282
0.667981396429
-0.539827709200
-0.584306593984
0.605947067495
0.884797635522
-0.002709723871
0.465967597125
0.918502650612
-0.008710260548
0.395318874050
0.945982505404
-0.014512190223
0.323892722679
0.967906261275
-0.020228177909
0.250496088201
0.984195668937
-0.025863475197
0.175185518510
0.994656647912
-0.031447171142
0.098332233733
0.999101927036
-0.037039620539
0.020576829263
0.846016749712
-0.439142580882
0.302339962399
0.866549776262
-0.370944967228
0.333903154444
0.881955663728
-0.300790722587
0.362876216393
0.892190969227
-0.229202786770
0.389180365597
0.897227547397
-0.156452951972
0.412922755503
0.896625445509
-0.082149634498
0.435102571835
0.927067244507
-0.089221483898
0.364123400749
0.951773987842
-0.094937079254
0.291741712907
0.970911614486
-0.100320826088
0.217408299539
0.984310765832
-0.105590966360
0.141360758665
0.991769891176
-0.110859379192
0.064052174055
0.865899920732
-0.449354460015
0.219767824172
0.888916707318
-0.382110084195
0.252624169484
0.906837978668
-0.312265307279
0.283081716673
0.919467071408
-0.240234577819
0.311235685963
0.926493638892
-0.166098680138
0.337669610046
0.949380944893
-0.172821452362
0.262313871303
0.966227203586
-0.178429058314
0.185924883218
0.977013147188
-0.183606216916
0.108323900094
0.981574138547
-0.188744715127
0.029793338975
0.904876113320
-0.390116304862
0.170318784119
0.925317204239
-0.320454094939
0.202724553462
0.940297146297
-0.247965379498
0.233140402409
0.954808969172
-0.253984349101
0.154375460485
0.962920297511
-0.259223205604
0.074751791398
0.914092242504
-0.396060320958
0.087014908819
0.937284796747
-0.326656734388
0.121624782281
0.942503434384
-0.331824435333
0.039746953229
0.042625920058
0.570469555445
0.820211873390
0.093220240201
0.616568873171
0.781762631144
0.142118917727
0.657971472479
0.739510483108
0.190216379288
0.695530977100
0.692859573755
0.237464419205
0.729163981974
0.641818149481
0.283640986785
0.758584214840
0.586598482449
0.328416742417
0.783412037883
0.527643840294
0.465537382875
0.371442451142
0.803309062961
0.400927812580
0.412399262656
0.818036513403
0.334445986504
0.450986841228
0.827500302810
0.266540938576
0.486932916101
0.831776570529
0.197370279181
0.520045708865
0.831021921244
0.125981664724
0.549856316764
0.825703730807
0.176599529844
0.592882094905
0.785686596297
0.225049191106
0.632379644085
0.741248168517
0.272485292338
0.668140723836
0.692343656439
0.318913261294
0.699845777359
0.639148042072
0.364134785607
0.727135796566
0.581961675081
0.521229273498
0.407938528806
0.749604029581
0.457511836239
0.450028519146
0.766914109699
0.391315428559
0.490037620999
0.778932195622
0.322866963944
0.527570081409
0.785765062086
0.251844129550
0.562154110987
0.787754587363
0.302033402410
0.600595148280
0.740311617963
0.349970325193
0.635025750380
0.688667603303
0.396292265920
0.665143205319
0.632879890967
0.441124102699
0.690531153698
0.573215711396
0.510073425176
0.484370602295
0.710781415459
0.443829273289
0.525724963751
0.725691972300
0.374605802794
0.564689334948
0.735388637055
0.423342122342
0.597759867087
0.680782335810
0.469898819130
0.626307708211
0.622039994225
0.559382113403
0.514596912544
0.649832031224
0.493095389071
0.557366837282
0.667981396429
0.539827709200
0.584306593984
0.605947067495
-0.064585762132
-0.504209091860
0.861163091995
-0.136740019467
-0.474445616634
0.869599634276
-0.206472022295
-0.442530423375
0.872660374027
-0.275046687519
-0.407982588103
0.870574251566
-0.342377519456
-0.370801955779
0.863298061947
-0.408058165464
-0.331090628761
0.850804048618
-0.471458086742
-0.289062206717
0.833168838287
-0.042707686750
-0.057329723499
0.997441404944
-0.048513262859
-0.134629402093
0.989707728281
-0.054455360918
-0.210632590251
0.976047399255
-0.060414398698
-0.284863404863
0.956662396564
-0.066205626153
-0.357146840753
0.931698958466
-0.070921714703
-0.428163335778
0.900914129248
-0.141380648211
-0.396359537119
0.907144216565
-0.210525819325
-0.363179482988
0.907623017852
-0.278567958047
-0.327571085487
0.902827268475
-0.345162723760
-0.289424247483
0.892802497250
-0.409808216095
-0.248812716158
0.877581596377
-0.116295891151
-0.013926308370
0.993116973793
-0.122002597619
-0.091868902051
0.988268926462
-0.127905783046
-0.169141264547
0.977257050776
-0.133702009322
-0.245394937722
0.960158891665
-0.138739051529
-0.320760429646
0.936944087101
-0.209069326930
-0.284716289806
0.935535488828
-0.277559600283
-0.247190927478
0.928362705877
-0.344133256221
-0.207535066498
0.915697274287
-0.408358427151
-0.165522077401
0.897689164949
-0.194094697861
-0.049170768463
0.979749704665
-0.199625231939
-0.128048209306
0.971469723083
-0.204908509242
-0.206529793142
0.956743407286
-0.274026633362
-0.166762273370
0.947153497797
-0.340880303286
-0.125218653189
0.931730061619
-0.264260211280
-0.005557961317
0.964435404680
-0.269303400318
-0.086178472458
0.959191820994
-0.336556366888
-0.042671447763
0.940695997362
0.064585762132
0.504209091860
0.861163091995
0.136740019467
0.474445616634
0.869599634276
0.206472022295
0.442530423375
0.872660374027
0.275046687519
0.407982588103
0.870574251566
0.342377519456
0.370801955779
0.863298061947
0.408058165464
0.331090628761
0.850804048618
0.471458086742
0.289062206717
0.833168838287
0.042707686750
0.057329723499
0.997441404944
0.048513262859
0.134629402093
0.989707728281
0.054455360918
0.210632590251
0.976047399255
0.060414398698
0.284863404863
0.956662396564
0.066205626153
0.357146840753
0.931698958466
0.070921714703
0.428163335778
0.900914129248
0.141380648211
0.396359537119
0.907144216565
0.210525819325
0.363179482988
0.907623017852
0.278567958047
0.327571085487
0.902827268475
0.345162723760
0.289424247483
0.892802497250
0.409808216095
0.248812716158
0.877581596377
0.116295891151
0.013926308370
0.993116973793
0.122002597619
0.091868902051
0.988268926462
0.127905783046
0.169141264547
0.977257050776
0.133702009322
0.245394937722
0.960158891665
0.138739051529
0.320760429646
0.936944087101
0.209069326930
0.284716289806
0.935535488828
0.277559600283
0.247190927478
0.928362705877
0.344133256221
0.207535066498
0.915697274287
0.408358427151
0.165522077401
0.897689164949
0.194094697861
0.049170768463
0.979749704665
0.199625231939
0.128048209306
0.971469723083
0.204908509242
0.206529793142
0.956743407286
0.274026633362
0.166762273370
0.947153497797
0.340880303286
0.125218653189
0.931730061619
0.264260211280
0.005557961317
0.964435404680
0.269303400318
0.086178472458
0.959191820994
0.336556366888
0.042671447763
0.940695997362
-0.465967597125
0.884797635522
0.002709723871
-0.395318874050
0.918502650612
0.008710260548
-0.323892722679
0.945982505404
0.014512190223
-0.250496088201
0.967906261275
0.020228177909
-0.175185518510
0.984195668937
0.025863475197
-0.098332233733
0.994656647912
0.031447171142
-0.020576829263
0.999101927036
0.037039620539
-0.302339962399
0.846016749712
0.439142580882
-0.333903154444
0.866549776262
0.370944967228
-0.362876216393
0.881955663728
0.300790722587
-0.389180365597
0.892190969227
0.229202786770
-0.412922755503
0.897227547397
0.156452951972
-0.435102571835
0.896625445509
0.082149634498
-0.364123400749
0.927067244507
0.089221483898
-0.291741712907
0.951773987842
0.094937079254
-0.217408299539
0.970911614486
0.100320826088
-0.141360758665
0.984310765832
0.105590966360
-0.064052174055
0.991769891176
0.110859379192
-0.219767824172
0.865899920732
0.449354460015
-0.252624169484
0.888916707318
0.382110084195
-0.283081716673
0.906837978668
0.312265307279
-0.311235685963
0.919467071408
0.240234577819
-0.337669610046
0.926493638892
0.166098680138
-0.262313871303
0.949380944893
0.172821452362
-0.185924883218
0.966227203586
0.178429058314
-0.108323900094
0.977013147188
0.183606216916
-0.029793338975
0.981574138547
0.188744715127
-0.170318784119
0.904876113320
0.390116304862
-0.202724553462
0.925317204239
0.320454094939
-0.233140402409
0.940297146297
0.247965379498
-0.154375460485
0.954808969172
0.253984349101
-0.074751791398
0.962920297511
0.259223205604
-0.087014908819
0.914092242504
0.396060320958
-0.121624782281
0.937284796747
0.326656734388
-0.039746953229
0.942503434384
0.331824435333
-0.818537171937
-0.038241494735
-0.573179279316
-0.776379394075
-0.079126742584
-0.625279133719
-0.730541456300
-0.118637700696
-0.672483662702
-0.680357872277
-0.157486499902
-0.715759155009
-0.625833642742
-0.195616437269
-0.755027457171
-0.567163061833
-0.232758395028
-0.790031385982
-0.504752095871
-0.268485377454
-0.820451658422
-0.531904022069
0.245010238900
-0.810585032024
-0.588779915700
0.199273752350
-0.783344229884
-0.641601412751
0.152243626142
-0.751777563815
-0.690121457989
0.104316960735
-0.716135702871
-0.734328679285
0.055775914750
-0.676498660837
-0.774932464524
0.006939236056
-0.632005951262
-0.730544686721
-0.032236136370
-0.682103578803
-0.682573826745
-0.071437770081
-0.727316723339
-0.630341976137
-0.110162785948
-0.768461549924
-0.573889235956
-0.148063488818
-0.805436743719
-0.513446810769
-0.184760542103
-0.837995175757
-0.471887700295
0.205841515803
-0.857292988821
-0.530757090223
0.160755267433
-0.832138603341
-0.585941622217
0.113940452126
-0.802302928278
-0.637291927721
0.065840748240
-0.767804659228
-0.685099957552
0.016909180400
-0.728252791125
-0.633502086418
-0.022402418503
-0.773416600642
-0.578392380684
-0.061266044260
-0.813454808694
-0.519405008367
-0.099211166404
-0.848749422235
-0.456565062251
-0.135728738426
-0.879275868825
-0.469676279489
0.121148015656
-0.874486907157
-0.527640449794
0.074676344156
-0.846179058689
-0.582137604491
0.026610609267
-0.812654714446
-0.523811375455
-0.012386812885
-0.851744216188
-0.461831242489
-0.050466861791
-0.885530913815
-0.405053291277
0.081456947502
-0.910657233502
-0.466096431923
0.035446309824
-0.884023571670
-0.400868288162
-0.002924494534
-0.916131029317
-0.820211873390
-0.042625920058
0.570469555445
-0.781762631144
-0.093220240201
0.616568873171
-0.739510483108
-0.142118917727
0.657971472479
-0.692859573755
-0.190216379288
0.695530977100
-0.641818149481
-0.237464419205
0.729163981974
-0.586598482449
-0.283640986785
0.758584214840
-0.527643840294
-0.328416742417
0.783412037883
-0.803309062961
-0.465537382875
0.371442451142
-0.818036513403
-0.400927812580
0.412399262656
-0.827500302810
-0.334445986504
0.450986841228
-0.831776570529
-0.266540938576
0.486932916101
-0.831021921244
-0.197370279181
0.520045708865
-0.825703730807
-0.125981664724
0.549856316764
-0.785686596297
-0.176599529844
0.592882094905
-0.741248168517
-0.225049191106
0.632379644085
-0.692343656439
-0.272485292338
0.668140723836
-0.639148042072
-0.318913261294
0.699845777359
-0.581961675081
-0.364134785607
0.727135796566
-0.749604029581
-0.521229273498
0.407938528806
-0.766914109699
-0.457511836239
0.450028519146
-0.778932195622
-0.391315428559
0.490037620999
-0.785765062086
-0.322866963944
0.527570081409
-0.787754587363
-0.251844129550
0.562154110987
-0.740311617963
-0.302033402410
0.600595148280
-0.688667603303
-0.349970325193
0.635025750380
-0.632879890967
-0.396292265920
0.665143205319
-0.573215711396
-0.441124102699
0.690531153698
-0.710781415459
-0.510073425176
0.484370602295
-0.725691972300
-0.443829273289
0.525724963751
-0.735388637055
-0.374605802794
0.564689334948
-0.680782335810
-0.423342122342
0.597759867087
-0.622039994225
-0.469898819130
0.626307708211
-0.649832031224
-0.559382113403
0.514596912544
-0.667981396429
-0.493095389071
0.557366837282
-0.605947067495
-0.539827709200
0.584306593984
-0.508593517183
0.858453368125
0.066260463585
-0.488539114251
0.860889373728
0.142123256537
-0.466011640407
0.858148183804
0.215441049104
-0.440712467490
0.850346073657
0.287548388997
-0.412649937715
0.837434586750
0.358362026196
-0.381973220518
0.819356877477
0.427493586079
-0.348993571680
0.796129217748
0.494349831166
-0.767877345273
0.558298824062
0.314112727643
-0.734830967024
0.618762761053
0.277769860562
-0.697322202897
0.675256676668
0.240354250977
-0.655721304173
0.727459609794
0.202069511239
-0.610293034683
0.775246006494
0.162898868112
-0.561084236559
0.818764494750
0.121692980986
-0.540722930592
0.817922732667
0.196522557786
-0.516790904014
0.812685938598
0.269200161097
-0.489893591877
0.802506442387
0.340569638349
-0.460274019959
0.787211530889
0.410421529876
-0.428186959662
0.766722217185
0.478323080407
-0.740997097671
0.543762513778
0.394012220436
-0.710136005723
0.606158842267
0.358159617095
-0.674397145232
0.664991743497
0.320896356452
-0.634102649907
0.719924313846
0.282175143687
-0.589513739596
0.770845406963
0.241393681340
-0.564347273712
0.762714036466
0.315878858475
-0.535895208411
0.749933647563
0.387834822902
-0.504616166014
0.732091057371
0.457608138821
-0.470917441674
0.708944449822
0.525009076296
-0.680392209295
0.589633399803
0.435199833831
-0.646553826751
0.651015628144
0.397676754445
-0.607746205204
0.708778027787
0.358159541806
-0.577717582826
0.693169148696
0.430997593717
-0.544650610529
0.672506856015
0.501089055022
-0.646397022222
0.568375083722
0.509038951227
-0.614720171352
0.632535086606
0.471188364824
-0.579574662429
0.608871562029
0.541635146222
-0.820211873390
0.042625920058
-0.570469555445
-0.781762631144
0.093220240201
-0.616568873171
-0.739510483108
0.142118917727
-0.657971472479
-0.692859573755
0.190216379288
-0.695530977100
-0.641818149481
0.237464419205
-0.729163981974
-0.586598482449
0.283640986785
-0.758584214840
-0.527643840294
0.328416742417
-0.783412037883
-0.803309062961
0.465537382875
-0.371442451142
-0.818036513403
0.400927812580
-0.412399262656
-0.827500302810
0.334445986504
-0.450986841228
-0.831776570529
0.266540938576
-0.486932916101
-0.831021921244
0.197370279181
-0.520045708865
-0.825703730807
0.125981664724
-0.549856316764
-0.785686596297
0.176599529844
-0.592882094905
-0.741248168517
0.225049191106
-0.632379644085
-0.692343656439
0.272485292338
-0.668140723836
-0.639148042072
0.318913261294
-0.699845777359
-0.581961675081
0.364134785607
-0.727135796566
-0.749604029581
0.521229273498
-0.407938528806
-0.766914109699
0.457511836239
-0.450028519146
-0.778932195622
0.391315428559
-0.490037620999
-0.785765062086
0.322866963944
-0.527570081409
-0.787754587363
0.251844129550
-0.562154110987
-0.740311617963
0.302033402410
-0.600595148280
-0.688667603303
0.349970325193
-0.635025750380
-0.632879890967
0.396292265920
-0.665143205319
-0.573215711396
0.441124102699
-0.690531153698
-0.710781415459
0.510073425176
-0.484370602295
-0.725691972300
0.443829273289
-0.525724963751
-0.735388637055
0.374605802794
-0.564689334948
-0.680782335810
0.423342122342
-0.597759867087
-0.622039994225
0.469898819130
-0.626307708211
-0.649832031224
0.559382113403
-0.514596912544
-0.667981396429
0.493095389071
-0.557366837282
-0.605947067495
0.539827709200
-0.584306593984
-0.465967597125
-0.884797635522
-0.002709723871
-0.395318874050
-0.918502650612
-0.008710260548
-0.323892722679
-0.945982505404
-0.014512190223
-0.250496088201
-0.967906261275
-0.020228177909
-0.175185518510
-0.984195668937
-0.025863475197
-0.098332233733
-0.994656647912
-0.031447171142
-0.020576829263
-0.999101927036
-0.037039620539
-0.302339962399
-0.846016749712
-0.439142580882
-0.333903154444
-0.866549776262
-0.370944967228
-0.362876216393
-0.881955663728
-0.300790722587
-0.389180365597
-0.892190969227
-0.229202786770
-0.412922755503
-0.897227547397
-0.156452951972
-0.435102571835
-0.896625445509
-0.082149634498
-0.364123400749
-0.927067244507
-0.089221483898
-0.291741712907
-0.951773987842
-0.094937079254
-0.217408299539
-0.970911614486
-0.100320826088
-0.141360758665
-0.984310765832
-0.105590966360
-0.064052174055
-0.991769891176
-0.110859379192
-0.219767824172
-0.865899920732
-0.449354460015
-0.252624169484
-0.888916707318
-0.382110084195
-0.283081716673
-0.906837978668
-0.312265307279
-0.311235685963
-0.919467071408
-0.240234577819
-0.337669610046
-0.926493638892
-0.166098680138
-0.262313871303
-0.949380944893
-0.172821452362
-0.185924883218
-0.966227203586
-0.178429058314
-0.108323900094
-0.977013147188
-0.183606216916
-0.029793338975
-0.981574138547
-0.188744715127
-0.170318784119
-0.904876113320
-0.390116304862
-0.202724553462
-0.925317204239
-0.320454094939
-0.233140402409
-0.940297146297
-0.247965379498
-0.154375460485
-0.954808969172
-0.253984349101
-0.074751791398
-0.962920297511
-0.259223205604
-0.087014908819
-0.914092242504
-0.396060320958
-0.121624782281
-0.937284796747
-0.326656734388
-0.039746953229
-0.942503434384
-0.331824435333
0.818537171937
-0.038241494735
0.573179279316
0.776379394075
-0.079126742584
0.625279133719
0.730541456300
-0.118637700696
0.672483662702
0.680357872277
-0.157486499902
0.715759155009
0.625833642742
-0.195616437269
0.755027457171
0.567163061833
-0.232758395028
0.790031385982
0.504752095871
-0.268485377454
0.820451658422
0.531904022069
0.245010238900
0.810585032024
0.588779915700
0.199273752350
0.783344229884
0.641601412751
0.152243626142
0.751777563815
0.690121457989
0.104316960735
0.716135702871
0.734328679285
0.055775914750
0.676498660837
0.774932464524
0.006939236056
0.632005951262
0.730544686721
-0.032236136370
0.682103578803
0.682573826745
-0.071437770081
0.727316723339
0.630341976137
-0.110162785948
0.768461549924
0.573889235956
-0.148063488818
0.805436743719
0.513446810769
-0.184760542103
0.837995175757
0.471887700295
0.205841515803
0.857292988821
0.530757090223
0.160755267433
0.832138603341
0.585941622217
0.113940452126
0.802302928278
0.637291927721
0.065840748240
0.767804659228
0.685099957552
0.016909180400
0.728252791125
0.633502086418
-0.022402418503
0.773416600642
0.578392380684
-0.061266044260
0.813454808694
0.519405008367
-0.099211166404
0.848749422235
0.456565062251
-0.135728738426
0.879275868825
0.469676279489
0.121148015656
0.874486907157
0.527640449794
0.074676344156
0.846179058689
0.582137604491
0.026610609267
0.812654714446
0.523811375455
-0.012386812885
0.851744216188
0.461831242489
-0.050466861791
0.885530913815
0.405053291277
0.081456947502
0.910657233502
0.466096431923
0.035446309824
0.884023571670
0.400868288162
-0.002924494534
0.916131029317
0.820211873390
-0.042625920058
-0.570469555445
0.781762631144
-0.093220240201
-0.616568873171
0.739510483108
-0.142118917727
-0.657971472479
0.692859573755
-0.190216379288
-0.695530977100
0.641818149481
-0.237464419205
-0.729163981974
0.586598482449
-0.283640986785
-0.758584214840
0.527643840294
-0.328416742417
-0.783412037883
0.803309062961
-0.465537382875
-0.371442451142
0.818036513403
-0.400927812580
-0.412399262656
0.827500302810
-0.334445986504
-0.450986841228
0.831776570529
-0.266540938576
-0.486932916101
0.831021921244
-0.197370279181
-0.520045708865
0.825703730807
-0.125981664724
-0.549856316764
0.785686596297
-0.176599529844
-0.592882094905
0.741248168517
-0.225049191106
-0.632379644085
0.692343656439
-0.272485292338
-0.668140723836
0.639148042072
-0.318913261294
-0.699845777359
0.581961675081
-0.364134785607
-0.727135796566
0.749604029581
-0.521229273498
-0.407938528806
0.766914109699
-0.457511836239
-0.450028519146
0.778932195622
-0.391315428559
-0.490037620999
0.785765062086
-0.322866963944
-0.527570081409
0.787754587363
-0.251844129550
-0.562154110987
0.740311617963
-0.302033402410
-0.600595148280
0.688667603303
-0.349970325193
-0.635025750380
0.632879890967
-0.396292265920
-0.665143205319
0.573215711396
-0.441124102699
-0.690531153698
0.710781415459
-0.510073425176
-0.484370602295
0.725691972300
-0.443829273289
-0.525724963751
0.735388637055
-0.374605802794
-0.564689334948
0.680782335810
-0.423342122342
-0.597759867087
0.622039994225
-0.469898819130
-0.626307708211
0.649832031224
-0.559382113403
-0.514596912544
0.667981396429
-0.493095389071
-0.557366837282
0.605947067495
-0.539827709200
-0.584306593984
0.465967597125
0.884797635522
-0.002709723871
0.395318874050
0.918502650612
-0.008710260548
0.323892722679
0.945982505404
-0.014512190223
0.250496088201
0.967906261275
-0.020228177909
0.175185518510
0.984195668937
-0.025863475197
0.098332233733
0.994656647912
-0.031447171142
0.020576829263
0.999101927036
-0.037039620539
0.302339962399
0.846016749712
-0.439142580882
0.333903154444
0.866549776262
-0.370944967228
0.362876216393
0.881955663728
-0.300790722587
0.389180365597
0.892190969227
-0.229202786770
0.412922755503
0.897227547397
-0.156452951972
0.435102571835
0.896625445509
-0.082149634498
0.364123400749
0.927067244507
-0.089221483898
0.291741712907
0.951773987842
-0.094937079254
0.217408299539
0.970911614486
-0.100320826088
0.141360758665
0.984310765832
-0.105590966360
0.064052174055
0.991769891176
-0.110859379192
0.219767824172
0.865899920732
-0.449354460015
0.252624169484
0.888916707318
-0.382110084195
0.283081716673
0.906837978668
-0.312265307279
0.311235685963
0.919467071408
-0.240234577819
0.337669610046
0.926493638892
-0.166098680138
0.262313871303
0.949380944893
-0.172821452362
0.185924883218
0.966227203586
-0.178429058314
0.108323900094
0.977013147188
-0.183606216916
0.029793338975
0.981574138547
-0.188744715127
0.170318784119
0.904876113320
-0.390116304862
0.202724553462
0.925317204239
-0.320454094939
0.233140402409
0.940297146297
-0.247965379498
0.154375460485
0.954808969172
-0.253984349101
0.074751791398
0.962920297511
-0.259223205604
0.087014908819
0.914092242504
-0.396060320958
0.121624782281
0.937284796747
-0.326656734388
0.039746953229
0.942503434384
-0.331824435333
0.820211873390
0.042625920058
0.570469555445
0.781762631144
0.093220240201
0.616568873171
0.739510483108
0.142118917727
0.657971472479
0.692859573755
0.190216379288
0.695530977100
0.641818149481
0.237464419205
0.729163981974
0.586598482449
0.283640986785
0.758584214840
0.527643840294
0.328416742417
0.783412037883
0.803309062961
0.465537382875
0.371442451142
0.818036513403
0.400927812580
0.412399262656
0.827500302810
0.334445986504
0.450986841228
0.831776570529
0.266540938576
0.486932916101
0.831021921244
0.197370279181
0.520045708865
0.825703730807
0.125981664724
0.549856316764
0.785686596297
0.176599529844
0.592882094905
0.741248168517
0.225049191106
0.632379644085
0.692343656439
0.272485292338
0.668140723836
0.639148042072
0.318913261294
0.699845777359
0.581961675081
0.364134785607
0.727135796566
0.749604029581
0.521229273498
0.407938528806
0.766914109699
0.457511836239
0.450028519146
0.778932195622
0.391315428559
0.490037620999
0.785765062086
0.322866963944
0.527570081409
0.787754587363
0.251844129550
0.562154110987
0.740311617963
0.302033402410
0.600595148280
0.688667603303
0.349970325193
0.635025750380
0.632879890967
0.396292265920
0.665143205319
0.573215711396
0.441124102699
0.690531153698
0.710781415459
0.510073425176
0.484370602295
0.725691972300
0.443829273289
0.525724963751
0.735388637055
0.374605802794
0.564689334948
0.680782335810
0.423342122342
0.597759867087
0.622039994225
0.469898819130
0.626307708211
0.649832031224
0.559382113403
0.514596912544
0.667981396429
0.493095389071
0.557366837282
0.605947067495
0.539827709200
0.584306593984
0.861163091995
-0.064585762132
-0.504209091860
0.869599634276
-0.136740019467
-0.474445616634
0.872660374027
-0.206472022295
-0.442530423375
0.870574251566
-0.275046687519
-0.407982588103
0.863298061947
-0.342377519456
-0.370801955779
0.850804048618
-0.408058165464
-0.331090628761
0.833168838287
-0.471458086742
-0.289062206717
0.997441404944
-0.042707686750
-0.057329723499
0.989707728281
-0.048513262859
-0.134629402093
0.976047399255
-0.054455360918
-0.210632590251
0.956662396564
-0.060414398698
-0.284863404863
0.931698958466
-0.066205626153
-0.357146840753
0.900914129248
-0.070921714703
-0.428163335778
0.907144216565
-0.141380648211
-0.396359537119
0.907623017852
-0.210525819325
-0.363179482988
0.902827268475
-0.278567958047
-0.327571085487
0.892802497250
-0.345162723760
-0.289424247483
0.877581596377
-0.409808216095
-0.248812716158
0.993116973793
-0.116295891151
-0.013926308370
0.988268926462
-0.122002597619
-0.091868902051
0.977257050776
-0.127905783046
-0.169141264547
0.960158891665
-0.133702009322
-0.245394937722
0.936944087101
-0.138739051529
-0.320760429646
0.935535488828
-0.209069326930
-0.284716289806
0.928362705877
-0.277559600283
-0.247190927478
0.915697274287
-0.344133256221
-0.207535066498
0.897689164949
-0.408358427151
-0.165522077401
0.979749704665
-0.194094697861
-0.049170768463
0.971469723083
-0.199625231939
-0.128048209306
0.956743407286
-0.204908509242
-0.206529793142
0.947153497797
-0.274026633362
-0.166762273370
0.931730061619
-0.340880303286
-0.125218653189
0.964435404680
-0.264260211280
-0.005557961317
0.959191820994
-0.269303400318
-0.086178472458
0.940695997362
-0.336556366888
-0.042671447763
-0.064585762132
0.504209091860
-0.861163091995
-0.136740019467
0.474445616634
-0.869599634276
-0.206472022295
0.442530423375
-0.872660374027
-0.275046687519
0.407982588103
-0.870574251566
-0.342377519456
0.370801955779
-0.863298061947
-0.408058165464
0.331090628761
-0.850804048618
-0.471458086742
0.289062206717
-0.833168838287
-0.042707686750
0.057329723499
-0.997441404944
-0.048513262859
0.134629402093
-0.989707728281
-0.054455360918
0.210632590251
-0.976047399255
-0.060414398698
0.284863404863
-0.956662396564
-0.066205626153
0.357146840753
-0.931698958466
-0.070921714703
0.428163335778
-0.900914129248
-0.141380648211
0.396359537119
-0.907144216565
-0.210525819325
0.363179482988
-0.907623017852
-0.278567958047
0.327571085487
-0.902827268475
-0.345162723760
0.289424247483
-0.892802497250
-0.409808216095
0.248812716158
-0.877581596377
-0.116295891151
0.013926308370
-0.993116973793
-0.122002597619
0.091868902051
-0.988268926462
-0.127905783046
0.169141264547
-0.977257050776
-0.133702009322
0.245394937722
-0.960158891665
-0.138739051529
0.320760429646
-0.936944087101
-0.209069326930
0.284716289806
-0.935535488828
-0.277559600283
0.247190927478
-0.928362705877
-0.344133256221
0.207535066498
-0.915697274287
-0.408358427151
0.165522077401
-0.897689164949
-0.194094697861
0.049170768463
-0.979749704665
-0.199625231939
0.128048209306
-0.971469723083
-0.204908509242
0.206529793142
-0.956743407286
-0.274026633362
0.166762273370
-0.947153497797
-0.340880303286
0.125218653189
-0.931730061619
-0.264260211280
0.005557961317
-0.964435404680
-0.269303400318
0.086178472458
-0.959191820994
-0.336556366888
0.042671447763
-0.940695997362
0.465967597125
-0.884797635522
0.002709723871
0.395318874050
-0.918502650612
0.008710260548
0.323892722679
-0.945982505404
0.014512190223
0.250496088201
-0.967906261275
0.020228177909
0.175185518510
-0.984195668937
0.025863475197
0.098332233733
-0.994656647912
0.031447171142
0.020576829263
-0.999101927036
0.037039620539
0.302339962399
-0.846016749712
0.439142580882
0.333903154444
-0.866549776262
0.370944967228
0.362876216393
-0.881955663728
0.300790722587
0.389180365597
-0.892190969227
0.229202786770
0.412922755503
-0.897227547397
0.156452951972
0.435102571835
-0.896625445509
0.082149634498
0.364123400749
-0.927067244507
0.089221483898
0.291741712907
-0.951773987842
0.094937079254
0.217408299539
-0.970911614486
0.100320826088
0.141360758665
-0.984310765832
0.105590966360
0.064052174055
-0.991769891176
0.110859379192
0.219767824172
-0.865899920732
0.449354460015
0.252624169484
-0.888916707318
0.382110084195
0.283081716673
-0.906837978668
0.312265307279
0.311235685963
-0.919467071408
0.240234577819
0.337669610046
-0.926493638892
0.166098680138
0.262313871303
-0.949380944893
0.172821452362
0.185924883218
-0.966227203586
0.178429058314
0.108323900094
-0.977013147188
0.183606216916
0.029793338975
-0.981574138547
0.188744715127
0.170318784119
-0.904876113320
0.390116304862
0.202724553462
-0.925317204239
0.320454094939
0.233140402409
-0.940297146297
0.247965379498
0.154375460485
-0.954808969172
0.253984349101
0.074751791398
-0.962920297511
0.259223205604
0.087014908819
-0.914092242504
0.396060320958
0.121624782281
-0.937284796747
0.326656734388
0.039746953229
-0.942503434384
0.331824435333
-0.884797635522
0.002709723871
0.465967597125
-0.918502650612
0.008710260548
0.395318874050
-0.945982505404
0.014512190223
0.323892722679
-0.967906261275
0.020228177909
0.250496088201
-0.984195668937
0.025863475197
0.175185518510
-0.994656647912
0.031447171142
0.098332233733
-0.999101927036
0.037039620539
0.020576829263
-0.846016749712
0.439142580882
0.302339962399
-0.866549776262
0.370944967228
0.333903154444
-0.881955663728
0.300790722587
0.362876216393
-0.892190969227
0.229202786770
0.389180365597
-0.897227547397
0.156452951972
0.412922755503
-0.896625445509
0.082149634498
0.435102571835
-0.927067244507
0.089221483898
0.364123400749
-0.951773987842
0.094937079254
0.291741712907
-0.970911614486
0.100320826088
0.217408299539
-0.984310765832
0.105590966360
0.141360758665
-0.991769891176
0.110859379192
0.064052174055
-0.865899920732
0.449354460015
0.219767824172
-0.888916707318
0.382110084195
0.252624169484
-0.906837978668
0.312265307279
0.283081716673
-0.919467071408
0.240234577819
0.311235685963
-0.926493638892
0.166098680138
0.337669610046
-0.949380944893
0.172821452362
0.262313871303
-0.966227203586
0.178429058314
0.185924883218
-0.977013147188
0.183606216916
0.108323900094
-0.981574138547
0.188744715127
0.029793338975
-0.904876113320
0.390116304862
0.170318784119
-0.925317204239
0.320454094939
0.202724553462
-0.940297146297
0.247965379498
0.233140402409
-0.954808969172
0.253984349101
0.154375460485
-0.962920297511
0.259223205604
0.074751791398
-0.914092242504
0.396060320958
0.087014908819
-0.937284796747
0.326656734388
0.121624782281
-0.942503434384
0.331824435333
0.039746953229
0.038241494735
-0.573179279316
0.818537171937
0.079126742584
-0.625279133719
0.776379394075
0.118637700696
-0.672483662702
0.730541456300
0.157486499902
-0.715759155009
0.680357872277
0.195616437269
-0.755027457171
0.625833642742
0.232758395028
-0.790031385982
0.567163061833
0.268485377454
-0.820451658422
0.504752095871
-0.245010238900
-0.810585032024
0.531904022069
-0.199273752350
-0.783344229884
0.588779915700
-0.152243626142
-0.751777563815
0.641601412751
-0.104316960735
-0.716135702871
0.690121457989
-0.055775914750
-0.676498660837
0.734328679285
-0.006939236056
-0.632005951262
0.774932464524
0.032236136370
-0.682103578803
0.730544686721
0.071437770081
-0.727316723339
0.682573826745
0.110162785948
-0.768461549924
0.630341976137
0.148063488818
-0.805436743719
0.573889235956
0.184760542103
-0.837995175757
0.513446810769
-0.205841515803
-0.857292988821
0.471887700295
-0.160755267433
-0.832138603341
0.530757090223
-0.113940452126
-0.802302928278
0.585941622217
-0.065840748240
-0.767804659228
0.637291927721
-0.016909180400
-0.728252791125
0.685099957552
0.022402418503
-0.773416600642
0.633502086418
0.061266044260
-0.813454808694
0.578392380684
0.099211166404
-0.848749422235
0.519405008367
0.135728738426
-0.879275868825
0.456565062251
-0.121148015656
-0.874486907157
0.469676279489
-0.074676344156
-0.846179058689
0.527640449794
-0.026610609267
-0.812654714446
0.582137604491
0.012386812885
-0.851744216188
0.523811375455
0.050466861791
-0.885530913815
0.461831242489
-0.081456947502
-0.910657233502
0.405053291277
-0.035446309824
-0.884023571670
0.466096431923
0.002924494534
-0.916131029317
0.400868288162
-0.858453368125
0.066260463585
0.508593517183
-0.860889373728
0.142123256537
0.488539114251
-0.858148183804
0.215441049104
0.466011640407
-0.850346073657
0.287548388997
0.440712467490
-0.837434586750
0.358362026196
0.412649937715
-0.819356877477
0.427493586079
0.381973220518
-0.796129217748
0.494349831166
0.348993571680
-0.558298824062
0.314112727643
0.767877345273
-0.618762761053
0.277769860562
0.734830967024
-0.675256676668
0.240354250977
0.697322202897
-0.727459609794
0.202069511239
0.655721304173
-0.775246006494
0.162898868112
0.610293034683
-0.818764494750
0.121692980986
0.561084236559
-0.817922732667
0.196522557786
0.540722930592
-0.812685938598
0.269200161097
0.516790904014
-0.802506442387
0.340569638349
0.489893591877
-0.787211530889
0.410421529876
0.460274019959
-0.766722217185
0.478323080407
0.428186959662
-0.543762513778
0.394012220436
0.740997097671
-0.606158842267
0.358159617095
0.710136005723
-0.664991743497
0.320896356452
0.674397145232
-0.719924313846
0.282175143687
0.634102649907
-0.770845406963
0.241393681340
0.589513739596
-0.762714036466
0.315878858475
0.564347273712
-0.749933647563
0.387834822902
0.535895208411
-0.732091057371
0.457608138821
0.504616166014
-0.708944449822
0.525009076296
0.470917441674
-0.589633399803
0.435199833831
0.680392209295
-0.651015628144
0.397676754445
0.646553826751
-0.708778027787
0.358159541806
0.607746205204
-0.693169148696
0.430997593717
0.577717582826
-0.672506856015
0.501089055022
0.544650610529
-0.568375083722
0.509038951227
0.646397022222
-0.632535086606
0.471188364824
0.614720171352
-0.608871562029
0.541635146222
0.579574662429
-0.508593517183
-0.858453368125
-0.066260463585
-0.488539114251
-0.860889373728
-0.142123256537
-0.466011640407
-0.858148183804
-0.215441049104
-0.440712467490
-0.850346073657
-0.287548388997
-0.412649937715
-0.837434586750
-0.358362026196
-0.381973220518
-0.819356877477
-0.427493586079
-0.348993571680
-0.796129217748
-0.494349831166
-0.767877345273
-0.558298824062
-0.314112727643
-0.734830967024
-0.618762761053
-0.277769860562
-0.697322202897
-0.675256676668
-0.240354250977
-0.655721304173
-0.727459609794
-0.202069511239
-0.610293034683
-0.775246006494
-0.162898868112
-0.561084236559
-0.818764494750
-0.121692980986
-0.540722930592
-0.817922732667
-0.196522557786
-0.516790904014
-0.812685938598
-0.269200161097
-0.489893591877
-0.802506442387
-0.340569638349
-0.460274019959
-0.787211530889
-0.410421529876
-0.428186959662
-0.766722217185
-0.478323080407
-0.740997097671
-0.543762513778
-0.394012220436
-0.710136005723
-0.606158842267
-0.358159617095
-0.674397145232
-0.664991743497
-0.320896356452
-0.634102649907
-0.719924313846
-0.282175143687
-0.589513739596
-0.770845406963
-0.241393681340
-0.564347273712
-0.762714036466
-0.315878858475
-0.535895208411
-0.749933647563
-0.387834822902
-0.504616166014
-0.732091057371
-0.457608138821
-0.470917441674
-0.708944449822
-0.525009076296
-0.680392209295
-0.589633399803
-0.435199833831
-0.646553826751
-0.651015628144
-0.397676754445
-0.607746205204
-0.708778027787
-0.358159541806
-0.577717582826
-0.693169148696
-0.430997593717
-0.544650610529
-0.672506856015
-0.501089055022
-0.646397022222
-0.568375083722
-0.509038951227
-0.614720171352
-0.632535086606
-0.471188364824
-0.579574662429
-0.608871562029
-0.541635146222
0.066260463585
-0.508593517183
0.858453368125
0.142123256537
-0.488539114251
0.860889373728
0.215441049104
-0.466011640407
0.858148183804
0.287548388997
-0.440712467490
0.850346073657
0.358362026196
-0.412649937715
0.837434586750
0.427493586079
-0.381973220518
0.819356877477
0.494349831166
-0.348993571680
0.796129217748
0.314112727643
-0.767877345273
0.558298824062
0.277769860562
-0.734830967024
0.618762761053
0.240354250977
-0.697322202897
0.675256676668
0.202069511239
-0.655721304173
0.727459609794
0.162898868112
-0.610293034683
0.775246006494
0.121692980986
-0.561084236559
0.818764494750
0.196522557786
-0.540722930592
0.817922732667
0.269200161097
-0.516790904014
0.812685938598
0.340569638349
-0.489893591877
0.802506442387
0.410421529876
-0.460274019959
0.787211530889
0.478323080407
-0.428186959662
0.766722217185
0.394012220436
-0.740997097671
0.543762513778
0.358159617095
-0.710136005723
0.606158842267
0.320896356452
-0.674397145232
0.664991743497
0.282175143687
-0.634102649907
0.719924313846
0.241393681340
-0.589513739596
0.770845406963
0.315878858475
-0.564347273712
0.762714036466
0.387834822902
-0.535895208411
0.749933647563
0.457608138821
-0.504616166014
0.732091057371
0.525009076296
-0.470917441674
0.708944449822
0.435199833831
-0.680392209295
0.589633399803
0.397676754445
-0.646553826751
0.651015628144
0.358159541806
-0.607746205204
0.708778027787
0.430997593717
-0.577717582826
0.693169148696
0.501089055022
-0.544650610529
0.672506856015
0.509038951227
-0.646397022222
0.568375083722
0.471188364824
-0.614720171352
0.632535086606
0.541635146222
-0.579574662429
0.608871562029
-0.818537171937
0.038241494735
0.573179279316
-0.776379394075
0.079126742584
0.625279133719
-0.730541456300
0.118637700696
0.672483662702
-0.680357872277
0.157486499902
0.715759155009
-0.625833642742
0.195616437269
0.755027457171
-0.567163061833
0.232758395028
0.790031385982
-0.504752095871
0.268485377454
0.820451658422
-0.531904022069
-0.245010238900
0.810585032024
-0.588779915700
-0.199273752350
0.783344229884
-0.641601412751
-0.152243626142
0.751777563815
-0.690121457989
-0.104316960735
0.716135702871
-0.734328679285
-0.055775914750
0.676498660837
-0.774932464524
-0.006939236056
0.632005951262
-0.730544686721
0.032236136370
0.682103578803
-0.682573826745
0.071437770081
0.727316723339
-0.630341976137
0.110162785948
0.768461549924
-0.573889235956
0.148063488818
0.805436743719
-0.513446810769
0.184760542103
0.837995175757
-0.471887700295
-0.205841515803
0.857292988821
-0.530757090223
-0.160755267433
0.832138603341
-0.585941622217
-0.113940452126
0.802302928278
-0.637291927721
-0.065840748240
0.767804659228
-0.685099957552
-0.016909180400
0.728252791125
-0.633502086418
0.022402418503
0.773416600642
-0.578392380684
0.061266044260
0.813454808694
-0.519405008367
0.099211166404
0.848749422235
-0.456565062251
0.135728738426
0.879275868825
-0.469676279489
-0.121148015656
0.874486907157
-0.527640449794
-0.074676344156
0.846179058689
-0.582137604491
-0.026610609267
0.812654714446
-0.523811375455
0.012386812885
0.851744216188
-0.461831242489
0.050466861791
0.885530913815
-0.405053291277
-0.081456947502
0.910657233502
-0.466096431923
-0.035446309824
0.884023571670
-0.400868288162
0.002924494534
0.916131029317
0.504209091860
-0.861163091995
-0.064585762132
0.474445616634
-0.869599634276
-0.136740019467
0.442530423375
-0.872660374027
-0.206472022295
0.407982588103
-0.870574251566
-0.275046687519
0.370801955779
-0.863298061947
-0.342377519456
0.331090628761
-0.850804048618
-0.408058165464
0.289062206717
-0.833168838287
-0.471458086742
0.057329723499
-0.997441404944
-0.042707686750
0.134629402093
-0.989707728281
-0.048513262859
0.210632590251
-0.976047399255
-0.054455360918
0.284863404863
-0.956662396564
-0.060414398698
0.357146840753
-0.931698958466
-0.066205626153
0.428163335778
-0.900914129248
-0.070921714703
0.396359537119
-0.907144216565
-0.141380648211
0.363179482988
-0.907623017852
-0.210525819325
0.327571085487
-0.902827268475
-0.278567958047
0.289424247483
-0.892802497250
-0.345162723760
0.248812716158
-0.877581596377
-0.409808216095
0.013926308370
-0.993116973793
-0.116295891151
0.091868902051
-0.988268926462
-0.122002597619
0.169141264547
-0.977257050776
-0.127905783046
0.245394937722
-0.960158891665
-0.133702009322
0.320760429646
-0.936944087101
-0.138739051529
0.284716289806
-0.935535488828
-0.209069326930
0.247190927478
-0.928362705877
-0.277559600283
0.207535066498
-0.915697274287
-0.344133256221
0.165522077401
-0.897689164949
-0.408358427151
0.049170768463
-0.979749704665
-0.194094697861
0.128048209306
-0.971469723083
-0.199625231939
0.206529793142
-0.956743407286
-0.204908509242
0.166762273370
-0.947153497797
-0.274026633362
0.125218653189
-0.931730061619
-0.340880303286
0.005557961317
-0.964435404680
-0.264260211280
0.086178472458
-0.959191820994
-0.269303400318
0.042671447763
-0.940695997362
-0.336556366888
0.861163091995
0.064585762132
0.504209091860
0.869599634276
0.136740019467
0.474445616634
0.872660374027
0.206472022295
0.442530423375
0.870574251566
0.275046687519
0.407982588103
0.863298061947
0.342377519456
0.370801955779
0.850804048618
0.408058165464
0.331090628761
0.833168838287
0.471458086742
0.289062206717
0.997441404944
0.042707686750
0.057329723499
0.989707728281
0.048513262859
0.134629402093
0.976047399255
0.054455360918
0.210632590251
0.956662396564
0.060414398698
0.284863404863
0.931698958466
0.066205626153
0.357146840753
0.900914129248
0.070921714703
0.428163335778
0.907144216565
0.141380648211
0.396359537119
0.907623017852
0.210525819325
0.363179482988
0.902827268475
0.278567958047
0.327571085487
0.892802497250
0.345162723760
0.289424247483
0.877581596377
0.409808216095
0.248812716158
0.993116973793
0.116295891151
0.013926308370
0.988268926462
0.122002597619
0.091868902051
0.977257050776
0.127905783046
0.169141264547
0.960158891665
0.133702009322
0.245394937722
0.936944087101
0.138739051529
0.320760429646
0.935535488828
0.209069326930
0.284716289806
0.928362705877
0.277559600283
0.247190927478
0.915697274287
0.344133256221
0.207535066498
0.897689164949
0.408358427151
0.165522077401
0.979749704665
0.194094697861
0.049170768463
0.971469723083
0.199625231939
0.128048209306
0.956743407286
0.204908509242
0.206529793142
0.947153497797
0.274026633362
0.166762273370
0.931730061619
0.340880303286
0.125218653189
0.964435404680
0.264260211280
0.005557961317
0.959191820994
0.269303400318
0.086178472458
0.940695997362
0.336556366888
0.042671447763
0.002709723871
-0.465967597125
0.884797635522
0.008710260548
-0.395318874050
0.918502650612
0.014512190223
-0.323892722679
0.945982505404
0.020228177909
-0.250496088201
0.967906261275
0.025863475197
-0.175185518510
0.984195668937
0.031447171142
-0.098332233733
0.994656647912
0.037039620539
-0.020576829263
0.999101927036
0.439142580882
-0.302339962399
0.846016749712
0.370944967228
-0.333903154444
0.866549776262
0.300790722587
-0.362876216393
0.881955663728
0.229202786770
-0.389180365597
0.892190969227
0.156452951972
-0.412922755503
0.897227547397
0.082149634498
-0.435102571835
0.896625445509
0.089221483898
-0.364123400749
0.927067244507
0.094937079254
-0.291741712907
0.951773987842
0.100320826088
-0.217408299539
0.970911614486
0.105590966360
-0.141360758665
0.984310765832
0.110859379192
-0.064052174055
0.991769891176
0.449354460015
-0.219767824172
0.865899920732
0.382110084195
-0.252624169484
0.888916707318
0.312265307279
-0.283081716673
0.906837978668
0.240234577819
-0.311235685963
0.919467071408
0.166098680138
-0.337669610046
0.926493638892
0.172821452362
-0.262313871303
0.949380944893
0.178429058314
-0.185924883218
0.966227203586
0.183606216916
-0.108323900094
0.977013147188
0.188744715127
-0.029793338975
0.981574138547
0.390116304862
-0.170318784119
0.904876113320
0.320454094939
-0.202724553462
0.925317204239
0.247965379498
-0.233140402409
0.940297146297
0.253984349101
-0.154375460485
0.954808969172
0.259223205604
-0.074751791398
0.962920297511
0.396060320958
-0.087014908819
0.914092242504
0.326656734388
-0.121624782281
0.937284796747
0.331824435333
-0.039746953229
0.942503434384
0.818537171937
0.038241494735
-0.573179279316
0.776379394075
0.079126742584
-0.625279133719
0.730541456300
0.118637700696
-0.672483662702
0.680357872277
0.157486499902
-0.715759155009
0.625833642742
0.195616437269
-0.755027457171
0.567163061833
0.232758395028
-0.790031385982
0.504752095871
0.268485377454
-0.820451658422
0.531904022069
-0.245010238900
-0.810585032024
0.588779915700
-0.199273752350
-0.783344229884
0.641601412751
-0.152243626142
-0.751777563815
0.690121457989
-0.104316960735
-0.716135702871
0.734328679285
-0.055775914750
-0.676498660837
0.774932464524
-0.006939236056
-0.632005951262
0.730544686721
0.032236136370
-0.682103578803
0.682573826745
0.071437770081
-0.727316723339
0.630341976137
0.110162785948
-0.768461549924
0.573889235956
0.148063488818
-0.805436743719
0.513446810769
0.184760542103
-0.837995175757
0.471887700295
-0.205841515803
-0.857292988821
0.530757090223
-0.160755267433
-0.832138603341
0.585941622217
-0.113940452126
-0.802302928278
0.637291927721
-0.065840748240
-0.767804659228
0.685099957552
-0.016909180400
-0.728252791125
0.633502086418
0.022402418503
-0.773416600642
0.578392380684
0.061266044260
-0.813454808694
0.519405008367
0.099211166404
-0.848749422235
0.456565062251
0.135728738426
-0.879275868825
0.469676279489
-0.121148015656
-0.874486907157
0.527640449794
-0.074676344156
-0.846179058689
0.582137604491
-0.026610609267
-0.812654714446
0.523811375455
0.012386812885
-0.851744216188
0.461831242489
0.050466861791
-0.885530913815
0.405053291277
-0.081456947502
-0.910657233502
0.466096431923
-0.035446309824
-0.884023571670
0.400868288162
0.002924494534
-0.916131029317
-0.573179279316
-0.818537171937
-0.038241494735
-0.625279133719
-0.776379394075
-0.079126742584
-0.672483662702
-0.730541456300
-0.118637700696
-0.715759155009
-0.680357872277
-0.157486499902
-0.755027457171
-0.625833642742
-0.195616437269
-0.790031385982
-0.567163061833
-0.232758395028
-0.820451658422
-0.504752095871
-0.268485377454
-0.810585032024
-0.531904022069
0.245010238900
-0.783344229884
-0.588779915700
0.199273752350
-0.751777563815
-0.641601412751
0.152243626142
-0.716135702871
-0.690121457989
0.104316960735
-0.676498660837
-0.734328679285
0.055775914750
-0.632005951262
-0.774932464524
0.006939236056
-0.682103578803
-0.730544686721
-0.032236136370
-0.727316723339
-0.682573826745
-0.071437770081
-0.768461549924
-0.630341976137
-0.110162785948
-0.805436743719
-0.573889235956
-0.148063488818
-0.837995175757
-0.513446810769
-0.184760542103
-0.857292988821
-0.471887700295
0.205841515803
-0.832138603341
-0.530757090223
0.160755267433
-0.802302928278
-0.585941622217
0.113940452126
-0.767804659228
-0.637291927721
0.065840748240
-0.728252791125
-0.685099957552
0.016909180400
-0.773416600642
-0.633502086418
-0.022402418503
-0.813454808694
-0.578392380684
-0.061266044260
-0.848749422235
-0.519405008367
-0.099211166404
-0.879275868825
-0.456565062251
-0.135728738426
-0.874486907157
-0.469676279489
0.121148015656
-0.846179058689
-0.527640449794
0.074676344156
-0.812654714446
-0.582137604491
0.026610609267
-0.851744216188
-0.523811375455
-0.012386812885
-0.885530913815
-0.461831242489
-0.050466861791
-0.910657233502
-0.405053291277
0.081456947502
-0.884023571670
-0.466096431923
0.035446309824
-0.916131029317
-0.400868288162
-0.002924494534
0.508593517183
-0.858453368125
0.066260463585
0.488539114251
-0.860889373728
0.142123256537
0.466011640407
-0.858148183804
0.215441049104
0.440712467490
-0.850346073657
0.287548388997
0.412649937715
-0.837434586750
0.358362026196
0.381973220518
-0.819356877477
0.427493586079
0.348993571680
-0.796129217748
0.494349831166
0.767877345273
-0.558298824062
0.314112727643
0.734830967024
-0.618762761053
0.277769860562
0.697322202897
-0.675256676668
0.240354250977
0.655721304173
-0.727459609794
0.202069511239
0.610293034683
-0.775246006494
0.162898868112
0.561084236559
-0.818764494750
0.121692980986
0.540722930592
-0.817922732667
0.196522557786
0.516790904014
-0.812685938598
0.269200161097
0.489893591877
-0.802506442387
0.340569638349
0.460274019959
-0.787211530889
0.410421529876
0.428186959662
-0.766722217185
0.478323080407
0.740997097671
-0.543762513778
0.394012220436
0.710136005723
-0.606158842267
0.358159617095
0.674397145232
-0.664991743497
0.320896356452
0.634102649907
-0.719924313846
0.282175143687
0.589513739596
-0.770845406963
0.241393681340
0.564347273712
-0.762714036466
0.315878858475
0.535895208411
-0.749933647563
0.387834822902
0.504616166014
-0.732091057371
0.457608138821
0.470917441674
-0.708944449822
0.525009076296
0.680392209295
-0.589633399803
0.435199833831
0.646553826751
-0.651015628144
0.397676754445
0.607746205204
-0.708778027787
0.358159541806
0.577717582826
-0.693169148696
0.430997593717
0.544650610529
-0.672506856015
0.501089055022
0.646397022222
-0.568375083722
0.509038951227
0.614720171352
-0.632535086606
0.471188364824
0.579574662429
-0.608871562029
0.541635146222
-0.066260463585
-0.508593517183
-0.858453368125
-0.142123256537
-0.488539114251
-0.860889373728
-0.215441049104
-0.466011640407
-0.858148183804
-0.287548388997
-0.440712467490
-0.850346073657
-0.358362026196
-0.412649937715
-0.837434586750
-0.427493586079
-0.381973220518
-0.819356877477
-0.494349831166
-0.348993571680
-0.796129217748
-0.314112727643
-0.767877345273
-0.558298824062
-0.277769860562
-0.734830967024
-0.618762761053
-0.240354250977
-0.697322202897
-0.675256676668
-0.202069511239
-0.655721304173
-0.727459609794
-0.162898868112
-0.610293034683
-0.775246006494
-0.121692980986
-0.561084236559
-0.818764494750
-0.196522557786
-0.540722930592
-0.817922732667
-0.269200161097
-0.516790904014
-0.812685938598
-0.340569638349
-0.489893591877
-0.802506442387
-0.410421529876
-0.460274019959
-0.787211530889
-0.478323080407
-0.428186959662
-0.766722217185
-0.394012220436
-0.740997097671
-0.543762513778
-0.358159617095
-0.710136005723
-0.606158842267
-0.320896356452
-0.674397145232
-0.664991743497
-0.282175143687
-0.634102649907
-0.719924313846
-0.241393681340
-0.589513739596
-0.770845406963
-0.315878858475
-0.564347273712
-0.762714036466
-0.387834822902
-0.535895208411
-0.749933647563
-0.457608138821
-0.504616166014
-0.732091057371
-0.525009076296
-0.470917441674
-0.708944449822
-0.435199833831
-0.680392209295
-0.589633399803
-0.397676754445
-0.646553826751
-0.651015628144
-0.358159541806
-0.607746205204
-0.708778027787
-0.430997593717
-0.577717582826
-0.693169148696
-0.501089055022
-0.544650610529
-0.672506856015
-0.509038951227
-0.646397022222
-0.568375083722
-0.471188364824
-0.614720171352
-0.632535086606
-0.541635146222
-0.579574662429
-0.608871562029
0.066260463585
0.508593517183
-0.858453368125
0.142123256537
0.488539114251
-0.860889373728
0.215441049104
0.466011640407
-0.858148183804
0.287548388997
0.440712467490
-0.850346073657
0.358362026196
0.412649937715
-0.837434586750
0.427493586079
0.381973220518
-0.819356877477
0.494349831166
0.348993571680
-0.796129217748
0.314112727643
0.767877345273
-0.558298824062
0.277769860562
0.734830967024
-0.618762761053
0.240354250977
0.697322202897
-0.675256676668
0.202069511239
0.655721304173
-0.727459609794
0.162898868112
0.610293034683
-0.775246006494
0.121692980986
0.561084236559
-0.818764494750
0.196522557786
0.540722930592
-0.817922732667
0.269200161097
0.516790904014
-0.812685938598
0.340569638349
0.489893591877
-0.802506442387
0.410421529876
0.460274019959
-0.787211530889
0.478323080407
0.428186959662
-0.766722217185
0.394012220436
0.740997097671
-0.543762513778
0.358159617095
0.710136005723
-0.606158842267
0.320896356452
0.674397145232
-0.664991743497
0.282175143687
0.634102649907
-0.719924313846
0.241393681340
0.589513739596
-0.770845406963
0.315878858475
0.564347273712
-0.762714036466
0.387834822902
0.535895208411
-0.749933647563
0.457608138821
0.504616166014
-0.732091057371
0.525009076296
0.470917441674
-0.708944449822
0.435199833831
0.680392209295
-0.589633399803
0.397676754445
0.646553826751
-0.651015628144
0.358159541806
0.607746205204
-0.708778027787
0.430997593717
0.577717582826
-0.693169148696
0.501089055022
0.544650610529
-0.672506856015
0.509038951227
0.646397022222
-0.568375083722
0.471188364824
0.614720171352
-0.632535086606
0.541635146222
0.579574662429
-0.608871562029
-0.858453368125
-0.066260463585
-0.508593517183
-0.860889373728
-0.142123256537
-0.488539114251
-0.858148183804
-0.215441049104
-0.466011640407
-0.850346073657
-0.287548388997
-0.440712467490
-0.837434586750
-0.358362026196
-0.412649937715
-0.819356877477
-0.427493586079
-0.381973220518
-0.796129217748
-0.494349831166
-0.348993571680
-0.558298824062
-0.314112727643
-0.767877345273
-0.618762761053
-0.277769860562
-0.734830967024
-0.675256676668
-0.240354250977
-0.697322202897
-0.727459609794
-0.202069511239
-0.655721304173
-0.775246006494
-0.162898868112
-0.610293034683
-0.818764494750
-0.121692980986
-0.561084236559
-0.817922732667
-0.196522557786
-0.540722930592
-0.812685938598
-0.269200161097
-0.516790904014
-0.802506442387
-0.340569638349
-0.489893591877
-0.787211530889
-0.410421529876
-0.460274019959
-0.766722217185
-0.478323080407
-0.428186959662
-0.543762513778
-0.394012220436
-0.740997097671
-0.606158842267
-0.358159617095
-0.710136005723
-0.664991743497
-0.320896356452
-0.674397145232
-0.719924313846
-0.282175143687
-0.634102649907
-0.770845406963
-0.241393681340
-0.589513739596
-0.762714036466
-0.315878858475
-0.564347273712
-0.749933647563
-0.387834822902
-0.535895208411
-0.732091057371
-0.457608138821
-0.504616166014
-0.708944449822
-0.525009076296
-0.470917441674
-0.589633399803
-0.435199833831
-0.680392209295
-0.651015628144
-0.397676754445
-0.646553826751
-0.708778027787
-0.358159541806
-0.607746205204
-0.693169148696
-0.430997593717
-0.577717582826
-0.672506856015
-0.501089055022
-0.544650610529
-0.568375083722
-0.509038951227
-0.646397022222
-0.632535086606
-0.471188364824
-0.614720171352
-0.608871562029
-0.541635146222
-0.579574662429
-0.573179279316
0.818537171937
0.038241494735
-0.625279133719
0.776379394075
0.079126742584
-0.672483662702
0.730541456300
0.118637700696
-0.715759155009
0.680357872277
0.157486499902
-0.755027457171
0.625833642742
0.195616437269
-0.790031385982
0.567163061833
0.232758395028
-0.820451658422
0.504752095871
0.268485377454
-0.810585032024
0.531904022069
-0.245010238900
-0.783344229884
0.588779915700
-0.199273752350
-0.751777563815
0.641601412751
-0.152243626142
-0.716135702871
0.690121457989
-0.104316960735
-0.676498660837
0.734328679285
-0.055775914750
-0.632005951262
0.774932464524
-0.006939236056
-0.682103578803
0.730544686721
0.032236136370
-0.727316723339
0.682573826745
0.071437770081
-0.768461549924
0.630341976137
0.110162785948
-0.805436743719
0.573889235956
0.148063488818
-0.837995175757
0.513446810769
0.184760542103
-0.857292988821
0.471887700295
-0.205841515803
-0.832138603341
0.530757090223
-0.160755267433
-0.802302928278
0.585941622217
-0.113940452126
-0.767804659228
0.637291927721
-0.065840748240
-0.728252791125
0.685099957552
-0.016909180400
-0.773416600642
0.633502086418
0.022402418503
-0.813454808694
0.578392380684
0.061266044260
-0.848749422235
0.519405008367
0.099211166404
-0.879275868825
0.456565062251
0.135728738426
-0.874486907157
0.469676279489
-0.121148015656
-0.846179058689
0.527640449794
-0.074676344156
-0.812654714446
0.582137604491
-0.026610609267
-0.851744216188
0.523811375455
0.012386812885
-0.885530913815
0.461831242489
0.050466861791
-0.910657233502
0.405053291277
-0.081456947502
-0.884023571670
0.466096431923
-0.035446309824
-0.916131029317
0.400868288162
0.002924494534
0.038241494735
0.573179279316
-0.818537171937
0.079126742584
0.625279133719
-0.776379394075
0.118637700696
0.672483662702
-0.730541456300
0.157486499902
0.715759155009
-0.680357872277
0.195616437269
0.755027457171
-0.625833642742
0.232758395028
0.790031385982
-0.567163061833
0.268485377454
0.820451658422
-0.504752095871
-0.245010238900
0.810585032024
-0.531904022069
-0.199273752350
0.783344229884
-0.588779915700
-0.152243626142
0.751777563815
-0.641601412751
-0.104316960735
0.716135702871
-0.690121457989
-0.055775914750
0.676498660837
-0.734328679285
-0.006939236056
0.632005951262
-0.774932464524
0.032236136370
0.682103578803
-0.730544686721
0.071437770081
0.727316723339
-0.682573826745
0.110162785948
0.768461549924
-0.630341976137
0.148063488818
0.805436743719
-0.573889235956
0.184760542103
0.837995175757
-0.513446810769
-0.205841515803
0.857292988821
-0.471887700295
-0.160755267433
0.832138603341
-0.530757090223
-0.113940452126
0.802302928278
-0.585941622217
-0.065840748240
0.767804659228
-0.637291927721
-0.016909180400
0.728252791125
-0.685099957552
0.022402418503
0.773416600642
-0.633502086418
0.061266044260
0.813454808694
-0.578392380684
0.099211166404
0.848749422235
-0.519405008367
0.135728738426
0.879275868825
-0.456565062251
-0.121148015656
0.874486907157
-0.469676279489
-0.074676344156
0.846179058689
-0.527640449794
-0.026610609267
0.812654714446
-0.582137604491
0.012386812885
0.851744216188
-0.523811375455
0.050466861791
0.885530913815
-0.461831242489
-0.081456947502
0.910657233502
-0.405053291277
-0.035446309824
0.884023571670
-0.466096431923
0.002924494534
0.916131029317
-0.400868288162
0.042625920058
-0.570469555445
-0.820211873390
0.093220240201
-0.616568873171
-0.781762631144
0.142118917727
-0.657971472479
-0.739510483108
0.190216379288
-0.695530977100
-0.692859573755
0.237464419205
-0.729163981974
-0.641818149481
0.283640986785
-0.758584214840
-0.586598482449
0.328416742417
-0.783412037883
-0.527643840294
0.465537382875
-0.371442451142
-0.803309062961
0.400927812580
-0.412399262656
-0.818036513403
0.334445986504
-0.450986841228
-0.827500302810
0.266540938576
-0.486932916101
-0.831776570529
0.197370279181
-0.520045708865
-0.831021921244
0.125981664724
-0.549856316764
-0.825703730807
0.176599529844
-0.592882094905
-0.785686596297
0.225049191106
-0.632379644085
-0.741248168517
0.272485292338
-0.668140723836
-0.692343656439
0.318913261294
-0.699845777359
-0.639148042072
0.364134785607
-0.727135796566
-0.581961675081
0.521229273498
-0.407938528806
-0.749604029581
0.457511836239
-0.450028519146
-0.766914109699
0.391315428559
-0.490037620999
-0.778932195622
0.322866963944
-0.527570081409
-0.785765062086
0.251844129550
-0.562154110987
-0.787754587363
0.302033402410
-0.600595148280
-0.740311617963
0.349970325193
-0.635025750380
-0.688667603303
0.396292265920
-0.665143205319
-0.632879890967
0.441124102699
-0.690531153698
-0.573215711396
0.510073425176
-0.484370602295
-0.710781415459
0.443829273289
-0.525724963751
-0.725691972300
0.374605802794
-0.564689334948
-0.735388637055
0.423342122342
-0.597759867087
-0.680782335810
0.469898819130
-0.626307708211
-0.622039994225
0.559382113403
-0.514596912544
-0.649832031224
0.493095389071
-0.557366837282
-0.667981396429
0.539827709200
-0.584306593984
-0.605947067495
-0.884797635522
-0.002709723871
-0.465967597125
-0.918502650612
-0.008710260548
-0.395318874050
-0.945982505404
-0.014512190223
-0.323892722679
-0.967906261275
-0.020228177909
-0.250496088201
-0.984195668937
-0.025863475197
-0.175185518510
-0.994656647912
-0.031447171142
-0.098332233733
-0.999101927036
-0.037039620539
-0.020576829263
-0.846016749712
-0.439142580882
-0.302339962399
-0.866549776262
-0.370944967228
-0.333903154444
-0.881955663728
-0.300790722587
-0.362876216393
-0.892190969227
-0.229202786770
-0.389180365597
-0.897227547397
-0.156452951972
-0.412922755503
-0.896625445509
-0.082149634498
-0.435102571835
-0.927067244507
-0.089221483898
-0.364123400749
-0.951773987842
-0.094937079254
-0.291741712907
-0.970911614486
-0.100320826088
-0.217408299539
-0.984310765832
-0.105590966360
-0.141360758665
-0.991769891176
-0.110859379192
-0.064052174055
-0.865899920732
-0.449354460015
-0.219767824172
-0.888916707318
-0.382110084195
-0.252624169484
-0.906837978668
-0.312265307279
-0.283081716673
-0.919467071408
-0.240234577819
-0.311235685963
-0.926493638892
-0.166098680138
-0.337669610046
-0.949380944893
-0.172821452362
-0.262313871303
-0.966227203586
-0.178429058314
-0.185924883218
-0.977013147188
-0.183606216916
-0.108323900094
-0.981574138547
-0.188744715127
-0.029793338975
-0.904876113320
-0.390116304862
-0.170318784119
-0.925317204239
-0.320454094939
-0.202724553462
-0.940297146297
-0.247965379498
-0.233140402409
-0.954808969172
-0.253984349101
-0.154375460485
-0.962920297511
-0.259223205604
-0.074751791398
-0.914092242504
-0.396060320958
-0.087014908819
-0.937284796747
-0.326656734388
-0.121624782281
-0.942503434384
-0.331824435333
-0.039746953229
-0.042625920058
0.570469555445
-0.820211873390
-0.093220240201
0.616568873171
-0.781762631144
-0.142118917727
0.657971472479
-0.739510483108
-0.190216379288
0.695530977100
-0.692859573755
-0.237464419205
0.729163981974
-0.641818149481
-0.283640986785
0.758584214840
-0.586598482449
-0.328416742417
0.783412037883
-0.527643840294
-0.465537382875
0.371442451142
-0.803309062961
-0.400927812580
0.412399262656
-0.818036513403
-0.334445986504
0.450986841228
-0.827500302810
-0.266540938576
0.486932916101
-0.831776570529
-0.197370279181
0.520045708865
-0.831021921244
-0.125981664724
0.549856316764
-0.825703730807
-0.176599529844
0.592882094905
-0.785686596297
-0.225049191106
0.632379644085
-0.741248168517
-0.272485292338
0.668140723836
-0.692343656439
-0.318913261294
0.699845777359
-0.639148042072
-0.364134785607
0.727135796566
-0.581961675081
-0.521229273498
0.407938528806
-0.749604029581
-0.457511836239
0.450028519146
-0.766914109699
-0.391315428559
0.490037620999
-0.778932195622
-0.322866963944
0.527570081409
-0.785765062086
-0.251844129550
0.562154110987
-0.787754587363
-0.302033402410
0.600595148280
-0.740311617963
-0.349970325193
0.635025750380
-0.688667603303
-0.396292265920
0.665143205319
-0.632879890967
-0.441124102699
0.690531153698
-0.573215711396
-0.510073425176
0.484370602295
-0.710781415459
-0.443829273289
0.525724963751
-0.725691972300
-0.374605802794
0.564689334948
-0.735388637055
-0.423342122342
0.597759867087
-0.680782335810
-0.469898819130
0.626307708211
-0.622039994225
-0.559382113403
0.514596912544
-0.649832031224
-0.493095389071
0.557366837282
-0.667981396429
-0.539827709200
0.584306593984
-0.605947067495
0.884797635522
0.002709723871
-0.465967597125
0.918502650612
0.008710260548
-0.395318874050
0.945982505404
0.014512190223
-0.323892722679
0.967906261275
0.020228177909
-0.250496088201
0.984195668937
0.025863475197
-0.175185518510
0.994656647912
0.031447171142
-0.098332233733
0.999101927036
0.037039620539
-0.020576829263
0.846016749712
0.439142580882
-0.302339962399
0.866549776262
0.370944967228
-0.333903154444
0.881955663728
0.300790722587
-0.362876216393
0.892190969227
0.229202786770
-0.389180365597
0.897227547397
0.156452951972
-0.412922755503
0.896625445509
0.082149634498
-0.435102571835
0.927067244507
0.089221483898
-0.364123400749
0.951773987842
0.094937079254
-0.291741712907
0.970911614486
0.100320826088
-0.217408299539
0.984310765832
0.105590966360
-0.141360758665
0.991769891176
0.110859379192
-0.064052174055
0.865899920732
0.449354460015
-0.219767824172
0.888916707318
0.382110084195
-0.252624169484
0.906837978668
0.312265307279
-0.283081716673
0.919467071408
0.240234577819
-0.311235685963
0.926493638892
0.166098680138
-0.337669610046
0.949380944893
0.172821452362
-0.262313871303
0.966227203586
0.178429058314
-0.185924883218
0.977013147188
0.183606216916
-0.108323900094
0.981574138547
0.188744715127
-0.029793338975
0.904876113320
0.390116304862
-0.170318784119
0.925317204239
0.320454094939
-0.202724553462
0.940297146297
0.247965379498
-0.233140402409
0.954808969172
0.253984349101
-0.154375460485
0.962920297511
0.259223205604
-0.074751791398
0.914092242504
0.396060320958
-0.087014908819
0.937284796747
0.326656734388
-0.121624782281
0.942503434384
0.331824435333
-0.039746953229
-0.038241494735
-0.573179279316
-0.818537171937
-0.079126742584
-0.625279133719
-0.776379394075
-0.118637700696
-0.672483662702
-0.730541456300
-0.157486499902
-0.715759155009
-0.680357872277
-0.195616437269
-0.755027457171
-0.625833642742
-0.232758395028
-0.790031385982
-0.567163061833
-0.268485377454
-0.820451658422
-0.504752095871
0.245010238900
-0.810585032024
-0.531904022069
0.199273752350
-0.783344229884
-0.588779915700
0.152243626142
-0.751777563815
-0.641601412751
0.104316960735
-0.716135702871
-0.690121457989
0.055775914750
-0.676498660837
-0.734328679285
0.006939236056
-0.632005951262
-0.774932464524
-0.032236136370
-0.682103578803
-0.730544686721
-0.071437770081
-0.727316723339
-0.682573826745
-0.110162785948
-0.768461549924
-0.630341976137
-0.148063488818
-0.805436743719
-0.573889235956
-0.184760542103
-0.837995175757
-0.513446810769
0.205841515803
-0.857292988821
-0.471887700295
0.160755267433
-0.832138603341
-0.530757090223
0.113940452126
-0.802302928278
-0.585941622217
0.065840748240
-0.767804659228
-0.637291927721
0.016909180400
-0.728252791125
-0.685099957552
-0.022402418503
-0.773416600642
-0.633502086418
-0.061266044260
-0.813454808694
-0.578392380684
-0.099211166404
-0.848749422235
-0.519405008367
-0.135728738426
-0.879275868825
-0.456565062251
0.121148015656
-0.874486907157
-0.469676279489
0.074676344156
-0.846179058689
-0.527640449794
0.026610609267
-0.812654714446
-0.582137604491
-0.012386812885
-0.851744216188
-0.523811375455
-0.050466861791
-0.885530913815
-0.461831242489
0.081456947502
-0.910657233502
-0.405053291277
0.035446309824
-0.884023571670
-0.466096431923
-0.002924494534
-0.916131029317
-0.400868288162
0.858453368125
0.066260463585
-0.508593517183
0.860889373728
0.142123256537
-0.488539114251
0.858148183804
0.215441049104
-0.466011640407
0.850346073657
0.287548388997
-0.440712467490
0.837434586750
0.358362026196
-0.412649937715
0.819356877477
0.427493586079
-0.381973220518
0.796129217748
0.494349831166
-0.348993571680
0.558298824062
0.314112727643
-0.767877345273
0.618762761053
0.277769860562
-0.734830967024
0.675256676668
0.240354250977
-0.697322202897
0.727459609794
0.202069511239
-0.655721304173
0.775246006494
0.162898868112
-0.610293034683
0.818764494750
0.121692980986
-0.561084236559
0.817922732667
0.196522557786
-0.540722930592
0.812685938598
0.269200161097
-0.516790904014
0.802506442387
0.340569638349
-0.489893591877
0.787211530889
0.410421529876
-0.460274019959
0.766722217185
0.478323080407
-0.428186959662
0.543762513778
0.394012220436
-0.740997097671
0.606158842267
0.358159617095
-0.710136005723
0.664991743497
0.320896356452
-0.674397145232
0.719924313846
0.282175143687
-0.634102649907
0.770845406963
0.241393681340
-0.589513739596
0.762714036466
0.315878858475
-0.564347273712
0.749933647563
0.387834822902
-0.535895208411
0.732091057371
0.457608138821
-0.504616166014
0.708944449822
0.525009076296
-0.470917441674
0.589633399803
0.435199833831
-0.680392209295
0.651015628144
0.397676754445
-0.646553826751
0.708778027787
0.358159541806
-0.607746205204
0.693169148696
0.430997593717
-0.577717582826
0.672506856015
0.501089055022
-0.544650610529
0.568375083722
0.509038951227
-0.646397022222
0.632535086606
0.471188364824
-0.614720171352
0.608871562029
0.541635146222
-0.579574662429
-0.861163091995
0.064585762132
-0.504209091860
-0.869599634276
0.136740019467
-0.474445616634
-0.872660374027
0.206472022295
-0.442530423375
-0.870574251566
0.275046687519
-0.407982588103
-0.863298061947
0.342377519456
-0.370801955779
-0.850804048618
0.408058165464
-0.331090628761
-0.833168838287
0.471458086742
-0.289062206717
-0.997441404944
0.042707686750
-0.057329723499
-0.989707728281
0.048513262859
-0.134629402093
-0.976047399255
0.054455360918
-0.210632590251
-0.956662396564
0.060414398698
-0.284863404863
-0.931698958466
0.066205626153
-0.357146840753
-0.900914129248
0.070921714703
-0.428163335778
-0.907144216565
0.141380648211
-0.396359537119
-0.907623017852
0.210525819325
-0.363179482988
-0.902827268475
0.278567958047
-0.327571085487
-0.892802497250
0.345162723760
-0.289424247483
-0.877581596377
0.409808216095
-0.248812716158
-0.993116973793
0.116295891151
-0.013926308370
-0.988268926462
0.122002597619
-0.091868902051
-0.977257050776
0.127905783046
-0.169141264547
-0.960158891665
0.133702009322
-0.245394937722
-0.936944087101
0.138739051529
-0.320760429646
-0.935535488828
0.209069326930
-0.284716289806
-0.928362705877
0.277559600283
-0.247190927478
-0.915697274287
0.344133256221
-0.207535066498
-0.897689164949
0.408358427151
-0.165522077401
-0.979749704665
0.194094697861
-0.049170768463
-0.971469723083
0.199625231939
-0.128048209306
-0.956743407286
0.204908509242
-0.206529793142
-0.947153497797
0.274026633362
-0.166762273370
-0.931730061619
0.340880303286
-0.125218653189
-0.964435404680
0.264260211280
-0.005557961317
-0.959191820994
0.269303400318
-0.086178472458
-0.940695997362
0.336556366888
-0.042671447763
0.064585762132
-0.504209091860
-0.861163091995
0.136740019467
-0.474445616634
-0.869599634276
0.206472022295
-0.442530423375
-0.872660374027
0.275046687519
-0.407982588103
-0.870574251566
0.342377519456
-0.370801955779
-0.863298061947
0.408058165464
-0.331090628761
-0.850804048618
0.471458086742
-0.289062206717
-0.833168838287
0.042707686750
-0.057329723499
-0.997441404944
0.048513262859
-0.134629402093
-0.989707728281
0.054455360918
-0.210632590251
-0.976047399255
0.060414398698
-0.284863404863
-0.956662396564
0.066205626153
-0.357146840753
-0.931698958466
0.070921714703
-0.428163335778
-0.900914129248
0.141380648211
-0.396359537119
-0.907144216565
0.210525819325
-0.363179482988
-0.907623017852
0.278567958047
-0.327571085487
-0.902827268475
0.345162723760
-0.289424247483
-0.892802497250
0.409808216095
-0.248812716158
-0.877581596377
0.116295891151
-0.013926308370
-0.993116973793
0.122002597619
-0.091868902051
-0.988268926462
0.127905783046
-0.169141264547
-0.977257050776
0.133702009322
-0.245394937722
-0.960158891665
0.138739051529
-0.320760429646
-0.936944087101
0.209069326930
-0.284716289806
-0.935535488828
0.277559600283
-0.247190927478
-0.928362705877
0.344133256221
-0.207535066498
-0.915697274287
0.408358427151
-0.165522077401
-0.897689164949
0.194094697861
-0.049170768463
-0.979749704665
0.199625231939
-0.128048209306
-0.971469723083
0.204908509242
-0.206529793142
-0.956743407286
0.274026633362
-0.166762273370
-0.947153497797
0.340880303286
-0.125218653189
-0.931730061619
0.264260211280
-0.005557961317
-0.964435404680
0.269303400318
-0.086178472458
-0.959191820994
0.336556366888
-0.042671447763
-0.940695997362
0.570469555445
-0.820211873390
-0.042625920058
0.616568873171
-0.781762631144
-0.093220240201
0.657971472479
-0.739510483108
-0.142118917727
0.695530977100
-0.692859573755
-0.190216379288
0.729163981974
-0.641818149481
-0.237464419205
0.758584214840
-0.586598482449
-0.283640986785
0.783412037883
-0.527643840294
-0.328416742417
0.371442451142
-0.803309062961
-0.465537382875
0.412399262656
-0.818036513403
-0.400927812580
0.450986841228
-0.827500302810
-0.334445986504
0.486932916101
-0.831776570529
-0.266540938576
0.520045708865
-0.831021921244
-0.197370279181
0.549856316764
-0.825703730807
-0.125981664724
0.592882094905
-0.785686596297
-0.176599529844
0.632379644085
-0.741248168517
-0.225049191106
0.668140723836
-0.692343656439
-0.272485292338
0.699845777359
-0.639148042072
-0.318913261294
0.727135796566
-0.581961675081
-0.364134785607
0.407938528806
-0.749604029581
-0.521229273498
0.450028519146
-0.766914109699
-0.457511836239
0.490037620999
-0.778932195622
-0.391315428559
0.527570081409
-0.785765062086
-0.322866963944
0.562154110987
-0.787754587363
-0.251844129550
0.600595148280
-0.740311617963
-0.302033402410
0.635025750380
-0.688667603303
-0.349970325193
0.665143205319
-0.632879890967
-0.396292265920
0.690531153698
-0.573215711396
-0.441124102699
0.484370602295
-0.710781415459
-0.510073425176
0.525724963751
-0.725691972300
-0.443829273289
0.564689334948
-0.735388637055
-0.374605802794
0.597759867087
-0.680782335810
-0.423342122342
0.626307708211
-0.622039994225
-0.469898819130
0.514596912544
-0.649832031224
-0.559382113403
0.557366837282
-0.667981396429
-0.493095389071
0.584306593984
-0.605947067495
-0.539827709200
-0.570469555445
-0.820211873390
0.042625920058
-0.616568873171
-0.781762631144
0.093220240201
-0.657971472479
-0.739510483108
0.142118917727
-0.695530977100
-0.692859573755
0.190216379288
-0.729163981974
-0.641818149481
0.237464419205
-0.758584214840
-0.586598482449
0.283640986785
-0.783412037883
-0.527643840294
0.328416742417
-0.371442451142
-0.803309062961
0.465537382875
-0.412399262656
-0.818036513403
0.400927812580
-0.450986841228
-0.827500302810
0.334445986504
-0.486932916101
-0.831776570529
0.266540938576
-0.520045708865
-0.831021921244
0.197370279181
-0.549856316764
-0.825703730807
0.125981664724
-0.592882094905
-0.785686596297
0.176599529844
-0.632379644085
-0.741248168517
0.225049191106
-0.668140723836
-0.692343656439
0.272485292338
-0.699845777359
-0.639148042072
0.318913261294
-0.727135796566
-0.581961675081
0.364134785607
-0.407938528806
-0.749604029581
0.521229273498
-0.450028519146
-0.766914109699
0.457511836239
-0.490037620999
-0.778932195622
0.391315428559
-0.527570081409
-0.785765062086
0.322866963944
-0.562154110987
-0.787754587363
0.251844129550
-0.600595148280
-0.740311617963
0.302033402410
-0.635025750380
-0.688667603303
0.349970325193
-0.665143205319
-0.632879890967
0.396292265920
-0.690531153698
-0.573215711396
0.441124102699
-0.484370602295
-0.710781415459
0.510073425176
-0.525724963751
-0.725691972300
0.443829273289
-0.564689334948
-0.735388637055
0.374605802794
-0.597759867087
-0.680782335810
0.423342122342
-0.626307708211
-0.622039994225
0.469898819130
-0.514596912544
-0.649832031224
0.559382113403
-0.557366837282
-0.667981396429
0.493095389071
-0.584306593984
-0.605947067495
0.539827709200
-0.504209091860
-0.861163091995
0.064585762132
-0.474445616634
-0.869599634276
0.136740019467
-0.442530423375
-0.872660374027
0.206472022295
-0.407982588103
-0.870574251566
0.275046687519
-0.370801955779
-0.863298061947
0.342377519456
-0.331090628761
-0.850804048618
0.408058165464
-0.289062206717
-0.833168838287
0.471458086742
-0.057329723499
-0.997441404944
0.042707686750
-0.134629402093
-0.989707728281
0.048513262859
-0.210632590251
-0.976047399255
0.054455360918
-0.284863404863
-0.956662396564
0.060414398698
-0.357146840753
-0.931698958466
0.066205626153
-0.428163335778
-0.900914129248
0.070921714703
-0.396359537119
-0.907144216565
0.141380648211
-0.363179482988
-0.907623017852
0.210525819325
-0.327571085487
-0.902827268475
0.278567958047
-0.289424247483
-0.892802497250
0.345162723760
-0.248812716158
-0.877581596377
0.409808216095
-0.013926308370
-0.993116973793
0.116295891151
-0.091868902051
-0.988268926462
0.122002597619
-0.169141264547
-0.977257050776
0.127905783046
-0.245394937722
-0.960158891665
0.133702009322
-0.320760429646
-0.936944087101
0.138739051529
-0.284716289806
-0.935535488828
0.209069326930
-0.247190927478
-0.928362705877
0.277559600283
-0.207535066498
-0.915697274287
0.344133256221
-0.165522077401
-0.897689164949
0.408358427151
-0.049170768463
-0.979749704665
0.194094697861
-0.128048209306
-0.971469723083
0.199625231939
-0.206529793142
-0.956743407286
0.204908509242
-0.166762273370
-0.947153497797
0.274026633362
-0.125218653189
-0.931730061619
0.340880303286
-0.005557961317
-0.964435404680
0.264260211280
-0.086178472458
-0.959191820994
0.269303400318
-0.042671447763
-0.940695997362
0.336556366888
0.504209091860
0.861163091995
0.064585762132
0.474445616634
0.869599634276
0.136740019467
0.442530423375
0.872660374027
0.206472022295
0.407982588103
0.870574251566
0.275046687519
0.370801955779
0.863298061947
0.342377519456
0.331090628761
0.850804048618
0.408058165464
0.289062206717
0.833168838287
0.471458086742
0.057329723499
0.997441404944
0.042707686750
0.134629402093
0.989707728281
0.048513262859
0.210632590251
0.976047399255
0.054455360918
0.284863404863
0.956662396564
0.060414398698
0.357146840753
0.931698958466
0.066205626153
0.428163335778
0.900914129248
0.070921714703
0.396359537119
0.907144216565
0.141380648211
0.363179482988
0.907623017852
0.210525819325
0.327571085487
0.902827268475
0.278567958047
0.289424247483
0.892802497250
0.345162723760
0.248812716158
0.877581596377
0.409808216095
0.013926308370
0.993116973793
0.116295891151
0.091868902051
0.988268926462
0.122002597619
0.169141264547
0.977257050776
0.127905783046
0.245394937722
0.960158891665
0.133702009322
0.320760429646
0.936944087101
0.138739051529
0.284716289806
0.935535488828
0.209069326930
0.247190927478
0.928362705877
0.277559600283
0.207535066498
0.915697274287
0.344133256221
0.165522077401
0.897689164949
0.408358427151
0.049170768463
0.979749704665
0.194094697861
0.128048209306
0.971469723083
0.199625231939
0.206529793142
0.956743407286
0.204908509242
0.166762273370
0.947153497797
0.274026633362
0.125218653189
0.931730061619
0.340880303286
0.005557961317
0.964435404680
0.264260211280
0.086178472458
0.959191820994
0.269303400318
0.042671447763
0.940695997362
0.336556366888
-0.002709723871
-0.465967597125
-0.884797635522
-0.008710260548
-0.395318874050
-0.918502650612
-0.014512190223
-0.323892722679
-0.945982505404
-0.020228177909
-0.250496088201
-0.967906261275
-0.025863475197
-0.175185518510
-0.984195668937
-0.031447171142
-0.098332233733
-0.994656647912
-0.037039620539
-0.020576829263
-0.999101927036
-0.439142580882
-0.302339962399
-0.846016749712
-0.370944967228
-0.333903154444
-0.866549776262
-0.300790722587
-0.362876216393
-0.881955663728
-0.229202786770
-0.389180365597
-0.892190969227
-0.156452951972
-0.412922755503
-0.897227547397
-0.082149634498
-0.435102571835
-0.896625445509
-0.089221483898
-0.364123400749
-0.927067244507
-0.094937079254
-0.291741712907
-0.951773987842
-0.100320826088
-0.217408299539
-0.970911614486
-0.105590966360
-0.141360758665
-0.984310765832
-0.110859379192
-0.064052174055
-0.991769891176
-0.449354460015
-0.219767824172
-0.865899920732
-0.382110084195
-0.252624169484
-0.888916707318
-0.312265307279
-0.283081716673
-0.906837978668
-0.240234577819
-0.311235685963
-0.919467071408
-0.166098680138
-0.337669610046
-0.926493638892
-0.172821452362
-0.262313871303
-0.949380944893
-0.178429058314
-0.185924883218
-0.966227203586
-0.183606216916
-0.108323900094
-0.977013147188
-0.188744715127
-0.029793338975
-0.981574138547
-0.390116304862
-0.170318784119
-0.904876113320
-0.320454094939
-0.202724553462
-0.925317204239
-0.247965379498
-0.233140402409
-0.940297146297
-0.253984349101
-0.154375460485
-0.954808969172
-0.259223205604
-0.074751791398
-0.962920297511
-0.396060320958
-0.087014908819
-0.914092242504
-0.326656734388
-0.121624782281
-0.937284796747
-0.331824435333
-0.039746953229
-0.942503434384
0.573179279316
-0.818537171937
0.038241494735
0.625279133719
-0.776379394075
0.079126742584
0.672483662702
-0.730541456300
0.118637700696
0.715759155009
-0.680357872277
0.157486499902
0.755027457171
-0.625833642742
0.195616437269
0.790031385982
-0.567163061833
0.232758395028
0.820451658422
-0.504752095871
0.268485377454
0.810585032024
-0.531904022069
-0.245010238900
0.783344229884
-0.588779915700
-0.199273752350
0.751777563815
-0.641601412751
-0.152243626142
0.716135702871
-0.690121457989
-0.104316960735
0.676498660837
-0.734328679285
-0.055775914750
0.632005951262
-0.774932464524
-0.006939236056
0.682103578803
-0.730544686721
0.032236136370
0.727316723339
-0.682573826745
0.071437770081
0.768461549924
-0.630341976137
0.110162785948
0.805436743719
-0.573889235956
0.148063488818
0.837995175757
-0.513446810769
0.184760542103
0.857292988821
-0.471887700295
-0.205841515803
0.832138603341
-0.530757090223
-0.160755267433
0.802302928278
-0.585941622217
-0.113940452126
0.767804659228
-0.637291927721
-0.065840748240
0.728252791125
-0.685099957552
-0.016909180400
0.773416600642
-0.633502086418
0.022402418503
0.813454808694
-0.578392380684
0.061266044260
0.848749422235
-0.519405008367
0.099211166404
0.879275868825
-0.456565062251
0.135728738426
0.874486907157
-0.469676279489
-0.121148015656
0.846179058689
-0.527640449794
-0.074676344156
0.812654714446
-0.582137604491
-0.026610609267
0.851744216188
-0.523811375455
0.012386812885
0.885530913815
-0.461831242489
0.050466861791
0.910657233502
-0.405053291277
-0.081456947502
0.884023571670
-0.466096431923
-0.035446309824
0.916131029317
-0.400868288162
0.002924494534
