0.420262419153
0.850543058477
0.316158195724
0.477850784082
0.845236557070
0.239235847532
0.530057110358
0.832803118508
0.159619627746
0.572923914995
0.817043859977
0.064788258969
0.757431271952
0.601033877116
0.255061064902
0.778760687448
0.536304635461
0.325436828998
0.392689997330
0.792484014761
0.466651532030
0.456811553333
0.797966558021
0.393157191238
0.516493032686
0.795607158914
0.316613638163
0.570641864091
0.787243140861
0.233700877434
0.617249188013
0.774305021856
0.139481801772
0.655275860336
0.725051874761
0.211927642764
0.687153050676
0.668782075401
0.283815469220
0.711785308085
0.606427807827
0.354410763223
0.422909581568
0.728538114112
0.538868909944
0.487937907688
0.737402275205
0.467070104763
0.549143854529
0.739398103673
0.389527240791
0.606140649877
0.734491534065
0.305148650582
0.634587337729
0.675380846020
0.375712155279
0.655830840115
0.610115035903
0.444573449635
0.511446839664
0.669648200739
0.538510368929
0.575316606555
0.676223404240
0.460144227151
0.594225552864
0.606123954523
0.528686810953
0.525731112119
0.850650808352
0.000000000000
0.000000000000
0.525731112119
-0.850650808352
-0.525731112119
0.850650808352
0.000000000000
0.000000000000
0.525731112119
0.850650808352
0.850650808352
-0.000000000000
0.525731112119
-0.850650808352
-0.000000000000
0.525731112119
-0.000000000000
-0.525731112119
0.850650808352
-0.850650808352
-0.000000000000
-0.525731112119
-0.525731112119
-0.850650808352
0.000000000000
0.850650808352
-0.000000000000
-0.525731112119
0.525731112119
-0.850650808352
0.000000000000
0.000000000000
-0.525731112119
-0.850650808352
0.308478403193
0.400156461278
-0.862969223820
0.215812934678
0.416528802114
-0.883135626184
0.121456752891
0.430145406879
-0.894551947132
0.018433282927
0.451565012170
-0.892047786761
0.013362782357
0.124656953227
-0.992109913296
0.039630828050
0.030510862779
-0.998748459183
0.426075049529
0.286459387001
-0.858138142590
0.336250299877
0.307827377556
-0.890043842437
0.243755430532
0.325747768750
-0.913494215220
0.147018558630
0.343704607239
-0.927498078910
0.043491964616
0.365944531765
-0.929619840948
0.067868485511
0.278124090255
-0.958144487587
0.092700039360
0.186806359528
-0.978013336690
0.118228174874
0.093451264237
-0.988579263326
0.449629973411
0.189279012606
-0.872929746542
0.361768533203
0.212254814274
-0.907783797058
0.269048809951
0.233727227679
-0.934336299683
0.170770485444
0.254334046199
-0.951919972606
0.195368008845
0.162440232693
-0.967183804622
0.220287970563
0.068643832721
-0.973016564224
0.386873294560
0.114455825010
-0.915002141024
0.293570720255
0.139221503877
-0.945745000022
0.317906440976
0.042395380104
-0.947173757307
-0.420262419153
0.850543058477
-0.316158195724
-0.477850784082
0.845236557070
-0.239235847532
-0.530057110358
0.832803118508
-0.159619627746
-0.572923914995
0.817043859977
-0.064788258969
-0.757431271952
0.601033877116
-0.255061064902
-0.778760687448
0.536304635461
-0.325436828998
-0.392689997330
0.792484014761
-0.466651532030
-0.456811553333
0.797966558021
-0.393157191238
-0.516493032686
0.795607158914
-0.316613638163
-0.570641864091
0.787243140861
-0.233700877434
-0.617249188013
0.774305021856
-0.139481801772
-0.655275860336
0.725051874761
-0.211927642764
-0.687153050676
0.668782075401
-0.283815469220
-0.711785308085
0.606427807827
-0.354410763223
-0.422909581568
0.728538114112
-0.538868909944
-0.487937907688
0.737402275205
-0.467070104763
-0.549143854529
0.739398103673
-0.389527240791
-0.606140649877
0.734491534065
-0.305148650582
-0.634587337729
0.675380846020
-0.375712155279
-0.655830840115
0.610115035903
-0.444573449635
-0.511446839664
0.669648200739
-0.538510368929
-0.575316606555
0.676223404240
-0.460144227151
-0.594225552864
0.606123954523
-0.528686810953
-0.308478403193
0.400156461278
0.862969223820
-0.215812934678
0.416528802114
0.883135626184
-0.121456752891
0.430145406879
0.894551947132
-0.018433282927
0.451565012170
0.892047786761
-0.013362782357
0.124656953227
0.992109913296
-0.039630828050
0.030510862779
0.998748459183
-0.426075049529
0.286459387001
0.858138142590
-0.336250299877
0.307827377556
0.890043842437
-0.243755430532
0.325747768750
0.913494215220
-0.147018558630
0.343704607239
0.927498078910
-0.043491964616
0.365944531765
0.929619840948
-0.067868485511
0.278124090255
0.958144487587
-0.092700039360
0.186806359528
0.978013336690
-0.118228174874
0.093451264237
0.988579263326
-0.449629973411
0.189279012606
0.872929746542
-0.361768533203
0.212254814274
0.907783797058
-0.269048809951
0.233727227679
0.934336299683
-0.170770485444
0.254334046199
0.951919972606
-0.195368008845
0.162440232693
0.967183804622
-0.220287970563
0.068643832721
0.973016564224
-0.386873294560
0.114455825010
0.915002141024
-0.293570720255
0.139221503877
0.945745000022
-0.317906440976
0.042395380104
0.947173757307
0.728740822346
0.659892920509
0.182970345437
0.693663718760
0.711856828227
0.109956815989
0.651513863249
0.757738717059
0.036901526595
0.591357197922
0.805651464604
-0.034962580669
0.770794054309
0.592775223435
-0.233439628864
0.818391515498
0.511811436724
-0.261312802210
0.818765046860
0.529155152393
0.222752379867
0.793061853210
0.590152443969
0.150907222690
0.760248463219
0.644958017903
0.077790933381
0.717660422721
0.696380674651
0.004180147406
0.660741152629
0.747425509486
-0.069110324786
0.723144345846
0.683106843950
-0.102114126443
0.779853090036
0.611490300319
-0.133823654777
0.830013482960
0.533358777326
-0.163113557849
0.872539554979
0.450651508183
0.188647669396
0.849706440891
0.513817025625
0.118283678019
0.818192664480
0.573116794491
0.045802878343
0.776911135321
0.628949569786
-0.028836200859
0.829955346573
0.554636776239
-0.059600076653
0.876118810677
0.473969582782
-0.088140025951
0.898320134224
0.430547355362
0.087463771008
0.868887326810
0.494786721020
0.014863176324
0.912131993841
0.409646968757
-0.014303384211
-0.217186115842
0.976051116233
-0.012426165343
-0.306571986125
0.951092675760
-0.037899069114
-0.393243880284
0.917358344805
-0.061748828624
-0.486527592839
0.870439723573
-0.075003926783
-0.358096582090
0.847836288337
-0.391076036180
-0.291823664989
0.837248265722
-0.462443823722
-0.063707007134
0.995806684423
-0.065654127829
-0.156920154865
0.983309635207
-0.092077284416
-0.247956835369
0.961571656066
-0.117887056306
-0.339524459833
0.930081552085
-0.140254938048
-0.435054856551
0.886907311257
-0.155314819092
-0.380238216698
0.895034486714
-0.233092612827
-0.320630014305
0.895305769538
-0.309231261288
-0.256564822086
0.887769540550
-0.382151455500
-0.000631343210
0.989520418127
-0.144391632430
-0.093971136255
0.980887130388
-0.170381521854
-0.187924349336
0.962644035281
-0.194938196010
-0.283170247058
0.934098220368
-0.217428438540
-0.222040309346
0.930348931518
-0.291802958602
-0.156783858672
0.918543032417
-0.362901528322
-0.026992054002
0.969057724291
-0.245353940284
-0.124358327553
0.954930948171
-0.269521595782
-0.056698764315
0.938333779711
-0.341049802784
-0.203076303311
0.716314657003
0.667572713041
-0.171278797957
0.655764649646
0.735279741082
-0.136813230074
0.589765034625
0.795901591914
-0.086396322156
0.516353271138
0.852006440646
-0.399334689861
0.379718018129
0.834473505980
-0.486937022459
0.355947691777
0.797617437672
-0.328982990197
0.753110919031
0.569731634893
-0.299891398468
0.700984568794
0.647059335330
-0.268536197317
0.642361406913
0.717816225533
-0.231117404258
0.577405484673
0.783062993455
-0.182194331463
0.505426333537
0.843415346641
-0.275037643637
0.490051733019
0.827166001204
-0.366523036371
0.470621828748
0.802605730179
-0.455220486000
0.447862027460
0.769541365675
-0.422278238359
0.728147922550
0.539890444716
-0.393966771433
0.679324919038
0.619118597186
-0.361219505193
0.623254468470
0.693595225330
-0.322970402820
0.559482696781
0.763327734925
-0.412547028382
0.538152387971
0.734980922673
-0.499046981442
0.513217282356
0.698255061854
-0.484454785662
0.652966193940
0.582184429731
-0.450958279002
0.599365731028
0.661360227916
-0.537526788550
0.571082191057
0.620427338734
0.667572713041
-0.203076303311
0.716314657003
0.735279741082
-0.171278797957
0.655764649646
0.795901591914
-0.136813230074
0.589765034625
0.852006440646
-0.086396322156
0.516353271138
0.834473505980
-0.399334689861
0.379718018129
0.797617437672
-0.486937022459
0.355947691777
0.569731634893
-0.328982990197
0.753110919031
0.647059335330
-0.299891398468
0.700984568794
0.717816225533
-0.268536197317
0.642361406913
0.783062993455
-0.231117404258
0.577405484673
0.843415346641
-0.182194331463
0.505426333537
0.827166001204
-0.275037643637
0.490051733019
0.802605730179
-0.366523036371
0.470621828748
0.769541365675
-0.455220486000
0.447862027460
0.539890444716
-0.422278238359
0.728147922550
0.619118597186
-0.393966771433
0.679324919038
0.693595225330
-0.361219505193
0.623254468470
0.763327734925
-0.322970402820
0.559482696781
0.734980922673
-0.412547028382
0.538152387971
0.698255061854
-0.499046981442
0.513217282356
0.582184429731
-0.484454785662
0.652966193940
0.661360227916
-0.450958279002
0.599365731028
0.620427338734
-0.537526788550
0.571082191057
-0.976051116233
-0.012426165343
0.217186115842
-0.951092675760
-0.037899069114
0.306571986125
-0.917358344805
-0.061748828624
0.393243880284
-0.870439723573
-0.075003926783
0.486527592839
-0.847836288337
-0.391076036180
0.358096582090
-0.837248265722
-0.462443823722
0.291823664989
-0.995806684423
-0.065654127829
0.063707007134
-0.983309635207
-0.092077284416
0.156920154865
-0.961571656066
-0.117887056306
0.247956835369
-0.930081552085
-0.140254938048
0.339524459833
-0.886907311257
-0.155314819092
0.435054856551
-0.895034486714
-0.233092612827
0.380238216698
-0.895305769538
-0.309231261288
0.320630014305
-0.887769540550
-0.382151455500
0.256564822086
-0.989520418127
-0.144391632430
0.000631343210
-0.980887130388
-0.170381521854
0.093971136255
-0.962644035281
-0.194938196010
0.187924349336
-0.934098220368
-0.217428438540
0.283170247058
-0.930348931518
-0.291802958602
0.222040309346
-0.918543032417
-0.362901528322
0.156783858672
-0.969057724291
-0.245353940284
0.026992054002
-0.954930948171
-0.269521595782
0.124358327553
-0.938333779711
-0.341049802784
0.056698764315
0.716314657003
0.667572713041
-0.203076303311
0.655764649646
0.735279741082
-0.171278797957
0.589765034625
0.795901591914
-0.136813230074
0.516353271138
0.852006440646
-0.086396322156
0.379718018129
0.834473505980
-0.399334689861
0.355947691777
0.797617437672
-0.486937022459
0.753110919031
0.569731634893
-0.328982990197
0.700984568794
0.647059335330
-0.299891398468
0.642361406913
0.717816225533
-0.268536197317
0.577405484673
0.783062993455
-0.231117404258
0.505426333537
0.843415346641
-0.182194331463
0.490051733019
0.827166001204
-0.275037643637
0.470621828748
0.802605730179
-0.366523036371
0.447862027460
0.769541365675
-0.455220486000
0.728147922550
0.539890444716
-0.422278238359
0.679324919038
0.619118597186
-0.393966771433
0.623254468470
0.693595225330
-0.361219505193
0.559482696781
0.763327734925
-0.322970402820
0.538152387971
0.734980922673
-0.412547028382
0.513217282356
0.698255061854
-0.499046981442
0.652966193940
0.582184429731
-0.484454785662
0.599365731028
0.661360227916
-0.450958279002
0.571082191057
0.620427338734
-0.537526788550
0.182970345437
0.728740822346
0.659892920509
0.109956815989
0.693663718760
0.711856828227
0.036901526595
0.651513863249
0.757738717059
-0.034962580669
0.591357197922
0.805651464604
-0.233439628864
0.770794054309
0.592775223435
-0.261312802210
0.818391515498
0.511811436724
0.222752379867
0.818765046860
0.529155152393
0.150907222690
0.793061853210
0.590152443969
0.077790933381
0.760248463219
0.644958017903
0.004180147406
0.717660422721
0.696380674651
-0.069110324786
0.660741152629
0.747425509486
-0.102114126443
0.723144345846
0.683106843950
-0.133823654777
0.779853090036
0.611490300319
-0.163113557849
0.830013482960
0.533358777326
0.188647669396
0.872539554979
0.450651508183
0.118283678019
0.849706440891
0.513817025625
0.045802878343
0.818192664480
0.573116794491
-0.028836200859
0.776911135321
0.628949569786
-0.059600076653
0.829955346573
0.554636776239
-0.088140025951
0.876118810677
0.473969582782
0.087463771008
0.898320134224
0.430547355362
0.014863176324
0.868887326810
0.494786721020
-0.014303384211
0.912131993841
0.409646968757
-0.316158195724
-0.420262419153
0.850543058477
-0.239235847532
-0.477850784082
0.845236557070
-0.159619627746
-0.530057110358
0.832803118508
-0.064788258969
-0.572923914995
0.817043859977
-0.255061064902
-0.757431271952
0.601033877116
-0.325436828998
-0.778760687448
0.536304635461
-0.466651532030
-0.392689997330
0.792484014761
-0.393157191238
-0.456811553333
0.797966558021
-0.316613638163
-0.516493032686
0.795607158914
-0.233700877434
-0.570641864091
0.787243140861
-0.139481801772
-0.617249188013
0.774305021856
-0.211927642764
-0.655275860336
0.725051874761
-0.283815469220
-0.687153050676
0.668782075401
-0.354410763223
-0.711785308085
0.606427807827
-0.538868909944
-0.422909581568
0.728538114112
-0.467070104763
-0.487937907688
0.737402275205
-0.389527240791
-0.549143854529
0.739398103673
-0.305148650582
-0.606140649877
0.734491534065
-0.375712155279
-0.634587337729
0.675380846020
-0.444573449635
-0.655830840115
0.610115035903
-0.538510368929
-0.511446839664
0.669648200739
-0.460144227151
-0.575316606555
0.676223404240
-0.528686810953
-0.594225552864
0.606123954523
0.862969223820
-0.308478403193
0.400156461278
0.883135626184
-0.215812934678
0.416528802114
0.894551947132
-0.121456752891
0.430145406879
0.892047786761
-0.018433282927
0.451565012170
0.992109913296
-0.013362782357
0.124656953227
0.998748459183
-0.039630828050
0.030510862779
0.858138142590
-0.426075049529
0.286459387001
0.890043842437
-0.336250299877
0.307827377556
0.913494215220
-0.243755430532
0.325747768750
0.927498078910
-0.147018558630
0.343704607239
0.929619840948
-0.043491964616
0.365944531765
0.958144487587
-0.067868485511
0.278124090255
0.978013336690
-0.092700039360
0.186806359528
0.988579263326
-0.118228174874
0.093451264237
0.872929746542
-0.449629973411
0.189279012606
0.907783797058
-0.361768533203
0.212254814274
0.934336299683
-0.269048809951
0.233727227679
0.951919972606
-0.170770485444
0.254334046199
0.967183804622
-0.195368008845
0.162440232693
0.973016564224
-0.220287970563
0.068643832721
0.915002141024
-0.386873294560
0.114455825010
0.945745000022
-0.293570720255
0.139221503877
0.947173757307
-0.317906440976
0.042395380104
0.316158195724
0.420262419153
0.850543058477
0.239235847532
0.477850784082
0.845236557070
0.159619627746
0.530057110358
0.832803118508
0.064788258969
0.572923914995
0.817043859977
0.255061064902
0.757431271952
0.601033877116
0.325436828998
0.778760687448
0.536304635461
0.466651532030
0.392689997330
0.792484014761
0.393157191238
0.456811553333
0.797966558021
0.316613638163
0.516493032686
0.795607158914
0.233700877434
0.570641864091
0.787243140861
0.139481801772
0.617249188013
0.774305021856
0.211927642764
0.655275860336
0.725051874761
0.283815469220
0.687153050676
0.668782075401
0.354410763223
0.711785308085
0.606427807827
0.538868909944
0.422909581568
0.728538114112
0.467070104763
0.487937907688
0.737402275205
0.389527240791
0.549143854529
0.739398103673
0.305148650582
0.606140649877
0.734491534065
0.375712155279
0.634587337729
0.675380846020
0.444573449635
0.655830840115
0.610115035903
0.538510368929
0.511446839664
0.669648200739
0.460144227151
0.575316606555
0.676223404240
0.528686810953
0.594225552864
0.606123954523
-0.012426165343
-0.217186115842
0.976051116233
-0.037899069114
-0.306571986125
0.951092675760
-0.061748828624
-0.393243880284
0.917358344805
-0.075003926783
-0.486527592839
0.870439723573
-0.391076036180
-0.358096582090
0.847836288337
-0.462443823722
-0.291823664989
0.837248265722
-0.065654127829
-0.063707007134
0.995806684423
-0.092077284416
-0.156920154865
0.983309635207
-0.117887056306
-0.247956835369
0.961571656066
-0.140254938048
-0.339524459833
0.930081552085
-0.155314819092
-0.435054856551
0.886907311257
-0.233092612827
-0.380238216698
0.895034486714
-0.309231261288
-0.320630014305
0.895305769538
-0.382151455500
-0.256564822086
0.887769540550
-0.144391632430
-0.000631343210
0.989520418127
-0.170381521854
-0.093971136255
0.980887130388
-0.194938196010
-0.187924349336
0.962644035281
-0.217428438540
-0.283170247058
0.934098220368
-0.291802958602
-0.222040309346
0.930348931518
-0.362901528322
-0.156783858672
0.918543032417
-0.245353940284
-0.026992054002
0.969057724291
-0.269521595782
-0.124358327553
0.954930948171
-0.341049802784
-0.056698764315
0.938333779711
0.012426165343
0.217186115842
0.976051116233
0.037899069114
0.306571986125
0.951092675760
0.061748828624
0.393243880284
0.917358344805
0.075003926783
0.486527592839
0.870439723573
0.391076036180
0.358096582090
0.847836288337
0.462443823722
0.291823664989
0.837248265722
0.065654127829
0.063707007134
0.995806684423
0.092077284416
0.156920154865
0.983309635207
0.117887056306
0.247956835369
0.961571656066
0.140254938048
0.339524459833
0.930081552085
0.155314819092
0.435054856551
0.886907311257
0.233092612827
0.380238216698
0.895034486714
0.309231261288
0.320630014305
0.895305769538
0.382151455500
0.256564822086
0.887769540550
0.144391632430
0.000631343210
0.989520418127
0.170381521854
0.093971136255
0.980887130388
0.194938196010
0.187924349336
0.962644035281
0.217428438540
0.283170247058
0.934098220368
0.291802958602
0.222040309346
0.930348931518
0.362901528322
0.156783858672
0.918543032417
0.245353940284
0.026992054002
0.969057724291
0.269521595782
0.124358327553
0.954930948171
0.341049802784
0.056698764315
0.938333779711
-0.400156461278
0.862969223820
0.308478403193
-0.416528802114
0.883135626184
0.215812934678
-0.430145406879
0.894551947132
0.121456752891
-0.451565012170
0.892047786761
0.018433282927
-0.124656953227
0.992109913296
0.013362782357
-0.030510862779
0.998748459183
0.039630828050
-0.286459387001
0.858138142590
0.426075049529
-0.307827377556
0.890043842437
0.336250299877
-0.325747768750
0.913494215220
0.243755430532
-0.343704607239
0.927498078910
0.147018558630
-0.365944531765
0.929619840948
0.043491964616
-0.278124090255
0.958144487587
0.067868485511
-0.186806359528
0.978013336690
0.092700039360
-0.093451264237
0.988579263326
0.118228174874
-0.189279012606
0.872929746542
0.449629973411
-0.212254814274
0.907783797058
0.361768533203
-0.233727227679
0.934336299683
0.269048809951
-0.254334046199
0.951919972606
0.170770485444
-0.162440232693
0.967183804622
0.195368008845
-0.068643832721
0.973016564224
0.220287970563
-0.114455825010
0.915002141024
0.386873294560
-0.139221503877
0.945745000022
0.293570720255
-0.042395380104
0.947173757307
0.317906440976
-0.659892920509
0.182970345437
-0.728740822346
-0.711856828227
0.109956815989
-0.693663718760
-0.757738717059
0.036901526595
-0.651513863249
-0.805651464604
-0.034962580669
-0.591357197922
-0.592775223435
-0.233439628864
-0.770794054309
-0.511811436724
-0.261312802210
-0.818391515498
-0.529155152393
0.222752379867
-0.818765046860
-0.590152443969
0.150907222690
-0.793061853210
-0.644958017903
0.077790933381
-0.760248463219
-0.696380674651
0.004180147406
-0.717660422721
-0.747425509486
-0.069110324786
-0.660741152629
-0.683106843950
-0.102114126443
-0.723144345846
-0.611490300319
-0.133823654777
-0.779853090036
-0.533358777326
-0.163113557849
-0.830013482960
-0.450651508183
0.188647669396
-0.872539554979
-0.513817025625
0.118283678019
-0.849706440891
-0.573116794491
0.045802878343
-0.818192664480
-0.628949569786
-0.028836200859
-0.776911135321
-0.554636776239
-0.059600076653
-0.829955346573
-0.473969582782
-0.088140025951
-0.876118810677
-0.430547355362
0.087463771008
-0.898320134224
-0.494786721020
0.014863176324
-0.868887326810
-0.409646968757
-0.014303384211
-0.912131993841
-0.850543058477
-0.316158195724
0.420262419153
-0.845236557070
-0.239235847532
0.477850784082
-0.832803118508
-0.159619627746
0.530057110358
-0.817043859977
-0.064788258969
0.572923914995
-0.601033877116
-0.255061064902
0.757431271952
-0.536304635461
-0.325436828998
0.778760687448
-0.792484014761
-0.466651532030
0.392689997330
-0.797966558021
-0.393157191238
0.456811553333
-0.795607158914
-0.316613638163
0.516493032686
-0.787243140861
-0.233700877434
0.570641864091
-0.774305021856
-0.139481801772
0.617249188013
-0.725051874761
-0.211927642764
0.655275860336
-0.668782075401
-0.283815469220
0.687153050676
-0.606427807827
-0.354410763223
0.711785308085
-0.728538114112
-0.538868909944
0.422909581568
-0.737402275205
-0.467070104763
0.487937907688
-0.739398103673
-0.389527240791
0.549143854529
-0.734491534065
-0.305148650582
0.606140649877
-0.675380846020
-0.375712155279
0.634587337729
-0.610115035903
-0.444573449635
0.655830840115
-0.669648200739
-0.538510368929
0.511446839664
-0.676223404240
-0.460144227151
0.575316606555
-0.606123954523
-0.528686810953
0.594225552864
-0.716314657003
0.667572713041
0.203076303311
-0.655764649646
0.735279741082
0.171278797957
-0.589765034625
0.795901591914
0.136813230074
-0.516353271138
0.852006440646
0.086396322156
-0.379718018129
0.834473505980
0.399334689861
-0.355947691777
0.797617437672
0.486937022459
-0.753110919031
0.569731634893
0.328982990197
-0.700984568794
0.647059335330
0.299891398468
-0.642361406913
0.717816225533
0.268536197317
-0.577405484673
0.783062993455
0.231117404258
-0.505426333537
0.843415346641
0.182194331463
-0.490051733019
0.827166001204
0.275037643637
-0.470621828748
0.802605730179
0.366523036371
-0.447862027460
0.769541365675
0.455220486000
-0.728147922550
0.539890444716
0.422278238359
-0.679324919038
0.619118597186
0.393966771433
-0.623254468470
0.693595225330
0.361219505193
-0.559482696781
0.763327734925
0.322970402820
-0.538152387971
0.734980922673
0.412547028382
-0.513217282356
0.698255061854
0.499046981442
-0.652966193940
0.582184429731
0.484454785662
-0.599365731028
0.661360227916
0.450958279002
-0.571082191057
0.620427338734
0.537526788550
-0.850543058477
0.316158195724
-0.420262419153
-0.845236557070
0.239235847532
-0.477850784082
-0.832803118508
0.159619627746
-0.530057110358
-0.817043859977
0.064788258969
-0.572923914995
-0.601033877116
0.255061064902
-0.757431271952
-0.536304635461
0.325436828998
-0.778760687448
-0.792484014761
0.466651532030
-0.392689997330
-0.797966558021
0.393157191238
-0.456811553333
-0.795607158914
0.316613638163
-0.516493032686
-0.787243140861
0.233700877434
-0.570641864091
-0.774305021856
0.139481801772
-0.617249188013
-0.725051874761
0.211927642764
-0.655275860336
-0.668782075401
0.283815469220
-0.687153050676
-0.606427807827
0.354410763223
-0.711785308085
-0.728538114112
0.538868909944
-0.422909581568
-0.737402275205
0.467070104763
-0.487937907688
-0.739398103673
0.389527240791
-0.549143854529
-0.734491534065
0.305148650582
-0.606140649877
-0.675380846020
0.375712155279
-0.634587337729
-0.610115035903
0.444573449635
-0.655830840115
-0.669648200739
0.538510368929
-0.511446839664
-0.676223404240
0.460144227151
-0.575316606555
-0.606123954523
0.528686810953
-0.594225552864
-0.400156461278
-0.862969223820
-0.308478403193
-0.416528802114
-0.883135626184
-0.215812934678
-0.430145406879
-0.894551947132
-0.121456752891
-0.451565012170
-0.892047786761
-0.018433282927
-0.124656953227
-0.992109913296
-0.013362782357
-0.030510862779
-0.998748459183
-0.039630828050
-0.286459387001
-0.858138142590
-0.426075049529
-0.307827377556
-0.890043842437
-0.336250299877
-0.325747768750
-0.913494215220
-0.243755430532
-0.343704607239
-0.927498078910
-0.147018558630
-0.365944531765
-0.929619840948
-0.043491964616
-0.278124090255
-0.958144487587
-0.067868485511
-0.186806359528
-0.978013336690
-0.092700039360
-0.093451264237
-0.988579263326
-0.118228174874
-0.189279012606
-0.872929746542
-0.449629973411
-0.212254814274
-0.907783797058
-0.361768533203
-0.233727227679
-0.934336299683
-0.269048809951
-0.254334046199
-0.951919972606
-0.170770485444
-0.162440232693
-0.967183804622
-0.195368008845
-0.068643832721
-0.973016564224
-0.220287970563
-0.114455825010
-0.915002141024
-0.386873294560
-0.139221503877
-0.945745000022
-0.293570720255
-0.042395380104
-0.947173757307
-0.317906440976
0.659892920509
0.182970345437
0.728740822346
0.711856828227
0.109956815989
0.693663718760
0.757738717059
0.036901526595
0.651513863249
0.805651464604
-0.034962580669
0.591357197922
0.592775223435
-0.233439628864
0.770794054309
0.511811436724
-0.261312802210
0.818391515498
0.529155152393
0.222752379867
0.818765046860
0.590152443969
0.150907222690
0.793061853210
0.644958017903
0.077790933381
0.760248463219
0.696380674651
0.004180147406
0.717660422721
0.747425509486
-0.069110324786
0.660741152629
0.683106843950
-0.102114126443
0.723144345846
0.611490300319
-0.133823654777
0.779853090036
0.533358777326
-0.163113557849
0.830013482960
0.450651508183
0.188647669396
0.872539554979
0.513817025625
0.118283678019
0.849706440891
0.573116794491
0.045802878343
0.818192664480
0.628949569786
-0.028836200859
0.776911135321
0.554636776239
-0.059600076653
0.829955346573
0.473969582782
-0.088140025951
0.876118810677
0.430547355362
0.087463771008
0.898320134224
0.494786721020
0.014863176324
0.868887326810
0.409646968757
-0.014303384211
0.912131993841
0.850543058477
-0.316158195724
-0.420262419153
0.845236557070
-0.239235847532
-0.477850784082
0.832803118508
-0.159619627746
-0.530057110358
0.817043859977
-0.064788258969
-0.572923914995
0.601033877116
-0.255061064902
-0.757431271952
0.536304635461
-0.325436828998
-0.778760687448
0.792484014761
-0.466651532030
-0.392689997330
0.797966558021
-0.393157191238
-0.456811553333
0.795607158914
-0.316613638163
-0.516493032686
0.787243140861
-0.233700877434
-0.570641864091
0.774305021856
-0.139481801772
-0.617249188013
0.725051874761
-0.211927642764
-0.655275860336
0.668782075401
-0.283815469220
-0.687153050676
0.606427807827
-0.354410763223
-0.711785308085
0.728538114112
-0.538868909944
-0.422909581568
0.737402275205
-0.467070104763
-0.487937907688
0.739398103673
-0.389527240791
-0.549143854529
0.734491534065
-0.305148650582
-0.606140649877
0.675380846020
-0.375712155279
-0.634587337729
0.610115035903
-0.444573449635
-0.655830840115
0.669648200739
-0.538510368929
-0.511446839664
0.676223404240
-0.460144227151
-0.575316606555
0.606123954523
-0.528686810953
-0.594225552864
0.400156461278
0.862969223820
-0.308478403193
0.416528802114
0.883135626184
-0.215812934678
0.430145406879
0.894551947132
-0.121456752891
0.451565012170
0.892047786761
-0.018433282927
0.124656953227
0.992109913296
-0.013362782357
0.030510862779
0.998748459183
-0.039630828050
0.286459387001
0.858138142590
-0.426075049529
0.307827377556
0.890043842437
-0.336250299877
0.325747768750
0.913494215220
-0.243755430532
0.343704607239
0.927498078910
-0.147018558630
0.365944531765
0.929619840948
-0.043491964616
0.278124090255
0.958144487587
-0.067868485511
0.186806359528
0.978013336690
-0.092700039360
0.093451264237
0.988579263326
-0.118228174874
0.189279012606
0.872929746542
-0.449629973411
0.212254814274
0.907783797058
-0.361768533203
0.233727227679
0.934336299683
-0.269048809951
0.254334046199
0.951919972606
-0.170770485444
0.162440232693
0.967183804622
-0.195368008845
0.068643832721
0.973016564224
-0.220287970563
0.114455825010
0.915002141024
-0.386873294560
0.139221503877
0.945745000022
-0.293570720255
0.042395380104
0.947173757307
-0.317906440976
0.850543058477
0.316158195724
0.420262419153
0.845236557070
0.239235847532
0.477850784082
0.832803118508
0.159619627746
0.530057110358
0.817043859977
0.064788258969
0.572923914995
0.601033877116
0.255061064902
0.757431271952
0.536304635461
0.325436828998
0.778760687448
0.792484014761
0.466651532030
0.392689997330
0.797966558021
0.393157191238
0.456811553333
0.795607158914
0.316613638163
0.516493032686
0.787243140861
0.233700877434
0.570641864091
0.774305021856
0.139481801772
0.617249188013
0.725051874761
0.211927642764
0.655275860336
0.668782075401
0.283815469220
0.687153050676
0.606427807827
0.354410763223
0.711785308085
0.728538114112
0.538868909944
0.422909581568
0.737402275205
0.467070104763
0.487937907688
0.739398103673
0.389527240791
0.549143854529
0.734491534065
0.305148650582
0.606140649877
0.675380846020
0.375712155279
0.634587337729
0.610115035903
0.444573449635
0.655830840115
0.669648200739
0.538510368929
0.511446839664
0.676223404240
0.460144227151
0.575316606555
0.606123954523
0.528686810953
0.594225552864
0.976051116233
-0.012426165343
-0.217186115842
0.951092675760
-0.037899069114
-0.306571986125
0.917358344805
-0.061748828624
-0.393243880284
0.870439723573
-0.075003926783
-0.486527592839
0.847836288337
-0.391076036180
-0.358096582090
0.837248265722
-0.462443823722
-0.291823664989
0.995806684423
-0.065654127829
-0.063707007134
0.983309635207
-0.092077284416
-0.156920154865
0.961571656066
-0.117887056306
-0.247956835369
0.930081552085
-0.140254938048
-0.339524459833
0.886907311257
-0.155314819092
-0.435054856551
0.895034486714
-0.233092612827
-0.380238216698
0.895305769538
-0.309231261288
-0.320630014305
0.887769540550
-0.382151455500
-0.256564822086
0.989520418127
-0.144391632430
-0.000631343210
0.980887130388
-0.170381521854
-0.093971136255
0.962644035281
-0.194938196010
-0.187924349336
0.934098220368
-0.217428438540
-0.283170247058
0.930348931518
-0.291802958602
-0.222040309346
0.918543032417
-0.362901528322
-0.156783858672
0.969057724291
-0.245353940284
-0.026992054002
0.954930948171
-0.269521595782
-0.124358327553
0.938333779711
-0.341049802784
-0.056698764315
-0.012426165343
0.217186115842
-0.976051116233
-0.037899069114
0.306571986125
-0.951092675760
-0.061748828624
0.393243880284
-0.917358344805
-0.075003926783
0.486527592839
-0.870439723573
-0.391076036180
0.358096582090
-0.847836288337
-0.462443823722
0.291823664989
-0.837248265722
-0.065654127829
0.063707007134
-0.995806684423
-0.092077284416
0.156920154865
-0.983309635207
-0.117887056306
0.247956835369
-0.961571656066
-0.140254938048
0.339524459833
-0.930081552085
-0.155314819092
0.435054856551
-0.886907311257
-0.233092612827
0.380238216698
-0.895034486714
-0.309231261288
0.320630014305
-0.895305769538
-0.382151455500
0.256564822086
-0.887769540550
-0.144391632430
0.000631343210
-0.989520418127
-0.170381521854
0.093971136255
-0.980887130388
-0.194938196010
0.187924349336
-0.962644035281
-0.217428438540
0.283170247058
-0.934098220368
-0.291802958602
0.222040309346
-0.930348931518
-0.362901528322
0.156783858672
-0.918543032417
-0.245353940284
0.026992054002
-0.969057724291
-0.269521595782
0.124358327553
-0.954930948171
-0.341049802784
0.056698764315
-0.938333779711
0.400156461278
-0.862969223820
0.308478403193
0.416528802114
-0.883135626184
0.215812934678
0.430145406879
-0.894551947132
0.121456752891
0.451565012170
-0.892047786761
0.018433282927
0.124656953227
-0.992109913296
0.013362782357
0.030510862779
-0.998748459183
0.039630828050
0.286459387001
-0.858138142590
0.426075049529
0.307827377556
-0.890043842437
0.336250299877
0.325747768750
-0.913494215220
0.243755430532
0.343704607239
-0.927498078910
0.147018558630
0.365944531765
-0.929619840948
0.043491964616
0.278124090255
-0.958144487587
0.067868485511
0.186806359528
-0.978013336690
0.092700039360
0.093451264237
-0.988579263326
0.118228174874
0.189279012606
-0.872929746542
0.449629973411
0.212254814274
-0.907783797058
0.361768533203
0.233727227679
-0.934336299683
0.269048809951
0.254334046199
-0.951919972606
0.170770485444
0.162440232693
-0.967183804622
0.195368008845
0.068643832721
-0.973016564224
0.220287970563
0.114455825010
-0.915002141024
0.386873294560
0.139221503877
-0.945745000022
0.293570720255
0.042395380104
-0.947173757307
0.317906440976
-0.862969223820
0.308478403193
0.400156461278
-0.883135626184
0.215812934678
0.416528802114
-0.894551947132
0.121456752891
0.430145406879
-0.892047786761
0.018433282927
0.451565012170
-0.992109913296
0.013362782357
0.124656953227
-0.998748459183
0.039630828050
0.030510862779
-0.858138142590
0.426075049529
0.286459387001
-0.890043842437
0.336250299877
0.307827377556
-0.913494215220
0.243755430532
0.325747768750
-0.927498078910
0.147018558630
0.343704607239
-0.929619840948
0.043491964616
0.365944531765
-0.958144487587
0.067868485511
0.278124090255
-0.978013336690
0.092700039360
0.186806359528
-0.988579263326
0.118228174874
0.093451264237
-0.872929746542
0.449629973411
0.189279012606
-0.907783797058
0.361768533203
0.212254814274
-0.934336299683
0.269048809951
0.233727227679
-0.951919972606
0.170770485444
0.254334046199
-0.967183804622
0.195368008845
0.162440232693
-0.973016564224
0.220287970563
0.068643832721
-0.915002141024
0.386873294560
0.114455825010
-0.945745000022
0.293570720255
0.139221503877
-0.947173757307
0.317906440976
0.042395380104
-0.182970345437
-0.728740822346
0.659892920509
-0.109956815989
-0.693663718760
0.711856828227
-0.036901526595
-0.651513863249
0.757738717059
0.034962580669
-0.591357197922
0.805651464604
0.233439628864
-0.770794054309
0.592775223435
0.261312802210
-0.818391515498
0.511811436724
-0.222752379867
-0.818765046860
0.529155152393
-0.150907222690
-0.793061853210
0.590152443969
-0.077790933381
-0.760248463219
0.644958017903
-0.004180147406
-0.717660422721
0.696380674651
0.069110324786
-0.660741152629
0.747425509486
0.102114126443
-0.723144345846
0.683106843950
0.133823654777
-0.779853090036
0.611490300319
0.163113557849
-0.830013482960
0.533358777326
-0.188647669396
-0.872539554979
0.450651508183
-0.118283678019
-0.849706440891
0.513817025625
-0.045802878343
-0.818192664480
0.573116794491
0.028836200859
-0.776911135321
0.628949569786
0.059600076653
-0.829955346573
0.554636776239
0.088140025951
-0.876118810677
0.473969582782
-0.087463771008
-0.898320134224
0.430547355362
-0.014863176324
-0.868887326810
0.494786721020
0.014303384211
-0.912131993841
0.409646968757
-0.667572713041
0.203076303311
0.716314657003
-0.735279741082
0.171278797957
0.655764649646
-0.795901591914
0.136813230074
0.589765034625
-0.852006440646
0.086396322156
0.516353271138
-0.834473505980
0.399334689861
0.379718018129
-0.797617437672
0.486937022459
0.355947691777
-0.569731634893
0.328982990197
0.753110919031
-0.647059335330
0.299891398468
0.700984568794
-0.717816225533
0.268536197317
0.642361406913
-0.783062993455
0.231117404258
0.577405484673
-0.843415346641
0.182194331463
0.505426333537
-0.827166001204
0.275037643637
0.490051733019
-0.802605730179
0.366523036371
0.470621828748
-0.769541365675
0.455220486000
0.447862027460
-0.539890444716
0.422278238359
0.728147922550
-0.619118597186
0.393966771433
0.679324919038
-0.693595225330
0.361219505193
0.623254468470
-0.763327734925
0.322970402820
0.559482696781
-0.734980922673
0.412547028382
0.538152387971
-0.698255061854
0.499046981442
0.513217282356
-0.582184429731
0.484454785662
0.652966193940
-0.661360227916
0.450958279002
0.599365731028
-0.620427338734
0.537526788550
0.571082191057
-0.716314657003
-0.667572713041
-0.203076303311
-0.655764649646
-0.735279741082
-0.171278797957
-0.589765034625
-0.795901591914
-0.136813230074
-0.516353271138
-0.852006440646
-0.086396322156
-0.379718018129
-0.834473505980
-0.399334689861
-0.355947691777
-0.797617437672
-0.486937022459
-0.753110919031
-0.569731634893
-0.328982990197
-0.700984568794
-0.647059335330
-0.299891398468
-0.642361406913
-0.717816225533
-0.268536197317
-0.577405484673
-0.783062993455
-0.231117404258
-0.505426333537
-0.843415346641
-0.182194331463
-0.490051733019
-0.827166001204
-0.275037643637
-0.470621828748
-0.802605730179
-0.366523036371
-0.447862027460
-0.769541365675
-0.455220486000
-0.728147922550
-0.539890444716
-0.422278238359
-0.679324919038
-0.619118597186
-0.393966771433
-0.623254468470
-0.693595225330
-0.361219505193
-0.559482696781
-0.763327734925
-0.322970402820
-0.538152387971
-0.734980922673
-0.412547028382
-0.513217282356
-0.698255061854
-0.499046981442
-0.652966193940
-0.582184429731
-0.484454785662
-0.599365731028
-0.661360227916
-0.450958279002
-0.571082191057
-0.620427338734
-0.537526788550
0.203076303311
-0.716314657003
0.667572713041
0.171278797957
-0.655764649646
0.735279741082
0.136813230074
-0.589765034625
0.795901591914
0.086396322156
-0.516353271138
0.852006440646
0.399334689861
-0.379718018129
0.834473505980
0.486937022459
-0.355947691777
0.797617437672
0.328982990197
-0.753110919031
0.569731634893
0.299891398468
-0.700984568794
0.647059335330
0.268536197317
-0.642361406913
0.717816225533
0.231117404258
-0.577405484673
0.783062993455
0.182194331463
-0.505426333537
0.843415346641
0.275037643637
-0.490051733019
0.827166001204
0.366523036371
-0.470621828748
0.802605730179
0.455220486000
-0.447862027460
0.769541365675
0.422278238359
-0.728147922550
0.539890444716
0.393966771433
-0.679324919038
0.619118597186
0.361219505193
-0.623254468470
0.693595225330
0.322970402820
-0.559482696781
0.763327734925
0.412547028382
-0.538152387971
0.734980922673
0.499046981442
-0.513217282356
0.698255061854
0.484454785662
-0.652966193940
0.582184429731
0.450958279002
-0.599365731028
0.661360227916
0.537526788550
-0.571082191057
0.620427338734
-0.659892920509
-0.182970345437
0.728740822346
-0.711856828227
-0.109956815989
0.693663718760
-0.757738717059
-0.036901526595
0.651513863249
-0.805651464604
0.034962580669
0.591357197922
-0.592775223435
0.233439628864
0.770794054309
-0.511811436724
0.261312802210
0.818391515498
-0.529155152393
-0.222752379867
0.818765046860
-0.590152443969
-0.150907222690
0.793061853210
-0.644958017903
-0.077790933381
0.760248463219
-0.696380674651
-0.004180147406
0.717660422721
-0.747425509486
0.069110324786
0.660741152629
-0.683106843950
0.102114126443
0.723144345846
-0.611490300319
0.133823654777
0.779853090036
-0.533358777326
0.163113557849
0.830013482960
-0.450651508183
-0.188647669396
0.872539554979
-0.513817025625
-0.118283678019
0.849706440891
-0.573116794491
-0.045802878343
0.818192664480
-0.628949569786
0.028836200859
0.776911135321
-0.554636776239
0.059600076653
0.829955346573
-0.473969582782
0.088140025951
0.876118810677
-0.430547355362
-0.087463771008
0.898320134224
-0.494786721020
-0.014863176324
0.868887326810
-0.409646968757
0.014303384211
0.912131993841
0.217186115842
-0.976051116233
-0.012426165343
0.306571986125
-0.951092675760
-0.037899069114
0.393243880284
-0.917358344805
-0.061748828624
0.486527592839
-0.870439723573
-0.075003926783
0.358096582090
-0.847836288337
-0.391076036180
0.291823664989
-0.837248265722
-0.462443823722
0.063707007134
-0.995806684423
-0.065654127829
0.156920154865
-0.983309635207
-0.092077284416
0.247956835369
-0.961571656066
-0.117887056306
0.339524459833
-0.930081552085
-0.140254938048
0.435054856551
-0.886907311257
-0.155314819092
0.380238216698
-0.895034486714
-0.233092612827
0.320630014305
-0.895305769538
-0.309231261288
0.256564822086
-0.887769540550
-0.382151455500
0.000631343210
-0.989520418127
-0.144391632430
0.093971136255
-0.980887130388
-0.170381521854
0.187924349336
-0.962644035281
-0.194938196010
0.283170247058
-0.934098220368
-0.217428438540
0.222040309346
-0.930348931518
-0.291802958602
0.156783858672
-0.918543032417
-0.362901528322
0.026992054002
-0.969057724291
-0.245353940284
0.124358327553
-0.954930948171
-0.269521595782
0.056698764315
-0.938333779711
-0.341049802784
0.976051116233
0.012426165343
0.217186115842
0.951092675760
0.037899069114
0.306571986125
0.917358344805
0.061748828624
0.393243880284
0.870439723573
0.075003926783
0.486527592839
0.847836288337
0.391076036180
0.358096582090
0.837248265722
0.462443823722
0.291823664989
0.995806684423
0.065654127829
0.063707007134
0.983309635207
0.092077284416
0.156920154865
0.961571656066
0.117887056306
0.247956835369
0.930081552085
0.140254938048
0.339524459833
0.886907311257
0.155314819092
0.435054856551
0.895034486714
0.233092612827
0.380238216698
0.895305769538
0.309231261288
0.320630014305
0.887769540550
0.382151455500
0.256564822086
0.989520418127
0.144391632430
0.000631343210
0.980887130388
0.170381521854
0.093971136255
0.962644035281
0.194938196010
0.187924349336
0.934098220368
0.217428438540
0.283170247058
0.930348931518
0.291802958602
0.222040309346
0.918543032417
0.362901528322
0.156783858672
0.969057724291
0.245353940284
0.026992054002
0.954930948171
0.269521595782
0.124358327553
0.938333779711
0.341049802784
0.056698764315
0.308478403193
-0.400156461278
0.862969223820
0.215812934678
-0.416528802114
0.883135626184
0.121456752891
-0.430145406879
0.894551947132
0.018433282927
-0.451565012170
0.892047786761
0.013362782357
-0.124656953227
0.992109913296
0.039630828050
-0.030510862779
0.998748459183
0.426075049529
-0.286459387001
0.858138142590
0.336250299877
-0.307827377556
0.890043842437
0.243755430532
-0.325747768750
0.913494215220
0.147018558630
-0.343704607239
0.927498078910
0.043491964616
-0.365944531765
0.929619840948
0.067868485511
-0.278124090255
0.958144487587
0.092700039360
-0.186806359528
0.978013336690
0.118228174874
-0.093451264237
0.988579263326
0.449629973411
-0.189279012606
0.872929746542
0.361768533203
-0.212254814274
0.907783797058
0.269048809951
-0.233727227679
0.934336299683
0.170770485444
-0.254334046199
0.951919972606
0.195368008845
-0.162440232693
0.967183804622
0.220287970563
-0.068643832721
0.973016564224
0.386873294560
-0.114455825010
0.915002141024
0.293570720255
-0.139221503877
0.945745000022
0.317906440976
-0.042395380104
0.947173757307
0.659892920509
-0.182970345437
-0.728740822346
0.711856828227
-0.109956815989
-0.693663718760
0.757738717059
-0.036901526595
-0.651513863249
0.805651464604
0.034962580669
-0.591357197922
0.592775223435
0.233439628864
-0.770794054309
0.511811436724
0.261312802210
-0.818391515498
0.529155152393
-0.222752379867
-0.818765046860
0.590152443969
-0.150907222690
-0.793061853210
0.644958017903
-0.077790933381
-0.760248463219
0.696380674651
-0.004180147406
-0.717660422721
0.747425509486
0.069110324786
-0.660741152629
0.683106843950
0.102114126443
-0.723144345846
0.611490300319
0.133823654777
-0.779853090036
0.533358777326
0.163113557849
-0.830013482960
0.450651508183
-0.188647669396
-0.872539554979
0.513817025625
-0.118283678019
-0.849706440891
0.573116794491
-0.045802878343
-0.818192664480
0.628949569786
0.028836200859
-0.776911135321
0.554636776239
0.059600076653
-0.829955346573
0.473969582782
0.088140025951
-0.876118810677
0.430547355362
-0.087463771008
-0.898320134224
0.494786721020
-0.014863176324
-0.868887326810
0.409646968757
0.014303384211
-0.912131993841
-0.728740822346
-0.659892920509
0.182970345437
-0.693663718760
-0.711856828227
0.109956815989
-0.651513863249
-0.757738717059
0.036901526595
-0.591357197922
-0.805651464604
-0.034962580669
-0.770794054309
-0.592775223435
-0.233439628864
-0.818391515498
-0.511811436724
-0.261312802210
-0.818765046860
-0.529155152393
0.222752379867
-0.793061853210
-0.590152443969
0.150907222690
-0.760248463219
-0.644958017903
0.077790933381
-0.717660422721
-0.696380674651
0.004180147406
-0.660741152629
-0.747425509486
-0.069110324786
-0.723144345846
-0.683106843950
-0.102114126443
-0.779853090036
-0.611490300319
-0.133823654777
-0.830013482960
-0.533358777326
-0.163113557849
-0.872539554979
-0.450651508183
0.188647669396
-0.849706440891
-0.513817025625
0.118283678019
-0.818192664480
-0.573116794491
0.045802878343
-0.776911135321
-0.628949569786
-0.028836200859
-0.829955346573
-0.554636776239
-0.059600076653
-0.876118810677
-0.473969582782
-0.088140025951
-0.898320134224
-0.430547355362
0.087463771008
-0.868887326810
-0.494786721020
0.014863176324
-0.912131993841
-0.409646968757
-0.014303384211
0.716314657003
-0.667572713041
0.203076303311
0.655764649646
-0.735279741082
0.171278797957
0.589765034625
-0.795901591914
0.136813230074
0.516353271138
-0.852006440646
0.086396322156
0.379718018129
-0.834473505980
0.399334689861
0.355947691777
-0.797617437672
0.486937022459
0.753110919031
-0.569731634893
0.328982990197
0.700984568794
-0.647059335330
0.299891398468
0.642361406913
-0.717816225533
0.268536197317
0.577405484673
-0.783062993455
0.231117404258
0.505426333537
-0.843415346641
0.182194331463
0.490051733019
-0.827166001204
0.275037643637
0.470621828748
-0.802605730179
0.366523036371
0.447862027460
-0.769541365675
0.455220486000
0.728147922550
-0.539890444716
0.422278238359
0.679324919038
-0.619118597186
0.393966771433
0.623254468470
-0.693595225330
0.361219505193
0.559482696781
-0.763327734925
0.322970402820
0.538152387971
-0.734980922673
0.412547028382
0.513217282356
-0.698255061854
0.499046981442
0.652966193940
-0.582184429731
0.484454785662
0.599365731028
-0.661360227916
0.450958279002
0.571082191057
-0.620427338734
0.537526788550
-0.203076303311
-0.716314657003
-0.667572713041
-0.171278797957
-0.655764649646
-0.735279741082
-0.136813230074
-0.589765034625
-0.795901591914
-0.086396322156
-0.516353271138
-0.852006440646
-0.399334689861
-0.379718018129
-0.834473505980
-0.486937022459
-0.355947691777
-0.797617437672
-0.328982990197
-0.753110919031
-0.569731634893
-0.299891398468
-0.700984568794
-0.647059335330
-0.268536197317
-0.642361406913
-0.717816225533
-0.231117404258
-0.577405484673
-0.783062993455
-0.182194331463
-0.505426333537
-0.843415346641
-0.275037643637
-0.490051733019
-0.827166001204
-0.366523036371
-0.470621828748
-0.802605730179
-0.455220486000
-0.447862027460
-0.769541365675
-0.422278238359
-0.728147922550
-0.539890444716
-0.393966771433
-0.679324919038
-0.619118597186
-0.361219505193
-0.623254468470
-0.693595225330
-0.322970402820
-0.559482696781
-0.763327734925
-0.412547028382
-0.538152387971
-0.734980922673
-0.499046981442
-0.513217282356
-0.698255061854
-0.484454785662
-0.652966193940
-0.582184429731
-0.450958279002
-0.599365731028
-0.661360227916
-0.537526788550
-0.571082191057
-0.620427338734
0.203076303311
0.716314657003
-0.667572713041
0.171278797957
0.655764649646
-0.735279741082
0.136813230074
0.589765034625
-0.795901591914
0.086396322156
0.516353271138
-0.852006440646
0.399334689861
0.379718018129
-0.834473505980
0.486937022459
0.355947691777
-0.797617437672
0.328982990197
0.753110919031
-0.569731634893
0.299891398468
0.700984568794
-0.647059335330
0.268536197317
0.642361406913
-0.717816225533
0.231117404258
0.577405484673
-0.783062993455
0.182194331463
0.505426333537
-0.843415346641
0.275037643637
0.490051733019
-0.827166001204
0.366523036371
0.470621828748
-0.802605730179
0.455220486000
0.447862027460
-0.769541365675
0.422278238359
0.728147922550
-0.539890444716
0.393966771433
0.679324919038
-0.619118597186
0.361219505193
0.623254468470
-0.693595225330
0.322970402820
0.559482696781
-0.763327734925
0.412547028382
0.538152387971
-0.734980922673
0.499046981442
0.513217282356
-0.698255061854
0.484454785662
0.652966193940
-0.582184429731
0.450958279002
0.599365731028
-0.661360227916
0.537526788550
0.571082191057
-0.620427338734
-0.667572713041
-0.203076303311
-0.716314657003
-0.735279741082
-0.171278797957
-0.655764649646
-0.795901591914
-0.136813230074
-0.589765034625
-0.852006440646
-0.086396322156
-0.516353271138
-0.834473505980
-0.399334689861
-0.379718018129
-0.797617437672
-0.486937022459
-0.355947691777
-0.569731634893
-0.328982990197
-0.753110919031
-0.647059335330
-0.299891398468
-0.700984568794
-0.717816225533
-0.268536197317
-0.642361406913
-0.783062993455
-0.231117404258
-0.577405484673
-0.843415346641
-0.182194331463
-0.505426333537
-0.827166001204
-0.275037643637
-0.490051733019
-0.802605730179
-0.366523036371
-0.470621828748
-0.769541365675
-0.455220486000
-0.447862027460
-0.539890444716
-0.422278238359
-0.728147922550
-0.619118597186
-0.393966771433
-0.679324919038
-0.693595225330
-0.361219505193
-0.623254468470
-0.763327734925
-0.322970402820
-0.559482696781
-0.734980922673
-0.412547028382
-0.538152387971
-0.698255061854
-0.499046981442
-0.513217282356
-0.582184429731
-0.484454785662
-0.652966193940
-0.661360227916
-0.450958279002
-0.599365731028
-0.620427338734
-0.537526788550
-0.571082191057
-0.728740822346
0.659892920509
-0.182970345437
-0.693663718760
0.711856828227
-0.109956815989
-0.651513863249
0.757738717059
-0.036901526595
-0.591357197922
0.805651464604
0.034962580669
-0.770794054309
0.592775223435
0.233439628864
-0.818391515498
0.511811436724
0.261312802210
-0.818765046860
0.529155152393
-0.222752379867
-0.793061853210
0.590152443969
-0.150907222690
-0.760248463219
0.644958017903
-0.077790933381
-0.717660422721
0.696380674651
-0.004180147406
-0.660741152629
0.747425509486
0.069110324786
-0.723144345846
0.683106843950
0.102114126443
-0.779853090036
0.611490300319
0.133823654777
-0.830013482960
0.533358777326
0.163113557849
-0.872539554979
0.450651508183
-0.188647669396
-0.849706440891
0.513817025625
-0.118283678019
-0.818192664480
0.573116794491
-0.045802878343
-0.776911135321
0.628949569786
0.028836200859
-0.829955346573
0.554636776239
0.059600076653
-0.876118810677
0.473969582782
0.088140025951
-0.898320134224
0.430547355362
-0.087463771008
-0.868887326810
0.494786721020
-0.014863176324
-0.912131993841
0.409646968757
0.014303384211
-0.182970345437
0.728740822346
-0.659892920509
-0.109956815989
0.693663718760
-0.711856828227
-0.036901526595
0.651513863249
-0.757738717059
0.034962580669
0.591357197922
-0.805651464604
0.233439628864
0.770794054309
-0.592775223435
0.261312802210
0.818391515498
-0.511811436724
-0.222752379867
0.818765046860
-0.529155152393
-0.150907222690
0.793061853210
-0.590152443969
-0.077790933381
0.760248463219
-0.644958017903
-0.004180147406
0.717660422721
-0.696380674651
0.069110324786
0.660741152629
-0.747425509486
0.102114126443
0.723144345846
-0.683106843950
0.133823654777
0.779853090036
-0.611490300319
0.163113557849
0.830013482960
-0.533358777326
-0.188647669396
0.872539554979
-0.450651508183
-0.118283678019
0.849706440891
-0.513817025625
-0.045802878343
0.818192664480
-0.573116794491
0.028836200859
0.776911135321
-0.628949569786
0.059600076653
0.829955346573
-0.554636776239
0.088140025951
0.876118810677
-0.473969582782
-0.087463771008
0.898320134224
-0.430547355362
-0.014863176324
0.868887326810
-0.494786721020
0.014303384211
0.912131993841
-0.409646968757
0.316158195724
-0.420262419153
-0.850543058477
0.239235847532
-0.477850784082
-0.845236557070
0.159619627746
-0.530057110358
-0.832803118508
0.064788258969
-0.572923914995
-0.817043859977
0.255061064902
-0.757431271952
-0.601033877116
0.325436828998
-0.778760687448
-0.536304635461
0.466651532030
-0.392689997330
-0.792484014761
0.393157191238
-0.456811553333
-0.797966558021
0.316613638163
-0.516493032686
-0.795607158914
0.233700877434
-0.570641864091
-0.787243140861
0.139481801772
-0.617249188013
-0.774305021856
0.211927642764
-0.655275860336
-0.725051874761
0.283815469220
-0.687153050676
-0.668782075401
0.354410763223
-0.711785308085
-0.606427807827
0.538868909944
-0.422909581568
-0.728538114112
0.467070104763
-0.487937907688
-0.737402275205
0.389527240791
-0.549143854529
-0.739398103673
0.305148650582
-0.606140649877
-0.734491534065
0.375712155279
-0.634587337729
-0.675380846020
0.444573449635
-0.655830840115
-0.610115035903
0.538510368929
-0.511446839664
-0.669648200739
0.460144227151
-0.575316606555
-0.676223404240
0.528686810953
-0.594225552864
-0.606123954523
-0.862969223820
-0.308478403193
-0.400156461278
-0.883135626184
-0.215812934678
-0.416528802114
-0.894551947132
-0.121456752891
-0.430145406879
-0.892047786761
-0.018433282927
-0.451565012170
-0.992109913296
-0.013362782357
-0.124656953227
-0.998748459183
-0.039630828050
-0.030510862779
-0.858138142590
-0.426075049529
-0.286459387001
-0.890043842437
-0.336250299877
-0.307827377556
-0.913494215220
-0.243755430532
-0.325747768750
-0.927498078910
-0.147018558630
-0.343704607239
-0.929619840948
-0.043491964616
-0.365944531765
-0.958144487587
-0.067868485511
-0.278124090255
-0.978013336690
-0.092700039360
-0.186806359528
-0.988579263326
-0.118228174874
-0.093451264237
-0.872929746542
-0.449629973411
-0.189279012606
-0.907783797058
-0.361768533203
-0.212254814274
-0.934336299683
-0.269048809951
-0.233727227679
-0.951919972606
-0.170770485444
-0.254334046199
-0.967183804622
-0.195368008845
-0.162440232693
-0.973016564224
-0.220287970563
-0.068643832721
-0.915002141024
-0.386873294560
-0.114455825010
-0.945745000022
-0.293570720255
-0.139221503877
-0.947173757307
-0.317906440976
-0.042395380104
-0.316158195724
0.420262419153
-0.850543058477
-0.239235847532
0.477850784082
-0.845236557070
-0.159619627746
0.530057110358
-0.832803118508
-0.064788258969
0.572923914995
-0.817043859977
-0.255061064902
0.757431271952
-0.601033877116
-0.325436828998
0.778760687448
-0.536304635461
-0.466651532030
0.392689997330
-0.792484014761
-0.393157191238
0.456811553333
-0.797966558021
-0.316613638163
0.516493032686
-0.795607158914
-0.233700877434
0.570641864091
-0.787243140861
-0.139481801772
0.617249188013
-0.774305021856
-0.211927642764
0.655275860336
-0.725051874761
-0.283815469220
0.687153050676
-0.668782075401
-0.354410763223
0.711785308085
-0.606427807827
-0.538868909944
0.422909581568
-0.728538114112
-0.467070104763
0.487937907688
-0.737402275205
-0.389527240791
0.549143854529
-0.739398103673
-0.305148650582
0.606140649877
-0.734491534065
-0.375712155279
0.634587337729
-0.675380846020
-0.444573449635
0.655830840115
-0.610115035903
-0.538510368929
0.511446839664
-0.669648200739
-0.460144227151
0.575316606555
-0.676223404240
-0.528686810953
0.594225552864
-0.606123954523
0.862969223820
0.308478403193
-0.400156461278
0.883135626184
0.215812934678
-0.416528802114
0.894551947132
0.121456752891
-0.430145406879
0.892047786761
0.018433282927
-0.451565012170
0.992109913296
0.013362782357
-0.124656953227
0.998748459183
0.039630828050
-0.030510862779
0.858138142590
0.426075049529
-0.286459387001
0.890043842437
0.336250299877
-0.307827377556
0.913494215220
0.243755430532
-0.325747768750
0.927498078910
0.147018558630
-0.343704607239
0.929619840948
0.043491964616
-0.365944531765
0.958144487587
0.067868485511
-0.278124090255
0.978013336690
0.092700039360
-0.186806359528
0.988579263326
0.118228174874
-0.093451264237
0.872929746542
0.449629973411
-0.189279012606
0.907783797058
0.361768533203
-0.212254814274
0.934336299683
0.269048809951
-0.233727227679
0.951919972606
0.170770485444
-0.254334046199
0.967183804622
0.195368008845
-0.162440232693
0.973016564224
0.220287970563
-0.068643832721
0.915002141024
0.386873294560
-0.114455825010
0.945745000022
0.293570720255
-0.139221503877
0.947173757307
0.317906440976
-0.042395380104
0.182970345437
-0.728740822346
-0.659892920509
0.109956815989
-0.693663718760
-0.711856828227
0.036901526595
-0.651513863249
-0.757738717059
-0.034962580669
-0.591357197922
-0.805651464604
-0.233439628864
-0.770794054309
-0.592775223435
-0.261312802210
-0.818391515498
-0.511811436724
0.222752379867
-0.818765046860
-0.529155152393
0.150907222690
-0.793061853210
-0.590152443969
0.077790933381
-0.760248463219
-0.644958017903
0.004180147406
-0.717660422721
-0.696380674651
-0.069110324786
-0.660741152629
-0.747425509486
-0.102114126443
-0.723144345846
-0.683106843950
-0.133823654777
-0.779853090036
-0.611490300319
-0.163113557849
-0.830013482960
-0.533358777326
0.188647669396
-0.872539554979
-0.450651508183
0.118283678019
-0.849706440891
-0.513817025625
0.045802878343
-0.818192664480
-0.573116794491
-0.028836200859
-0.776911135321
-0.628949569786
-0.059600076653
-0.829955346573
-0.554636776239
-0.088140025951
-0.876118810677
-0.473969582782
0.087463771008
-0.898320134224
-0.430547355362
0.014863176324
-0.868887326810
-0.494786721020
-0.014303384211
-0.912131993841
-0.409646968757
0.667572713041
0.203076303311
-0.716314657003
0.735279741082
0.171278797957
-0.655764649646
0.795901591914
0.136813230074
-0.589765034625
0.852006440646
0.086396322156
-0.516353271138
0.834473505980
0.399334689861
-0.379718018129
0.797617437672
0.486937022459
-0.355947691777
0.569731634893
0.328982990197
-0.753110919031
0.647059335330
0.299891398468
-0.700984568794
0.717816225533
0.268536197317
-0.642361406913
0.783062993455
0.231117404258
-0.577405484673
0.843415346641
0.182194331463
-0.505426333537
0.827166001204
0.275037643637
-0.490051733019
0.802605730179
0.366523036371
-0.470621828748
0.769541365675
0.455220486000
-0.447862027460
0.539890444716
0.422278238359
-0.728147922550
0.619118597186
0.393966771433
-0.679324919038
0.693595225330
0.361219505193
-0.623254468470
0.763327734925
0.322970402820
-0.559482696781
0.734980922673
0.412547028382
-0.538152387971
0.698255061854
0.499046981442
-0.513217282356
0.582184429731
0.484454785662
-0.652966193940
0.661360227916
0.450958279002
-0.599365731028
0.620427338734
0.537526788550
-0.571082191057
-0.976051116233
0.012426165343
-0.217186115842
-0.951092675760
0.037899069114
-0.306571986125
-0.917358344805
0.061748828624
-0.393243880284
-0.870439723573
0.075003926783
-0.486527592839
-0.847836288337
0.391076036180
-0.358096582090
-0.837248265722
0.462443823722
-0.291823664989
-0.995806684423
0.065654127829
-0.063707007134
-0.983309635207
0.092077284416
-0.156920154865
-0.961571656066
0.117887056306
-0.247956835369
-0.930081552085
0.140254938048
-0.339524459833
-0.886907311257
0.155314819092
-0.435054856551
-0.895034486714
0.233092612827
-0.380238216698
-0.895305769538
0.309231261288
-0.320630014305
-0.887769540550
0.382151455500
-0.256564822086
-0.989520418127
0.144391632430
-0.000631343210
-0.980887130388
0.170381521854
-0.093971136255
-0.962644035281
0.194938196010
-0.187924349336
-0.934098220368
0.217428438540
-0.283170247058
-0.930348931518
0.291802958602
-0.222040309346
-0.918543032417
0.362901528322
-0.156783858672
-0.969057724291
0.245353940284
-0.026992054002
-0.954930948171
0.269521595782
-0.124358327553
-0.938333779711
0.341049802784
-0.056698764315
0.012426165343
-0.217186115842
-0.976051116233
0.037899069114
-0.306571986125
-0.951092675760
0.061748828624
-0.393243880284
-0.917358344805
0.075003926783
-0.486527592839
-0.870439723573
0.391076036180
-0.358096582090
-0.847836288337
0.462443823722
-0.291823664989
-0.837248265722
0.065654127829
-0.063707007134
-0.995806684423
0.092077284416
-0.156920154865
-0.983309635207
0.117887056306
-0.247956835369
-0.961571656066
0.140254938048
-0.339524459833
-0.930081552085
0.155314819092
-0.435054856551
-0.886907311257
0.233092612827
-0.380238216698
-0.895034486714
0.309231261288
-0.320630014305
-0.895305769538
0.382151455500
-0.256564822086
-0.887769540550
0.144391632430
-0.000631343210
-0.989520418127
0.170381521854
-0.093971136255
-0.980887130388
0.194938196010
-0.187924349336
-0.962644035281
0.217428438540
-0.283170247058
-0.934098220368
0.291802958602
-0.222040309346
-0.930348931518
0.362901528322
-0.156783858672
-0.918543032417
0.245353940284
-0.026992054002
-0.969057724291
0.269521595782
-0.124358327553
-0.954930948171
0.341049802784
-0.056698764315
-0.938333779711
0.420262419153
-0.850543058477
-0.316158195724
0.477850784082
-0.845236557070
-0.239235847532
0.530057110358
-0.832803118508
-0.159619627746
0.572923914995
-0.817043859977
-0.064788258969
0.757431271952
-0.601033877116
-0.255061064902
0.778760687448
-0.536304635461
-0.325436828998
0.392689997330
-0.792484014761
-0.466651532030
0.456811553333
-0.797966558021
-0.393157191238
0.516493032686
-0.795607158914
-0.316613638163
0.570641864091
-0.787243140861
-0.233700877434
0.617249188013
-0.774305021856
-0.139481801772
0.655275860336
-0.725051874761
-0.211927642764
0.687153050676
-0.668782075401
-0.283815469220
0.711785308085
-0.606427807827
-0.354410763223
0.422909581568
-0.728538114112
-0.538868909944
0.487937907688
-0.737402275205
-0.467070104763
0.549143854529
-0.739398103673
-0.389527240791
0.606140649877
-0.734491534065
-0.305148650582
0.634587337729
-0.675380846020
-0.375712155279
0.655830840115
-0.610115035903
-0.444573449635
0.511446839664
-0.669648200739
-0.538510368929
0.575316606555
-0.676223404240
-0.460144227151
0.594225552864
-0.606123954523
-0.528686810953
-0.420262419153
-0.850543058477
0.316158195724
-0.477850784082
-0.845236557070
0.239235847532
-0.530057110358
-0.832803118508
0.159619627746
-0.572923914995
-0.817043859977
0.064788258969
-0.757431271952
-0.601033877116
0.255061064902
-0.778760687448
-0.536304635461
0.325436828998
-0.392689997330
-0.792484014761
0.466651532030
-0.456811553333
-0.797966558021
0.393157191238
-0.516493032686
-0.795607158914
0.316613638163
-0.570641864091
-0.787243140861
0.233700877434
-0.617249188013
-0.774305021856
0.139481801772
-0.655275860336
-0.725051874761
0.211927642764
-0.687153050676
-0.668782075401
0.283815469220
-0.711785308085
-0.606427807827
0.354410763223
-0.422909581568
-0.728538114112
0.538868909944
-0.487937907688
-0.737402275205
0.467070104763
-0.549143854529
-0.739398103673
0.389527240791
-0.606140649877
-0.734491534065
0.305148650582
-0.634587337729
-0.675380846020
0.375712155279
-0.655830840115
-0.610115035903
0.444573449635
-0.511446839664
-0.669648200739
0.538510368929
-0.575316606555
-0.676223404240
0.460144227151
-0.594225552864
-0.606123954523
0.528686810953
-0.217186115842
-0.976051116233
0.012426165343
-0.306571986125
-0.951092675760
0.037899069114
-0.393243880284
-0.917358344805
0.061748828624
-0.486527592839
-0.870439723573
0.075003926783
-0.358096582090
-0.847836288337
0.391076036180
-0.291823664989
-0.837248265722
0.462443823722
-0.063707007134
-0.995806684423
0.065654127829
-0.156920154865
-0.983309635207
0.092077284416
-0.247956835369
-0.961571656066
0.117887056306
-0.339524459833
-0.930081552085
0.140254938048
-0.435054856551
-0.886907311257
0.155314819092
-0.380238216698
-0.895034486714
0.233092612827
-0.320630014305
-0.895305769538
0.309231261288
-0.256564822086
-0.887769540550
0.382151455500
-0.000631343210
-0.989520418127
0.144391632430
-0.093971136255
-0.980887130388
0.170381521854
-0.187924349336
-0.962644035281
0.194938196010
-0.283170247058
-0.934098220368
0.217428438540
-0.222040309346
-0.930348931518
0.291802958602
-0.156783858672
-0.918543032417
0.362901528322
-0.026992054002
-0.969057724291
0.245353940284
-0.124358327553
-0.954930948171
0.269521595782
-0.056698764315
-0.938333779711
0.341049802784
0.217186115842
0.976051116233
0.012426165343
0.306571986125
0.951092675760
0.037899069114
0.393243880284
0.917358344805
0.061748828624
0.486527592839
0.870439723573
0.075003926783
0.358096582090
0.847836288337
0.391076036180
0.291823664989
0.837248265722
0.462443823722
0.063707007134
0.995806684423
0.065654127829
0.156920154865
0.983309635207
0.092077284416
0.247956835369
0.961571656066
0.117887056306
0.339524459833
0.930081552085
0.140254938048
0.435054856551
0.886907311257
0.155314819092
0.380238216698
0.895034486714
0.233092612827
0.320630014305
0.895305769538
0.309231261288
0.256564822086
0.887769540550
0.382151455500
0.000631343210
0.989520418127
0.144391632430
0.093971136255
0.980887130388
0.170381521854
0.187924349336
0.962644035281
0.194938196010
0.283170247058
0.934098220368
0.217428438540
0.222040309346
0.930348931518
0.291802958602
0.156783858672
0.918543032417
0.362901528322
0.026992054002
0.969057724291
0.245353940284
0.124358327553
0.954930948171
0.269521595782
0.056698764315
0.938333779711
0.341049802784
-0.308478403193
-0.400156461278
-0.862969223820
-0.215812934678
-0.416528802114
-0.883135626184
-0.121456752891
-0.430145406879
-0.894551947132
-0.018433282927
-0.451565012170
-0.892047786761
-0.013362782357
-0.124656953227
-0.992109913296
-0.039630828050
-0.030510862779
-0.998748459183
-0.426075049529
-0.286459387001
-0.858138142590
-0.336250299877
-0.307827377556
-0.890043842437
-0.243755430532
-0.325747768750
-0.913494215220
-0.147018558630
-0.343704607239
-0.927498078910
-0.043491964616
-0.365944531765
-0.929619840948
-0.067868485511
-0.278124090255
-0.958144487587
-0.092700039360
-0.186806359528
-0.978013336690
-0.118228174874
-0.093451264237
-0.988579263326
-0.449629973411
-0.189279012606
-0.872929746542
-0.361768533203
-0.212254814274
-0.907783797058
-0.269048809951
-0.233727227679
-0.934336299683
-0.170770485444
-0.254334046199
-0.951919972606
-0.195368008845
-0.162440232693
-0.967183804622
-0.220287970563
-0.068643832721
-0.973016564224
-0.386873294560
-0.114455825010
-0.915002141024
-0.293570720255
-0.139221503877
-0.945745000022
-0.317906440976
-0.042395380104
-0.947173757307
0.728740822346
-0.659892920509
-0.182970345437
0.693663718760
-0.711856828227
-0.109956815989
0.651513863249
-0.757738717059
-0.036901526595
0.591357197922
-0.805651464604
0.034962580669
0.770794054309
-0.592775223435
0.233439628864
0.818391515498
-0.511811436724
0.261312802210
0.818765046860
-0.529155152393
-0.222752379867
0.793061853210
-0.590152443969
-0.150907222690
0.760248463219
-0.644958017903
-0.077790933381
0.717660422721
-0.696380674651
-0.004180147406
0.660741152629
-0.747425509486
0.069110324786
0.723144345846
-0.683106843950
0.102114126443
0.779853090036
-0.611490300319
0.133823654777
0.830013482960
-0.533358777326
0.163113557849
0.872539554979
-0.450651508183
-0.188647669396
0.849706440891
-0.513817025625
-0.118283678019
0.818192664480
-0.573116794491
-0.045802878343
0.776911135321
-0.628949569786
0.028836200859
0.829955346573
-0.554636776239
0.059600076653
0.876118810677
-0.473969582782
0.088140025951
0.898320134224
-0.430547355362
-0.087463771008
0.868887326810
-0.494786721020
-0.014863176324
0.912131993841
-0.409646968757
0.014303384211
